,0
0,0.4908122420310974
1,0.3581286370754242
2,-0.7850780487060547
3,0.9999884963035583
4,0.5202121138572693
5,0.2861599326133728
6,-0.7325574159622192
7,0.9999753832817078
8,0.5399789214134216
9,0.2843039929866791
10,-0.7319267392158508
11,0.9999702572822571
12,0.5558644533157349
13,0.28417807817459106
14,-0.731955349445343
15,0.9999766945838928
16,0.4611554741859436
17,0.2929244935512543
18,-0.710414469242096
19,0.9999749064445496
20,0.4425741732120514
21,0.29531437158584595
22,-0.70972740650177
23,0.9999685883522034
24,0.4254845082759857
25,0.299094557762146
26,-0.7098044753074646
27,0.9999759197235107
28,0.5789114832878113
29,0.3167172968387604
30,-0.3822610080242157
31,0.9999732375144958
32,0.4078710079193115
33,0.3317330777645111
34,-0.24173064529895782
35,0.9999691247940063
36,0.5318266749382019
37,0.42827457189559937
38,-0.6606336236000061
39,0.9999859929084778
40,0.454317182302475
41,0.4371114671230316
42,-0.6351664662361145
43,0.9999837279319763
44,0.7268108129501343
45,0.6996037364006042
46,-0.19647487998008728
47,0.9998201131820679
48,0.3022691607475281
49,0.6621071696281433
50,-0.08951540291309357
51,0.9997674822807312
52,0.8234704732894897
53,1.0563852787017822
54,-0.1193026751279831
55,0.5759270787239075
56,0.09227955341339111
57,0.9838973879814148
58,-0.5312981605529785
59,0.7288934588432312
60,0.8542777299880981
61,1.5256905555725098
62,-0.16670845448970795
63,0.17824605107307434
64,0.25750333070755005
65,0.5070973634719849
66,-1.199554681777954
67,0.6748839616775513
68,0.8881495594978333
69,1.6446484327316284
70,-0.22321288287639618
71,0.19208160042762756
72,0.2903236746788025
73,0.3502586781978607
74,-1.3823210000991821
75,0.6481218934059143
76,0.8293867111206055
77,1.6402302980422974
78,-0.26577693223953247
79,0.27636075019836426
80,0.31574171781539917
81,0.341044545173645
82,-1.2702481746673584
83,0.6641079783439636
84,0.8037072420120239
85,1.6005491018295288
86,-0.19874128699302673
87,0.28275445103645325
88,0.3240293860435486
89,0.3907424211502075
90,-1.1895109415054321
91,0.6579752564430237
92,0.6276242733001709
93,1.498340368270874
94,-0.08301939815282822
95,0.0011875289492309093
96,0.3239262104034424
97,1.4871231317520142
98,0.08822666108608246
99,0.0013482795329764485
100,0.6046634912490845
101,2.188217878341675
102,-0.11720055341720581
103,0.00029618432745337486
104,0.33632367849349976
105,2.177251100540161
106,0.03729286044836044
107,0.00024730281438678503
108,0.584478497505188
109,2.7936675548553467
110,0.5266536474227905
111,3.270704110036604e-05
112,0.32358163595199585
113,2.7765278816223145
114,0.40592271089553833
115,4.551773599814624e-06
116,0.5931680798530579
117,2.8760526180267334
118,0.5500402450561523
119,2.2525071472045965e-05
120,0.31495335698127747
121,2.858383893966675
122,0.42899617552757263
123,8.476071343466174e-06
124,0.5344398617744446
125,2.984320878982544
126,-0.07594165951013565
127,2.946778477053158e-05
128,0.3490520715713501
129,2.9884655475616455
130,-0.25660863518714905
131,1.859024450823199e-05
132,0.48368358612060547
133,0.41788867115974426
134,-0.023332487791776657
135,0.4779994487762451
136,0.37431126832962036
137,-0.04828903079032898
138,0.4807800054550171
139,0.3862973153591156
140,-0.024800974875688553
141,0.4698154032230377
142,0.33387380838394165
143,-0.03777393326163292
144,0.47710588574409485
145,0.36164021492004395
146,-0.05172427371144295
147,0.476766973733902
148,0.34507855772972107
149,-0.04891194403171539
150,0.47680410742759705
151,0.30529576539993286
152,-0.028169505298137665
153,0.41986992955207825
154,0.30337947607040405
155,0.011833108961582184
156,0.47612953186035156
157,0.27958667278289795
158,-0.024596422910690308
159,0.47537514567375183
160,0.2641970217227936
161,-0.027413416653871536
162,0.47298285365104675
163,0.19771888852119446
164,-0.02094191126525402
165,0.484375536441803
166,0.42432770133018494
167,-0.022207796573638916
168,0.48510822653770447
169,0.42921775579452515
170,-0.01933789625763893
171,0.4857284724712372
172,0.4310840368270874
173,-0.015354570001363754
174,0.48731687664985657
175,0.462090402841568
176,-0.005833589006215334
177,0.4876253604888916
178,0.46920037269592285
179,-0.0068298825062811375
180,0.488133043050766
181,0.4772178530693054
182,-0.007360433228313923
183,0.48879051208496094
184,0.4849937856197357
185,-0.0036775071639567614
186,0.48968783020973206
187,0.4916166663169861
188,0.007145290728658438
189,0.4789048731327057
190,0.3804505467414856
191,-0.04360818862915039
192,0.47160765528678894
193,0.3798452317714691
194,-0.030856257304549217
195,0.39268770813941956
196,0.26071232557296753
197,0.0509098544716835
198,0.44455236196517944
199,0.3124275803565979
200,0.0020745936781167984
201,0.4365576207637787
202,0.31413042545318604
203,0.0030784481205046177
204,0.428525447845459
205,0.3146056830883026
206,0.0057586305774748325
207,0.41719990968704224
208,0.30817490816116333
209,0.013387210667133331
210,0.45092421770095825
211,0.3089061975479126
212,0.0017432343447580934
213,0.43057310581207275
214,0.28382202982902527
215,-0.0017286358634009957
216,0.43996915221214294
217,0.28393974900245667
218,-0.002582521177828312
219,0.422229528427124
220,0.2860660254955292
221,0.0014928326709195971
222,0.4170783758163452
223,0.2902839779853821
224,0.005502436775714159
225,0.41172537207603455
226,0.3179797828197479
227,0.01808268576860428
228,0.45885977149009705
229,0.49757206439971924
230,0.020053280517458916
231,0.41654714941978455
232,0.3005298376083374
233,0.014532479457557201
234,0.3912696838378906
235,0.3135710656642914
236,0.05801437795162201
237,0.4029148817062378
238,0.31126049160957336
239,0.02674517035484314
240,0.43952882289886475
241,0.36631760001182556
242,-0.0031130637507885695
243,0.47235363721847534
244,0.4165657162666321
245,-0.02108899876475334
246,0.47600454092025757
247,0.42980313301086426
248,-0.016959719359874725
249,0.4623298645019531
250,0.42131245136260986
251,-0.014486374333500862
252,0.4574967324733734
253,0.42756107449531555
254,-0.0055398037657141685
255,0.4689348340034485
256,0.43142837285995483
257,-0.011927155777812004
258,0.46423766016960144
259,0.433885782957077
260,-0.003907382022589445
261,0.449748158454895
262,0.4544181227684021
263,0.014899895526468754
264,0.4710301160812378
265,0.37436366081237793
266,-0.04713357239961624
267,0.4690154790878296
268,0.3624361753463745
269,-0.05023838207125664
270,0.40522077679634094
271,0.2824276089668274
272,0.006586437579244375
273,0.4542621970176697
274,0.33330103754997253
275,-0.008070165291428566
276,0.45258909463882446
277,0.37129485607147217
278,-0.023895354941487312
279,0.4518733024597168
280,0.3648073673248291
281,-0.021280383691191673
282,0.41687899827957153
283,0.36690497398376465
284,0.0088343545794487
285,0.4691939651966095
286,0.346904993057251
287,-0.04553397744894028
288,0.423315167427063
289,0.27085819840431213
290,-0.011214938946068287
291,0.41215550899505615
292,0.27446094155311584
293,-0.0035930825397372246
294,0.3981356620788574
295,0.23937107622623444
296,0.031936414539813995
297,0.4595071077346802
298,0.2791721522808075
299,-0.02055920660495758
300,0.44817787408828735
301,0.28706103563308716
302,-0.00033702817745506763
303,0.4436848759651184
304,0.4383832812309265
305,0.015009493567049503
306,0.4095763862133026
307,0.42797622084617615
308,0.08798263967037201
309,0.4594730734825134
310,0.3775625228881836
311,-0.020339448004961014
312,0.4666508138179779
313,0.3814992904663086
314,-0.022185202687978745
315,0.4520580470561981
316,0.44140785932540894
317,0.013366912491619587
318,0.456885427236557
319,0.4410181939601898
320,0.010583682917058468
321,0.4077951908111572
322,0.26695507764816284
323,0.0007384807104244828
324,0.45323464274406433
325,0.3766590654850006
326,-0.0186710674315691
327,0.43894240260124207
328,0.27181077003479004
329,-0.017062369734048843
330,0.436765193939209
331,0.2621068060398102
332,-0.01943497732281685
333,0.4262889325618744
334,0.20870189368724823
335,-0.0054807583801448345
336,0.40322357416152954
337,0.25251835584640503
338,0.014279680326581001
339,0.4322236478328705
340,0.23377150297164917
341,-0.01310744509100914
342,0.4008907079696655
343,0.2773470878601074
344,0.014213359914720058
345,0.39678722620010376
346,0.26947644352912903
347,0.031712498515844345
348,0.47402769327163696
349,0.4243197739124298
350,-0.019956542178988457
351,0.46585243940353394
352,0.4273907542228699
353,-0.013472538441419601
354,0.46070021390914917
355,0.43087849020957947
356,-0.005400949623435736
357,0.4618471562862396
358,0.37982475757598877
359,-0.01915811374783516
360,0.4543880820274353
361,0.44156917929649353
362,0.011698838323354721
363,0.4574943482875824
364,0.450697124004364
365,0.008327255956828594
366,0.458364874124527
367,0.4397919476032257
368,0.010315910913050175
369,0.4627421200275421
370,0.37358537316322327
371,-0.03340548276901245
372,0.4665759205818176
373,0.4328891336917877
374,-0.002753217937424779
375,0.4713943898677826
376,0.43183138966560364
377,-0.00863619428128004
378,0.4777989983558655
379,0.4313461184501648
380,-0.013203912414610386
381,0.47646617889404297
382,0.49017781019210815
383,0.008242574520409107
384,0.4758533537387848
385,0.4830155670642853
386,-0.0022276965901255608
387,0.4762324392795563
388,0.4755156338214874
389,-0.005064271856099367
390,0.47705328464508057
391,0.46710634231567383
392,-0.004484828095883131
393,0.47812339663505554
394,0.46112164855003357
395,-0.003650305327028036
396,0.46602028608322144
397,0.45331239700317383
398,0.004234802909195423
399,0.464069664478302
400,0.4556727111339569
401,0.003478909144178033
402,0.461294025182724
403,0.4594525694847107
404,0.003398892469704151
405,0.4591410756111145
406,0.4631451368331909
407,0.005550662986934185
408,0.44943052530288696
409,0.4129621386528015
410,-0.003361389972269535
411,0.3972441256046295
412,0.3661869764328003
413,0.09705913811922073
414,0.47970834374427795
415,0.3826390504837036
416,-0.031615473330020905
417,0.462746262550354
418,0.4485097825527191
419,0.008411025628447533
420,0.46008116006851196
421,0.4495571553707123
422,0.007964997552335262
423,0.4697722792625427
424,0.38710618019104004
425,-0.02164510264992714
426,0.4569193124771118
427,0.3842301368713379
428,-0.011953330598771572
429,0.4682427644729614
430,0.38442090153694153
431,-0.022375687956809998
432,0.4464052617549896
433,0.3408278226852417
434,-0.0038770483806729317
435,0.43393418192863464
436,0.35047075152397156
437,-0.0003180544008500874
438,0.4512997567653656
439,0.37039822340011597
440,-0.015837643295526505
441,0.40850624442100525
442,0.22169530391693115
443,0.012114441953599453
444,0.41434550285339355
445,0.2401457130908966
446,-0.00014392219600267708
447,0.4201545715332031
448,0.2612990140914917
449,-0.009804311208426952
450,0.45617273449897766
451,0.4674862325191498
452,0.012539327144622803
453,0.45579224824905396
454,0.26398965716362
455,-0.024934595450758934
456,0.4514448642730713
457,0.2308376282453537
458,-0.02107875607907772
459,0.4470532238483429
460,0.20129874348640442
461,-0.01649140566587448
462,0.42145660519599915
463,0.31272047758102417
464,0.00976488832384348
465,0.4040127992630005
466,0.3278034031391144
467,0.024026038125157356
468,0.45487508177757263
469,0.30544203519821167
470,0.0024428782053291798
471,0.4094466269016266
472,0.29548707604408264
473,0.013232647441327572
474,0.45951616764068604
475,0.3252546489238739
476,-0.01219983957707882
477,0.45680707693099976
478,0.36661484837532043
479,-0.033215124160051346
480,0.39669397473335266
481,0.3367301821708679
482,0.03473649546504021
483,0.40954113006591797
484,0.336028516292572
485,0.016508884727954865
486,0.41989392042160034
487,0.3399871587753296
488,0.008309855125844479
489,0.43518075346946716
490,0.3364414870738983
491,0.002919511403888464
492,0.44620585441589355
493,0.33016324043273926
494,4.09531821787823e-05
495,0.45413175225257874
496,0.3238418400287628
497,-0.0036228576209396124
498,0.46911925077438354
499,0.30901581048965454
500,-0.023867210373282433
501,0.3991626799106598
502,0.3626396358013153
503,0.03381078317761421
504,0.40352797508239746
505,0.29537540674209595
506,0.01738135516643524
507,0.47464409470558167
508,0.38035252690315247
509,-0.042750194668769836
510,0.45476406812667847
511,0.3455493748188019
512,-0.010982118546962738
513,0.39175254106521606
514,0.3119630217552185
515,0.08697964996099472
516,0.459852397441864
517,0.3171203136444092
518,-0.006032049655914307
519,0.45115944743156433
520,0.3711245656013489
521,-0.006489880848675966
522,0.41388437151908875
523,0.30161526799201965
524,0.016265353187918663
525,0.45628440380096436
526,0.3586585521697998
527,-0.030102726072072983
528,0.4013255536556244
529,0.3957831561565399
530,0.09469979256391525
531,0.45450374484062195
532,0.30085763335227966
533,0.004703064914792776
534,0.46243587136268616
535,0.3516174852848053
536,-0.0394618958234787
537,0.4262954890727997
538,0.4615207314491272
539,0.047382794320583344
540,0.4282909035682678
541,0.47466087341308594
542,0.06179168447852135
543,0.3935607969760895
544,0.36545974016189575
545,0.06551802158355713
546,0.4162655174732208
547,0.4432868957519531
548,0.05546923354268074
549,0.39372897148132324
550,0.28947627544403076
551,0.047204725444316864
552,0.45817333459854126
553,0.5097867250442505
554,0.025379594415426254
555,0.4762885570526123
556,0.3824305236339569
557,-0.03087521903216839
558,0.4483049809932709
559,0.355131596326828
560,-0.0065289027988910675
561,0.39698314666748047
562,0.3139094412326813
563,0.03612719848752022
564,0.42861005663871765
565,0.3066543936729431
566,0.006487356033176184
567,0.4359624683856964
568,0.3069356083869934
569,0.003930764272809029
570,0.45502734184265137
571,0.4518369436264038
572,0.009873535484075546
573,0.40301164984703064
574,0.3876442313194275
575,0.03847867250442505
576,0.47410523891448975
577,0.5294968485832214
578,0.027587175369262695
579,0.4491519331932068
580,0.5068202018737793
581,0.043060287833213806
582,0.43942129611968994
583,0.49296170473098755
584,0.051336899399757385
585,0.4740712642669678
586,0.22901110351085663
587,-0.024681294336915016
588,0.49293604493141174
589,0.5326150059700012
590,0.024193881079554558
591,0.44278568029403687
592,0.30561262369155884
593,0.0028664746787399054
594,0.44895488023757935
595,0.30327674746513367
596,0.003405757946893573
597,0.45281869173049927
598,0.3019135594367981
599,0.004717112518846989
600,0.398531049489975
601,0.29331299662590027
602,0.026392541825771332
603,0.4473222494125366
604,0.29379144310951233
605,0.0020299521274864674
606,0.44014137983322144
607,0.2912936806678772
608,0.0006842859438620508
609,0.43268874287605286
610,0.29110175371170044
611,0.0016499652992933989
612,0.4253652095794678
613,0.2933307886123657
614,0.004302762448787689
615,0.42095518112182617
616,0.29654449224472046
617,0.007568277418613434
618,0.39064088463783264
619,0.2834005653858185
620,0.0707070603966713
621,0.4235248565673828
622,0.3052142262458801
623,0.009347345679998398
624,0.4819526970386505
625,0.3965817987918854
626,-0.02182370238006115
627,0.4547363519668579
628,0.40408462285995483
629,-0.010157059878110886
630,0.45886504650115967
631,0.37565645575523376
632,-0.024288851767778397
633,0.4698536694049835
634,0.3987904191017151
635,-0.01972404681146145
636,0.47673487663269043
637,0.29153087735176086
638,-0.022799700498580933
639,0.43661755323410034
640,0.47941282391548157
641,0.041243333369493484
642,0.4469815790653229
643,0.49405530095100403
644,0.03408846631646156
645,0.47303667664527893
646,0.5214323401451111
647,0.01749865524470806
648,0.4190807342529297
649,0.4547578990459442
650,0.07509119808673859
651,0.45212915539741516
652,0.2979753017425537
653,0.0034980152267962694
654,0.46417391300201416
655,0.3287649154663086
656,-0.024607721716165543
657,0.4919726848602295
658,0.5247758030891418
659,0.014662958681583405
660,0.46019530296325684
661,0.5198975801467896
662,0.03402746841311455
663,0.39821118116378784
664,0.3930177390575409
665,0.06608308106660843
666,0.47123804688453674
667,0.4578888416290283
668,7.170411117840558e-05
669,0.469420462846756
670,0.46222811937332153
671,-0.0006199085619300604
672,0.4673342704772949
673,0.46847838163375854
674,-0.000546298164408654
675,0.46588706970214844
676,0.4751332402229309
677,0.0018603898352012038
678,0.4644286036491394
679,0.48052823543548584
680,0.009678425267338753
681,0.4600822329521179
682,0.4364587664604187
683,0.003500970546156168
684,0.45681601762771606
685,0.43532419204711914
686,0.003797051962465048
687,0.45394963026046753
688,0.43324023485183716
689,0.0038420965429395437
690,0.4457032382488251
691,0.4244900345802307
692,0.005675512831658125
693,0.4140276312828064
694,0.39442315697669983
695,0.020998729392886162
696,0.4644513428211212
697,0.3163379728794098
698,-0.017406504601240158
699,0.4603412449359894
700,0.29394304752349854
701,-0.0031179299112409353
702,0.455440878868103
703,0.29463478922843933
704,0.0009774976642802358
705,0.462520956993103
706,0.43435782194137573
707,0.004307616967707872
708,0.41711461544036865
709,0.42538005113601685
710,0.037626270204782486
711,0.46661606431007385
712,0.2941579818725586
713,-0.015332607552409172
714,0.46155813336372375
715,0.48703545331954956
716,0.01571427844464779
717,0.4768170118331909
718,0.33143556118011475
719,-0.0414835587143898
720,0.46934735774993896
721,0.3220871388912201
722,-0.031679484993219376
723,0.4768231511116028
724,0.3187609016895294
725,-0.03444715961813927
726,0.4588780701160431
727,0.34807881712913513
728,-0.02300393022596836
729,0.4910501539707184
730,0.5129207968711853
731,0.00985928438603878
732,0.49026578664779663
733,0.5004328489303589
734,0.009133449755609035
735,0.4750893712043762
736,0.4979715347290039
737,0.011637946590781212
738,0.4429573118686676
739,0.45678699016571045
740,0.021061955019831657
741,0.4459574222564697
742,0.38229086995124817
743,-0.0027066527400165796
744,0.4512161612510681
745,0.47308608889579773
746,0.019150303676724434
747,0.42919227480888367
748,0.38306474685668945
749,0.0029307114891707897
750,0.4408795237541199
751,0.3966694474220276
752,0.0012668292038142681
753,0.42570051550865173
754,0.4039857089519501
755,0.01289902999997139
756,0.47338584065437317
757,0.5098088979721069
758,0.01296195574104786
759,0.45467275381088257
760,0.35503312945365906
761,-0.01570691168308258
762,0.4374026954174042
763,0.46592193841934204
764,0.030227337032556534
765,0.4479975700378418
766,0.4819887578487396
767,0.02664429321885109
768,0.43639084696769714
769,0.43894073367118835
770,0.019689295440912247
771,0.4079589247703552
772,0.40920692682266235
773,0.04344727471470833
774,0.42728662490844727
775,0.4407230317592621
776,0.02840389311313629
777,0.4056333899497986
778,0.41889917850494385
779,0.06441289931535721
780,0.43759629130363464
781,0.41420841217041016
782,0.007991557940840721
783,0.4595736563205719
784,0.3369830846786499
785,-0.017278002575039864
786,0.4598097801208496
787,0.3717787563800812
788,-0.035186756402254105
789,0.4553505778312683
790,0.37497496604919434
791,-0.02503066696226597
792,0.4624170660972595
793,0.363928884267807
794,-0.04231930151581764
795,0.4537642002105713
796,0.2854112982749939
797,-0.0056915488094091415
798,0.4398774802684784
799,0.28001371026039124
800,-0.007111493032425642
801,0.42763346433639526
802,0.2792591452598572
803,-0.005867692641913891
804,0.41786471009254456
805,0.2816416025161743
806,-0.0013788450742140412
807,0.411770224571228
808,0.28681644797325134
809,0.00477560143917799
810,0.4093601107597351
811,0.30649706721305847
812,0.019996067509055138
813,0.39127928018569946
814,0.33920818567276
815,0.06249549984931946
816,0.4161902666091919
817,0.3227246105670929
818,0.014015434309840202
819,0.4247666895389557
820,0.325871080160141
821,0.00825710128992796
822,0.4356076121330261
823,0.32459190487861633
824,0.003981027286499739
825,0.44562938809394836
826,0.3206809163093567
827,0.0020560298580676317
828,0.4530954658985138
829,0.3159920275211334
830,8.058089588303119e-05
831,0.458117812871933
832,0.311809241771698
833,-0.0009269368601962924
834,0.3947083353996277
835,0.33886265754699707
836,0.09501700848340988
837,0.45625540614128113
838,0.3782617449760437
839,-0.02051689848303795
840,0.46386831998825073
841,0.3398720622062683
842,-0.030777737498283386
843,0.4652881622314453
844,0.3725740909576416
845,-0.04252026975154877
846,0.4706888198852539
847,0.3783259391784668
848,-0.039064861834049225
849,0.46580812335014343
850,0.3743251860141754
851,-0.03811037167906761
852,0.45906856656074524
853,0.3819447457790375
854,-0.01744316890835762
855,0.4720708429813385
856,0.3795733153820038
857,-0.04143933951854706
858,0.4735279381275177
859,0.3817393183708191
860,-0.030817946419119835
861,0.45738810300827026
862,0.30167239904403687
863,0.002822107868269086
864,0.46190059185028076
865,0.30518749356269836
866,-0.0030750499572604895
867,0.4640481472015381
868,0.3077075481414795
869,-0.009731480851769447
870,0.4184401333332062
871,0.2988060712814331
872,0.010672918520867825
873,0.41360753774642944
874,0.2951299846172333
875,0.010971592739224434
876,0.48454952239990234
877,0.332719624042511
878,-0.039104487746953964
879,0.540890097618103
880,0.29536980390548706
881,0.0019011313561350107
882,0.4880079925060272
883,0.3786274194717407
884,-0.03190840780735016
885,0.5731807351112366
886,0.24539342522621155
887,0.03585335239768028
888,0.51581871509552
889,0.307625412940979
890,-0.004519278183579445
891,0.5244890451431274
892,0.3080790638923645
893,-0.004729378968477249
894,0.5331065654754639
895,0.30713149905204773
896,-0.003299332456663251
897,0.5447856187820435
898,0.29947128891944885
899,0.0028917596209794283
900,0.5085359215736389
901,0.3050762414932251
902,-0.0034186469856649637
903,0.5267452001571655
904,0.2770388126373291
905,-0.009916279464960098
906,0.5171585083007812
907,0.27836450934410095
908,-0.009054235182702541
909,0.5357080698013306
910,0.2782162129878998
911,-0.007790584582835436
912,0.5418384671211243
913,0.28172528743743896
914,-0.0045768446289002895
915,0.5523017048835754
916,0.3075406551361084
917,0.006682308856397867
918,0.5240834355354309
919,0.4944738745689392
920,0.015299852937459946
921,0.5443496704101562
922,0.292248010635376
923,0.004125084262341261
924,0.5799335837364197
925,0.2987307608127594
926,0.04266780614852905
927,0.5621371865272522
928,0.29909825325012207
929,0.01404524315148592
930,0.5254003405570984
931,0.3596677780151367
932,-0.009923553094267845
933,0.49567678570747375
934,0.4147355854511261
935,-0.022968068718910217
936,0.4952848255634308
937,0.4283270835876465
938,-0.018720660358667374
939,0.5083964467048645
940,0.4179132282733917
941,-0.018180476501584053
942,0.5163516998291016
943,0.4229566156864166
944,-0.010675233788788319
945,0.5040194392204285
946,0.4287227690219879
947,-0.015438104048371315
948,0.5106973052024841
949,0.43009456992149353
950,-0.0084918811917305
951,0.5302568078041077
952,0.44847533106803894
953,0.008289028890430927
954,0.48535117506980896
955,0.373233437538147
956,-0.048002175986766815
957,0.4857826232910156
958,0.3611210584640503
959,-0.05118179693818092
960,0.5540453791618347
961,0.2714475393295288
962,-0.005174811463803053
963,0.506058931350708
964,0.3293413817882538
965,-0.012485221959650517
966,0.50810706615448
967,0.3670896589756012
968,-0.02782018482685089
969,0.5088300704956055
970,0.3604094088077545
971,-0.025371305644512177
972,0.5511837005615234
973,0.35651013255119324
974,-0.0023018072824925184
975,0.48498252034187317
976,0.3457085192203522
977,-0.046809934079647064
978,0.5312929153442383
979,0.26268720626831055
980,-0.019451752305030823
981,0.5444198250770569
982,0.26470351219177246
983,-0.013899005949497223
984,0.562365710735321
985,0.2249438762664795
986,0.01849527470767498
987,0.4936070442199707
988,0.27645859122276306
989,-0.023278171196579933
990,0.5092546939849854
991,0.282612681388855
992,-0.005618644878268242
993,0.5348459482192993
994,0.4314872920513153
995,0.007259136997163296
996,0.5784098505973816
997,0.4177965521812439
998,0.0742235779762268
999,0.5020458698272705
1000,0.37442657351493835
1001,-0.02346361055970192
1002,0.49498260021209717
1003,0.379315048456192
1004,-0.02371383272111416
1005,0.5268124341964722
1006,0.435194730758667
1007,0.006421694066375494
1008,0.5219259262084961
1009,0.43549105525016785
1010,0.004444243852049112
1011,0.5489252805709839
1012,0.25629934668540955
1013,-0.010237567126750946
1014,0.5092682242393494
1015,0.37241411209106445
1016,-0.022638488560914993
1017,0.5144162774085999
1018,0.26599031686782837
1019,-0.02265912853181362
1020,0.5154819488525391
1021,0.2557457387447357
1022,-0.025157736614346504
1023,0.523800253868103
1024,0.1995951384305954
1025,-0.013120700605213642
1026,0.5551316142082214
1027,0.2399219572544098
1028,0.0022681429982185364
1029,0.5184745788574219
1030,0.22620978951454163
1031,-0.01966388337314129
1032,0.5594097375869751
1033,0.2651991546154022
1034,0.0015987611841410398
1035,0.5661924481391907
1036,0.25581273436546326
1037,0.01798318326473236
1038,0.4956657886505127
1039,0.42264673113822937
1040,-0.02185765467584133
1041,0.5061279535293579
1042,0.4244033992290497
1043,-0.017128629609942436
1044,0.5136680006980896
1045,0.42664971947669983
1046,-0.010274152271449566
1047,0.5001698136329651
1048,0.37700700759887695
1049,-0.02157430164515972
1050,0.5244406461715698
1051,0.43564486503601074
1052,0.00524091487750411
1053,0.521342933177948
1054,0.4454595446586609
1055,0.002815007697790861
1056,0.5203975439071655
1057,0.43465879559516907
1058,0.004289615899324417
1059,0.49616190791130066
1060,0.3712448179721832
1061,-0.03603636845946312
1062,0.5088445544242859
1063,0.42934757471084595
1064,-0.007056799251586199
1065,0.5023732781410217
1066,0.4293228089809418
1067,-0.011936030350625515
1068,0.494625449180603
1069,0.42993128299713135
1070,-0.015047164633870125
1071,0.5033913850784302
1072,0.48853665590286255
1073,0.006362933199852705
1074,0.5022339224815369
1075,0.48126137256622314
1076,-0.004320381209254265
1077,0.5006607174873352
1078,0.47382035851478577
1079,-0.007267332170158625
1080,0.49880900979042053
1081,0.46556299924850464
1082,-0.006530624348670244
1083,0.4973258078098297
1084,0.45979756116867065
1085,-0.005611737258732319
1086,0.5116829872131348
1087,0.449615478515625
1088,-9.58352247835137e-05
1089,0.5138442516326904
1090,0.45164021849632263
1091,-0.0009565481450408697
1092,0.5170979499816895
1093,0.4550345540046692
1094,-0.0011293806601315737
1095,0.5198597311973572
1096,0.45847809314727783
1097,0.0007882783538661897
1098,0.5217877626419067
1099,0.4073702096939087
1100,-0.009105458855628967
1101,0.5850390195846558
1102,0.3526236116886139
1103,0.08134046941995621
1104,0.5156936645507812
1105,0.44417017698287964
1106,0.003063942538574338
1107,0.5184643268585205
1108,0.444772869348526
1109,0.0025791560765355825
1110,0.49257802963256836
1111,0.3853093981742859
1112,-0.023092908784747124
1113,0.5071707367897034
1114,0.38032442331314087
1115,-0.015093390829861164
1116,0.49369898438453674
1117,0.3824182152748108
1118,-0.023798145353794098
1119,0.5155909061431885
1120,0.3354704976081848
1121,-0.009863503277301788
1122,0.5300964117050171
1123,0.34290820360183716
1124,-0.008397229947149754
1125,0.511042594909668
1126,0.36579808592796326
1127,-0.020156532526016235
1128,0.5464940071105957
1129,0.20912961661815643
1130,0.0010799372103065252
1131,0.5398157238960266
1132,0.2294161021709442
1133,-0.009774376638233662
1134,0.53376704454422
1135,0.2524507939815521
1136,-0.018378371372818947
1137,0.5241711139678955
1138,0.46287164092063904
1139,0.007062775548547506
1140,0.4955487549304962
1141,0.26059073209762573
1142,-0.027715271338820457
1143,0.49752408266067505
1144,0.22669477760791779
1145,-0.024320708587765694
1146,0.5002025961875916
1147,0.19622363150119781
1148,-0.020373810082674026
1149,0.5405629873275757
1150,0.3043251931667328
1151,-0.0002596058475319296
1152,0.562251627445221
1153,0.31557202339172363
1154,0.011349903419613838
1155,0.5038688778877258
1156,0.3023640513420105
1157,-0.0021544198971241713
1158,0.5515632629394531
1159,0.28542256355285645
1160,0.001801991369575262
1161,0.4992007315158844
1162,0.32218876481056213
1163,-0.01574229635298252
1164,0.5016561150550842
1165,0.3633160889148712
1166,-0.03632393851876259
1167,0.5725879073143005
1168,0.3232068419456482
1169,0.020472649484872818
1170,0.5561344027519226
1171,0.3245867192745209
1172,0.004610514268279076
1173,0.5447646975517273
1174,0.3300444781780243
1175,-0.0020910976454615593
1176,0.5278407335281372
1177,0.32921189069747925
1178,-0.005148987751454115
1179,0.515326976776123
1180,0.32491248846054077
1181,-0.006100874859839678
1182,0.5060921311378479
1183,0.3200136423110962
1184,-0.008231555111706257
1185,0.48569148778915405
1186,0.3077513873577118
1187,-0.02536434680223465
1188,0.5723606944084167
1189,0.3496547341346741
1190,0.01966746710240841
1191,0.5587392449378967
1192,0.283680260181427
1193,0.0048893834464251995
1194,0.4833926856517792
1195,0.37969714403152466
1196,-0.043406907469034195
1197,0.505922257900238
1198,0.341638445854187
1199,-0.015156435780227184
1200,0.5837811827659607
1201,0.29665103554725647
1202,0.07066231220960617
1203,0.4989660978317261
1204,0.314258873462677
1205,-0.009525972418487072
1206,0.5124216675758362
1207,0.36633947491645813
1208,-0.010727480985224247
1209,0.5475984811782837
1210,0.29264798760414124
1211,0.005357074551284313
1212,0.5022000670433044
1213,0.35523170232772827
1214,-0.03333405405282974
1215,0.5839462876319885
1216,0.38361507654190063
1217,0.07991405576467514
1218,0.5041700005531311
1219,0.29792386293411255
1220,-9.77989548118785e-05
1221,0.4936063587665558
1222,0.34922248125076294
1223,-0.04185560345649719
1224,0.5592077970504761
1225,0.4547080993652344
1226,0.03697803616523743
1227,0.5609273910522461
1228,0.4686425030231476
1229,0.05135557800531387
1230,0.5832570791244507
1231,0.35172030329704285
1232,0.05020013079047203
1233,0.5686459541320801
1234,0.43473106622695923
1235,0.04336065426468849
1236,0.5733045339584351
1237,0.2750360369682312
1238,0.03263283148407936
1239,0.5268237590789795
1240,0.5069653987884521
1241,0.0205567367374897
1242,0.4832265079021454
1243,0.3818587362766266
1244,-0.03131658583879471
1245,0.5144684910774231
1246,0.3499094545841217
1247,-0.011813506484031677
1248,0.5702775120735168
1249,0.3005548119544983
1250,0.022285206243395805
1251,0.5316585302352905
1252,0.29968202114105225
1253,-0.0022430364042520523
1254,0.5239694118499756
1255,0.30109357833862305
1256,-0.0038388606626540422
1257,0.5241805911064148
1258,0.44625115394592285
1259,0.003972984850406647
1260,0.572151780128479
1261,0.37564846873283386
1262,0.02463722415268421
1263,0.512133002281189
1264,0.5280305743217468
1265,0.024791497737169266
1266,0.5386871695518494
1267,0.5034795999526978
1268,0.036321450024843216
1269,0.5493285655975342
1270,0.4886249899864197
1271,0.04294703155755997
1272,0.5168247222900391
1273,0.3008196949958801
1274,-0.003841066500172019
1275,0.5100840330123901
1276,0.299292653799057
1277,-0.0023921714164316654
1278,0.5060011148452759
1279,0.2986568808555603
1280,-0.0005284901708364487
1281,0.5653745532035828
1282,0.28033626079559326
1283,0.012972035445272923
1284,0.511238157749176
1285,0.2896271347999573
1286,-0.0039061554707586765
1287,0.5185263156890869
1288,0.28618407249450684
1289,-0.006268946919590235
1290,0.5259774923324585
1291,0.2851121425628662
1292,-0.006432786118239164
1293,0.5336841344833374
1294,0.2863842844963074
1295,-0.004772671964019537
1296,0.538715124130249
1297,0.2889523506164551
1298,-0.002040831372141838
1299,0.5798943638801575
1300,0.26778095960617065
1301,0.054962992668151855
1302,0.5370227098464966
1303,0.2976878583431244
1304,-0.00014434887270908803
1305,0.5132070779800415
1306,0.39963364601135254
1307,-0.014586597681045532
1308,0.5018286108970642
1309,0.37251394987106323
1310,-0.02704618312418461
1311,0.4951239228248596
1312,0.39684176445007324
1313,-0.021569272503256798
1314,0.5491771101951599
1315,0.47412580251693726
1316,0.03280515596270561
1317,0.5386358499526978
1318,0.49025994539260864
1319,0.027445761486887932
1320,0.51116943359375
1321,0.5198171138763428
1322,0.014819753356277943
1323,0.570051908493042
1324,0.44675666093826294
1325,0.06275255233049393
1326,0.506318986415863
1327,0.2946832776069641
1328,-0.0017810886492952704
1329,0.49239853024482727
1330,0.3266511559486389
1331,-0.026924217119812965
1332,0.526677131652832
1333,0.5174354314804077
1334,0.0290574599057436
1335,0.5819741487503052
1336,0.3805657923221588
1337,0.05145775526762009
1338,0.5052446126937866
1339,0.45532655715942383
1340,-0.003393982769921422
1341,0.5074642896652222
1342,0.4593791961669922
1343,-0.004095609299838543
1344,0.5102730989456177
1345,0.4652476906776428
1346,-0.004265542607754469
1347,0.5126906633377075
1348,0.471717894077301
1349,-0.001964408904314041
1350,0.5157886743545532
1351,0.4772162139415741
1352,0.005519863683730364
1353,0.5170961618423462
1354,0.43175071477890015
1355,-0.0021099941805005074
1356,0.5200786590576172
1357,0.4301562011241913
1358,-0.0022589722648262978
1359,0.5226855278015137
1360,0.4276982843875885
1361,-0.002401812467724085
1362,0.5292308330535889
1363,0.41797706484794617
1364,-0.0014750227564945817
1365,0.559431254863739
1366,0.38401445746421814
1367,0.008967897854745388
1368,0.49228885769844055
1369,0.3142396807670593
1370,-0.01996961236000061
1371,0.49642831087112427
1372,0.29149699211120605
1373,-0.006248596124351025
1374,0.5022163987159729
1375,0.29151564836502075
1376,-0.003396753454580903
1377,0.5147442817687988
1378,0.43004000186920166
1379,-0.0010796829592436552
1380,0.5628011226654053
1381,0.4161037504673004
1382,0.025793740525841713
1383,0.48835939168930054
1384,0.292557954788208
1385,-0.01717783696949482
1386,0.5200019478797913
1387,0.4838387668132782
1388,0.011462324298918247
1389,0.48527196049690247
1390,0.3208582401275635
1391,-0.03289070352911949
1392,0.49977847933769226
1393,0.34492871165275574
1394,-0.026015629991889
1395,0.505940854549408
1396,0.49633896350860596
1397,0.009607767686247826
1398,0.537710428237915
1399,0.4507715404033661
1400,0.013710894621908665
1401,0.5202658772468567
1402,0.37653085589408875
1403,-0.008274887688457966
1404,0.5304320454597473
1405,0.468452125787735
1406,0.013349884189665318
1407,0.5393065810203552
1408,0.3747345805168152
1409,-0.0059163677506148815
1410,0.5286917686462402
1411,0.390023410320282
1412,-0.0056991251185536385
1413,0.5473926067352295
1414,0.39528998732566833
1415,0.0028688465245068073
1416,0.508971095085144
1417,0.5080728530883789
1418,0.010365628637373447
1419,0.5060751438140869
1420,0.35105133056640625
1421,-0.019580816850066185
1422,0.5453263521194458
1423,0.45985761284828186
1424,0.02203497849404812
1425,0.5353882312774658
1426,0.47769176959991455
1427,0.020375100895762444
1428,0.5423821210861206
1429,0.43159782886505127
1430,0.010670939460396767
1431,0.5708448886871338
1432,0.398365318775177
1433,0.0303169097751379
1434,0.5530505776405334
1435,0.4329606294631958
1436,0.01821601204574108
1437,0.5775552988052368
1438,0.4081164598464966
1439,0.05057583004236221
1440,0.5362756252288818
1441,0.4068242609500885
1442,-0.00046446346095763147
1443,0.4990482032299042
1444,0.33392730355262756
1445,-0.020620455965399742
1446,0.49878284335136414
1447,0.36903446912765503
1448,-0.03804405406117439
1449,0.5054944157600403
1450,0.3713477551937103
1451,-0.028390418738126755
1452,0.49394235014915466
1453,0.36162829399108887
1454,-0.04473588988184929
1455,0.5021837949752808
1456,0.28194528818130493
1457,-0.0099495155736804
1458,0.515781581401825
1459,0.27452051639556885
1460,-0.013134529814124107
1461,0.5283324718475342
1462,0.27208513021469116
1463,-0.013720430433750153
1464,0.5391262769699097
1465,0.27298104763031006
1466,-0.011016014032065868
1467,0.5469751954078674
1468,0.2771821916103363
1469,-0.005863259546458721
1470,0.553801417350769
1471,0.2960790693759918
1472,0.008264661766588688
1473,0.582695484161377
1474,0.32474765181541443
1475,0.046738285571336746
1476,0.5474994778633118
1477,0.31291118264198303
1478,0.0031450395472347736
1479,0.538325309753418
1480,0.31717485189437866
1481,-0.001293616252951324
1482,0.5265555381774902
1483,0.31783929467201233
1484,-0.0039052932988852262
1485,0.5153600573539734
1486,0.31558454036712646
1487,-0.0041888197883963585
1488,0.5069094896316528
1489,0.31217217445373535
1490,-0.004598009400069714
1491,0.5009748339653015
1492,0.30884966254234314
1493,-0.0047198571264743805
1494,0.5845935344696045
1495,0.32432982325553894
1496,0.07879458367824554
1497,0.5057665109634399
1498,0.37452518939971924
1499,-0.023847201839089394
1500,0.4923229515552521
1501,0.33767181634902954
1502,-0.03316887468099594
1503,0.49187493324279785
1504,0.37068256735801697
1505,-0.04433126002550125
1506,0.48799458146095276
1507,0.37701496481895447
1508,-0.04011886194348335
1509,0.49244412779808044
1510,0.3724290132522583
1511,-0.039958465844392776
1512,0.5038735866546631
1513,0.37860989570617676
1514,-0.020268656313419342
1515,0.48622381687164307
1516,0.37845197319984436
1517,-0.04224972426891327
1518,0.48611608147621155
1519,0.38077178597450256
1520,-0.03152840957045555
1521,0.5008289813995361
1522,0.2990119755268097
1523,-0.0012085922062397003
1524,0.4960750639438629
1525,0.30292680859565735
1526,-0.005992884747684002
1527,0.4932670295238495
1528,0.3055950999259949
1529,-0.012191100046038628
1530,0.5418145060539246
1531,0.2908925414085388
1532,0.0005690001416951418
1533,0.5465647578239441
1534,0.2860643267631531
1535,0.00032812217250466347
1536,0.0
1537,0.0
1538,0.0
1539,0.0
1540,0.0
1541,0.0
1542,0.0
1543,0.0
1544,0.0
1545,0.0
1546,0.0
1547,0.0
1548,0.0
1549,0.0
1550,0.0
1551,0.0
1552,0.0
1553,0.0
1554,0.0
1555,0.0
1556,0.0
1557,0.0
1558,0.0
1559,0.0
1560,0.0
1561,0.0
1562,0.0
1563,0.0
1564,0.0
1565,0.0
1566,0.0
1567,0.0
1568,0.0
1569,0.0
1570,0.0
1571,0.0
1572,0.0
1573,0.0
1574,0.0
1575,0.0
1576,0.0
1577,0.0
1578,0.0
1579,0.0
1580,0.0
1581,0.0
1582,0.0
1583,0.0
1584,0.0
1585,0.0
1586,0.0
1587,0.0
1588,0.0
1589,0.0
1590,0.0
1591,0.0
1592,0.0
1593,0.0
1594,0.0
1595,0.0
1596,0.0
1597,0.0
1598,0.0
1599,0.26901888847351074
1600,0.4948716163635254
1601,8.799817408089439e-08
1602,0.3100191652774811
1603,0.4715450406074524
1604,0.011406308971345425
1605,0.32691726088523865
1606,0.41755595803260803
1607,0.022208325564861298
1608,0.33529916405677795
1609,0.3840962052345276
1610,0.02773461863398552
1611,0.3467418849468231
1612,0.361869752407074
1613,0.033053383231163025
1614,0.31630590558052063
1615,0.3392559587955475
1616,0.03545570746064186
1617,0.3339216709136963
1618,0.28470927476882935
1619,0.034771628677845
1620,0.3488460183143616
1621,0.2506864666938782
1622,0.0294636357575655
1623,0.3599100410938263
1624,0.22144170105457306
1625,0.024864787235856056
1626,0.3077075481414795
1627,0.33004915714263916
1628,0.023535773158073425
1629,0.3261205554008484
1630,0.2711353003978729
1631,0.02382679283618927
1632,0.3425315320491791
1633,0.2366001009941101
1634,0.018240096047520638
1635,0.35720208287239075
1636,0.2058459222316742
1637,0.013506456278264523
1638,0.29791131615638733
1639,0.3258824050426483
1640,0.009350662119686604
1641,0.31552115082740784
1642,0.268065869808197
1643,0.008503483608365059
1644,0.33055993914604187
1645,0.23426946997642517
1646,0.005512845236808062
1647,0.34428736567497253
1648,0.20427753031253815
1649,0.002930629765614867
1650,0.28755855560302734
1651,0.32671719789505005
1652,-0.0052846381440758705
1653,0.30034321546554565
1654,0.2737908661365509
1655,-0.006031968165189028
1656,0.3131812512874603
1657,0.242957204580307
1658,-0.005441455170512199
1659,0.3263971507549286
1660,0.21662962436676025
1661,-0.005374405533075333
