,0
0,0.47136998176574707
1,0.47778457403182983
2,-1.3474245071411133
3,0.9997377395629883
4,0.5054493546485901
5,0.38965827226638794
6,-1.2447165250778198
7,0.999489426612854
8,0.5289061069488525
9,0.392551451921463
10,-1.2447509765625
11,0.999584972858429
12,0.5485695600509644
13,0.39691123366355896
14,-1.2452106475830078
15,0.9994721412658691
16,0.4323619306087494
17,0.38379713892936707
18,-1.2512978315353394
19,0.999478280544281
20,0.4015327990055084
21,0.3825231194496155
22,-1.2498664855957031
23,0.9995864629745483
24,0.37463700771331787
25,0.3818756937980652
26,-1.250072717666626
27,0.999502420425415
28,0.5786800980567932
29,0.43955284357070923
30,-0.6371837854385376
31,0.9994631409645081
32,0.3320522904396057
33,0.4267686605453491
34,-0.6323480010032654
35,0.9995717406272888
36,0.5096584558486938
37,0.5719263553619385
38,-1.1212825775146484
39,0.99970543384552
40,0.4147302508354187
41,0.5725724697113037
42,-1.1229145526885986
43,0.9997039437294006
44,0.7583264112472534
45,0.8523723483085632
46,-0.31563279032707214
47,0.9977471232414246
48,0.14691048860549927
49,0.9068699479103088
50,-0.4024457037448883
51,0.9981908202171326
52,0.8819036483764648
53,1.2684322595596313
54,-0.07665885984897614
55,0.07251252233982086
56,0.01612156629562378
57,1.4148526191711426
58,-0.3013467490673065
59,0.30101966857910156
60,0.9008620977401733
61,1.7467215061187744
62,-0.3407973647117615
63,0.02026524394750595
64,0.035141073167324066
65,1.7822074890136719
66,-0.948013424873352
67,0.046693045645952225
68,0.9397023320198059
69,1.9074437618255615
70,-0.43858641386032104
71,0.02586326003074646
72,0.012761576101183891
73,1.9476627111434937
74,-1.1181414127349854
75,0.050578389316797256
76,0.8798848390579224
77,1.9208273887634277
78,-0.5434218645095825
79,0.04346901550889015
80,0.076389841735363
81,1.9476381540298462
82,-1.224674105644226
83,0.08462555706501007
84,0.852321445941925
85,1.8605493307113647
86,-0.40477117896080017
87,0.040362730622291565
88,0.09535378217697144
89,1.885011911392212
90,-1.016724944114685
91,0.07510469108819962
92,0.6787252426147461
93,1.8754160404205322
94,-0.10575369745492935
95,0.00037401801091618836
96,0.28050944209098816
97,1.9058560132980347
98,0.11283944547176361
99,0.000325816246913746
100,0.6981350183486938
101,2.7248198986053467
102,-0.17376212775707245
103,0.00040421902667731047
104,0.33216017484664917
105,2.7474989891052246
106,0.21251046657562256
107,0.00020738276361953467
108,0.7450092434883118
109,3.501936435699463
110,0.6597546935081482
111,9.040865552378818e-05
112,0.39523845911026
113,3.5104641914367676
114,0.7510164380073547
115,1.1030449968529865e-05
116,0.7620292901992798
117,3.630849599838257
118,0.6926302909851074
119,6.797535752411932e-05
120,0.39477190375328064
121,3.6391704082489014
122,0.7752755880355835
123,3.792341522057541e-05
124,0.6923335194587708
125,3.7392354011535645
126,-0.2171817272901535
127,0.0001031435385812074
128,0.4697919487953186
129,3.7391884326934814
130,-0.14482709765434265
131,7.920520874904469e-05
132,0.45587027072906494
133,0.5811022520065308
134,-0.036612335592508316
135,0.4594738185405731
136,0.5169770121574402
137,-0.0700230598449707
138,0.45722493529319763
139,0.5359724760055542
140,-0.03636392578482628
141,0.448375940322876
142,0.45564091205596924
143,-0.05423358827829361
144,0.46018022298812866
145,0.4980441927909851
146,-0.07470743358135223
147,0.4602627456188202
148,0.47352343797683716
149,-0.06992334127426147
150,0.4595586657524109
151,0.4150077700614929
152,-0.03584025055170059
153,0.36281105875968933
154,0.40349408984184265
155,0.00958989281207323
156,0.46013951301574707
157,0.37305259704589844
158,-0.028332481160759926
159,0.46114635467529297
160,0.3490011692047119
161,-0.031788840889930725
162,0.46306800842285156
163,0.25712835788726807
164,-0.01916462369263172
165,0.4554850459098816
166,0.590774655342102
167,-0.03459607809782028
168,0.45479533076286316
169,0.5978400707244873
170,-0.029997043311595917
171,0.45423394441604614
172,0.6003256440162659
173,-0.0239451602101326
174,0.4541107714176178
175,0.604979395866394
176,-0.022951902821660042
177,0.45403802394866943
178,0.613361120223999
179,-0.02492293156683445
180,0.45375245809555054
181,0.6237178444862366
182,-0.02741689234972
183,0.4531777501106262
184,0.6347343325614929
185,-0.025166049599647522
186,0.4515690803527832
187,0.651278555393219
188,-0.011891837231814861
189,0.4586557149887085
190,0.5263370871543884
191,-0.06318891048431396
192,0.4452882707118988
193,0.5241698622703552
194,-0.04580839350819588
195,0.3184196352958679
196,0.33217447996139526
197,0.06539276987314224
198,0.40000268816947937
199,0.42255303263664246
200,-0.001177772763185203
201,0.38715553283691406
202,0.4232880175113678
203,-0.0012004210148006678
204,0.37484604120254517
205,0.4217851758003235
206,0.0015772185288369656
207,0.35811418294906616
208,0.40991708636283875
209,0.011255156248807907
210,0.4109798073768616
211,0.4185025990009308
212,0.0009530678507871926
213,0.38443541526794434
214,0.3775373697280884
215,-0.00797644816339016
216,0.3982331156730652
217,0.37988707423210144
218,-0.006749286316335201
219,0.3714371621608734
220,0.37880533933639526
221,-0.004487277939915657
222,0.36244067549705505
223,0.3836842477321625
224,0.0003956068539991975
225,0.3481992781162262
226,0.4217517673969269
227,0.017565377056598663
228,0.4003137946128845
229,0.6747385263442993
230,0.002239358378574252
231,0.3582460284233093
232,0.3981967568397522
233,0.013416150584816933
234,0.3110365867614746
235,0.41025984287261963
236,0.07246822118759155
237,0.3341480493545532
238,0.40836235880851746
239,0.029405971989035606
240,0.3900454640388489
241,0.49799469113349915
242,-0.012323092669248581
243,0.4392513036727905
244,0.5769156813621521
245,-0.036097779870033264
246,0.4403836727142334
247,0.5966035723686218
248,-0.029030198231339455
249,0.42144885659217834
250,0.5816349387168884
251,-0.02929210290312767
252,0.4097224771976471
253,0.5883973836898804
254,-0.01987292803823948
255,0.4275040924549103
256,0.5967506170272827
257,-0.024643627926707268
258,0.41728198528289795
259,0.597631573677063
260,-0.016005346551537514
261,0.39106202125549316
262,0.6153637170791626
263,0.000893759832251817
264,0.4482891261577606
265,0.5157589912414551
266,-0.06951677799224854
267,0.44706571102142334
268,0.4976392090320587
269,-0.0739983543753624
270,0.3430454432964325
271,0.3627454340457916
272,0.002077649114653468
273,0.4170074462890625
274,0.45310109853744507
275,-0.013800210319459438
276,0.4143116772174835
277,0.5088441371917725
278,-0.03922247514128685
279,0.41322991251945496
280,0.4990116357803345
281,-0.035264480859041214
282,0.35181665420532227
283,0.4939033091068268
284,0.0018646132666617632
285,0.44784435629844666
286,0.4748189151287079
287,-0.06656482070684433
288,0.37504875659942627
289,0.3472674489021301
290,-0.01856333017349243
291,0.3562532663345337
292,0.3512195944786072
293,-0.009745844639837742
294,0.33209002017974854
295,0.3004898428916931
296,0.03986789286136627
297,0.4322337210178375
298,0.3675518035888672
299,-0.025905663147568703
300,0.4099770486354828
301,0.3861672878265381
302,-0.0019587138667702675
303,0.3818424642086029
304,0.596871554851532
305,0.0027539203874766827
306,0.3180330693721771
307,0.5782936215400696
308,0.11287643760442734
309,0.42365318536758423
310,0.5194360017776489
311,-0.03307747840881348
312,0.43513455986976624
313,0.5261802673339844
314,-0.03349393978714943
315,0.3956861197948456
316,0.5990010499954224
317,0.0018787962617352605
318,0.4015941619873047
319,0.5980748534202576
320,-0.0013354445109143853
321,0.34929290413856506
322,0.33812570571899414
323,-0.004169083666056395
324,0.41312211751937866
325,0.5170971155166626
326,-0.031689420342445374
327,0.39994990825653076
328,0.3516402244567871
329,-0.024301057681441307
330,0.3982618749141693
331,0.33592307567596436
332,-0.027753425762057304
333,0.38694483041763306
334,0.2612345516681671
335,-0.007434491068124771
336,0.3411042094230652
337,0.31844407320022583
338,0.014616185799241066
339,0.3943323791027069
340,0.29698294401168823
341,-0.018401067703962326
342,0.335446298122406
343,0.35394537448883057
344,0.012658501043915749
345,0.3271007537841797
346,0.34369826316833496
347,0.03743932023644447
348,0.4396737217903137
349,0.5885271430015564
350,-0.03414963185787201
351,0.42496877908706665
352,0.590936005115509
353,-0.027568822726607323
354,0.41368505358695984
355,0.5934491753578186
356,-0.019028987735509872
357,0.4270291328430176
358,0.5231384038925171
359,-0.030156120657920837
360,0.3987761437892914
361,0.5988903045654297
362,0.0002232234983239323
363,0.40466779470443726
364,0.6030287742614746
365,-0.0073464252054691315
366,0.4029279351234436
367,0.5968592166900635
368,-0.0017160925781354308
369,0.43213164806365967
370,0.5135740041732788
371,-0.05150913447141647
372,0.4195394515991211
373,0.5965249538421631
374,-0.013714621774852276
375,0.42981407046318054
376,0.597541093826294
377,-0.01927299052476883
378,0.4415115714073181
379,0.5989246964454651
380,-0.023436374962329865
381,0.4336632788181305
382,0.6496937274932861
383,-0.012190443463623524
384,0.43625423312187195
385,0.6323344111442566
386,-0.025267111137509346
387,0.4377899467945099
388,0.6210261583328247
389,-0.02718590758740902
390,0.43922558426856995
391,0.6105345487594604
392,-0.02451217547059059
393,0.44048959016799927
394,0.6037253141403198
395,-0.022381432354450226
396,0.4174073338508606
397,0.6005048155784607
398,-0.01280200108885765
399,0.41538292169570923
400,0.6030495762825012
401,-0.01498180441558361
402,0.4122045338153839
403,0.608285665512085
404,-0.016611918807029724
405,0.40929481387138367
406,0.614590048789978
407,-0.01416818704456091
408,0.39918041229248047
409,0.565497636795044
410,-0.016458410769701004
411,0.3070386052131653
412,0.4887460172176361
413,0.1285865306854248
414,0.4579962491989136
415,0.5299012660980225
416,-0.04557068273425102
417,0.4105108082294464
418,0.5994334816932678
419,-0.0062528639100492
420,0.4079451560974121
421,0.6006107330322266
422,-0.007577871438115835
423,0.4396931827068329
424,0.5350056290626526
425,-0.03396134823560715
426,0.41743820905685425
427,0.5288008451461792
428,-0.021497847512364388
429,0.43753111362457275
430,0.5307736992835999
431,-0.03404888138175011
432,0.40295925736427307
433,0.4630248248577118
434,-0.009780790656805038
435,0.38205137848854065
436,0.4743650555610657
437,-0.006851874757558107
438,0.410510390996933
439,0.5071812868118286
440,-0.02781703881919384
441,0.3539256453514099
442,0.2761535048484802
443,0.014108167961239815
444,0.36258095502853394
445,0.3018372654914856
446,-0.003345756558701396
447,0.37089186906814575
448,0.33155447244644165
449,-0.01694718562066555
450,0.402191698551178
451,0.6281641125679016
452,-0.004766886588186026
453,0.4291566014289856
454,0.343084454536438
455,-0.03218919783830643
456,0.4264295697212219
457,0.2984314560890198
458,-0.026030678302049637
459,0.42228859663009644
460,0.25584807991981506
461,-0.01843687705695629
462,0.3641762137413025
463,0.4174632132053375
464,0.006473355460911989
465,0.33464905619621277
466,0.4343048334121704
467,0.02437279187142849
468,0.41813209652900696
469,0.41415655612945557
470,0.0030320482328534126
471,0.34814897179603577
472,0.38692939281463623
473,0.010785160586237907
474,0.42698588967323303
475,0.4417843222618103
476,-0.018286366015672684
477,0.42360785603523254
478,0.5023269653320312
479,-0.05174054205417633
480,0.3208507299423218
481,0.44571682810783386
482,0.037956736981868744
483,0.3432275652885437
484,0.4480639696121216
485,0.01340273767709732
486,0.3598823547363281
487,0.45623940229415894
488,0.0026954275090247393
489,0.384413480758667
490,0.4545302987098694
491,-0.0019680738914757967
492,0.40244412422180176
493,0.4476858377456665
494,-0.003908144775778055
495,0.41631942987442017
496,0.43968188762664795
497,-0.00673222541809082
498,0.4464401304721832
499,0.4189817011356354
500,-0.031552210450172424
501,0.32191622257232666
502,0.4842550456523895
503,0.03521361202001572
504,0.33779001235961914
505,0.38352441787719727
506,0.016064606606960297
507,0.45196664333343506
508,0.5252112150192261
509,-0.06287749111652374
510,0.4178128242492676
511,0.4710237979888916
512,-0.018885714933276176
513,0.30664098262786865
514,0.4083225727081299
515,0.11558389663696289
516,0.42698541283607483
517,0.4304412603378296
518,-0.008384034968912601
519,0.40883034467697144
520,0.5082040429115295
521,-0.014469075947999954
522,0.354286253452301
523,0.3993428945541382
524,0.015602750703692436
525,0.4226977229118347
526,0.4905466139316559
527,-0.04683419689536095
528,0.3101038932800293
529,0.5323087573051453
530,0.12419868260622025
531,0.4180298149585724
532,0.4071022868156433
533,0.006163908634334803
534,0.4351953864097595
535,0.4807034432888031
536,-0.05925111472606659
537,0.34562382102012634
538,0.6266171336174011
539,0.046819884330034256
540,0.34511756896972656
541,0.645207405090332
542,0.07042563706636429
543,0.3090280294418335
544,0.48692581057548523
545,0.08128928393125534
546,0.3304869830608368
547,0.5997854471206665
548,0.06128312647342682
549,0.3189162611961365
550,0.3741912245750427
551,0.058400996029376984
552,0.397036075592041
553,0.6921188831329346
554,0.01004765648394823
555,0.45272547006607056
556,0.5288606882095337
557,-0.04502564296126366
558,0.40559905767440796
559,0.4840897023677826
560,-0.014338744804263115
561,0.32331767678260803
562,0.4110347330570221
563,0.04160802438855171
564,0.3757804036140442
565,0.4105525612831116
566,0.002795289969071746
567,0.3870699107646942
568,0.4128934442996979
569,0.00027182407211512327
570,0.40116655826568604
571,0.6064247488975525
572,-0.005073717329651117
573,0.32340505719184875
574,0.5209413170814514
575,0.04080211743712425
576,0.41990822553634644
577,0.7175496816635132
578,0.015561975538730621
579,0.3806357979774475
580,0.6897916197776794
581,0.03867238759994507
582,0.3639623820781708
583,0.6715344786643982
584,0.05252278596162796
585,0.4623560905456543
586,0.3017117977142334
587,-0.026412375271320343
588,0.44686654210090637
589,0.7221391201019287
590,0.013685540296137333
591,0.39801156520843506
592,0.4124387502670288
593,0.0005192101816646755
594,0.40826496481895447
595,0.410187304019928
596,0.002795348409563303
597,0.41478848457336426
598,0.4087401330471039
599,0.005799500737339258
600,0.32880842685699463
601,0.3791895806789398
602,0.028508536517620087
603,0.407219260931015
604,0.39397889375686646
605,0.0005193608812987804
606,0.39614585041999817
607,0.3883921205997467
608,-0.0025302134454250336
609,0.3849538564682007
610,0.3863961100578308
611,-0.002709600841626525
612,0.37340688705444336
613,0.3882736563682556
614,-0.00014904781710356474
615,0.3660290539264679
616,0.39239561557769775
617,0.003774932585656643
618,0.31075096130371094
619,0.3659573495388031
620,0.09321468323469162
621,0.3680867850780487
622,0.40708214044570923
623,0.00639028986915946
624,0.45660334825515747
625,0.5501458048820496
626,-0.033359821885824203
627,0.41131818294525146
628,0.5552551746368408
629,-0.02292078174650669
630,0.4237723648548126
631,0.5163335204124451
632,-0.03817552700638771
633,0.43787309527397156
634,0.5509743094444275
635,-0.033540621399879456
636,0.45938512682914734
637,0.3934510350227356
638,-0.026925206184387207
639,0.36213770508766174
640,0.652376651763916
641,0.035484105348587036
642,0.3786371648311615
643,0.672421932220459
644,0.02350039966404438
645,0.42020389437675476
646,0.7066326141357422
647,-0.001124867587350309
648,0.3303874731063843
649,0.6161690950393677
650,0.09284935891628265
651,0.41479989886283875
652,0.4018339216709137
653,0.0037525498773902655
654,0.4369829297065735
655,0.44716471433639526
656,-0.035533368587493896
657,0.44838517904281616
658,0.7111949324607849
659,-0.0025321636348962784
660,0.3988282084465027
661,0.7058736085891724
662,0.024187743663787842
663,0.3120725452899933
664,0.5269754528999329
665,0.08100312203168869
666,0.4280981421470642
667,0.6018891334533691
668,-0.01829560473561287
669,0.4259803891181946
670,0.6068325042724609
671,-0.02072550356388092
672,0.42351579666137695
673,0.6148231029510498
674,-0.022621070966124535
675,0.4213540554046631
676,0.6249582767486572
677,-0.020541083067655563
678,0.4159914255142212
679,0.640362560749054
680,-0.010321582667529583
681,0.4079087972640991
682,0.5977053046226501
683,-0.008320009335875511
684,0.40419864654541016
685,0.5961887836456299
686,-0.008601389825344086
687,0.4005373418331146
688,0.5932673811912537
689,-0.00910274125635624
690,0.3884841501712799
691,0.5798647999763489
692,-0.007348343729972839
693,0.34068065881729126
694,0.5323572158813477
695,0.015955448150634766
696,0.43690550327301025
697,0.4291754961013794
698,-0.02392529509961605
699,0.42954349517822266
700,0.3960420489311218
701,-0.0025639734230935574
702,0.4208115041255951
703,0.39835360646247864
704,0.0014692704426124692
705,0.4106854200363159
706,0.5954222083091736
707,-0.006799457594752312
708,0.33733615279197693
709,0.575610339641571
710,0.036488402634859085
711,0.4419308304786682
712,0.39562591910362244
713,-0.01888059265911579
714,0.4075455367565155
715,0.6571835279464722
716,-0.00302372919395566
717,0.4600010812282562
718,0.4533470571041107
719,-0.057907797396183014
720,0.44714030623435974
721,0.43823009729385376
722,-0.04407885670661926
723,0.45978012681007385
724,0.43485116958618164
725,-0.04636521264910698
726,0.4264831244945526
727,0.4751899540424347
728,-0.03528152406215668
729,0.4496506452560425
730,0.6935882568359375
731,-0.010354939848184586
732,0.45068714022636414
733,0.6711879372596741
734,-0.011009491980075836
735,0.42831721901893616
736,0.6687016487121582
737,-0.009441686794161797
738,0.37851518392562866
739,0.6211283206939697
740,0.008027628995478153
741,0.3980586528778076
742,0.5227383375167847
743,-0.011828751303255558
744,0.3914489448070526
745,0.6416127681732178
746,0.0032270837109535933
747,0.36952853202819824
748,0.5185946226119995
749,-0.0076459781266748905
750,0.3861444294452667
751,0.5406683683395386
752,-0.009713632985949516
753,0.35750123858451843
754,0.547550618648529
755,0.0027279756031930447
756,0.4230007529258728
757,0.6896218657493591
758,-0.008394068107008934
759,0.4174339473247528
760,0.48500606417655945
761,-0.026147587224841118
762,0.36694368720054626
763,0.6335121393203735
764,0.02015840634703636
765,0.38332128524780273
766,0.6553575396537781
767,0.01314610056579113
768,0.36907076835632324
769,0.5974394679069519
770,0.008069584146142006
771,0.3257906138896942
772,0.5519646406173706
773,0.046694565564394
774,0.3529095947742462
775,0.5979883670806885
776,0.020535169169306755
777,0.31793278455734253
778,0.5643963813781738
779,0.07674038410186768
780,0.37524592876434326
781,0.564592719078064
782,-0.0037859061267226934
783,0.4274906516075134
784,0.45880475640296936
785,-0.026571251451969147
786,0.4279715120792389
787,0.5104607343673706
788,-0.05434007570147514
789,0.4183032512664795
790,0.5148409008979797
791,-0.04022756963968277
792,0.43489035964012146
793,0.4990251660346985
794,-0.06353997439146042
795,0.4198322892189026
796,0.38134855031967163
797,-0.007850932888686657
798,0.3993780314922333
799,0.3705398440361023
800,-0.011790675111114979
801,0.3810786306858063
802,0.3667481541633606
803,-0.012117619626224041
804,0.3654913604259491
805,0.3676651418209076
806,-0.007725474424660206
807,0.35424327850341797
808,0.37391430139541626
809,-0.00030290090944617987
810,0.34569627046585083
811,0.4038262367248535
812,0.02050688862800598
813,0.30814215540885925
814,0.4480932652950287
815,0.07740121334791183
816,0.35502713918685913
817,0.43030062317848206
818,0.011475613340735435
819,0.3683205842971802
820,0.43673741817474365
821,0.004519963636994362
822,0.3853275179862976
823,0.4376341700553894
824,0.0001384961069561541
825,0.40156692266464233
826,0.43416523933410645
827,-0.0011438294313848019
828,0.41440749168395996
829,0.42871159315109253
830,-0.0009130362304858863
831,0.4234369993209839
832,0.4230935573577881
833,-0.0012730207527056336
834,0.3065006732940674
835,0.4483441412448883
836,0.126327782869339
837,0.4182192087173462
838,0.5199101567268372
839,-0.03353285789489746
840,0.4371199905872345
841,0.4635278582572937
842,-0.04549673944711685
843,0.43838444352149963
844,0.5122079253196716
845,-0.063847616314888
846,0.44515925645828247
847,0.5215350985527039
848,-0.057827532291412354
849,0.4378334879875183
850,0.5149561762809753
851,-0.05740246921777725
852,0.4218018054962158
853,0.5259876251220703
854,-0.0285582784563303
855,0.4477853775024414
856,0.5235955119132996
857,-0.061213232576847076
858,0.4483264088630676
859,0.5273017883300781
860,-0.04540050029754639
861,0.42281490564346313
862,0.40893304347991943
863,0.004669495392590761
864,0.4308071732521057
865,0.4137241840362549
866,-0.0027402732521295547
867,0.43537500500679016
868,0.41693171858787537
869,-0.011674993671476841
870,0.3617030382156372
871,0.3955046832561493
872,0.008003057911992073
873,0.35549235343933105
874,0.38935670256614685
875,0.007841660641133785
876,0.47086101770401
877,0.45705273747444153
878,-0.05236268788576126
879,0.5476555824279785
880,0.41665419936180115
881,0.02354375831782818
882,0.46998029947280884
883,0.5254892706871033
884,-0.0442875474691391
885,0.5846644043922424
886,0.35057079792022705
887,0.08692502975463867
888,0.5108950734138489
889,0.43056076765060425
890,0.007673888001590967
891,0.523344099521637
892,0.43281155824661255
893,0.009524154476821423
894,0.5351313948631287
895,0.43259891867637634
896,0.013880692422389984
897,0.5508081316947937
898,0.4234040379524231
899,0.02603393793106079
900,0.5004954934120178
901,0.42518913745880127
902,0.007906578481197357
903,0.5296305418014526
904,0.38884758949279785
905,0.0033436266239732504
906,0.5161358714103699
907,0.38916629552841187
908,0.0020218195859342813
909,0.5418363809585571
910,0.3917922377586365
911,0.008562714792788029
912,0.5496399998664856
913,0.3978099524974823
914,0.014461126178503036
915,0.5587435364723206
916,0.4354560971260071
917,0.03333976864814758
918,0.49661964178085327
919,0.6785163879394531
920,0.008630167692899704
921,0.5518291592597961
922,0.41232508420944214
923,0.028034264221787453
924,0.5866453647613525
925,0.42777785658836365
926,0.09435199946165085
927,0.5710952281951904
928,0.4238797426223755
929,0.04727698862552643
930,0.5189521908760071
931,0.5050753355026245
932,-0.0034374597016721964
933,0.4719600975513458
934,0.578302264213562
935,-0.03355446085333824
936,0.4683898091316223
937,0.5976926684379578
938,-0.026877446100115776
939,0.48768895864486694
940,0.5840922594070435
941,-0.024090394377708435
942,0.49693846702575684
943,0.5914921164512634
944,-0.012982589192688465
945,0.47983747720718384
946,0.5986219048500061
947,-0.020326491445302963
948,0.488408625125885
949,0.6001656651496887
950,-0.010196966119110584
951,0.5098340511322021
952,0.6199718713760376
953,0.009332172572612762
954,0.47021347284317017
955,0.5169646739959717
956,-0.06826779991388321
957,0.4725680351257324
958,0.4991602897644043
959,-0.07245730608701706
960,0.5687414407730103
961,0.3791827857494354
962,0.018925178796052933
963,0.4952496588230133
964,0.4580041170120239
965,-0.007903504185378551
966,0.499013751745224
967,0.5134227871894836
968,-0.0333784818649292
969,0.4998210370540619
970,0.5036329030990601
971,-0.0293717123568058
972,0.5532556772232056
973,0.505179762840271
974,0.016635609790682793
975,0.4720322787761688
976,0.47622162103652954
977,-0.06479164958000183
978,0.542543888092041
979,0.36087942123413086
980,-0.007265790831297636
981,0.5587611794471741
982,0.3666757345199585
983,0.004449120722711086
984,0.5774854421615601
985,0.31820088624954224
986,0.05909109115600586
987,0.4874161183834076
988,0.3722947835922241
989,-0.022267840802669525
990,0.5040971636772156
991,0.3935898542404175
992,0.0051699914038181305
993,0.5196676850318909
994,0.6024734973907471
995,0.012860003858804703
996,0.5637460947036743
997,0.5908476710319519
998,0.13286936283111572
999,0.48923492431640625
1000,0.5228674411773682
1001,-0.029064157977700233
1002,0.47825196385383606
1003,0.5283404588699341
1004,-0.03145373985171318
1005,0.507050096988678
1006,0.6030564308166504
1007,0.010903213173151016
1008,0.5010175108909607
1009,0.6017035245895386
1010,0.0066372910514473915
1011,0.5652906894683838
1012,0.3546178340911865
1013,0.011192511767148972
1014,0.49871692061424255
1015,0.5214340686798096
1016,-0.02610854245722294
1017,0.519440770149231
1018,0.3615758419036865
1019,-0.0167239923030138
1020,0.5224626064300537
1021,0.34616488218307495
1022,-0.019673515111207962
1023,0.5346131324768066
1024,0.2723774313926697
1025,0.003495603334158659
1026,0.571349024772644
1027,0.33531731367111206
1028,0.03174158185720444
1029,0.5275003910064697
1030,0.30749547481536865
1031,-0.008959302678704262
1032,0.5750115513801575
1033,0.3710542917251587
1034,0.03058861382305622
1035,0.5799776315689087
1036,0.36146625876426697
1037,0.05704396590590477
1038,0.4705365002155304
1039,0.5897060036659241
1040,-0.03167276456952095
1041,0.4834631383419037
1042,0.5930159091949463
1043,-0.022826850414276123
1044,0.4927626848220825
1045,0.5962950587272644
1046,-0.012653243727982044
1047,0.4856290817260742
1048,0.5261839032173157
1049,-0.026765190064907074
1050,0.5040037631988525
1051,0.6026628613471985
1052,0.008472305722534657
1053,0.4989340305328369
1054,0.6065222024917603
1055,-0.00018753412587102503
1056,0.4993134140968323
1057,0.6005072593688965
1058,0.006002060137689114
1059,0.48317068815231323
1060,0.5164170861244202
1061,-0.04766080528497696
1062,0.48535096645355225
1063,0.598800778388977
1064,-0.008150330744683743
1065,0.4765947461128235
1066,0.5993719696998596
1067,-0.015259592793881893
1068,0.46612393856048584
1069,0.5999036431312561
1070,-0.021175766363739967
1071,0.4688107967376709
1072,0.6511132121086121
1073,-0.01004660315811634
1074,0.4695056974887848
1075,0.63361656665802
1076,-0.022969016805291176
1077,0.46923473477363586
1078,0.6222559213638306
1079,-0.02476082183420658
1080,0.46833813190460205
1081,0.6117647886276245
1082,-0.021992644295096397
1083,0.46717432141304016
1084,0.6047706007957458
1085,-0.01994428224861622
1086,0.4874660074710846
1087,0.6031299829483032
1088,-0.0072484505362808704
1089,0.48950427770614624
1090,0.6057528853416443
1091,-0.009358858689665794
1092,0.49237728118896484
1093,0.6113097071647644
1094,-0.010835970751941204
1095,0.49466776847839355
1096,0.617867112159729
1097,-0.008002097718417645
1098,0.507620096206665
1099,0.570320188999176
1100,-0.008568369783461094
1101,0.5787661075592041
1102,0.504575252532959
1103,0.15070019662380219
1104,0.4929465651512146
1105,0.6025623083114624
1106,0.0006669999565929174
1107,0.4957875609397888
1108,0.6039398312568665
1109,-0.0006471801898442209
1110,0.47363921999931335
1111,0.5365360379219055
1112,-0.03197743371129036
1113,0.4933038651943207
1114,0.5324674248695374
1115,-0.017033236101269722
1116,0.47581765055656433
1117,0.5326203107833862
1118,-0.032106079161167145
1119,0.5078022480010986
1120,0.46937963366508484
1121,-0.0020167420152574778
1122,0.5269951820373535
1123,0.4828609824180603
1124,0.0035063738469034433
1125,0.5011430978775024
1126,0.5118480324745178
1127,-0.02180023491382599
1128,0.5620008111000061
1129,0.2916233241558075
1130,0.02953590452671051
1131,0.5549421310424805
1132,0.3165897727012634
1133,0.01032398920506239
1134,0.5472559928894043
1135,0.3456708788871765
1136,-0.004892553202807903
1137,0.49900543689727783
1138,0.6320086121559143
1139,0.0021935435943305492
1140,0.4928104281425476
1141,0.3485829830169678
1142,-0.028283141553401947
1143,0.49757376313209534
1144,0.30404332280158997
1145,-0.02115609683096409
1146,0.5025507211685181
1147,0.2619014382362366
1148,-0.012994424439966679
1149,0.5451303124427795
1150,0.429790198802948
1151,0.02033831551671028
1152,0.5698074698448181
1153,0.44892507791519165
1154,0.04197375103831291
1155,0.49410539865493774
1156,0.4200196862220764
1157,0.009226554073393345
1158,0.5616629123687744
1159,0.40210744738578796
1160,0.026939818635582924
1161,0.4869423508644104
1162,0.4456823468208313
1163,-0.01363048329949379
1164,0.4918992519378662
1165,0.5063081979751587
1166,-0.04710882157087326
1167,0.5799278616905212
1168,0.4614078402519226
1169,0.05793490260839462
1170,0.5623270273208618
1171,0.4614748954772949
1172,0.029952429234981537
1173,0.5476251840591431
1174,0.4674385190010071
1175,0.016578536480665207
1176,0.5249982476234436
1177,0.4631446301937103
1178,0.008639700710773468
1179,0.5081789493560791
1180,0.45437607169151306
1181,0.004293746780604124
1182,0.4955499470233917
1183,0.444964200258255
1184,-0.0007107872515916824
1185,0.4716212749481201
1186,0.4207170903682709
1187,-0.029647473245859146
1188,0.5770860314369202
1189,0.49885818362236023
1190,0.055101849138736725
1191,0.5706924796104431
1192,0.39957988262176514
1193,0.033817823976278305
1194,0.4651634693145752
1195,0.5259172320365906
1196,-0.06184373050928116
1197,0.49461299180984497
1198,0.4756331741809845
1199,-0.013030944392085075
1200,0.5854971408843994
1201,0.4262537956237793
1202,0.13857051730155945
1203,0.48633965849876404
1204,0.43459010124206543
1205,-0.0036762326490134
1206,0.501322865486145
1207,0.5129490494728088
1208,-0.008334611542522907
1209,0.5549922585487366
1210,0.41375845670700073
1211,0.030861658975481987
1212,0.4924706816673279
1213,0.4945090413093567
1214,-0.042171742767095566
1215,0.5732636451721191
1216,0.546732485294342
1217,0.1455325335264206
1218,0.4943145513534546
1219,0.4131578505039215
1220,0.0126469936221838
1221,0.48258674144744873
1222,0.4834297299385071
1223,-0.05595993995666504
1224,0.5441917777061462
1225,0.6354029178619385
1226,0.06134897843003273
1227,0.5396566390991211
1228,0.6535285115242004
1229,0.08553890138864517
1230,0.5832800269126892
1231,0.5025573968887329
1232,0.10306981205940247
1233,0.5577571392059326
1234,0.6108455061912537
1235,0.07872350513935089
1236,0.5833672285079956
1237,0.3918696641921997
1238,0.07939764857292175
1239,0.4974867105484009
1240,0.6957920789718628
1241,0.01705741509795189
1242,0.4631909728050232
1243,0.5294089913368225
1244,-0.04445887356996536
1245,0.5049756765365601
1246,0.48963528871536255
1247,-0.0072364164516329765
1248,0.5793052911758423
1249,0.4275382459163666
1250,0.06148124486207962
1251,0.535363495349884
1252,0.42189422249794006
1253,0.015005071647465229
1254,0.524272620677948
1255,0.42286980152130127
1256,0.010997592471539974
1257,0.5018848776817322
1258,0.610112190246582
1259,0.0024620220065116882
1260,0.5727540850639343
1261,0.5343535542488098
1262,0.05985909327864647
1263,0.47316548228263855
1264,0.7193456888198853
1265,0.019440628588199615
1266,0.5088142156600952
1267,0.6944536566734314
1268,0.04845954850316048
1269,0.523195743560791
1270,0.6776589155197144
1271,0.06481089442968369
1272,0.5135469436645508
1273,0.4211747348308563
1274,0.00955994613468647
1275,0.5036217570304871
1276,0.4173741936683655
1277,0.01056576706469059
1278,0.4973700940608978
1279,0.41522300243377686
1280,0.012747462838888168
1281,0.5776112079620361
1282,0.39599788188934326
1283,0.0476282462477684
1284,0.5054910778999329
1285,0.4015709459781647
1286,0.008310259319841862
1287,0.5164036750793457
1288,0.3976273536682129
1289,0.006625379901379347
1290,0.5276999473571777
1291,0.39715278148651123
1292,0.008081987500190735
1293,0.5387728214263916
1294,0.4005603790283203
1295,0.01215827651321888
1296,0.5454347133636475
1297,0.4055342376232147
1298,0.01706773042678833
1299,0.5869649052619934
1300,0.38454413414001465
1301,0.11575577408075333
1302,0.5426939129829407
1303,0.41945481300354004
1304,0.01973157748579979
1305,0.49775785207748413
1306,0.5589924454689026
1307,-0.016923263669013977
1308,0.4898017644882202
1309,0.5199546813964844
1310,-0.034134164452552795
1311,0.47436803579330444
1312,0.5524803996086121
1313,-0.031013455241918564
1314,0.5290089249610901
1315,0.6591362953186035
1316,0.047417789697647095
1317,0.5138789415359497
1318,0.6774823665618896
1319,0.033038511872291565
1320,0.4757818281650543
1321,0.7087255716323853
1322,0.002608886221423745
1323,0.5521363615989685
1324,0.6267263293266296
1325,0.11067379266023636
1326,0.4977709949016571
1327,0.40822020173072815
1328,0.010823722928762436
1329,0.47971683740615845
1330,0.4499530792236328
1331,-0.032315436750650406
1332,0.4928443133831024
1333,0.709069013595581
1334,0.03137003257870674
1335,0.5773811340332031
1336,0.5413562655448914
1337,0.10181152820587158
1338,0.47837090492248535
1339,0.6038016676902771
1340,-0.014116642996668816
1341,0.4804047644138336
1342,0.6088989973068237
1343,-0.0162894856184721
1344,0.48237505555152893
1345,0.6170737147331238
1346,-0.018141772598028183
1347,0.4836401045322418
1348,0.6273363828659058
1349,-0.015816153958439827
1350,0.4857565760612488
1351,0.6431686878204346
1352,-0.005238546524196863
1353,0.49602770805358887
1354,0.6009392142295837
1355,-0.00121320690959692
1356,0.5000918507575989
1357,0.599675178527832
1358,-0.001028072671033442
1359,0.5038831233978271
1360,0.5970918536186218
1361,-0.000845466332975775
1362,0.5157886147499084
1363,0.5852664113044739
1364,0.0022320663556456566
1365,0.5592440962791443
1366,0.5440138578414917
1367,0.03180641680955887
1368,0.47903531789779663
1369,0.4320119023323059
1370,-0.020722469314932823
1371,0.4853579103946686
1372,0.4005507826805115
1373,0.0015536838909611106
1374,0.4926884174346924
1375,0.40401890873908997
1376,0.007666025310754776
1377,0.4926474392414093
1378,0.5984610319137573
1379,-2.0036612113472074e-05
1380,0.5568681955337524
1381,0.5866414904594421
1382,0.05256626754999161
1383,0.4753696322441101
1384,0.398278146982193
1385,-0.01636158488690853
1386,0.4914695620536804
1387,0.6603596210479736
1388,0.0025876788422465324
1389,0.47148576378822327
1390,0.43980613350868225
1391,-0.04238949343562126
1392,0.4881878197193146
1393,0.4787940979003906
1394,-0.03097245655953884
1395,0.4721528887748718
1396,0.670335590839386
1397,-0.0068483552895486355
1398,0.519890546798706
1399,0.627048909664154
1400,0.0178252961486578
1401,0.5104299783706665
1402,0.5283997058868408
1403,-0.0043513295240700245
1404,0.5068735480308533
1405,0.646246075630188
1406,0.010881120339035988
1407,0.5366184115409851
1408,0.52756267786026
1409,0.0035836840979754925
1410,0.5202740430831909
1411,0.5473925471305847
1412,-0.0005326974205672741
1413,0.5446738600730896
1414,0.5571507811546326
1415,0.01566885970532894
1416,0.47544020414352417
1417,0.6917529702186584
1418,-0.005002662073820829
1419,0.49501803517341614
1420,0.48938366770744324
1421,-0.020751437172293663
1422,0.5281297564506531
1423,0.6402127742767334
1424,0.03137485682964325
1425,0.5124814510345459
1426,0.6604681611061096
1427,0.02171383425593376
1428,0.5304609537124634
1429,0.6045950055122375
1430,0.019690867513418198
1431,0.567501425743103
1432,0.5645859241485596
1433,0.06490559875965118
1434,0.54316246509552
1435,0.6068310737609863
1436,0.033935412764549255
1437,0.569749653339386
1438,0.5774334073066711
1439,0.09659238159656525
1440,0.5280723571777344
1441,0.5718840956687927
1442,0.006907516624778509
1443,0.48690667748451233
1444,0.46242162585258484
1445,-0.022014647722244263
1446,0.48754552006721497
1447,0.5138276815414429
1448,-0.05015244707465172
1449,0.4951315224170685
1450,0.519028902053833
1451,-0.035354480147361755
1452,0.483026921749115
1453,0.5018578767776489
1454,-0.060443006455898285
1455,0.4961978793144226
1456,0.3874497711658478
1457,-0.0021045738831162453
1458,0.5170378684997559
1459,0.3798918128013611
1460,-0.003439265303313732
1461,0.5347098112106323
1462,0.378987580537796
1463,-0.0011421216186136007
1464,0.5489988923072815
1465,0.38177478313446045
1466,0.005564115010201931
1467,0.5582201480865479
1468,0.3890335261821747
1469,0.014860567636787891
1470,0.561938464641571
1471,0.4186367988586426
1472,0.036761555820703506
1473,0.5866483449935913
1474,0.4650043845176697
1475,0.09968529641628265
1476,0.5525939464569092
1477,0.44298049807548523
1478,0.02633686177432537
1479,0.540282666683197
1480,0.4476451277732849
1481,0.017373643815517426
1482,0.524435818195343
1483,0.4467419385910034
1484,0.010708934627473354
1485,0.5090419054031372
1486,0.44141268730163574
1487,0.007215770892798901
1488,0.49715811014175415
1489,0.4345150887966156
1490,0.005304604768753052
1491,0.4890638589859009
1492,0.42790812253952026
1493,0.0038344068452715874
1494,0.581978976726532
1495,0.4651890993118286
1496,0.14913296699523926
1497,0.4942041337490082
1498,0.5238474607467651
1499,-0.028760768473148346
1500,0.48011791706085205
1501,0.46607381105422974
1502,-0.042227499186992645
1503,0.47901251912117004
1504,0.5145509839057922
1505,-0.061201758682727814
1506,0.4710581302642822
1507,0.5229145288467407
1508,-0.056305669248104095
1509,0.4784209132194519
1510,0.5171704292297363
1511,-0.05472525209188461
1512,0.4899783730506897
1513,0.5293490886688232
1514,-0.024623382836580276
1515,0.4690113663673401
1516,0.52470862865448
1517,-0.05985292047262192
1518,0.4671478271484375
1519,0.5282647609710693
1520,-0.04432801902294159
1521,0.4900221526622772
1522,0.4142705798149109
1523,0.009922908619046211
1524,0.48280757665634155
1525,0.41778841614723206
1526,0.0013524737441912293
1527,0.4795275926589966
1528,0.42020973563194275
1529,-0.008330311626195908
1530,0.5491355657577515
1531,0.40925127267837524
1532,0.021951543167233467
1533,0.5551481246948242
1534,0.40390366315841675
1535,0.022625191137194633
1536,0.0
1537,0.0
1538,0.0
1539,0.0
1540,0.0
1541,0.0
1542,0.0
1543,0.0
1544,0.0
1545,0.0
1546,0.0
1547,0.0
1548,0.0
1549,0.0
1550,0.0
1551,0.0
1552,0.0
1553,0.0
1554,0.0
1555,0.0
1556,0.0
1557,0.0
1558,0.0
1559,0.0
1560,0.0
1561,0.0
1562,0.0
1563,0.0
1564,0.0
1565,0.0
1566,0.0
1567,0.0
1568,0.0
1569,0.0
1570,0.0
1571,0.0
1572,0.0
1573,0.0
1574,0.0
1575,0.0
1576,0.0
1577,0.0
1578,0.0
1579,0.0
1580,0.0
1581,0.0
1582,0.0
1583,0.0
1584,0.0
1585,0.0
1586,0.0
1587,0.0
1588,0.0
1589,0.0
1590,0.0
1591,0.0
1592,0.0
1593,0.0
1594,0.0
1595,0.0
1596,0.0
1597,0.0
1598,0.0
1599,0.0
1600,0.0
1601,0.0
1602,0.0
1603,0.0
1604,0.0
1605,0.0
1606,0.0
1607,0.0
1608,0.0
1609,0.0
1610,0.0
1611,0.0
1612,0.0
1613,0.0
1614,0.0
1615,0.0
1616,0.0
1617,0.0
1618,0.0
1619,0.0
1620,0.0
1621,0.0
1622,0.0
1623,0.0
1624,0.0
1625,0.0
1626,0.0
1627,0.0
1628,0.0
1629,0.0
1630,0.0
1631,0.0
1632,0.0
1633,0.0
1634,0.0
1635,0.0
1636,0.0
1637,0.0
1638,0.0
1639,0.0
1640,0.0
1641,0.0
1642,0.0
1643,0.0
1644,0.0
1645,0.0
1646,0.0
1647,0.0
1648,0.0
1649,0.0
1650,0.0
1651,0.0
1652,0.0
1653,0.0
1654,0.0
1655,0.0
1656,0.0
1657,0.0
1658,0.0
1659,0.0
1660,0.0
1661,0.0
