,0
0,0.2636094093322754
1,0.22855180501937866
2,-1.0733565092086792
3,0.9994759559631348
4,0.3224993050098419
5,0.10948300361633301
6,-1.1109598875045776
7,0.9989012479782104
8,0.35573846101760864
9,0.11197733134031296
10,-1.1103627681732178
11,0.9991729259490967
12,0.3840695023536682
13,0.11481831222772598
14,-1.1095011234283447
15,0.9987256526947021
16,0.2572493255138397
17,0.11031167209148407
18,-1.0123775005340576
19,0.9988084435462952
20,0.23939363658428192
21,0.11014971137046814
22,-1.0105777978897095
23,0.9987245202064514
24,0.22136537730693817
25,0.10227327793836594
26,-1.0109035968780518
27,0.9980211853981018
28,0.4741317331790924
29,0.15505270659923553
30,-0.9494635462760925
31,0.9990094900131226
32,0.2863989472389221
33,0.12053664028644562
34,-0.49075227975845337
35,0.9992818236351013
36,0.3323773741722107
37,0.32013213634490967
38,-0.9966925382614136
39,0.9991046190261841
40,0.24930110573768616
41,0.30767732858657837
42,-0.8645254969596863
43,0.9994140267372131
44,0.6816369295120239
45,0.5303815007209778
46,-0.7518416047096252
47,0.9975890517234802
48,0.0862962007522583
49,0.5813146233558655
50,-0.06417128443717957
51,0.9974647760391235
52,0.7876964807510376
53,1.2186684608459473
54,-1.2767832279205322
55,0.5277906060218811
56,-0.07005132734775543
57,1.2340447902679443
58,0.2540493607521057
59,0.1064038872718811
60,0.6706288456916809
61,0.542376697063446
62,-1.731309175491333
63,0.9677488207817078
64,-0.02385733649134636
65,1.6577229499816895
66,-0.030397746711969376
67,0.18575800955295563
68,0.6584613919258118
69,0.31312161684036255
70,-1.829195261001587
71,0.9549514651298523
72,-0.036339886486530304
73,1.805907964706421
74,0.007488270290195942
75,0.24995601177215576
76,0.6445643901824951
77,0.28847262263298035
78,-1.7057918310165405
79,0.9587197303771973
80,-0.0025599931832402945
81,1.76127028465271
82,-0.0979803279042244
83,0.3434193432331085
84,0.648061990737915
85,0.38917848467826843
86,-1.6886552572250366
87,0.9518824219703674
88,0.01895822398364544
89,1.710639238357544
90,-0.0799269825220108
91,0.3507918119430542
92,0.5551106929779053
93,1.671819806098938
94,-0.19046181440353394
95,0.0017156046815216541
96,0.150223508477211
97,1.6525534391403198
98,0.19809404015541077
99,0.0013958108611404896
100,0.5594907999038696
101,2.5957589149475098
102,-0.18898411095142365
103,0.0008615169790573418
104,0.2076948881149292
105,2.5753543376922607
106,0.44781383872032166
107,0.00027380758547224104
108,0.5913392305374146
109,3.388902425765991
110,0.570391833782196
111,5.7491386542096734e-05
112,0.24328120052814484
113,3.369807720184326
114,1.206992506980896
115,4.2468768697290216e-06
116,0.6067503690719604
117,3.5038561820983887
118,0.6039949655532837
119,3.887719867634587e-05
120,0.23541292548179626
121,3.478808879852295
122,1.266449213027954
123,1.6068255717982538e-05
124,0.5317687392234802
125,3.650158643722534
126,-0.2151898592710495
127,0.0001741690211929381
128,0.2954886555671692
129,3.6366310119628906
130,0.44603806734085083
131,7.32352418708615e-05
132,0.14740894734859467
133,0.23467661440372467
134,-0.03887348994612694
135,0.12461163103580475
136,0.16516262292861938
137,-0.045823559165000916
138,0.15458494424819946
139,0.1924559473991394
140,-0.02965160645544529
141,0.14320233464241028
142,0.11677099019289017
143,-0.013834322802722454
144,0.12428648769855499
145,0.14689727127552032
146,-0.046057216823101044
147,0.13596175611019135
148,0.12808555364608765
149,-0.039298299700021744
150,0.17390823364257812
151,0.08277405798435211
152,-0.007372273597866297
153,0.15721888840198517
154,0.09027744084596634
155,0.11175728589296341
156,0.18540145456790924
157,0.0403665155172348
158,0.005685437470674515
159,0.18456873297691345
160,0.016670390963554382
161,0.008742919191718102
162,0.20414909720420837
163,-0.06998535990715027
164,0.032933153212070465
165,0.14850105345249176
166,0.2457508146762848
167,-0.0389045849442482
168,0.15297020971775055
169,0.25726816058158875
170,-0.03686310350894928
171,0.15908505022525787
172,0.26487964391708374
173,-0.03388176113367081
174,0.15965202450752258
175,0.2830715477466583
176,-0.032048240303993225
177,0.15662167966365814
178,0.29388391971588135
179,-0.03375149518251419
180,0.15497146546840668
181,0.30758506059646606
182,-0.03518771752715111
183,0.15715226531028748
184,0.3217625319957733
185,-0.03368791565299034
186,0.16819871962070465
187,0.34032681584358215
188,-0.025858664885163307
189,0.13309599459171295
190,0.17768631875514984
191,-0.04288923367857933
192,0.13914193212985992
193,0.1810251623392105
194,-0.023327844217419624
195,0.19490690529346466
196,0.02818913757801056
197,0.20995859801769257
198,0.1719626486301422
199,0.09813370555639267
200,0.07022830098867416
201,0.1659945696592331
202,0.10106150805950165
203,0.08202489465475082
204,0.1610076129436493
205,0.10221698135137558
206,0.09474639594554901
207,0.15970318019390106
208,0.09591994434595108
209,0.11639343947172165
210,0.17585080862045288
211,0.09318974614143372
212,0.06000727787613869
213,0.16048714518547058
214,0.05791587382555008
215,0.08657464385032654
216,0.16759756207466125
217,0.05897222459316254
218,0.07248090207576752
219,0.1551566869020462
220,0.059839412569999695
221,0.10002380609512329
222,0.15364930033683777
223,0.06641016155481339
224,0.10952913016080856
225,0.1595032811164856
226,0.10691159218549728
227,0.12513390183448792
228,0.15486694872379303
229,0.35475656390190125
230,0.019188059493899345
231,0.15753307938575745
232,0.08805640786886215
233,0.11868412792682648
234,0.192356139421463
235,0.09966731071472168
236,0.20141012966632843
237,0.16639411449432373
238,0.0944758877158165
239,0.1482091248035431
240,0.14310967922210693
241,0.16822057962417603
242,0.05003112182021141
243,0.1397259533405304
244,0.2321401983499527
245,-0.02281142584979534
246,0.14779695868492126
247,0.2583417594432831
248,-0.022598206996917725
249,0.13744226098060608
250,0.24197697639465332
251,-0.003015210386365652
252,0.14083713293075562
253,0.25477680563926697
254,0.013841457664966583
255,0.14705131947994232
256,0.2614106833934784
257,-0.006494150497019291
258,0.14912757277488708
259,0.2665121257305145
260,0.007735030725598335
261,0.14928610622882843
262,0.2955265939235687
263,0.03558438643813133
264,0.12010294198989868
265,0.165765643119812
266,-0.036898173391819
267,0.11898556351661682
268,0.14858290553092957
269,-0.035641953349113464
270,0.15314701199531555
271,0.04787282645702362
272,0.13161523640155792
273,0.16200780868530273
274,0.12365204095840454
275,0.03640700504183769
276,0.1307132989168167
277,0.1697498857975006
278,0.009913062676787376
279,0.1347222924232483
280,0.16179858148097992
281,0.01473996601998806
282,0.13917921483516693
283,0.17161527276039124
284,0.09769431501626968
285,0.13005785644054413
286,0.13067181408405304
287,-0.024985183030366898
288,0.15159527957439423
289,0.029263213276863098
290,0.08879534900188446
291,0.1494201123714447
292,0.03523312509059906
293,0.11317313462495804
294,0.18394845724105835
295,-0.0026467591524124146
296,0.18549929559230804
297,0.1697114259004593
298,0.04022298753261566
299,0.031686533242464066
300,0.17438668012619019
301,0.06338430941104889
302,0.0635315403342247
303,0.14673775434494019
304,0.2746604382991791
305,0.049476832151412964
306,0.21454301476478577
307,0.27085286378860474
308,0.1809491366147995
309,0.13874296844005585
310,0.1803203821182251
311,0.002444702899083495
312,0.14473582804203033
313,0.1857432872056961
314,-0.012755917385220528
315,0.15206634998321533
316,0.2773483395576477
317,0.03940144181251526
318,0.15723921358585358
319,0.2752811312675476
320,0.030261218547821045
321,0.15292158722877502
322,0.024536937475204468
323,0.12505002319812775
324,0.1372511386871338
325,0.17919087409973145
326,0.012279890477657318
327,0.15713097155094147
328,0.02957041561603546
329,0.06093757599592209
330,0.15647542476654053
331,0.01575934886932373
332,0.06417637318372726
333,0.1778080314397812
334,-0.048496365547180176
335,0.11004108935594559
336,0.16655942797660828
337,0.00984412431716919
338,0.15193822979927063
339,0.16576340794563293
340,-0.01845535635948181
341,0.0869942232966423
342,0.15822842717170715
343,0.041013091802597046
344,0.14793060719966888
345,0.1745069921016693
346,0.03566940128803253
347,0.17694590985774994
348,0.14222495257854462
349,0.24575646221637726
350,-0.023081405088305473
351,0.14084969460964203
352,0.25238949060440063
353,-0.0054054646752774715
354,0.14362101256847382
355,0.2604012191295624
356,0.009630301967263222
357,0.14271865785121918
358,0.1843828409910202
359,-0.0008601894951425493
360,0.15432511270046234
361,0.2769734263420105
362,0.033986084163188934
363,0.15157823264598846
364,0.2821827828884125
365,0.0212973952293396
366,0.15951527655124664
367,0.2733234167098999
368,0.028744954615831375
369,0.12861432135105133
370,0.17060202360153198
371,-0.009079961106181145
372,0.15553021430969238
373,0.2667732834815979
374,0.006630348972976208
375,0.1539832353591919
376,0.2650965452194214
377,-0.0058206832036376
378,0.15468423068523407
379,0.26453661918640137
380,-0.019426725804805756
381,0.15762120485305786
382,0.3364177942276001
383,-0.012101680040359497
384,0.147378608584404
385,0.31780266761779785
386,-0.01817229576408863
387,0.14636044204235077
388,0.30397486686706543
389,-0.019050687551498413
390,0.1496850997209549
391,0.2902096211910248
392,-0.017328452318906784
393,0.15405476093292236
394,0.28175070881843567
395,-0.016376985237002373
396,0.1554417908191681
397,0.27914589643478394
398,0.009122342802584171
399,0.15190745890140533
400,0.28273579478263855
401,0.007577463984489441
402,0.14789961278438568
403,0.2889637351036072
404,0.007065783720463514
405,0.14576783776283264
406,0.2966267466545105
407,0.011501934379339218
408,0.1383722722530365
409,0.23221150040626526
410,0.025806477293372154
411,0.22560662031173706
412,0.18076545000076294
413,0.223269984126091
414,0.14396405220031738
415,0.18459278345108032
416,-0.033965662121772766
417,0.15788504481315613
418,0.2775087058544159
419,0.021085308864712715
420,0.15433819591999054
421,0.27916455268859863
422,0.020033404231071472
423,0.14691899716854095
424,0.19306626915931702
425,-0.015110430307686329
426,0.14450275897979736
427,0.19138182699680328
428,0.009273351170122623
429,0.14561039209365845
430,0.18982519209384918
431,-0.014147729612886906
432,0.15703174471855164
433,0.13484275341033936
434,0.04968877509236336
435,0.14704209566116333
436,0.14808712899684906
437,0.06810571998357773
438,0.13900020718574524
439,0.1711219698190689
440,0.019018476828932762
441,0.1787630170583725
442,-0.02822527289390564
443,0.150461345911026
444,0.16538971662521362
445,-0.008202537894248962
446,0.12208950519561768
447,0.15266090631484985
448,0.016214817762374878
449,0.09743313491344452
450,0.14987866580486298
451,0.3103899359703064
452,0.02283938229084015
453,0.16686972975730896
454,0.01813596487045288
455,0.03507902845740318
456,0.17447011172771454
457,-0.023884400725364685
458,0.05353917181491852
459,0.18504703044891357
460,-0.06119862198829651
461,0.06897646188735962
462,0.15902413427829742
463,0.10079893469810486
464,0.10751079767942429
465,0.1595492959022522
466,0.11856456845998764
467,0.13890725374221802
468,0.17779755592346191
469,0.08818695694208145
470,0.05715811625123024
471,0.15710067749023438
472,0.07239285111427307
473,0.1288706511259079
474,0.1646265685558319
475,0.11199662834405899
476,0.028028802946209908
477,0.12489382922649384
478,0.16030900180339813
479,-0.003361529903486371
480,0.16292381286621094
481,0.13147389888763428
482,0.16051971912384033
483,0.15077635645866394
484,0.13018468022346497
485,0.12284836173057556
486,0.1471172720193863
487,0.13529905676841736
488,0.09827274084091187
489,0.1552574187517166
490,0.12996956706047058
491,0.0745147243142128
492,0.16431677341461182
493,0.12092786282300949
494,0.05765208601951599
495,0.16957634687423706
496,0.11184868216514587
497,0.04467110335826874
498,0.1675058901309967
499,0.0881144180893898
500,0.0077818576246500015
501,0.15393683314323425
502,0.1680331975221634
503,0.1519220769405365
504,0.16036054491996765
505,0.06979278475046158
506,0.14294657111167908
507,0.1299571841955185
508,0.17730800807476044
509,-0.03618679568171501
510,0.15381945669651031
511,0.13914796710014343
512,0.02866506204009056
513,0.22361892461776733
514,0.10122554749250412
515,0.2358483523130417
516,0.17273518443107605
517,0.10229343175888062
518,0.037216830998659134
519,0.14586445689201355
520,0.17449432611465454
521,0.02639579586684704
522,0.15908458828926086
523,0.08666330575942993
524,0.12422151118516922
525,0.13140060007572174
526,0.15066874027252197
527,0.0016009354731068015
528,0.2214895784854889
529,0.22380483150482178
530,0.20603370666503906
531,0.17940983176231384
532,0.08339391648769379
533,0.06216500326991081
534,0.12963712215423584
535,0.13837476074695587
536,-0.01209194678813219
537,0.16919976472854614
538,0.31232351064682007
539,0.10146002471446991
540,0.18921631574630737
541,0.3354809284210205
542,0.11323389410972595
543,0.18378028273582458
544,0.17527100443840027
545,0.19180966913700104
546,0.17623142898082733
547,0.28709539771080017
548,0.13102397322654724
549,0.18449297547340393
550,0.06549449265003204
551,0.19357751309871674
552,0.1576223224401474
553,0.37464189529418945
554,0.023593029007315636
555,0.1415342092514038
556,0.1842484325170517
557,-0.029386593028903008
558,0.1510498821735382
559,0.1534840315580368
560,0.03795807808637619
561,0.17296895384788513
562,0.09824362397193909
563,0.1675640493631363
564,0.1597611904144287
565,0.0917852520942688
566,0.09567901492118835
567,0.16489697992801666
568,0.09118881821632385
569,0.08484622836112976
570,0.14987069368362427
571,0.28589436411857605
572,0.025568513199687004
573,0.15573622286319733
574,0.2036409229040146
575,0.14319343864917755
576,0.16872207820415497
577,0.40948057174682617
578,0.0027487333863973618
579,0.1717279702425003
580,0.3765122890472412
581,0.0566866435110569
582,0.17876845598220825
583,0.35962948203086853
584,0.08231236785650253
585,0.19157445430755615
586,-0.028816595673561096
587,0.02096427045762539
588,0.184230238199234
589,0.4209131598472595
590,-0.02437802404165268
591,0.1703830361366272
592,0.08919427543878555
593,0.07460154592990875
594,0.17500896751880646
595,0.08594516664743423
596,0.06794602423906326
597,0.1777111291885376
598,0.08397164940834045
599,0.06504679471254349
600,0.16736353933811188
601,0.0671190470457077
602,0.16060501337051392
603,0.17522676289081573
604,0.08128247410058975
605,0.06981150060892105
606,0.17011681199073792
607,0.08189567923545837
608,0.07711128890514374
609,0.16412827372550964
610,0.08150201290845871
611,0.08737353980541229
612,0.15911529958248138
613,0.08221887052059174
614,0.09820050001144409
615,0.15713736414909363
616,0.08462744951248169
617,0.1057286411523819
618,0.20857830345630646
619,0.06098775565624237
620,0.2274162322282791
621,0.1577792912721634
622,0.09128175675868988
623,0.10482378304004669
624,0.15396803617477417
625,0.20581500232219696
626,-0.03074551932513714
627,0.13837164640426636
628,0.21803122758865356
629,0.012311079539358616
630,0.13438130915164948
631,0.17632949352264404
632,-0.0006998844910413027
633,0.14413462579250336
634,0.20840871334075928
635,-0.015288644470274448
636,0.18529297411441803
637,0.06179220229387283
638,0.002510064048692584
639,0.1647811233997345
640,0.33586907386779785
641,0.07358472794294357
642,0.16248494386672974
643,0.3545668125152588
644,0.04833623021841049
645,0.15838509798049927
646,0.3926626443862915
647,-0.005027831997722387
648,0.2030390501022339
649,0.3084738254547119
650,0.1485225111246109
651,0.17740294337272644
652,0.0820595994591713
653,0.06564594060182571
654,0.15342992544174194
655,0.11360915005207062
656,0.0072411359287798405
657,0.17264112830162048
658,0.40379923582077026
659,-0.031126758083701134
660,0.16650550067424774
661,0.39374327659606934
662,0.03068079613149166
663,0.1833549290895462
664,0.2148100584745407
665,0.1776362508535385
666,0.1531084179878235
667,0.28055626153945923
668,-0.0025943333748728037
669,0.1491384357213974
670,0.2866310477256775
671,-0.0033821945544332266
672,0.14528821408748627
673,0.29679834842681885
674,-0.0037785994354635477
675,0.1440034657716751
676,0.3090137243270874
677,-0.0009135674335993826
678,0.15189024806022644
679,0.3246321678161621
680,0.007548565976321697
681,0.15366381406784058
682,0.2709544599056244
683,0.021224234253168106
684,0.14934606850147247
685,0.26901763677597046
686,0.02535095065832138
687,0.14650848507881165
688,0.26581066846847534
689,0.029124975204467773
690,0.14142394065856934
691,0.25178468227386475
692,0.04129746928811073
693,0.14502577483654022
694,0.21134577691555023
695,0.10747908800840378
696,0.16648709774017334
697,0.09893792122602463
698,0.018272535875439644
699,0.1808464229106903
700,0.06923499703407288
701,0.04306487366557121
702,0.17977946996688843
703,0.07291882485151291
704,0.05773579701781273
705,0.15820366144180298
706,0.26857590675354004
707,0.019862573593854904
708,0.1579861342906952
709,0.2582932710647583
710,0.11376295238733292
711,0.1787058711051941
712,0.06700228154659271
713,0.022370845079421997
714,0.15585801005363464
715,0.3382776379585266
716,0.013535387814044952
717,0.14940571784973145
718,0.11353042721748352
719,-0.028281839564442635
720,0.1548738181591034
721,0.103366419672966
722,-0.005183822475373745
723,0.16132515668869019
724,0.09916582703590393
725,-0.017005322501063347
726,0.14357814192771912
727,0.13912144303321838
728,0.00894326064735651
729,0.1683158278465271
730,0.38202106952667236
731,-0.03208320587873459
732,0.16908155381679535
733,0.3589179515838623
734,-0.028552688658237457
735,0.15871259570121765
736,0.352280855178833
737,-0.01038019172847271
738,0.15048706531524658
739,0.30073675513267517
740,0.047974348068237305
741,0.14299340546131134
742,0.1903073638677597
743,0.035860639065504074
744,0.15353360772132874
745,0.3217242956161499
746,0.031031085178256035
747,0.13712845742702484
748,0.19188231229782104
749,0.06624913960695267
750,0.13884852826595306
751,0.2104417383670807
752,0.0453396812081337
753,0.14041084051132202
754,0.2237934172153473
755,0.07781672477722168
756,0.1558709293603897
757,0.3722262382507324
758,-0.007334981579333544
759,0.14604850113391876
760,0.15066847205162048
761,0.019269397482275963
762,0.1545092761516571
763,0.31457433104515076
764,0.06288710981607437
765,0.15655747056007385
766,0.3355202078819275
767,0.040445566177368164
768,0.1466544270515442
769,0.27595171332359314
770,0.06350741535425186
771,0.16103771328926086
772,0.2357516586780548
773,0.13598774373531342
774,0.15189474821090698
775,0.27939146757125854
776,0.08348774909973145
777,0.18220403790473938
778,0.2524273693561554
779,0.16117316484451294
780,0.14051513373851776
781,0.2381783425807953
782,0.055879175662994385
783,0.15395572781562805
784,0.12621745467185974
785,0.01872638799250126
786,0.12518301606178284
787,0.1674027144908905
788,-0.008418841287493706
789,0.13137656450271606
790,0.17494140565395355
791,0.00298485578969121
792,0.12049788236618042
793,0.1528611034154892
794,-0.017579203471541405
795,0.17384691536426544
796,0.054027244448661804
797,0.052715763449668884
798,0.16389411687850952
799,0.04613026976585388
800,0.06935398280620575
801,0.155595064163208
802,0.04504451900720596
803,0.08642112463712692
804,0.1509752869606018
805,0.04833786189556122
806,0.10415019094944
807,0.1513872891664505
808,0.057516708970069885
809,0.11848752200603485
810,0.1624925434589386
811,0.09037602692842484
812,0.1335020214319229
813,0.18752342462539673
814,0.1372731328010559
815,0.2002592533826828
816,0.15554459393024445
817,0.11353275924921036
818,0.11363270878791809
819,0.15572325885295868
820,0.11721459031105042
821,0.09645732492208481
822,0.16175532341003418
823,0.11482112854719162
824,0.07902610301971436
825,0.16979113221168518
826,0.10904780775308609
827,0.06361266225576401
828,0.17472343146800995
829,0.10219351947307587
830,0.05234703794121742
831,0.17757123708724976
832,0.09626062214374542
833,0.044973280280828476
834,0.22856363654136658
835,0.1403767466545105
836,0.23419252038002014
837,0.13712091743946075
838,0.18129663169384003
839,0.005493158474564552
840,0.1420511156320572
841,0.12592273950576782
842,-0.0012614415027201176
843,0.12063257396221161
844,0.165232852101326
845,-0.02410305291414261
846,0.13181422650814056
847,0.17649231851100922
848,-0.029454965144395828
849,0.12675084173679352
850,0.17016877233982086
851,-0.02035040780901909
852,0.14308097958564758
853,0.18729116022586823
854,0.002464375225827098
855,0.1298307329416275
856,0.17721059918403625
857,-0.03364080935716629
858,0.1398657262325287
859,0.18363521993160248
860,-0.026687053963541985
861,0.18011213839054108
862,0.08274127542972565
863,0.05376622453331947
864,0.1805952489376068
865,0.08657702803611755
866,0.03887500241398811
867,0.1764707863330841
868,0.08869670331478119
869,0.028406139463186264
870,0.15659959614276886
871,0.08661143481731415
872,0.11187892407178879
873,0.15552528202533722
874,0.0748039111495018
875,0.11848185211420059
876,0.15994000434875488
877,0.11593063175678253
878,-0.03786787390708923
879,0.2957685887813568
880,0.07359099388122559
881,-0.06206073984503746
882,0.15610596537590027
883,0.1819901466369629
884,-0.04141855239868164
885,0.4070938229560852
886,-0.003050580620765686
887,-0.0568784698843956
888,0.2535930871963501
889,0.08856026083230972
890,-0.04143144190311432
891,0.26469260454177856
892,0.08945593982934952
893,-0.05217744782567024
894,0.2790781557559967
895,0.08971042186021805
896,-0.06027042120695114
897,0.30757588148117065
898,0.07950440794229507
899,-0.06740909814834595
900,0.24548976123332977
901,0.08471564203500748
902,-0.027943400666117668
903,0.26586565375328064
904,0.03700828552246094
905,-0.052798353135585785
906,0.25338876247406006
907,0.04055769741535187
908,-0.03773539140820503
909,0.2820262908935547
910,0.03769189119338989
911,-0.061743441969156265
912,0.2957344055175781
913,0.04365469515323639
914,-0.06575261801481247
915,0.3210219442844391
916,0.09301114827394485
917,-0.07234997302293777
918,0.2297918200492859
919,0.37076812982559204
920,-0.06186920031905174
921,0.3048631548881531
922,0.06933189183473587
923,-0.06316544860601425
924,0.4085662066936493
925,0.08621644973754883
926,-0.07201193273067474
927,0.3462793529033661
928,0.07920581847429276
929,-0.07437273859977722
930,0.24237805604934692
931,0.16683492064476013
932,-0.06147231161594391
933,0.16308918595314026
934,0.2324812114238739
935,-0.05136599391698837
936,0.16653895378112793
937,0.2595211863517761
938,-0.04863392189145088
939,0.18651507794857025
940,0.24568963050842285
941,-0.062092602252960205
942,0.204539492726326
943,0.2592109441757202
944,-0.06770841777324677
945,0.18383508920669556
946,0.264803409576416
947,-0.057913925498723984
948,0.19884252548217773
949,0.27100685238838196
950,-0.06094282120466232
951,0.24086791276931763
952,0.304538369178772
953,-0.06966925412416458
954,0.1350356787443161
955,0.16547589004039764
956,-0.052608389407396317
957,0.13665105402469635
958,0.14803507924079895
959,-0.05398250371217728
960,0.3193928003311157
961,0.02293430268764496
962,-0.07663670182228088
963,0.2232939451932907
964,0.12039214372634888
965,-0.036246806383132935
966,0.19421254098415375
967,0.17087984085083008
968,-0.05862351134419441
969,0.201906219124794
970,0.1622551828622818
971,-0.055902205407619476
972,0.2955811619758606
973,0.1694849282503128
974,-0.08849014341831207
975,0.14754755795001984
976,0.13029716908931732
977,-0.04823405295610428
978,0.26775285601615906
979,0.005351468920707703
980,-0.05596994608640671
981,0.29473140835762024
982,0.009559601545333862
983,-0.06820382922887802
984,0.3708016574382782
985,-0.03871898353099823
986,-0.053500737994909286
987,0.20998075604438782
988,0.03113853931427002
989,-0.015858054161071777
990,0.24515603482723236
991,0.047915056347846985
992,-0.025767438113689423
993,0.2505791485309601
994,0.28259849548339844
995,-0.07766122370958328
996,0.4272231161594391
997,0.2939201593399048
998,-0.06955047696828842
999,0.18549834191799164
1000,0.18226659297943115
1001,-0.04847688600420952
1002,0.17450013756752014
1003,0.18806332349777222
1004,-0.037742532789707184
1005,0.23211559653282166
1006,0.2840002775192261
1007,-0.07021515816450119
1008,0.22603942453861237
1009,0.2824910879135132
1010,-0.06585831940174103
1011,0.30687183141708374
1012,-0.003340885043144226
1013,-0.06837096810340881
1014,0.20156383514404297
1015,0.18189863860607147
1016,-0.05474894121289253
1017,0.23959365487098694
1018,0.011454358696937561
1019,-0.03812415897846222
1020,0.24045860767364502
1021,-0.004244968295097351
1022,-0.03850998356938362
1023,0.2790432274341583
1024,-0.07604695856571198
1025,-0.027298903092741966
1026,0.3361579179763794
1027,-0.021529510617256165
1028,-0.06209547072649002
1029,0.2554868459701538
1030,-0.041850894689559937
1031,-0.031821221113204956
1032,0.33675262331962585
1033,0.015009269118309021
1034,-0.07549117505550385
1035,0.3697594106197357
1036,0.007148191332817078
1037,-0.06583353132009506
1038,0.16373111307621002
1039,0.24671372771263123
1040,-0.05152023583650589
1041,0.18330714106559753
1042,0.2558605670928955
1043,-0.06089220568537712
1044,0.2004842609167099
1045,0.26493850350379944
1046,-0.06498244404792786
1047,0.1846049726009369
1048,0.18705859780311584
1049,-0.04254524037241936
1050,0.22811150550842285
1051,0.283892422914505
1052,-0.06721451878547668
1053,0.21930807828903198
1054,0.28854358196258545
1055,-0.06416681408882141
1056,0.22565293312072754
1057,0.28074365854263306
1058,-0.06455585360527039
1059,0.16565093398094177
1060,0.17150700092315674
1061,-0.05603417009115219
1062,0.20141956210136414
1063,0.2715384364128113
1064,-0.05827351659536362
1065,0.18673399090766907
1066,0.2683296203613281
1067,-0.05350938066840172
1068,0.17180290818214417
1069,0.2654821276664734
1070,-0.046159256249666214
1071,0.18748396635055542
1072,0.34022456407546997
1073,-0.03867128863930702
1074,0.17571008205413818
1075,0.3203662633895874
1076,-0.04730282351374626
1077,0.1723162829875946
1078,0.3062730133533478
1079,-0.048846740275621414
1080,0.17162156105041504
1081,0.29183733463287354
1082,-0.047340963035821915
1083,0.17306700348854065
1084,0.2832790017127991
1085,-0.04479200765490532
1086,0.20386892557144165
1087,0.28377386927604675
1088,-0.05656209588050842
1089,0.2047422081232071
1090,0.2876133322715759
1091,-0.05827028304338455
1092,0.20783472061157227
1093,0.29437363147735596
1094,-0.06101098656654358
1095,0.21199879050254822
1096,0.3027620315551758
1097,-0.06256826967000961
1098,0.22111782431602478
1099,0.23628434538841248
1100,-0.06849537044763565
1101,0.45288288593292236
1102,0.18515744805335999
1103,-0.056615788489580154
1104,0.21495755016803741
1105,0.2838631570339203
1106,-0.060844432562589645
1107,0.2159496545791626
1108,0.2855511009693146
1109,-0.06228124722838402
1110,0.17019645869731903
1111,0.19523145258426666
1112,-0.03984621912240982
1113,0.20229218900203705
1114,0.19499197602272034
1115,-0.044360898435115814
1116,0.1718732714653015
1117,0.19188851118087769
1118,-0.038492340594530106
1119,0.23786963522434235
1120,0.13085249066352844
1121,-0.047625020146369934
1122,0.2572935223579407
1123,0.14383189380168915
1124,-0.06397812068462372
1125,0.20895534753799438
1126,0.17236360907554626
1127,-0.054029494524002075
1128,0.3277544379234314
1129,-0.06363216042518616
1130,-0.04459260404109955
1131,0.2985343933105469
1132,-0.03845331072807312
1133,-0.05073366314172745
1134,0.27402570843696594
1135,-0.009689629077911377
1136,-0.056434933096170425
1137,0.22683343291282654
1138,0.3197281062602997
1139,-0.06402163952589035
1140,0.21047291159629822
1141,0.006572112441062927
1142,-0.01724998652935028
1143,0.22189047932624817
1144,-0.03674577176570892
1145,-0.008359821513295174
1146,0.23932471871376038
1147,-0.07725465297698975
1148,-0.00015074427938088775
1149,0.29606300592422485
1150,0.08653029799461365
1151,-0.0652245581150055
1152,0.33893999457359314
1153,0.10746882855892181
1154,-0.08080185949802399
1155,0.2402200847864151
1156,0.08020716905593872
1157,-0.02170654945075512
1158,0.319617360830307
1159,0.051755085587501526
1160,-0.07257148623466492
1161,0.21163198351860046
1162,0.10884305089712143
1163,-0.030471425503492355
1164,0.17577138543128967
1165,0.16037073731422424
1166,-0.05907781422138214
1167,0.36624792218208313
1168,0.12311200797557831
1169,-0.08915925025939941
1170,0.3188130259513855
1171,0.12083880603313446
1172,-0.08345934748649597
1173,0.29119598865509033
1174,0.1272984743118286
1175,-0.07621756941080093
1176,0.2616545259952545
1177,0.12326551973819733
1178,-0.05863890051841736
1179,0.2446587085723877
1180,0.11540519446134567
1181,-0.04337863251566887
1182,0.23143748939037323
1183,0.10727991163730621
1184,-0.030932556837797165
1185,0.18677878379821777
1186,0.08622372895479202
1187,-0.017259512096643448
1188,0.35936278104782104
1189,0.16709646582603455
1190,-0.09684070944786072
1191,0.3358292579650879
1192,0.049267806112766266
1193,-0.07704035937786102
1194,0.13869640231132507
1195,0.17722088098526
1196,-0.048717744648456573
1197,0.21484221518039703
1198,0.13743692636489868
1199,-0.04150339215993881
1200,0.45005762577056885
1201,0.08791757375001907
1202,-0.052271876484155655
1203,0.22063800692558289
1204,0.09808484464883804
1205,-0.02218678779900074
1206,0.21886001527309418
1207,0.175866961479187
1208,-0.04671965911984444
1209,0.3145887851715088
1210,0.06740431487560272
1211,-0.06667130440473557
1212,0.18511471152305603
1213,0.15027666091918945
1214,-0.05482931435108185
1215,0.4458625316619873
1216,0.2374175488948822
1217,-0.06196203827857971
1218,0.24389685690402985
1219,0.07521216571331024
1220,-0.020007606595754623
1221,0.16484513878822327
1222,0.137882798910141
1223,-0.05359618738293648
1224,0.33277687430381775
1225,0.3395290970802307
1226,-0.08389821648597717
1227,0.3555060029029846
1228,0.36861085891723633
1229,-0.07600274682044983
1230,0.41091036796569824
1231,0.17683468759059906
1232,-0.08082102239131927
1233,0.36633065342903137
1234,0.3122687339782715
1235,-0.08741265535354614
1236,0.3917075991630554
1237,0.04373578727245331
1238,-0.06717760115861893
1239,0.2373928278684616
1240,0.39538729190826416
1241,-0.06433317810297012
1242,0.14821968972682953
1243,0.18412579596042633
1244,-0.036952048540115356
1245,0.22883203625679016
1246,0.15176023542881012
1247,-0.048824504017829895
1248,0.3685663342475891
1249,0.08423040807247162
1250,-0.07757022231817245
1251,0.2754228413105011
1252,0.07757570594549179
1253,-0.05686841905117035
1254,0.26311278343200684
1255,0.07846690714359283
1256,-0.05018900707364082
1257,0.22467482089996338
1258,0.29271700978279114
1259,-0.06658965349197388
1260,0.360085666179657
1261,0.2103608101606369
1262,-0.09610915184020996
1263,0.2132517546415329
1264,0.42295122146606445
1265,-0.04655473679304123
1266,0.279460072517395
1267,0.4055003523826599
1268,-0.06513883918523788
1269,0.3135845959186554
1270,0.39160266518592834
1271,-0.07123180478811264
1272,0.2553669810295105
1273,0.07798641920089722
1274,-0.04031140357255936
1275,0.24941198527812958
1276,0.07624735683202744
1277,-0.030848916620016098
1278,0.24580629169940948
1279,0.0752917230129242
1280,-0.023690151050686836
1281,0.35656705498695374
1282,0.046247899532318115
1283,-0.07681208848953247
1284,0.2505125403404236
1285,0.06949856132268906
1286,-0.030953429639339447
1287,0.25816428661346436
1288,0.06692016869783401
1289,-0.03991556912660599
1290,0.2668789029121399
1291,0.06555858999490738
1292,-0.04930794984102249
1293,0.27947986125946045
1294,0.06540549546480179
1295,-0.05709277465939522
1296,0.28962212800979614
1297,0.06681429594755173
1298,-0.06089415401220322
1299,0.43231600522994995
1300,0.03692500293254852
1301,-0.05393940582871437
1302,0.28609874844551086
1303,0.07581435143947601
1304,-0.060653526335954666
1305,0.20606058835983276
1306,0.22237539291381836
1307,-0.05922397971153259
1308,0.1814965456724167
1309,0.1775161623954773
1310,-0.048715490847826004
1311,0.17050467431545258
1312,0.21002832055091858
1313,-0.044523935765028
1314,0.3005059063434601
1315,0.36296287178993225
1316,-0.07584256678819656
1317,0.27114707231521606
1318,0.3806788921356201
1319,-0.06960989534854889
1320,0.20231151580810547
1321,0.4041995406150818
1322,-0.05275358259677887
1323,0.3943730890750885
1324,0.33824166655540466
1325,-0.07485331594944
1326,0.24577198922634125
1327,0.07324659824371338
1328,-0.024545885622501373
1329,0.18623319268226624
1330,0.11156322807073593
1331,-0.0323970764875412
1332,0.24492013454437256
1333,0.41635236144065857
1334,-0.05973457917571068
1335,0.4080030620098114
1336,0.2254561185836792
1337,-0.08323653042316437
1338,0.1881413459777832
1339,0.2831542193889618
1340,-0.05242934077978134
1341,0.18882887065410614
1342,0.289756178855896
1343,-0.05465620756149292
1344,0.1909753978252411
1345,0.3005039691925049
1346,-0.05761774256825447
1347,0.19449183344841003
1348,0.3132859468460083
1349,-0.058077141642570496
1350,0.2086896151304245
1351,0.332216739654541
1352,-0.055765509605407715
1353,0.21452271938323975
1354,0.27682220935821533
1355,-0.06403308361768723
1356,0.21690617501735687
1357,0.27465155720710754
1358,-0.06805926561355591
1359,0.22128258645534515
1360,0.2712394595146179
1361,-0.07088012248277664
1362,0.2360725998878479
1363,0.25730258226394653
1364,-0.07618781179189682
1365,0.3182303309440613
1366,0.217556893825531
1367,-0.09389837086200714
1368,0.19908356666564941
1369,0.09641654789447784
1370,-0.02265230007469654
1371,0.22663180530071259
1372,0.061854779720306396
1373,-0.009021398611366749
1374,0.23821943998336792
1375,0.06309808045625687
1376,-0.017357144504785538
1377,0.2146506905555725
1378,0.2746337056159973
1379,-0.06189322844147682
1380,0.3356498181819916
1381,0.27448368072509766
1382,-0.09117952734231949
1383,0.20541252195835114
1384,0.06276773661375046
1385,-0.00803440809249878
1386,0.22202691435813904
1387,0.35064995288848877
1388,-0.05666624754667282
1389,0.1729516237974167
1390,0.1024080216884613
1391,-0.026082506403326988
1392,0.1925669014453888
1393,0.13797399401664734
1394,-0.042691536247730255
1395,0.19333040714263916
1396,0.35899221897125244
1397,-0.043682582676410675
1398,0.2609860897064209
1399,0.3143455982208252
1400,-0.07450216263532639
1401,0.23090127110481262
1402,0.19223374128341675
1403,-0.0554632842540741
1404,0.24514006078243256
1405,0.3363558351993561
1406,-0.06576872617006302
1407,0.26418888568878174
1408,0.19290414452552795
1409,-0.07756508886814117
1410,0.2412598729133606
1411,0.21330060064792633
1412,-0.06835891306400299
1413,0.2836329936981201
1414,0.2297837883234024
1415,-0.08639668673276901
1416,0.19640886783599854
1417,0.3811173439025879
1418,-0.05204815790057182
1419,0.20820771157741547
1420,0.14986124634742737
1421,-0.04550262913107872
1422,0.28268954157829285
1423,0.3345568776130676
1424,-0.07797355949878693
1425,0.258334219455719
1426,0.355549156665802
1427,-0.0679214596748352
1428,0.27119168639183044
1429,0.2869226038455963
1430,-0.083421990275383
1431,0.36047840118408203
1432,0.24892710149288177
1433,-0.09336135536432266
1434,0.30302444100379944
1435,0.29617395997047424
1436,-0.0873461365699768
1437,0.3961159288883209
1438,0.2712023854255676
1439,-0.08658198267221451
1440,0.25502505898475647
1441,0.24353718757629395
1442,-0.07852344214916229
1443,0.20092439651489258
1444,0.12427560985088348
1445,-0.037081360816955566
1446,0.1684838831424713
1447,0.16824892163276672
1448,-0.05887134000658989
1449,0.18749520182609558
1450,0.17647719383239746
1451,-0.05508015304803848
1452,0.15485914051532745
1453,0.15290367603302002
1454,-0.058395568281412125
1455,0.23206746578216553
1456,0.04211382567882538
1457,-0.0191972479224205
1458,0.24807532131671906
1459,0.028334960341453552
1460,-0.03670008108019829
1461,0.2656553387641907
1462,0.02278164029121399
1463,-0.052617691457271576
1464,0.28579655289649963
1465,0.024777650833129883
1466,-0.06488697230815887
1467,0.30489879846572876
1468,0.03382772207260132
1469,-0.07063847780227661
1470,0.3281022906303406
1471,0.0728728175163269
1472,-0.07058559358119965
1473,0.4113054573535919
1474,0.1311156302690506
1475,-0.07929254323244095
1476,0.3075792193412781
1477,0.10084628313779831
1478,-0.07139772176742554
1479,0.28630250692367554
1480,0.10641801357269287
1481,-0.06499326229095459
1482,0.2656627893447876
1483,0.10570003092288971
1484,-0.053912144154310226
1485,0.2503001391887665
1486,0.10131561011075974
1487,-0.04096231982111931
1488,0.2396554797887802
1489,0.09589069336652756
1490,-0.026852387934923172
1491,0.23133419454097748
1492,0.0906042531132698
1493,-0.019342347979545593
1494,0.45474398136138916
1495,0.1362588107585907
1496,-0.052779488265514374
1497,0.19287165999412537
1498,0.18358582258224487
1499,-0.05123541131615639
1500,0.174904465675354
1501,0.1246485710144043
1502,-0.04182065650820732
1503,0.14917729794979095
1504,0.1656489074230194
1505,-0.05642050877213478
1506,0.14988623559474945
1507,0.1769685447216034
1508,-0.04819658771157265
1509,0.15530933439731598
1510,0.1709272265434265
1511,-0.053425975143909454
1512,0.19312512874603271
1513,0.19078189134597778
1514,-0.044928062707185745
1515,0.144341841340065
1516,0.1772943139076233
1517,-0.048799850046634674
1518,0.1525913029909134
1519,0.1842019110918045
1520,-0.039151959121227264
1521,0.23660452663898468
1522,0.07492483407258987
1523,-0.014389513060450554
1524,0.2247084528207779
1525,0.08089835941791534
1526,-0.011179371736943722
1527,0.2130039930343628
1528,0.08449134975671768
1529,-0.013576537370681763
1530,0.29723039269447327
1531,0.06837314367294312
1532,-0.06256837397813797
1533,0.3090616464614868
1534,0.053540319204330444
1535,-0.06766187399625778
1536,0.7056730389595032
1537,0.4736838936805725
1538,-1.6338277930572076e-07
1539,0.7480927109718323
1540,0.35215869545936584
1541,0.0598016194999218
1542,0.7657819390296936
1543,0.2574683129787445
1544,0.07723995298147202
1545,0.7670215368270874
1546,0.19213712215423584
1547,0.08048461377620697
1548,0.7660068869590759
1549,0.13214799761772156
1550,0.082167848944664
1551,0.7804795503616333
1552,0.23546858131885529
1553,0.03299599513411522
1554,0.8158314228057861
1555,0.08302809298038483
1556,0.013994690030813217
1557,0.7921494245529175
1558,-0.01253385841846466
1559,0.010363752953708172
1560,0.7663193345069885
1561,-0.0588853657245636
1562,0.014051977545022964
1563,0.7687184810638428
1564,0.22531166672706604
1565,-0.009173376485705376
1566,0.8118658065795898
1567,0.051677048206329346
1568,-0.027197981253266335
1569,0.7862119078636169
1570,-0.044175103306770325
1571,-0.02262713387608528
1572,0.7579381465911865
1573,-0.08575242757797241
1574,-0.015100732445716858
1575,0.7388601303100586
1576,0.21815824508666992
1577,-0.049400992691516876
1578,0.7840441465377808
1579,0.04400062561035156
1580,-0.0660005509853363
1581,0.754658043384552
1582,-0.04427032172679901
1583,-0.06393074989318848
1584,0.7215370535850525
1585,-0.08029118180274963
1586,-0.058722302317619324
1587,0.6924816966056824
1588,0.21686361730098724
1589,-0.08394812792539597
1590,0.7132550477981567
1591,0.0724509060382843
1592,-0.10204192250967026
1593,0.6937261819839478
1594,-7.905066013336182e-05
1595,-0.10355313122272491
1596,0.6640164852142334
1597,-0.028767719864845276
1598,-0.10035009682178497
1599,0.0
1600,0.0
1601,0.0
1602,0.0
1603,0.0
1604,0.0
1605,0.0
1606,0.0
1607,0.0
1608,0.0
1609,0.0
1610,0.0
1611,0.0
1612,0.0
1613,0.0
1614,0.0
1615,0.0
1616,0.0
1617,0.0
1618,0.0
1619,0.0
1620,0.0
1621,0.0
1622,0.0
1623,0.0
1624,0.0
1625,0.0
1626,0.0
1627,0.0
1628,0.0
1629,0.0
1630,0.0
1631,0.0
1632,0.0
1633,0.0
1634,0.0
1635,0.0
1636,0.0
1637,0.0
1638,0.0
1639,0.0
1640,0.0
1641,0.0
1642,0.0
1643,0.0
1644,0.0
1645,0.0
1646,0.0
1647,0.0
1648,0.0
1649,0.0
1650,0.0
1651,0.0
1652,0.0
1653,0.0
1654,0.0
1655,0.0
1656,0.0
1657,0.0
1658,0.0
1659,0.0
1660,0.0
1661,0.0
