,0
0,0.42189961671829224
1,0.3447621166706085
2,-0.6702094078063965
3,0.9999967217445374
4,0.4502235949039459
5,0.2905087172985077
6,-0.6057322025299072
7,0.9999940395355225
8,0.46580806374549866
9,0.2917154133319855
10,-0.6051978468894958
11,0.9999948740005493
12,0.47993192076683044
13,0.2938101887702942
14,-0.6046255230903625
15,0.999994158744812
16,0.3956206738948822
17,0.2932637333869934
18,-0.6182980537414551
19,0.9999937415122986
20,0.3783029317855835
21,0.2952960431575775
22,-0.6172087788581848
23,0.9999934434890747
24,0.36219722032546997
25,0.297158420085907
26,-0.6173255443572998
27,0.9999921917915344
28,0.49829477071762085
29,0.33083754777908325
30,-0.26365429162979126
31,0.9999944567680359
32,0.33955180644989014
33,0.3307102620601654
34,-0.3159727454185486
35,0.9999949932098389
36,0.4557727873325348
37,0.4153238534927368
38,-0.5502185821533203
39,0.9999956488609314
40,0.38997942209243774
41,0.41313695907592773
42,-0.5669974088668823
43,0.9999958872795105
44,0.6302980184555054
45,0.6889751553535461
46,-0.13030686974525452
47,0.9999243021011353
48,0.2051420658826828
49,0.6881858706474304
50,-0.191060870885849
51,0.9996296763420105
52,0.7569807767868042
53,1.049506664276123
54,-0.4187459945678711
55,0.8345136642456055
56,0.10642863810062408
57,1.015063762664795
58,-0.17642952501773834
59,0.34050825238227844
60,0.7647063136100769
61,0.6599245667457581
62,-0.7745307683944702
63,0.9473004937171936
64,0.09872037917375565
65,1.4657435417175293
66,-0.46315914392471313
67,0.23442967236042023
68,0.7446675300598145
69,0.5149299502372742
70,-0.8743505477905273
71,0.9344672560691833
72,0.07008416950702667
73,1.5752800703048706
74,-0.5093216896057129
75,0.2910875976085663
76,0.720465362071991
77,0.48004457354545593
78,-0.7700091600418091
79,0.9442152380943298
80,0.10267500579357147
81,1.5703175067901611
82,-0.6034821271896362
83,0.4069031774997711
84,0.7113832831382751
85,0.5379292964935303
86,-0.7551101446151733
87,0.9397467374801636
88,0.12321393191814423
89,1.5337023735046387
90,-0.517304539680481
91,0.4182041585445404
92,0.5669403076171875
93,1.4757496118545532
94,-0.056128956377506256
95,0.0023082394618541002
96,0.2827036678791046
97,1.4725232124328613
98,0.06256707012653351
99,0.0013761627487838268
100,0.554768979549408
101,2.140353202819824
102,-0.22825011610984802
103,0.0002774219319690019
104,0.2908768057823181
105,2.1283342838287354
106,0.0033540967851877213
107,7.827929221093655e-05
108,0.5439170598983765
109,2.7232229709625244
110,0.18490195274353027
111,1.1408043064875528e-05
112,0.2892588973045349
113,2.7078475952148438
114,0.21649201214313507
115,1.4211906318450929e-06
116,0.5509048104286194
117,2.8039729595184326
118,0.19660606980323792
119,1.2244661775184795e-05
120,0.2801171541213989
121,2.794236660003662
122,0.22390465438365936
123,4.528978024609387e-06
124,0.499152809381485
125,2.903968572616577
126,-0.3213171362876892
127,3.5859007766703144e-05
128,0.32779404520988464
129,2.8836662769317627
130,-0.33260488510131836
131,1.3163726180209778e-05
132,0.4117598831653595
133,0.403506338596344
134,-0.023674432188272476
135,0.4101901650428772
136,0.3616620600223541
137,-0.04684389755129814
138,0.4110383689403534
139,0.3742314577102661
140,-0.02464769221842289
141,0.40365180373191833
142,0.32367056608200073
143,-0.03607061132788658
144,0.4101709723472595
145,0.34950828552246094
146,-0.04993245005607605
147,0.4104469120502472
148,0.3341884911060333
149,-0.046847403049468994
150,0.41142967343330383
151,0.2982636094093323
152,-0.025160236284136772
153,0.3539709746837616
154,0.2953369617462158
155,0.010236729867756367
156,0.41205134987831116
157,0.27370738983154297
158,-0.020556218922138214
159,0.4123550057411194
160,0.2589733600616455
161,-0.02280927263200283
162,0.41385558247566223
163,0.2003452181816101
164,-0.014862711541354656
165,0.4118906259536743
166,0.40981820225715637
167,-0.022526975721120834
168,0.41195738315582275
169,0.414583683013916
170,-0.019771739840507507
171,0.4120292365550995
172,0.4164172112941742
173,-0.015919078141450882
174,0.4119085669517517
175,0.43426716327667236
176,-0.010855646803975105
177,0.41183939576148987
178,0.44049400091171265
179,-0.012123777531087399
180,0.41174525022506714
181,0.4478408098220825
182,-0.013373100198805332
183,0.41167888045310974
184,0.45546895265579224
185,-0.011043873615562916
186,0.41154953837394714
187,0.4643959403038025
188,-0.0017496709479019046
189,0.4104207754135132
190,0.36781027913093567
191,-0.04239153861999512
192,0.40269735455513
193,0.3669981062412262
194,-0.03045622818171978
195,0.33047977089881897
196,0.25486379861831665
197,0.04852169752120972
198,0.37730199098587036
199,0.3054097890853882
200,0.00162513367831707
201,0.36932864785194397
202,0.30635443329811096
203,0.0022288307081907988
204,0.36160901188850403
205,0.3060148060321808
206,0.004524658899754286
207,0.35116806626319885
208,0.2996867299079895
209,0.011588165536522865
210,0.3839655816555023
211,0.3024802803993225
212,0.0020130067132413387
213,0.3663462996482849
214,0.2775349020957947
215,-0.0021658765617758036
216,0.37523508071899414
217,0.2784777879714966
218,-0.0022740187123417854
219,0.358121395111084
220,0.27900445461273193
221,0.0006545287324115634
222,0.3527040481567383
223,0.2826605439186096
224,0.004253189545124769
225,0.3454686999320984
226,0.3077443838119507
227,0.01600722037255764
228,0.37974393367767334
229,0.47386234998703003
230,0.009923551231622696
231,0.35107117891311646
232,0.29257360100746155
233,0.012891476042568684
234,0.3258746862411499
235,0.3037474751472473
236,0.05369000881910324
237,0.33736103773117065
238,0.30081623792648315
239,0.02428087778389454
240,0.36999714374542236
241,0.35316553711891174
242,-0.005075505934655666
243,0.4004043638706207
244,0.401388019323349
245,-0.022311361506581306
246,0.4021950364112854
247,0.41440916061401367
248,-0.018089311197400093
249,0.3892277777194977
250,0.405073344707489
251,-0.016590965911746025
252,0.38260579109191895
253,0.41023901104927063
254,-0.00874278973788023
255,0.39424386620521545
256,0.4151405394077301
257,-0.013873596675693989
258,0.38835209608078003
259,0.41664764285087585
260,-0.0066948155872523785
261,0.3724653720855713
262,0.43246108293533325
263,0.008295667357742786
264,0.4031716287136078
265,0.36116379499435425
266,-0.04604169726371765
267,0.402019739151001
268,0.3496403098106384
269,-0.048905808478593826
270,0.3413141369819641
271,0.27216699719429016
272,0.005814637988805771
273,0.3866737484931946
274,0.324065238237381
275,-0.007910588756203651
276,0.3833959996700287
277,0.35799914598464966
278,-0.024625301361083984
279,0.38291117548942566
280,0.3520587980747223
281,-0.021996060386300087
282,0.3471898138523102
283,0.3521033525466919
284,0.006053645629435778
285,0.40275174379348755
286,0.33538711071014404
287,-0.044041700661182404
288,0.35999050736427307
289,0.26104676723480225
290,-0.00971130933612585
291,0.3486979901790619
292,0.2643194794654846
293,-0.0029948600567877293
294,0.3371756076812744
295,0.23425717651844025
296,0.031181860715150833
297,0.3952699899673462
298,0.2714628279209137
299,-0.017515378072857857
300,0.3828743100166321
301,0.2820367217063904
302,0.0002454293135087937
303,0.3668854534626007
304,0.41818875074386597
305,0.009152093902230263
306,0.3349335193634033
307,0.41140127182006836
308,0.07992754131555557
309,0.3897085189819336
310,0.3644268214702606
311,-0.02105858363211155
312,0.39695143699645996
313,0.3686525225639343
314,-0.02224620431661606
315,0.37465232610702515
316,0.42047059535980225
317,0.008245493285357952
318,0.37907159328460693
319,0.4203470051288605
320,0.005824573338031769
321,0.34481197595596313
322,0.25686874985694885
323,0.0010758021380752325
324,0.383252888917923
325,0.3633817434310913
326,-0.019709739834070206
327,0.3753126263618469
328,0.2627910077571869
329,-0.014838673174381256
330,0.3740040957927704
331,0.2532457709312439
332,-0.01701456680893898
333,0.3675650358200073
334,0.20636340975761414
335,-0.00274198642000556
336,0.34130939841270447
337,0.24492236971855164
338,0.01412305235862732
339,0.37165331840515137
340,0.2283589094877243
341,-0.010328443720936775
342,0.33740293979644775
343,0.26739439368247986
344,0.013040476478636265
345,0.3340325951576233
346,0.2615278661251068
347,0.029931649565696716
348,0.4011569619178772
349,0.40895596146583557
350,-0.021121766418218613
351,0.39194610714912415
352,0.41109544038772583
353,-0.015542830340564251
354,0.38541048765182495
355,0.41357097029685974
356,-0.008346323855221272
357,0.3919234573841095
358,0.36680543422698975
359,-0.019564079120755196
360,0.3767634630203247
361,0.420676589012146
362,0.006857925094664097
363,0.3801901936531067
364,0.42700260877609253
365,0.002595609286800027
366,0.3804394006729126
367,0.4195735454559326
368,0.005515459459275007
369,0.39411330223083496
370,0.3602938652038574
371,-0.03337954357266426
372,0.39031243324279785
373,0.41598770022392273
374,-0.005468206014484167
375,0.3962002396583557
376,0.4157841205596924
377,-0.010578010231256485
378,0.4034300148487091
379,0.4160335659980774
380,-0.01448153704404831
381,0.3988419473171234
382,0.4627652168273926
383,-0.001014571520499885
384,0.3993369936943054
385,0.45334386825561523
386,-0.010101751424372196
387,0.4002337157726288
388,0.44583725929260254
389,-0.011930677108466625
390,0.4013753831386566
391,0.43828195333480835
392,-0.010586720891296864
393,0.4025084376335144
394,0.43316036462783813
395,-0.00942795816808939
396,0.38878583908081055
397,0.4279629588127136
398,-0.0016518348129466176
399,0.3870273530483246
400,0.4298599362373352
401,-0.0027255478780716658
402,0.3844556212425232
403,0.4333381950855255
404,-0.0033738594502210617
405,0.3823342025279999
406,0.4372135400772095
407,-0.0014793501468375325
408,0.37598752975463867
409,0.39605867862701416
410,-0.006487471982836723
411,0.32737159729003906
412,0.3545532524585724
413,0.09012160450220108
414,0.41071057319641113
415,0.3703339099884033
416,-0.030909541994333267
417,0.38503900170326233
418,0.4251236319541931
419,0.0029690368101000786
420,0.38263192772865295
421,0.4257975220680237
422,0.002324323635548353
423,0.39982932806015015
424,0.37422606348991394
425,-0.022171741351485252
426,0.3863667845726013
427,0.3708901107311249
428,-0.013222722336649895
429,0.3984437882900238
430,0.3715329170227051
431,-0.022554824128746986
432,0.378157377243042
433,0.33064666390419006
434,-0.004459761083126068
435,0.3652340769767761
436,0.33839696645736694
437,-0.0015752512263134122
438,0.3816661834716797
439,0.35745832324028015
440,-0.016938544809818268
441,0.3487923741340637
442,0.2176630049943924
443,0.013127448968589306
444,0.3531755805015564
445,0.23333404958248138
446,0.001141299377195537
447,0.35746705532073975
448,0.25170958042144775
449,-0.008381725288927555
450,0.3789442479610443
451,0.44348573684692383
452,0.004932182841002941
453,0.39285367727279663
454,0.25646328926086426
455,-0.021407563239336014
456,0.3909212052822113
457,0.22746042907238007
458,-0.017005860805511475
459,0.38855913281440735
460,0.20119814574718475
461,-0.012069033458828926
462,0.3549419641494751
463,0.3039030432701111
464,0.00819106213748455
465,0.3375275731086731
466,0.31615304946899414
467,0.021181831136345863
468,0.3882453143596649
469,0.29941925406455994
470,0.0029686910565942526
471,0.34471970796585083
472,0.28638023138046265
473,0.011706292629241943
474,0.3925577402114868
475,0.31662869453430176
476,-0.011409630067646503
477,0.3885480463504791
478,0.35342592000961304
479,-0.03324418514966965
480,0.32997775077819824
481,0.3242221474647522
482,0.03089829906821251
483,0.3423212170600891
484,0.323779821395874
485,0.013830769807100296
486,0.35210153460502625
487,0.32782500982284546
488,0.00619190838187933
489,0.3671194612979889
490,0.3259525001049042
491,0.0017471384489908814
492,0.3783116340637207
493,0.3211756944656372
494,-0.0004658993857447058
495,0.3867778480052948
496,0.3157416582107544
497,-0.0032754840794950724
498,0.40350857377052307
499,0.3012864887714386
500,-0.021531525999307632
501,0.3304940462112427
502,0.3480395972728729
503,0.02934030257165432
504,0.338959276676178
505,0.28535395860671997
506,0.015615745447576046
507,0.4061421751976013
508,0.3673418164253235
509,-0.041809871792793274
510,0.38664501905441284
511,0.3350609540939331
512,-0.011272186413407326
513,0.3257698118686676
514,0.3038236200809479
515,0.08164657652378082
516,0.39304685592651367
517,0.30957943201065063
518,-0.005052218213677406
519,0.3811607360839844
520,0.35841307044029236
521,-0.007961464114487171
522,0.34852784872055054
523,0.2934569716453552
524,0.014555220492184162
525,0.38824042677879333
526,0.3462422788143158
527,-0.030058585107326508
528,0.3295186161994934
529,0.38195088505744934
530,0.087201327085495
531,0.3881942629814148
532,0.29516637325286865
533,0.005114422645419836
534,0.39535725116729736
535,0.3396513760089874
536,-0.03866683691740036
537,0.34878677129745483
538,0.44072964787483215
539,0.0388173870742321
540,0.350176602602005
541,0.45381057262420654
542,0.05304057523608208
543,0.32499802112579346
544,0.351744681596756
545,0.05959681048989296
546,0.34008508920669556
547,0.4238501787185669
548,0.04755578935146332
549,0.32992950081825256
550,0.2809211015701294
551,0.044128838926553726
552,0.37838974595069885
553,0.48561251163482666
554,0.014844873920083046
555,0.40732771158218384
556,0.3698521852493286
557,-0.030338460579514503
558,0.3793775737285614
559,0.34368374943733215
560,-0.007601556833833456
561,0.3315476179122925
562,0.30320852994918823
563,0.03292616456747055
564,0.36206042766571045
565,0.2988016605377197
566,0.005261229816824198
567,0.3691385090351105
568,0.29966798424720764
569,0.0031254857312887907
570,0.3777869939804077
571,0.4285401999950409
572,0.004077431745827198
573,0.3321056365966797
574,0.37153658270835876
575,0.03317603841423988
576,0.39307260513305664
577,0.5038573145866394
578,0.0169906634837389
579,0.3695812225341797
580,0.4835834503173828
581,0.03290862962603569
582,0.3604373335838318
583,0.47091466188430786
584,0.04184374585747719
585,0.4131586253643036
586,0.22818876802921295
587,-0.019279034808278084
588,0.4107275903224945
589,0.5073954463005066
590,0.014368009753525257
591,0.3759442865848541
592,0.29900625348091125
593,0.0025582686066627502
594,0.38228413462638855
595,0.29728567600250244
596,0.0034879695158451796
597,0.3862774074077606
598,0.2962312698364258
599,0.005063483025878668
600,0.33427250385284424
601,0.28343266248703003
602,0.02405395545065403
603,0.3813905417919159
604,0.2881501317024231
605,0.0021082134917378426
606,0.37450718879699707
607,0.285408079624176
608,0.0005239836755208671
609,0.3674900531768799
610,0.28463074564933777
611,0.0010700933635234833
612,0.3602915406227112
613,0.2861727178096771
614,0.0032714889384806156
615,0.35577142238616943
616,0.28887858986854553
617,0.006260784808546305
618,0.3270241916179657
619,0.2766541838645935
620,0.06685757637023926
621,0.3572853207588196
622,0.29716432094573975
623,0.007914455607533455
624,0.4113290309906006
625,0.3837968707084656
626,-0.022139452397823334
627,0.3828381896018982
628,0.3885350823402405
629,-0.0124196233227849
630,0.3894653022289276
631,0.36242905259132385
632,-0.024575162678956985
633,0.39908361434936523
634,0.3848590552806854
635,-0.020954659208655357
636,0.411828875541687
637,0.28563299775123596
638,-0.0194405484944582
639,0.3582203984260559
640,0.45766082406044006
641,0.03182313218712807
642,0.3678310215473175
643,0.47136491537094116
644,0.02396036870777607
645,0.39258873462677
646,0.49607861042022705
647,0.006882608402520418
648,0.3422432243824005
649,0.43558430671691895
650,0.06689709424972534
651,0.38605642318725586
652,0.2922746539115906
653,0.003838620614260435
654,0.39759838581085205
655,0.3192259669303894
656,-0.02330256812274456
657,0.41074252128601074
658,0.49973228573799133
659,0.004723697900772095
660,0.3800123631954193
661,0.49523165822029114
662,0.02338508516550064
663,0.32752782106399536
664,0.37738990783691406
665,0.05949883908033371
666,0.39488738775253296
667,0.4308481216430664
668,-0.0059297760017216206
669,0.393104612827301
670,0.43451857566833496
671,-0.007041379809379578
672,0.39105069637298584
673,0.44016033411026
674,-0.007701823953539133
675,0.3894515931606293
676,0.44672131538391113
677,-0.005866440944373608
678,0.38714879751205444
679,0.45443466305732727
680,0.0010873571736738086
681,0.3829119801521301
682,0.4179002046585083
683,-0.00018537239520810544
684,0.37999671697616577
685,0.41661912202835083
686,-2.8015754651278257e-05
687,0.37748152017593384
688,0.41459083557128906
689,-0.00015650587738491595
690,0.37025153636932373
691,0.40600019693374634
692,0.0013016542652621865
693,0.3418519198894501
694,0.377719521522522
695,0.016450433060526848
696,0.39819735288619995
697,0.30823814868927
698,-0.015827303752303123
699,0.3947107791900635
700,0.28806477785110474
701,-0.0016174246557056904
702,0.3896734118461609
703,0.2893461585044861
704,0.0018617578316479921
705,0.3852405846118927
706,0.41634488105773926
707,0.0006296723149716854
708,0.3419771194458008
709,0.4067787528038025
710,0.031023912131786346
711,0.4014308452606201
712,0.28759923577308655
713,-0.013056786730885506
714,0.3833508789539337
715,0.4629635512828827
716,0.006217319518327713
717,0.41076213121414185
718,0.3218274414539337
719,-0.039173856377601624
720,0.4034096598625183
721,0.3130471706390381
722,-0.02956150285899639
723,0.41110262274742126
724,0.3104338049888611
725,-0.03180119767785072
726,0.39115607738494873
727,0.3369305431842804
728,-0.022636953741312027
729,0.4109385013580322
730,0.4881778359413147
731,2.4186909286072478e-05
732,0.4112344980239868
733,0.47495830059051514
734,-0.000578299630433321
735,0.396406352519989
736,0.4724530279636383
737,0.0014831897569820285
738,0.36587682366371155
739,0.43550407886505127
740,0.013526150025427341
741,0.3751400411128998
742,0.36833348870277405
743,-0.005053216125816107
744,0.37358760833740234
745,0.4506095051765442
746,0.01055864617228508
747,0.35802599787712097
748,0.3674357831478119
749,-0.00038324136403389275
750,0.36850693821907043
751,0.3807276487350464
752,-0.0019975982140749693
753,0.3521813154220581
754,0.3866400122642517
755,0.007980274967849255
756,0.3937205672264099
757,0.4848625659942627
758,0.002498457906767726
759,0.38607993721961975
760,0.3435071110725403
761,-0.016175661236047745
762,0.35982561111450195
763,0.44441673159599304
764,0.021783655509352684
765,0.36962243914604187
766,0.45964035391807556
767,0.01716672070324421
768,0.3599965572357178
769,0.41888245940208435
770,0.01307792030274868
771,0.3347637951374054
772,0.39183199405670166
773,0.03730717673897743
774,0.35101938247680664
775,0.42067617177963257
776,0.021326223388314247
777,0.3321552276611328
778,0.4014241695404053
779,0.05706397444009781
780,0.36283934116363525
781,0.3963949680328369
782,0.0034090878907591105
783,0.3922431468963623
784,0.3270381689071655
785,-0.016795096918940544
786,0.39130911231040955
787,0.3584105670452118
788,-0.03511787950992584
789,0.3859865069389343
790,0.3615873157978058
791,-0.025597605854272842
792,0.3948988914489746
793,0.350896954536438
794,-0.04157615453004837
795,0.38862937688827515
796,0.27932387590408325
797,-0.0042905923910439014
798,0.37552502751350403
799,0.2731402516365051
800,-0.005915396846830845
801,0.36381086707115173
802,0.2715381681919098
803,-0.005208958406001329
804,0.3541319966316223
805,0.27307039499282837
806,-0.0014715500874444842
807,0.3476562798023224
808,0.2777549624443054
809,0.0040796310640871525
810,0.34385788440704346
811,0.29716676473617554
812,0.018036864697933197
813,0.324340283870697
814,0.32743579149246216
815,0.05717478692531586
816,0.3494495749473572
817,0.3123705983161926
818,0.011892946437001228
819,0.3575424551963806
820,0.3156241178512573
821,0.006719681899994612
822,0.3680439889431
823,0.3154718279838562
824,0.0030314289033412933
825,0.378080278635025
826,0.31277036666870117
827,0.0015043544117361307
828,0.3859288692474365
829,0.30886614322662354
830,0.0004913209704682231
831,0.39131468534469604
832,0.30504196882247925
833,-0.00019454932771623135
834,0.32658278942108154
835,0.3291664123535156
836,0.0887477770447731
837,0.38636839389801025
838,0.36492684483528137
839,-0.021268976852297783
840,0.3970976173877716
841,0.32916611433029175
842,-0.029774047434329987
843,0.39726975560188293
844,0.3591483533382416
845,-0.04183884710073471
846,0.4021453261375427
847,0.3652042746543884
848,-0.03833901882171631
849,0.3974127769470215
850,0.3609994351863861
851,-0.03761851415038109
852,0.38885077834129333
853,0.36876246333122253
854,-0.018215838819742203
855,0.40359145402908325
856,0.3664066791534424
857,-0.040599092841148376
858,0.40459078550338745
859,0.36896827816963196
860,-0.03036261908710003
861,0.3910579979419708
862,0.29598015546798706
863,0.00361714162863791
864,0.39557749032974243
865,0.2989039421081543
866,-0.0017534265061840415
867,0.3978897035121918
868,0.30079197883605957
869,-0.007988874800503254
870,0.35312220454216003
871,0.29090434312820435
872,0.00920228660106659
873,0.3488219082355499
874,0.2869940996170044
875,0.009447241201996803
876,0.41805702447891235
877,0.32392704486846924
878,-0.036355938762426376
879,0.4718641936779022
880,0.2989116907119751
881,0.008042762987315655
882,0.4188753068447113
883,0.36712703108787537
884,-0.030652733519673347
885,0.5005221366882324
886,0.25827935338020325
887,0.04524730145931244
888,0.4477056860923767
889,0.30745282769203186
890,6.754399510100484e-05
891,0.4558795690536499
892,0.3087213635444641
893,0.0004266419855412096
894,0.4638513922691345
895,0.30859896540641785
896,0.002421044511720538
897,0.4748799204826355
898,0.3031805157661438
899,0.009279007092118263
900,0.4408486783504486
901,0.30425938963890076
902,0.0007887171232141554
903,0.4595390856266022
904,0.28070691227912903
905,-0.0039213355630636215
906,0.4505595862865448
907,0.2809576392173767
908,-0.003709254553541541
909,0.46784088015556335
910,0.2826377749443054
911,-0.001337516587227583
912,0.47329121828079224
913,0.28659409284591675
914,0.0020833807066082954
915,0.48077088594436646
916,0.310802161693573
917,0.01337373722344637
918,0.4430510401725769
919,0.4752219319343567
920,0.008742401376366615
921,0.47496235370635986
922,0.2965381443500519
923,0.010596168227493763
924,0.5032150745391846
925,0.30732104182243347
926,0.05029217526316643
927,0.4896242022514343
928,0.3042253255844116
929,0.021435588598251343
930,0.45403483510017395
931,0.3541199862957001
932,-0.006789648439735174
933,0.4233528971672058
934,0.4011431336402893
935,-0.02267441153526306
936,0.4219661056995392
937,0.41416478157043457
938,-0.0185328871011734
939,0.4351637065410614
940,0.4044538140296936
941,-0.017267579212784767
942,0.44238364696502686
943,0.40919262170791626
944,-0.009707200340926647
945,0.4303947687149048
946,0.41449829936027527
947,-0.014661955647170544
948,0.4367167055606842
949,0.41558530926704407
950,-0.007690090220421553
951,0.45244863629341125
952,0.43204331398010254
953,0.006815528031438589
954,0.4173906445503235
955,0.3612874746322632
956,-0.046206604689359665
957,0.4184996485710144
958,0.34989428520202637
959,-0.04905464127659798
960,0.4854169189929962
961,0.27664393186569214
962,0.0032419117633253336
963,0.43725529313087463
964,0.32495272159576416
965,-0.008892526850104332
966,0.43875938653945923
967,0.3583659529685974
968,-0.025331320241093636
969,0.43952476978302
970,0.35244566202163696
971,-0.02277505211532116
972,0.4777223467826843
973,0.3538528382778168
974,0.0032351301051676273
975,0.4182989299297333
976,0.33565565943717957
977,-0.04430343210697174
978,0.46588030457496643
979,0.2649036645889282
980,-0.011831158772110939
981,0.4775203466415405
982,0.26868686079978943
983,-0.0055226730182766914
984,0.4932919442653656
985,0.23740333318710327
986,0.028181716799736023
987,0.42938241362571716
988,0.2728174924850464
989,-0.018234947696328163
990,0.44282883405685425
991,0.2839682698249817
992,-0.0009359876858070493
993,0.4583229720592499
994,0.4176146984100342
995,0.007304592989385128
996,0.4927425980567932
997,0.4151076376438141
998,0.07686502486467361
999,0.4325937330722809
1000,0.36463892459869385
1001,-0.021739808842539787
1002,0.4253196716308594
1003,0.3687269687652588
1004,-0.022606585174798965
1005,0.4509425163269043
1006,0.4190158545970917
1007,0.006718773394823074
1008,0.44649991393089294
1009,0.41878265142440796
1010,0.0045859068632125854
1011,0.48198139667510986
1012,0.2614118456840515
1013,-0.0014812409644946456
1014,0.439313143491745
1015,0.3636043965816498
1016,-0.020489085465669632
1017,0.4500231444835663
1018,0.26560553908348083
1019,-0.016263363882899284
1020,0.45165735483169556
1021,0.2559531629085541
1022,-0.01835007220506668
1023,0.46118366718292236
1024,0.2081214189529419
1025,-0.0043909912928938866
1026,0.4873208701610565
1027,0.24859386682510376
1028,0.011499925516545773
1029,0.4555111527442932
1030,0.23058480024337769
1031,-0.011856849305331707
1032,0.49010777473449707
1033,0.2717205286026001
1034,0.01028335839509964
1035,0.4952167868614197
1036,0.2654038071632385
1037,0.026958975940942764
1038,0.42287904024124146
1039,0.40863949060440063
1040,-0.021533947438001633
1041,0.43263518810272217
1042,0.4104169011116028
1043,-0.0162701066583395
1044,0.4396645724773407
1045,0.41250506043434143
1046,-0.009359044022858143
1047,0.4304797947406769
1048,0.3669530153274536
1049,-0.0200633741915226
1050,0.4487919807434082
1051,0.41909533739089966
1052,0.005474090576171875
1053,0.4450884759426117
1054,0.42590272426605225
1055,0.001549247303046286
1056,0.4451347291469574
1057,0.4182298481464386
1058,0.004300190135836601
1059,0.42738497257232666
1060,0.3606817126274109
1061,-0.03390851989388466
1062,0.4348847270011902
1063,0.4148946702480316
1064,-0.006393963471055031
1065,0.428551584482193
1066,0.4151625633239746
1067,-0.01130304578691721
1068,0.4209249019622803
1069,0.41573190689086914
1070,-0.014939372427761555
1071,0.42435887455940247
1072,0.4630041718482971
1073,-0.0014863061951473355
1074,0.4242190718650818
1075,0.453377366065979
1076,-0.010532254353165627
1077,0.4235333800315857
1078,0.4458259642124176
1079,-0.012397272512316704
1080,0.4225514531135559
1081,0.4381764829158783
1082,-0.010942848399281502
1083,0.4215817451477051
1084,0.4330349862575531
1085,-0.009747469797730446
1086,0.4361867904663086
1087,0.42711731791496277
1088,-0.002379413926973939
1089,0.4378714859485626
1090,0.42904868721961975
1091,-0.0035586212761700153
1092,0.4403752088546753
1093,0.43268781900405884
1094,-0.004161924123764038
1095,0.4423370957374573
1096,0.4366128742694855
1097,-0.0023118529934436083
1098,0.4482957720756531
1099,0.3958413302898407
1100,-0.007546811364591122
1101,0.5024552345275879
1102,0.35829177498817444
1103,0.0865558534860611
1104,0.4402557909488678
1105,0.42406147718429565
1106,0.002002244582399726
1107,0.4426395297050476
1108,0.42469683289527893
1109,0.0013139176880940795
1110,0.4225073456764221
1111,0.3741731345653534
1112,-0.02251645363867283
1113,0.4365326166152954
1114,0.37089771032333374
1115,-0.013822859153151512
1116,0.4238240718841553
1117,0.3715715706348419
1118,-0.0228698942810297
1119,0.44604629278182983
1120,0.3317073583602905
1121,-0.005889859516173601
1122,0.45920446515083313
1123,0.3397268056869507
1124,-0.003663846757262945
1125,0.4410995543003082
1126,0.357744038105011
1127,-0.017806489020586014
1128,0.48085877299308777
1129,0.22018645703792572
1130,0.010611928068101406
1131,0.4747413694858551
1132,0.2364780306816101
1133,-0.001002604840323329
1134,0.4687299430370331
1135,0.2555539309978485
1136,-0.010405969806015491
1137,0.4454349875450134
1138,0.44358283281326294
1139,0.003779561724513769
1140,0.43236950039863586
1141,0.2579086422920227
1142,-0.02214190922677517
1143,0.4357716739177704
1144,0.22859112918376923
1145,-0.017734721302986145
1146,0.43955957889556885
1147,0.20204728841781616
1148,-0.012930525466799736
1149,0.47079387307167053
1150,0.30693551898002625
1151,0.0059145307168364525
1152,0.48886969685554504
1153,0.3190135061740875
1154,0.018278837203979492
1155,0.4365781247615814
1156,0.301131933927536
1157,0.0019320554565638304
1158,0.4818459153175354
1159,0.2904048562049866
1160,0.009193695150315762
1161,0.4311802089214325
1162,0.31740105152130127
1163,-0.012264270335435867
1164,0.4330073297023773
1165,0.3539464771747589
1166,-0.03382024168968201
1167,0.49691590666770935
1168,0.3273429870605469
1169,0.02766176126897335
1170,0.4833205044269562
1171,0.3262518346309662
1172,0.011140533722937107
1173,0.4730275869369507
1174,0.3297373354434967
1175,0.0036925089079886675
1176,0.4576560854911804
1177,0.32749634981155396
1178,-0.0002275148726766929
1179,0.44621390104293823
1180,0.3224624693393707
1181,-0.0018873983062803745
1182,0.43757596611976624
1183,0.31690195202827454
1184,-0.004406419582664967
1185,0.41967034339904785
1186,0.3017095625400543
1187,-0.02191990427672863
1188,0.49554234743118286
1189,0.35084068775177
1190,0.026122992858290672
1191,0.48813894391059875
1192,0.2892337441444397
1193,0.01286814734339714
1194,0.4147714078426361
1195,0.3674021363258362
1196,-0.04194099083542824
1197,0.4367944300174713
1198,0.335750550031662
1199,-0.012082168832421303
1200,0.5051328539848328
1201,0.3073706030845642
1202,0.07796269655227661
1203,0.43116655945777893
1204,0.31054359674453735
1205,-0.005912088789045811
1206,0.44202616810798645
1207,0.3586864769458771
1208,-0.00875108689069748
1209,0.4776690900325775
1210,0.2973257303237915
1211,0.012091577053070068
1212,0.4336777925491333
1213,0.3467506170272827
1214,-0.030682671815156937
1215,0.49940142035484314
1216,0.3857833743095398
1217,0.08392084389925003
1218,0.43688857555389404
1219,0.2970426082611084
1220,0.004071669187396765
1221,0.4259999990463257
1222,0.3400287926197052
1223,-0.039191052317619324
1224,0.4760442078113556
1225,0.44346189498901367
1226,0.03624923154711723
1227,0.4750247895717621
1228,0.4571579396724701
1229,0.050674550235271454
1230,0.5026843547821045
1231,0.35530373454093933
1232,0.05620807409286499
1233,0.4854610562324524
1234,0.4269642233848572
1235,0.04478425160050392
1236,0.4994193911552429
1237,0.28456467390060425
1238,0.040939927101135254
1239,0.4441675543785095
1240,0.4872699975967407
1241,0.013691606000065804
1242,0.41415247321128845
1243,0.3698766231536865
1244,-0.03043307363986969
1245,0.44438067078590393
1246,0.34431859850883484
1247,-0.008726730942726135
1248,0.4960978031158447
1249,0.3067169487476349
1250,0.029886726289987564
1251,0.4633650779724121
1252,0.3017888069152832
1253,0.0033330630976706743
1254,0.4560773968696594
1255,0.3023083508014679
1256,0.0013411050895228982
1257,0.44747915863990784
1258,0.4275127053260803
1259,0.0029348614625632763
1260,0.4937305450439453
1261,0.37425440549850464
1262,0.02989046461880207
1263,0.42865049839019775
1264,0.5048936605453491
1265,0.01626458950340748
1266,0.4536851644515991
1267,0.48604995012283325
1268,0.03137243166565895
1269,0.46374985575675964
1270,0.4738820195198059
1271,0.03994797542691231
1272,0.44914403557777405
1273,0.30139538645744324
1274,0.0009932630928233266
1275,0.4427359104156494
1276,0.29924309253692627
1277,0.00213119899854064
1278,0.43878626823425293
1279,0.29812172055244446
1280,0.003816816722974181
1281,0.4935607612133026
1282,0.2871783971786499
1283,0.02113385684788227
1284,0.4440646171569824
1285,0.2904137969017029
1286,0.0007303793099708855
1287,0.45112937688827515
1288,0.28818127512931824
1289,-0.0010898035252466798
1290,0.4582522213459015
1291,0.28787440061569214
1292,-0.0007921830401755869
1293,0.4654809534549713
1294,0.2898099422454834
1295,0.0012478061253204942
1296,0.47005128860473633
1297,0.2926633059978485
1298,0.0040821898728609085
1299,0.5041345953941345
1300,0.2801963984966278
1301,0.06338255107402802
1302,0.4683153033256531
1303,0.3004976809024811
1304,0.005808947142213583
1305,0.4407147169113159
1306,0.38845962285995483
1307,-0.013248593546450138
1308,0.4325966536998749
1309,0.36273205280303955
1310,-0.02511625736951828
1311,0.4238983690738678
1312,0.38474154472351074
1313,-0.0213365089148283
1314,0.4658834934234619
1315,0.46006208658218384
1316,0.029819609597325325
1317,0.4555612802505493
1318,0.47358056902885437
1319,0.022380121052265167
1320,0.42910921573638916
1321,0.49706435203552246
1322,0.006161705125123262
1323,0.48407524824142456
1324,0.4391268491744995
1325,0.0641041100025177
1326,0.4390734136104584
1327,0.29423075914382935
1328,0.002632411662489176
1329,0.4251154661178589
1330,0.3198111057281494
1331,-0.023808838799595833
1332,0.44231802225112915
1333,0.49702173471450806
1334,0.022200575098395348
1335,0.4995806813240051
1336,0.38094428181648254
1337,0.05624033138155937
1338,0.4295867085456848
1339,0.43041759729385376
1340,-0.006558931432664394
1341,0.4312833547592163
1342,0.4341384172439575
1343,-0.007629146799445152
1344,0.4331628680229187
1345,0.439825177192688
1346,-0.00834396667778492
1347,0.43455809354782104
1348,0.4465934634208679
1349,-0.006532835774123669
1350,0.4365391433238983
1351,0.4546680450439453
1352,0.00021532084792852402
1353,0.4425891637802124
1354,0.4165516793727875
1355,-0.0013978035422042012
1356,0.4454253911972046
1357,0.4152776002883911
1358,-0.001435423269867897
1359,0.44796526432037354
1360,0.41325557231903076
1361,-0.0014477153308689594
1362,0.45466405153274536
1363,0.40553298592567444
1364,-0.0002292743301950395
1365,0.4832361340522766
1366,0.3797334134578705
1367,0.013386385515332222
1368,0.42527928948402405
1369,0.3088644742965698
1370,-0.01655559614300728
1371,0.4301879405975342
1372,0.2893928587436676
1373,-0.00224711443297565
1374,0.4354613125324249
1375,0.2910049259662628
1376,0.0009635503520257771
1377,0.4403122365474701
1378,0.41510459780693054
1379,-0.0004819779423996806
1380,0.48326870799064636
1381,0.40907856822013855
1382,0.028126239776611328
1383,0.4227046072483063
1384,0.28833672404289246
1385,-0.013388462364673615
1386,0.4399058222770691
1387,0.4637134075164795
1388,0.0052419062703847885
1389,0.41896840929985046
1390,0.31335121393203735
1391,-0.02985171228647232
1392,0.4313260614871979
1393,0.33746808767318726
1394,-0.023227278143167496
1395,0.4262546896934509
1396,0.472952276468277
1397,0.0009206869290210307
1398,0.4585188925266266
1399,0.43626999855041504
1400,0.011844241060316563
1401,0.4485885500907898
1402,0.36876827478408813
1403,-0.006285670213401318
1404,0.45035019516944885
1405,0.4514439105987549
1406,0.009202695451676846
1407,0.4663524627685547
1408,0.36873069405555725
1409,-0.00275999098084867
1410,0.4557533264160156
1411,0.38135185837745667
1412,-0.0036181483883410692
1413,0.47257882356643677
1414,0.3880884647369385
1415,0.005406247451901436
1416,0.4283488392829895
1417,0.4856289029121399
1418,0.0017490206519141793
1419,0.4368196725845337
1420,0.34403184056282043
1421,-0.0169061329215765
1422,0.4642862379550934
1423,0.4461013376712799
1424,0.01984258182346821
1425,0.453995019197464
1426,0.4612523019313812
1427,0.0156741701066494
1428,0.46474191546440125
1429,0.4194813370704651
1430,0.010825890116393566
1431,0.49090874195098877
1432,0.39456772804260254
1433,0.034207988530397415
1434,0.47370487451553345
1435,0.4224073588848114
1436,0.018755342811346054
1437,0.4942815601825714
1438,0.40480825304985046
1439,0.054006051272153854
1440,0.461847186088562
1441,0.39682844281196594
1442,0.0013235833030194044
1443,0.43079569935798645
1444,0.3276430666446686
1445,-0.01749863661825657
1446,0.43014225363731384
1447,0.3588334918022156
1448,-0.035683710128068924
1449,0.4361644983291626
1450,0.3619799315929413
1451,-0.026238325983285904
1452,0.4260862469673157
1453,0.35132551193237305
1454,-0.04219203069806099
1455,0.4366621673107147
1456,0.28103309869766235
1457,-0.0051699415780603886
1458,0.45009779930114746
1459,0.2757617235183716
1460,-0.007288484368473291
1461,0.46192774176597595
1462,0.27492624521255493
1463,-0.007072089239954948
1464,0.4718064069747925
1465,0.27690690755844116
1466,-0.0037224008701741695
1467,0.4786207973957062
1468,0.28190043568611145
1469,0.0017417239723727107
1470,0.4827979505062103
1471,0.30074217915534973
1472,0.015329715795814991
1473,0.5040125250816345
1474,0.3310466706752777
1475,0.05368920788168907
1476,0.47634658217430115
1477,0.3151392936706543
1478,0.009435675106942654
1479,0.4677879810333252
1480,0.31785932183265686
1481,0.004481468815356493
1482,0.45703262090682983
1483,0.3174310326576233
1484,0.001179455895908177
1485,0.44672998785972595
1486,0.31439319252967834
1487,5.6966120610013604e-05
1488,0.4387582838535309
1489,0.31027325987815857
1490,-0.0006346800364553928
1491,0.4332762658596039
1492,0.30631381273269653
1493,-0.0010821034666150808
1494,0.5038830041885376
1495,0.3326941132545471
1496,0.08505861461162567
1497,0.43606647849082947
1498,0.3651210069656372
1499,-0.021895408630371094
1500,0.4248787760734558
1501,0.32957109808921814
1502,-0.030281102284789085
1503,0.42362532019615173
1504,0.35951727628707886
1505,-0.042199425399303436
1506,0.41912198066711426
1507,0.3653489053249359
1508,-0.03853585943579674
1509,0.4238552153110504
1510,0.3613329231739044
1511,-0.03799809515476227
1512,0.4337950348854065
1513,0.36890745162963867
1514,-0.018787236884236336
1515,0.4174690842628479
1516,0.3665310740470886
1517,-0.04075860232114792
1518,0.4169411361217499
1519,0.3689960539340973
1520,-0.030470969155430794
1521,0.4338093400001526
1522,0.29755300283432007
1523,0.0026808162219822407
1524,0.42899593710899353
1525,0.30004796385765076
1526,-0.0024038981646299362
1527,0.4263153672218323
1528,0.3016431927680969
1529,-0.00861215777695179
1530,0.4727994203567505
1531,0.294843465089798
1532,0.006907633505761623
1533,0.4773401618003845
1534,0.29097849130630493
1535,0.007071310188621283
1536,0.7457510828971863
1537,0.623629629611969
1538,-1.4255154390241387e-08
1539,0.6915382742881775
1540,0.5789592862129211
1541,-0.005911665037274361
1542,0.6753895282745361
1543,0.5089503526687622
1544,-0.00917238648980856
1545,0.6689153909683228
1546,0.45190221071243286
1547,-0.016697900369763374
1548,0.6650291681289673
1549,0.40293872356414795
1550,-0.024793198332190514
1551,0.7053826451301575
1552,0.44508808851242065
1553,0.003324956865981221
1554,0.7016043663024902
1555,0.37624847888946533
1556,-0.015261649154126644
1557,0.7037448287010193
1558,0.32481738924980164
1559,-0.027080759406089783
1560,0.7082879543304443
1561,0.2828584909439087
1562,-0.03305890038609505
1563,0.7230928540229797
1564,0.44208693504333496
1565,-0.004318200517445803
1566,0.6636205315589905
1567,0.41980984807014465
1568,-0.03437967970967293
1569,0.6179713606834412
1570,0.41544732451438904
1571,-0.05058887228369713
1572,0.5840342044830322
1573,0.41539129614830017
1574,-0.05464925244450569
1575,0.7371432781219482
1576,0.44912010431289673
1577,-0.013799507170915604
1578,0.6671855449676514
1579,0.473733514547348
1580,-0.04710383340716362
1581,0.6690666675567627
1582,0.5333446860313416
1583,-0.048631876707077026
1584,0.6814152598381042
1585,0.5768517851829529
1586,-0.037996772676706314
1587,0.7470934391021729
1588,0.4648461937904358
1589,-0.024006765335798264
1590,0.6834432482719421
1591,0.48202091455459595
1592,-0.046177495270967484
1593,0.6826440691947937
1594,0.5273637771606445
1595,-0.042304642498493195
1596,0.6943972110748291
1597,0.5608235001564026
1598,-0.031097201630473137
1599,0.0
1600,0.0
1601,0.0
1602,0.0
1603,0.0
1604,0.0
1605,0.0
1606,0.0
1607,0.0
1608,0.0
1609,0.0
1610,0.0
1611,0.0
1612,0.0
1613,0.0
1614,0.0
1615,0.0
1616,0.0
1617,0.0
1618,0.0
1619,0.0
1620,0.0
1621,0.0
1622,0.0
1623,0.0
1624,0.0
1625,0.0
1626,0.0
1627,0.0
1628,0.0
1629,0.0
1630,0.0
1631,0.0
1632,0.0
1633,0.0
1634,0.0
1635,0.0
1636,0.0
1637,0.0
1638,0.0
1639,0.0
1640,0.0
1641,0.0
1642,0.0
1643,0.0
1644,0.0
1645,0.0
1646,0.0
1647,0.0
1648,0.0
1649,0.0
1650,0.0
1651,0.0
1652,0.0
1653,0.0
1654,0.0
1655,0.0
1656,0.0
1657,0.0
1658,0.0
1659,0.0
1660,0.0
1661,0.0
