,0
0,0.4203145503997803
1,0.34513476490974426
2,-0.6740935444831848
3,0.999997079372406
4,0.4492235779762268
5,0.2907124161720276
6,-0.611588180065155
7,0.999994695186615
8,0.4649815559387207
9,0.29189440608024597
10,-0.61098313331604
11,0.9999954104423523
12,0.4790582060813904
13,0.2939235270023346
14,-0.6104495525360107
15,0.9999948143959045
16,0.3946303129196167
17,0.293441504240036
18,-0.6219615340232849
19,0.9999943971633911
20,0.37761494517326355
21,0.29538828134536743
22,-0.6208818554878235
23,0.9999938607215881
24,0.36161795258522034
25,0.29716727137565613
26,-0.6209842562675476
27,0.9999927282333374
28,0.49781280755996704
29,0.3308120667934418
30,-0.28729677200317383
31,0.9999951720237732
32,0.3395686149597168
33,0.3309200704097748
34,-0.3005576729774475
35,0.9999954104423523
36,0.4549832344055176
37,0.4153296649456024
38,-0.5535233616828918
39,0.9999959468841553
40,0.38899344205856323
41,0.41316550970077515
42,-0.5642848014831543
43,0.9999961256980896
44,0.6310553550720215
45,0.6884915828704834
46,-0.15646089613437653
47,0.9999263286590576
48,0.209161639213562
49,0.6876283884048462
50,-0.1641499102115631
51,0.9996265172958374
52,0.757853627204895
53,1.048791766166687
54,-0.4447574019432068
55,0.837463915348053
56,0.10745979845523834
57,0.9994747042655945
58,-0.19994105398654938
59,0.3178979754447937
60,0.7645143866539001
61,0.6613017320632935
62,-0.7922959923744202
63,0.9546117782592773
64,0.10971152782440186
65,1.4391862154006958
66,-0.6277891993522644
67,0.22280147671699524
68,0.7447980642318726
69,0.516407310962677
70,-0.8908809423446655
71,0.9419147372245789
72,0.0802529901266098
73,1.5496166944503784
74,-0.6910585165023804
75,0.28131401538848877
76,0.7214924097061157
77,0.4807470440864563
78,-0.7861642837524414
79,0.9509626626968384
80,0.11397995054721832
81,1.5425719022750854
82,-0.7688556909561157
83,0.3952680826187134
84,0.712116003036499
85,0.538943886756897
86,-0.7717808485031128
87,0.94664067029953
88,0.1348174661397934
89,1.5048444271087646
90,-0.6801323294639587
91,0.4074728786945343
92,0.5664508938789368
93,1.4731680154800415
94,-0.059234440326690674
95,0.002257740357890725
96,0.2826174199581146
97,1.4685463905334473
98,0.06582047045230865
99,0.0013553403550758958
100,0.5543799996376038
101,2.1362712383270264
102,-0.21788087487220764
103,0.0002557588741183281
104,0.29068300127983093
105,2.1220812797546387
106,0.12102515995502472
107,7.004220242379233e-05
108,0.5433236956596375
109,2.7162599563598633
110,0.1935771405696869
111,1.0209387255599722e-05
112,0.2889348864555359
113,2.6962010860443115
114,0.46794962882995605
115,1.2045643416058738e-06
116,0.5503687858581543
117,2.7961084842681885
118,0.20522013306617737
119,1.1056533367082011e-05
120,0.27999138832092285
121,2.782309055328369
122,0.48928213119506836
123,3.922469659300987e-06
124,0.4959309995174408
125,2.8964548110961914
126,-0.32217884063720703
127,3.2812837162055075e-05
128,0.3255041241645813
129,2.8717031478881836
130,-0.07196567952632904
131,1.1808711860794574e-05
132,0.40911662578582764
133,0.4032876193523407
134,-0.02383468858897686
135,0.40776458382606506
136,0.36125046014785767
137,-0.04585731402039528
138,0.4087388515472412
139,0.37405943870544434
140,-0.023954354226589203
141,0.40153658390045166
142,0.32372716069221497
143,-0.0348811149597168
144,0.40775784850120544
145,0.34920910000801086
146,-0.048913996666669846
147,0.40814030170440674
148,0.33408960700035095
149,-0.04574280232191086
150,0.40945425629615784
151,0.29863572120666504
152,-0.024120260030031204
153,0.35237181186676025
154,0.2957248389720917
155,0.012305938638746738
156,0.4101388156414032
157,0.27388709783554077
158,-0.019464785233139992
159,0.41040611267089844
160,0.25902387499809265
161,-0.02165929600596428
162,0.41176173090934753
163,0.2000921666622162
164,-0.01335439644753933
165,0.40917661786079407
166,0.4095363914966583
167,-0.02278328128159046
168,0.4092694818973541
169,0.41445016860961914
170,-0.01996724121272564
171,0.40945035219192505
172,0.4165416955947876
173,-0.016121361404657364
174,0.4092598855495453
175,0.430815190076828
176,-0.012438109144568443
177,0.40915170311927795
178,0.43694716691970825
179,-0.013637198135256767
180,0.409037321805954
181,0.44431614875793457
182,-0.014818151481449604
183,0.4089997708797455
184,0.45193833112716675
185,-0.012434843927621841
186,0.40901196002960205
187,0.4615155756473541
188,-0.002841547830030322
189,0.40803468227386475
190,0.3674677610397339
191,-0.04147803783416748
192,0.40082499384880066
193,0.3667358160018921
194,-0.029515044763684273
195,0.32860010862350464
196,0.2549945116043091
197,0.05174391716718674
198,0.37538644671440125
199,0.3059496283531189
200,0.0030525336042046547
201,0.36745908856391907
202,0.30687618255615234
203,0.003887607017531991
204,0.3598179817199707
205,0.3064659833908081
206,0.006423311773687601
207,0.3496038615703583
208,0.3000691533088684
209,0.013729408383369446
210,0.38200151920318604
211,0.30300670862197876
212,0.003302228171378374
213,0.36486515402793884
214,0.27805083990097046
215,-0.0002688996901270002
216,0.3735881745815277
217,0.2789671719074249
218,-0.0007072005537338555
219,0.356789767742157
220,0.2794824242591858
221,0.002743007615208626
222,0.351438969373703
223,0.2831128239631653
224,0.0064330617897212505
225,0.34375569224357605
226,0.3081084191799164
227,0.018167594447731972
228,0.37807944416999817
229,0.47227272391319275
230,0.008918067440390587
231,0.34957218170166016
232,0.29295241832733154
233,0.015058036893606186
234,0.32405006885528564
235,0.30392158031463623
236,0.05644583702087402
237,0.33575528860092163
238,0.3011128008365631
239,0.026726363226771355
240,0.36841222643852234
241,0.3535357713699341
242,-0.003724754322320223
243,0.3985384702682495
244,0.40111708641052246
245,-0.022151168435811996
246,0.40033501386642456
247,0.4142204523086548
248,-0.01814325898885727
249,0.3881327211856842
250,0.40489354729652405
251,-0.016428956761956215
252,0.3820144534111023
253,0.41026192903518677
254,-0.008996712975203991
255,0.39301684498786926
256,0.4149918556213379
257,-0.013980844989418983
258,0.3876199424266815
259,0.41662532091140747
260,-0.007159121334552765
261,0.3721127510070801
262,0.4317900538444519
263,0.007162466645240784
264,0.40095359086990356
265,0.3607422411441803
266,-0.04493069648742676
267,0.3997681736946106
268,0.3493357300758362
269,-0.04771003872156143
270,0.34006544947624207
271,0.2728426158428192
272,0.008529970422387123
273,0.3848732113838196
274,0.32448866963386536
275,-0.0067011332139372826
276,0.3822058141231537
277,0.358048677444458
278,-0.023207496851682663
279,0.3816715180873871
280,0.35222625732421875
281,-0.02059091068804264
282,0.34549224376678467
283,0.3527335226535797
284,0.007818007841706276
285,0.40059635043144226
286,0.33525893092155457
287,-0.042776208370923996
288,0.35865598917007446
289,0.26180729269981384
290,-0.007495183032006025
291,0.34746453166007996
292,0.26508763432502747
293,-0.0003911523672286421
294,0.33539748191833496
295,0.23435133695602417
296,0.03430577367544174
297,0.3934573829174042
298,0.2717711627483368
299,-0.016079479828476906
300,0.3811095654964447
301,0.28247693181037903
302,0.0015635921154171228
303,0.3666951656341553
304,0.4183403551578522
305,0.00838431529700756
306,0.3330761194229126
307,0.4118320047855377
308,0.08161147683858871
309,0.3884786069393158
310,0.3644322454929352
311,-0.019864553585648537
312,0.39548343420028687
313,0.36860644817352295
314,-0.021264906972646713
315,0.3749937415122986
316,0.4203339219093323
317,0.007125649135559797
318,0.3793777823448181
319,0.4200875163078308
320,0.00458386680111289
321,0.34358009696006775
322,0.2576766014099121
323,0.0037690645549446344
324,0.38223493099212646
325,0.3635055422782898
326,-0.018366580829024315
327,0.37374797463417053
328,0.2633328437805176
329,-0.012979775667190552
330,0.3724063038825989
331,0.2538255751132965
332,-0.014967793598771095
333,0.3656178116798401
334,0.20628070831298828
335,-0.0002294903388246894
336,0.3397146463394165
337,0.24530373513698578
338,0.01693788729608059
339,0.369846373796463
340,0.22863107919692993
341,-0.00812444556504488
342,0.3360435366630554
343,0.26804429292678833
344,0.01591457799077034
345,0.33233898878097534
346,0.2618562579154968
347,0.03287620469927788
348,0.39928603172302246
349,0.4086228609085083
350,-0.021127620711922646
351,0.39076751470565796
352,0.41088515520095825
353,-0.01557394303381443
354,0.38475480675697327
355,0.41356703639030457
356,-0.008744778111577034
357,0.3907136619091034
358,0.366839200258255
359,-0.01847900077700615
360,0.37714073061943054
361,0.42048680782318115
362,0.005684978328645229
363,0.3801364004611969
364,0.4255245625972748
365,0.0011446833377704024
366,0.38064688444137573
367,0.4192406237125397
368,0.004258735105395317
369,0.3924553692340851
370,0.3600766062736511
371,-0.032079268246889114
372,0.38961344957351685
373,0.41611453890800476
374,-0.005961093585938215
375,0.3950045704841614
376,0.4158346652984619
377,-0.010789011605083942
378,0.40160417556762695
379,0.41608935594558716
380,-0.014557271264493465
381,0.39708632230758667
382,0.4598635733127594
383,-0.001986803486943245
384,0.39756882190704346
385,0.44980567693710327
386,-0.011305846273899078
387,0.39837753772735596
388,0.4422377049922943
389,-0.013188674114644527
390,0.39949050545692444
391,0.4347231388092041
392,-0.01190717238932848
393,0.4006154239177704
394,0.4297337234020233
395,-0.010754870250821114
396,0.3880947530269623
397,0.4255463182926178
398,-0.0029753900598734617
399,0.38638216257095337
400,0.4274413287639618
401,-0.004115641117095947
402,0.38391348719596863
403,0.4309309720993042
404,-0.00480632483959198
405,0.3818514943122864
406,0.43488916754722595
407,-0.002879605395719409
408,0.37514111399650574
409,0.39615267515182495
410,-0.006346228998154402
411,0.32546716928482056
412,0.35495471954345703
413,0.09259173274040222
414,0.40836358070373535
415,0.37002667784690857
416,-0.030115442350506783
417,0.38472437858581543
418,0.423511803150177
419,0.0015864921733736992
420,0.38251304626464844
421,0.42421209812164307
422,0.0008973199292086065
423,0.3982192575931549
424,0.37409183382987976
425,-0.021285664290189743
426,0.3853644132614136
427,0.3710799515247345
428,-0.012147579342126846
429,0.39691588282585144
430,0.37147045135498047
431,-0.021601129323244095
432,0.37637871503829956
433,0.3311605453491211
434,-0.0031098241452127695
435,0.3634244203567505
436,0.33893635869026184
437,4.139775228395592e-06
438,0.38057228922843933
439,0.35768213868141174
440,-0.015592752955853939
441,0.34701329469680786
442,0.21770992875099182
443,0.015934636816382408
444,0.35160204768180847
445,0.2337375283241272
446,0.0037223799154162407
447,0.3561195731163025
448,0.25248628854751587
449,-0.006007557734847069
450,0.378182977437973
451,0.4419882297515869
452,0.00369354709982872
453,0.3910522162914276
454,0.25677794218063354
455,-0.019853977486491203
456,0.3889642357826233
457,0.22755393385887146
458,-0.01527787558734417
459,0.38649487495422363
460,0.20099413394927979
461,-0.010017833672463894
462,0.353271484375
463,0.3043108582496643
464,0.010256769135594368
465,0.33574867248535156
466,0.3165251910686493
467,0.023451101034879684
468,0.3863053619861603
469,0.299887090921402
470,0.0042070732451975346
471,0.34332072734832764
472,0.2868139147758484
473,0.014058386906981468
474,0.39070868492126465
475,0.317017138004303
476,-0.010248200967907906
477,0.3869539499282837
478,0.35333430767059326
479,-0.03182430565357208
480,0.32816290855407715
481,0.3245995044708252
482,0.03330811858177185
483,0.3404604196548462
484,0.3242880702018738
485,0.01596672087907791
486,0.35019809007644653
487,0.32845941185951233
488,0.007998699322342873
489,0.3652239441871643
490,0.3265324532985687
491,0.003294175025075674
492,0.3764251470565796
493,0.3217012286186218
494,0.0008475412614643574
495,0.38489076495170593
496,0.3162468373775482
497,-0.002082927618175745
498,0.4015544056892395
499,0.3016340136528015
500,-0.02034127712249756
501,0.3287578821182251
502,0.34862297773361206
503,0.031545769423246384
504,0.33750081062316895
505,0.2857944667339325
506,0.018173547461628914
507,0.40394121408462524
508,0.3669634163379669
509,-0.040793515741825104
510,0.3850225508213043
511,0.33542847633361816
512,-0.010026206262409687
513,0.3238466680049896
514,0.3040511906147003
515,0.08464954793453217
516,0.3911594748497009
517,0.3100299537181854
518,-0.003915069159120321
519,0.3801080882549286
520,0.3587648570537567
521,-0.006812885403633118
522,0.3470848500728607
523,0.2938416302204132
524,0.016726259142160416
525,0.38667434453964233
526,0.3463049829006195
527,-0.02867705188691616
528,0.3276776075363159
529,0.3824414312839508
530,0.08937046676874161
531,0.38635289669036865
532,0.29558467864990234
533,0.006383382715284824
534,0.3934382498264313
535,0.3395926058292389
536,-0.037287723273038864
537,0.34711819887161255
538,0.44060781598091125
539,0.03891228139400482
540,0.34835609793663025
541,0.45363521575927734
542,0.053509943187236786
543,0.3232423663139343
544,0.3521440625190735
545,0.061980366706848145
546,0.3383431136608124
547,0.42402970790863037
548,0.04843062534928322
549,0.3280933201313019
550,0.28115126490592957
551,0.04702166095376015
552,0.3766089379787445
553,0.48400378227233887
554,0.013949748128652573
555,0.4051589369773865
556,0.3695276379585266
557,-0.029482975602149963
558,0.3778879642486572
559,0.3441087007522583
560,-0.0062725841999053955
561,0.32982391119003296
562,0.30344322323799133
563,0.03550735488533974
564,0.3602696359157562
565,0.2992422580718994
566,0.007121359929442406
567,0.367268830537796
568,0.30018630623817444
569,0.004801047500222921
570,0.37775909900665283
571,0.42723721265792847
572,0.0026671725790947676
573,0.3305189609527588
574,0.37209153175354004
575,0.035020288079977036
576,0.3911382257938385
577,0.5021011233329773
578,0.01590762846171856
579,0.36795365810394287
580,0.48240095376968384
581,0.03242087736725807
582,0.35875025391578674
583,0.470222532749176
584,0.04171720892190933
585,0.4111015498638153
586,0.22818049788475037
587,-0.018009459599852562
588,0.408560574054718
589,0.505805253982544
590,0.01287621445953846
591,0.37403008341789246
592,0.29954272508621216
593,0.004065476357936859
594,0.3803246021270752
595,0.29782602190971375
596,0.004872730001807213
597,0.38437068462371826
598,0.29670554399490356
599,0.0063675749115645885
600,0.3327193856239319
601,0.283832848072052
602,0.026816368103027344
603,0.3797098994255066
604,0.28851404786109924
605,0.0035145950969308615
606,0.3729305863380432
607,0.28575024008750916
608,0.002156422473490238
609,0.36595413088798523
610,0.2849286198616028
611,0.002897774800658226
612,0.35878944396972656
613,0.28645870089530945
614,0.005261007696390152
615,0.35427531599998474
616,0.28918546438217163
617,0.00829298421740532
618,0.32507646083831787
619,0.27682164311408997
620,0.070029117166996
621,0.35559481382369995
622,0.2975594997406006
623,0.009887570515275002
624,0.40892860293388367
625,0.38363969326019287
626,-0.021666070446372032
627,0.38182735443115234
628,0.38859444856643677
629,-0.011746210977435112
630,0.38816168904304504
631,0.36237964034080505
632,-0.023370932787656784
633,0.3973601460456848
634,0.3846740424633026
635,-0.02031131274998188
636,0.4099290668964386
637,0.285958468914032
638,-0.018387312069535255
639,0.35663843154907227
640,0.4570450782775879
641,0.03133508935570717
642,0.3661569058895111
643,0.47028735280036926
644,0.02321683056652546
645,0.3905687630176544
646,0.4942346215248108
647,0.005733216181397438
648,0.3403567671775818
649,0.4357670545578003
650,0.06816110014915466
651,0.3842732012271881
652,0.29264479875564575
653,0.0051599591970443726
654,0.3956802487373352
655,0.31946220993995667
656,-0.02213047444820404
657,0.4084711968898773
658,0.4980112314224243
659,0.003151313401758671
660,0.37829214334487915
661,0.4936269521713257
662,0.022630158811807632
663,0.325782835483551
664,0.3777768313884735
665,0.06154573708772659
666,0.3936166763305664
667,0.42775851488113403
668,-0.007185578346252441
669,0.3919140100479126
670,0.43135523796081543
671,-0.008329802192747593
672,0.38994142413139343
673,0.4369528889656067
674,-0.009031418710947037
675,0.38839876651763916
676,0.4436185359954834
677,-0.007201591040939093
678,0.3860514760017395
679,0.4520909786224365
680,-7.71351460571168e-06
681,0.38283881545066833
682,0.4178846776485443
683,-0.0009806270245462656
684,0.3799634575843811
685,0.416657954454422
686,-0.0008555058157071471
687,0.3774193525314331
688,0.4146777391433716
689,-0.0008870367310009897
690,0.3697386384010315
691,0.4061678349971771
692,0.0009241860243491828
693,0.3403497338294983
694,0.37821388244628906
695,0.01792246662080288
696,0.39629143476486206
697,0.308584064245224
698,-0.014696636237204075
699,0.3928682804107666
700,0.28844770789146423
701,-0.000474537635454908
702,0.387847363948822
703,0.2897581160068512
704,0.0031257292721420527
705,0.3850858211517334
706,0.4164130687713623
707,-0.0002250472898595035
708,0.34060201048851013
709,0.4070378541946411
710,0.03192188963294029
711,0.3995863199234009
712,0.2879280745983124
713,-0.011870043352246284
714,0.3818926513195038
715,0.46125924587249756
716,0.005220064893364906
717,0.40859484672546387
718,0.32191047072410583
719,-0.03811775892972946
720,0.40138405561447144
721,0.31324246525764465
722,-0.028415443375706673
723,0.4090273380279541
724,0.3106611371040344
725,-0.030793581157922745
726,0.38944026827812195
727,0.3371320068836212
728,-0.021384580060839653
729,0.40858495235443115
730,0.4863132834434509
731,-0.0015728704165667295
732,0.40879082679748535
733,0.4726940989494324
734,-0.0019506957614794374
735,0.3945104777812958
736,0.470192551612854
737,0.0002976795076392591
738,0.36493515968322754
739,0.4351354241371155
740,0.012602243572473526
741,0.37399327754974365
742,0.36865684390068054
743,-0.003952853847295046
744,0.3724338114261627
745,0.449590802192688
746,0.009496293030679226
747,0.35645774006843567
748,0.36778879165649414
749,0.000923609477467835
750,0.36722755432128906
751,0.38095229864120483
752,-0.0012560297036543489
753,0.35078001022338867
754,0.3869992792606354
755,0.008870268240571022
756,0.3917281925678253
757,0.4829280972480774
758,0.0012710378505289555
759,0.3846157193183899
760,0.343823105096817
761,-0.014890751801431179
762,0.35852181911468506
763,0.4439815580844879
764,0.0211118645966053
765,0.3681526482105255
766,0.45866793394088745
767,0.016240112483501434
768,0.3591751754283905
769,0.41908496618270874
770,0.01266897190362215
771,0.3332968056201935
772,0.3922516107559204
773,0.038764603435993195
774,0.34983325004577637
775,0.42076560854911804
776,0.021375104784965515
777,0.33036351203918457
778,0.40175339579582214
779,0.058690521866083145
780,0.36180436611175537
781,0.3967641294002533
782,0.0037258670199662447
783,0.39046376943588257
784,0.3272969126701355
785,-0.015610293485224247
786,0.38969457149505615
787,0.3582058846950531
788,-0.033772073686122894
789,0.384741872549057
790,0.3615516424179077
791,-0.024262279272079468
792,0.3929700255393982
793,0.35065266489982605
794,-0.040172502398490906
795,0.3868181109428406
796,0.2797013223171234
797,-0.0029683124739676714
798,0.37393203377723694
799,0.27360811829566956
800,-0.004269262310117483
801,0.36240360140800476
802,0.2720477283000946
803,-0.0033030675258487463
804,0.3528403043746948
805,0.273607462644577
806,0.0007440743502229452
807,0.34638965129852295
808,0.27829962968826294
809,0.006423193961381912
810,0.34231507778167725
811,0.2974981665611267
812,0.02031618170440197
813,0.32250261306762695
814,0.32769739627838135
815,0.05979667231440544
816,0.3476567268371582
817,0.3127955496311188
818,0.01395509298890829
819,0.3556690812110901
820,0.3160901665687561
821,0.008563981391489506
822,0.36614590883255005
823,0.3159903287887573
824,0.004655628465116024
825,0.3761587142944336
826,0.3132913410663605
827,0.002827103016898036
828,0.38400018215179443
829,0.30938979983329773
830,0.0017073833150789142
831,0.3893958330154419
832,0.30551791191101074
833,0.0009329717722721398
834,0.3246797025203705
835,0.3294406831264496
836,0.09152404963970184
837,0.385243684053421
838,0.36498570442199707
839,-0.019997451454401016
840,0.3951454758644104
841,0.3292694389820099
842,-0.028498809784650803
843,0.39533862471580505
844,0.35878461599349976
845,-0.04059886187314987
846,0.40018826723098755
847,0.3648705780506134
848,-0.03729856014251709
849,0.39559438824653625
850,0.36069604754447937
851,-0.03641733154654503
852,0.38776347041130066
853,0.36887216567993164
854,-0.017092904075980186
855,0.40150436758995056
856,0.3660448491573334
857,-0.03956388309597969
858,0.4025780260562897
859,0.3686552047729492
860,-0.029463574290275574
861,0.389164537191391
862,0.296417772769928
863,0.004835133440792561
864,0.3936937153339386
865,0.2993331551551819
866,-0.0006605534581467509
867,0.3960147798061371
868,0.3011973798274994
869,-0.006890622898936272
870,0.35161834955215454
871,0.2912265360355377
872,0.011263822205364704
873,0.3474712371826172
874,0.2874094843864441
875,0.011661848053336143
876,0.41584351658821106
877,0.32408198714256287
878,-0.03553111106157303
879,0.470412015914917
880,0.2995595932006836
881,0.007173498161137104
882,0.41611751914024353
883,0.36706045269966125
884,-0.030039088800549507
885,0.5001445412635803
886,0.25868046283721924
887,0.043901439756155014
888,0.44615665078163147
889,0.30828288197517395
890,-0.00036007113521918654
891,0.4543927013874054
892,0.3096303939819336
893,-0.00011256570724071935
894,0.4624011814594269
895,0.30951011180877686
896,0.0017243296606466174
897,0.47340741753578186
898,0.30390170216560364
899,0.008329982869327068
900,0.4392438232898712
901,0.30496203899383545
902,0.0006681353552266955
903,0.4577391743659973
904,0.2808564305305481
905,-0.0044596255756914616
906,0.44873207807540894
907,0.28112584352493286
908,-0.004024163354188204
909,0.46607476472854614
910,0.28281983733177185
911,-0.0020418104249984026
912,0.4716202914714813
913,0.2868131399154663
914,0.0012395139783620834
915,0.4794757664203644
916,0.31174132227897644
917,0.012293722480535507
918,0.44055354595184326
919,0.4745100736618042
920,0.006384629290550947
921,0.4734729826450348
922,0.29701849818229675
923,0.009684295393526554
924,0.5029345154762268
925,0.3082548975944519
926,0.0484851635992527
927,0.4885893762111664
928,0.3049883246421814
929,0.020158369094133377
930,0.4515165388584137
931,0.35523781180381775
932,-0.007267536595463753
933,0.4200436472892761
934,0.40131184458732605
935,-0.023079434409737587
936,0.41864654421806335
937,0.41434183716773987
938,-0.019078107550740242
939,0.4312441647052765
940,0.4052531123161316
941,-0.01823516935110092
942,0.43819084763526917
943,0.41048377752304077
944,-0.011548482812941074
945,0.42660757899284363
946,0.4151338040828705
947,-0.0157923623919487
948,0.4326463043689728
949,0.41660112142562866
950,-0.009471377357840538
951,0.4485899806022644
952,0.4327263832092285
953,0.0037689656019210815
954,0.4147968888282776
955,0.3609958589076996
956,-0.0453849695622921
957,0.415964275598526
958,0.34970995783805847
959,-0.04816105589270592
960,0.4840680658817291
961,0.27669453620910645
962,0.002461155178025365
963,0.4351634383201599
964,0.3257283866405487
965,-0.008909516036510468
966,0.43549033999443054
967,0.358965665102005
968,-0.02515685185790062
969,0.43638867139816284
970,0.3532106876373291
971,-0.022656189277768135
972,0.4757544994354248
973,0.3555459678173065
974,0.002068771980702877
975,0.4159194827079773
976,0.3356344401836395
977,-0.04342236742377281
978,0.46410268545150757
979,0.26468855142593384
980,-0.011874410323798656
981,0.47597458958625793
982,0.26855912804603577
983,-0.005898587871342897
984,0.4924831688404083
985,0.23752255737781525
986,0.02722005918622017
987,0.4274573028087616
988,0.2727762460708618
989,-0.017472291365265846
990,0.4410354495048523
991,0.28421857953071594
992,-0.0011259217280894518
993,0.45444703102111816
994,0.41930729150772095
995,0.004369552247226238
996,0.4926055669784546
997,0.41688498854637146
998,0.07435537129640579
999,0.42933112382888794
1000,0.36510708928108215
1001,-0.021533535793423653
1002,0.4222296476364136
1003,0.36899426579475403
1004,-0.02208602987229824
1005,0.44625893235206604
1006,0.4203941524028778
1007,0.0036469358019530773
1008,0.44191959500312805
1009,0.41988450288772583
1010,0.0015763923292979598
1011,0.48055344820022583
1012,0.2612457573413849
1013,-0.001966811018064618
1014,0.435931921005249
1015,0.36434319615364075
1016,-0.020380785688757896
1017,0.44813770055770874
1018,0.26542869210243225
1019,-0.015957994386553764
1020,0.4497391879558563
1021,0.2557641565799713
1022,-0.01799001917243004
1023,0.45952028036117554
1024,0.207903191447258
1025,-0.004272217396646738
1026,0.486165851354599
1027,0.2486037164926529
1028,0.010674171149730682
1029,0.4536827802658081
1030,0.2304074466228485
1031,-0.011616327799856663
1032,0.4889843463897705
1033,0.27185699343681335
1034,0.009372717700898647
1035,0.4944613575935364
1036,0.265671968460083
1037,0.025747064501047134
1038,0.4195263385772705
1039,0.4087812900543213
1040,-0.022064177319407463
1041,0.42875659465789795
1042,0.41112133860588074
1043,-0.01740924082696438
1044,0.4354998469352722
1045,0.41365885734558105
1046,-0.011198582127690315
1047,0.427200585603714
1048,0.3673862814903259
1049,-0.019726252183318138
1050,0.44407951831817627
1051,0.4203488826751709
1052,0.0024616201408207417
1053,0.4406586289405823
1054,0.42570313811302185
1055,-0.0015275897458195686
1056,0.44072121381759644
1057,0.4192226231098175
1058,0.0013154020998626947
1059,0.42446181178092957
1060,0.3608086109161377
1061,-0.03343622013926506
1062,0.4308941960334778
1063,0.41598746180534363
1064,-0.00811323057860136
1065,0.4248594343662262
1066,0.41592738032341003
1067,-0.01242008712142706
1068,0.41771450638771057
1069,0.41613736748695374
1070,-0.015496562235057354
1071,0.4212758541107178
1072,0.4605025053024292
1073,-0.0029349944088608027
1074,0.4208352863788605
1075,0.45030906796455383
1076,-0.01232039276510477
1077,0.4201434850692749
1078,0.44267475605010986
1079,-0.014244943857192993
1080,0.4192228615283966
1081,0.43505704402923584
1082,-0.012885787524282932
1083,0.4183538556098938
1084,0.4300488829612732
1085,-0.011688492260873318
1086,0.4322527348995209
1087,0.42571747303009033
1088,-0.005025003105401993
1089,0.4338485300540924
1090,0.42763352394104004
1091,-0.006254154723137617
1092,0.4362197816371918
1093,0.43130597472190857
1094,-0.006912249140441418
1095,0.43818578124046326
1096,0.43541449308395386
1097,-0.0051415711641311646
1098,0.4447074234485626
1099,0.3970317840576172
1100,-0.009172750636935234
1101,0.5026521682739258
1102,0.3597438931465149
1103,0.08436475694179535
1104,0.4361383318901062
1105,0.4235489070415497
1106,-0.0009471848607063293
1107,0.43829146027565
1108,0.4243297576904297
1109,-0.001709786825813353
1110,0.41954296827316284
1111,0.37435805797576904
1112,-0.022094203159213066
1113,0.43310824036598206
1114,0.3717082142829895
1115,-0.013731894083321095
1116,0.4207916855812073
1117,0.3717767000198364
1118,-0.0223733801394701
1119,0.4438810348510742
1120,0.33272749185562134
1121,-0.006152296904474497
1122,0.4571169316768646
1123,0.3410307466983795
1124,-0.0041311876848340034
1125,0.4378451704978943
1126,0.3586191236972809
1127,-0.01778402365744114
1128,0.47962480783462524
1129,0.22009336948394775
1130,0.010108246468007565
1131,0.47326165437698364
1132,0.2363204061985016
1133,-0.0013939549680799246
1134,0.46702373027801514
1135,0.2553170919418335
1136,-0.01055548619478941
1137,0.4418523907661438
1138,0.4431881010532379
1139,0.0009464668692089617
1140,0.43037039041519165
1141,0.2577728033065796
1142,-0.021373484283685684
1143,0.4337535500526428
1144,0.22851768136024475
1145,-0.017015933990478516
1146,0.4376198649406433
1147,0.20179383456707
1148,-0.012119880877435207
1149,0.46935003995895386
1150,0.30778762698173523
1151,0.005073420703411102
1152,0.48777246475219727
1153,0.32021889090538025
1154,0.016945278272032738
1155,0.43491390347480774
1156,0.3017074167728424
1157,0.00189905462320894
1158,0.4804534912109375
1159,0.2907260060310364
1160,0.008173738606274128
1161,0.42918550968170166
1162,0.3179859519004822
1163,-0.012059989385306835
1164,0.4300524890422821
1165,0.3542724847793579
1166,-0.033420417457818985
1167,0.4960651397705078
1168,0.32865041494369507
1169,0.025956137105822563
1170,0.48204305768013
1171,0.3276672065258026
1172,0.009864622727036476
1173,0.47149044275283813
1174,0.3311809003353119
1175,0.0026718920562416315
1176,0.4558987021446228
1177,0.3286828398704529
1178,-0.0008020426612347364
1179,0.44435936212539673
1180,0.3234347701072693
1181,-0.0022346037440001965
1182,0.43572789430618286
1183,0.31768661737442017
1184,-0.004466390702873468
1185,0.4176996052265167
1186,0.3020806908607483
1187,-0.02113683521747589
1188,0.4943475127220154
1189,0.3525899648666382
1190,0.024276772513985634
1191,0.4869692027568817
1192,0.28968003392219543
1193,0.011732778511941433
1194,0.412241131067276
1195,0.36709198355674744
1196,-0.04115927964448929
1197,0.4343314468860626
1198,0.33656367659568787
1199,-0.01208601426333189
1200,0.5053671002388
1201,0.30843377113342285
1202,0.0761355310678482
1203,0.4293205738067627
1204,0.3111336827278137
1205,-0.005723070353269577
1206,0.43883439898490906
1207,0.3597152829170227
1208,-0.008887983858585358
1209,0.47623783349990845
1210,0.2978331446647644
1211,0.011094474233686924
1212,0.4308148920536041
1213,0.3472343981266022
1214,-0.03031103126704693
1215,0.499407023191452
1216,0.3875238597393036
1217,0.08159732818603516
1218,0.43518292903900146
1219,0.2974892258644104
1220,0.003986171912401915
1221,0.42347511649131775
1222,0.3402239978313446
1223,-0.03853588178753853
1224,0.4747360646724701
1225,0.4448554515838623
1226,0.03330779820680618
1227,0.47421056032180786
1228,0.45842647552490234
1229,0.04796867072582245
1230,0.5021789073944092
1231,0.3568243086338043
1232,0.054051030427217484
1233,0.4845629334449768
1234,0.42866063117980957
1235,0.04203329607844353
1236,0.49893346428871155
1237,0.28519493341445923
1238,0.03941205143928528
1239,0.44192075729370117
1240,0.4865829348564148
1241,0.011353632435202599
1242,0.4116593897342682
1243,0.36963799595832825
1244,-0.02972077578306198
1245,0.4417729675769806
1246,0.34534645080566406
1247,-0.008936882019042969
1248,0.4953423738479614
1249,0.30757394433021545
1250,0.028377173468470573
1251,0.4619063436985016
1252,0.3026173412799835
1253,0.002633624942973256
1254,0.4546017050743103
1255,0.3031676113605499
1256,0.0008025459246709943
1257,0.4430067539215088
1258,0.42755424976348877
1259,-0.00019132676243316382
1260,0.4923187494277954
1261,0.37610387802124023
1262,0.027848588302731514
1263,0.42645516991615295
1264,0.5036547183990479
1265,0.014391937293112278
1266,0.4518585801124573
1267,0.4859604239463806
1268,0.02881924994289875
1269,0.4623540937900543
1270,0.474468469619751
1271,0.03725648671388626
1272,0.44763627648353577
1273,0.302171915769577
1274,0.0006388071924448013
1275,0.4411674439907074
1276,0.2999268174171448
1277,0.0019321400905027986
1278,0.43715181946754456
1279,0.29869768023490906
1280,0.0036941557191312313
1281,0.49266213178634644
1282,0.28766894340515137
1283,0.019872933626174927
1284,0.44231700897216797
1285,0.2906545102596283
1286,0.0004022293724119663
1287,0.44938918948173523
1288,0.2883215546607971
1289,-0.0014364569215103984
1290,0.4565330147743225
1291,0.2880070209503174
1292,-0.0012990073300898075
1293,0.4638005793094635
1294,0.2899775505065918
1295,0.0005763521767221391
1296,0.46841710805892944
1297,0.29291170835494995
1298,0.0033192511182278395
1299,0.5041103959083557
1300,0.2809073030948639
1301,0.061845362186431885
1302,0.46687740087509155
1303,0.3012341856956482
1304,0.005040868651121855
1305,0.4371630549430847
1306,0.38935449719429016
1307,-0.013950379565358162
1308,0.4293922185897827
1309,0.36310335993766785
1310,-0.024770058691501617
1311,0.4208681285381317
1312,0.384950190782547
1313,-0.021265633404254913
1314,0.46418386697769165
1315,0.46082228422164917
1316,0.02681717835366726
1317,0.4535883367061615
1318,0.4736423194408417
1319,0.019682040438055992
1320,0.42678648233413696
1321,0.49572065472602844
1322,0.004237333778291941
1323,0.4837018847465515
1324,0.44075286388397217
1325,0.061601679772138596
1326,0.43734729290008545
1327,0.2946193814277649
1328,0.002452914137393236
1329,0.4229850471019745
1330,0.320176362991333
1331,-0.023303670808672905
1332,0.4402426481246948
1333,0.4962924122810364
1334,0.019967656582593918
1335,0.4989430010318756
1336,0.3826175332069397
1337,0.05389160290360451
1338,0.42596036195755005
1339,0.42807257175445557
1340,-0.008844018913805485
1341,0.427535742521286
1342,0.43174952268600464
1343,-0.009997216053307056
1344,0.4293113946914673
1345,0.4374348223209381
1346,-0.010757147334516048
1347,0.43070536851882935
1348,0.4442879557609558
1349,-0.008988234214484692
1350,0.4330548644065857
1351,0.45313867926597595
1352,-0.0020683372858911753
1353,0.43816202878952026
1354,0.41782182455062866
1355,-0.0038263073656708
1356,0.44090691208839417
1357,0.41670626401901245
1358,-0.003957315348088741
1359,0.4434756338596344
1360,0.4148023724555969
1361,-0.004030166193842888
1362,0.4509122371673584
1363,0.4070625901222229
1364,-0.00271204044111073
1365,0.48127129673957825
1366,0.3815228343009949
1367,0.011624331586062908
1368,0.4233439266681671
1369,0.3093090355396271
1370,-0.016049694269895554
1371,0.42841240763664246
1372,0.2897123694419861
1373,-0.002069864422082901
1374,0.4337150752544403
1375,0.29136693477630615
1376,0.00094383186660707
1377,0.43606606125831604
1378,0.4163230061531067
1379,-0.0028938790783286095
1380,0.4815673530101776
1381,0.4108025133609772
1382,0.0256501454859972
1383,0.4208284616470337
1384,0.2886227071285248
1385,-0.012768646702170372
1386,0.43703725934028625
1387,0.4628469944000244
1388,0.0029903375543653965
1389,0.4168626070022583
1390,0.313629150390625
1391,-0.029057951644062996
1392,0.4288271963596344
1393,0.3379904329776764
1394,-0.02291601151227951
1395,0.42351847887039185
1396,0.4711650609970093
1397,-0.0008047189330682158
1398,0.45563825964927673
1399,0.43726539611816406
1400,0.00880031380802393
1401,0.4455181956291199
1402,0.3699028491973877
1403,-0.006817585788667202
1404,0.44749078154563904
1405,0.45155593752861023
1406,0.006489950232207775
1407,0.46391457319259644
1408,0.37007707357406616
1409,-0.003744445275515318
1410,0.45284929871559143
1411,0.3825856149196625
1412,-0.004863739479333162
1413,0.4701686203479767
1414,0.389659583568573
1415,0.003606762969866395
1416,0.4258481562137604
1417,0.48420071601867676
1418,-0.00019047620298806578
1419,0.43406203389167786
1420,0.3448203504085541
1421,-0.016817597672343254
1422,0.46207019686698914
1423,0.44699686765670776
1424,0.016799625009298325
1425,0.4516439139842987
1426,0.46143847703933716
1427,0.012941254302859306
1428,0.4618309438228607
1429,0.42112186551094055
1430,0.007983645424246788
1431,0.4895305931568146
1432,0.3964107036590576
1433,0.0318661592900753
1434,0.47149428725242615
1435,0.42394858598709106
1436,0.015975091606378555
1437,0.4936560392379761
1438,0.40652358531951904
1439,0.051448605954647064
1440,0.4589084982872009
1441,0.39844921231269836
1442,-0.000687366584315896
1443,0.4285304844379425
1444,0.3281835913658142
1445,-0.01727570965886116
1446,0.42716699838638306
1447,0.35900911688804626
1448,-0.035218462347984314
1449,0.4328800141811371
1450,0.3624720871448517
1451,-0.025971325114369392
1452,0.4233497083187103
1453,0.35136231780052185
1454,-0.04154600203037262
1455,0.43486154079437256
1456,0.2811838984489441
1457,-0.005133909173309803
1458,0.44826313853263855
1459,0.27578914165496826
1460,-0.007420772686600685
1461,0.46010905504226685
1462,0.27494746446609497
1463,-0.007386336103081703
1464,0.4700857996940613
1465,0.2769792675971985
1466,-0.004311016295105219
1467,0.47705790400505066
1468,0.2820420563220978
1469,0.0009232732118107378
1470,0.48152926564216614
1471,0.3013727366924286
1472,0.014223693870007992
1473,0.5036794543266296
1474,0.33228105306625366
1475,0.05165356770157814
1476,0.4749946594238281
1477,0.31616854667663574
1478,0.008442691527307034
1479,0.4663284718990326
1480,0.31894904375076294
1481,0.003679454093798995
1482,0.4554569721221924
1483,0.3184623718261719
1484,0.0006029820651747286
1485,0.4450775980949402
1486,0.31526100635528564
1487,-0.0003179367049597204
1488,0.43706214427948
1489,0.31101277470588684
1490,-0.0006919316947460175
1491,0.43156319856643677
1492,0.30691054463386536
1493,-0.0010132455499842763
1494,0.5041649341583252
1495,0.3339647650718689
1496,0.08302023261785507
1497,0.43270593881607056
1498,0.36571764945983887
1499,-0.02167200855910778
1500,0.42259320616722107
1501,0.3298514783382416
1502,-0.029729386791586876
1503,0.420870840549469
1504,0.35940980911254883
1505,-0.041536953300237656
1506,0.4164312183856964
1507,0.3651960790157318
1508,-0.037833090871572495
1509,0.42104995250701904
1510,0.36128997802734375
1511,-0.03739157319068909
1512,0.43039143085479736
1513,0.36954426765441895
1514,-0.018529964610934258
1515,0.4148567020893097
1516,0.36630362272262573
1517,-0.03998114913702011
1518,0.4142967164516449
1519,0.3688303232192993
1520,-0.02983163297176361
1521,0.4320904612541199
1522,0.29801467061042786
1523,0.00274510495364666
1524,0.4272328317165375
1525,0.3005232512950897
1526,-0.0021460363641381264
1527,0.4244767427444458
1528,0.30209192633628845
1529,-0.008154346607625484
1530,0.47122102975845337
1531,0.29519444704055786
1532,0.006051801610738039
1533,0.4758017063140869
1534,0.2912886142730713
1535,0.006127438973635435
1536,0.7479409575462341
1537,0.6228373050689697
1538,-1.2366664137175576e-08
1539,0.6916982531547546
1540,0.5832884311676025
1541,-0.005845996551215649
1542,0.6747242212295532
1543,0.5128486752510071
1544,-0.008916961960494518
1545,0.667762815952301
1546,0.4564679265022278
1547,-0.01599135249853134
1548,0.6653028726577759
1549,0.40952497720718384
1550,-0.023842865601181984
1551,0.7050552368164062
1552,0.44590556621551514
1553,0.0016938467742875218
1554,0.6991691589355469
1555,0.37743014097213745
1556,-0.01668374612927437
1557,0.7005490660667419
1558,0.3267465829849243
1559,-0.028124215081334114
1560,0.7044488191604614
1561,0.28555941581726074
1562,-0.03395003452897072
1563,0.7206196188926697
1564,0.44307854771614075
1565,-0.0061212205328047276
1566,0.6625818014144897
1567,0.4178115427494049
1568,-0.03610248491168022
1569,0.6175814867019653
1570,0.4157662093639374
1571,-0.05201372876763344
1572,0.5846471786499023
1573,0.41744792461395264
1574,-0.05577278137207031
1575,0.7334803938865662
1576,0.4502851366996765
1577,-0.015561756677925587
1578,0.6647459864616394
1579,0.4724985957145691
1580,-0.04964502900838852
1581,0.6668946146965027
1582,0.5320430397987366
1583,-0.05154562368988991
1584,0.6804822683334351
1585,0.5732728242874146
1586,-0.04114292189478874
1587,0.7423925995826721
1588,0.46665245294570923
1589,-0.02548857405781746
1590,0.6797606348991394
1591,0.4822457730770111
1592,-0.048778779804706573
1593,0.6812294125556946
1594,0.5285786390304565
1595,-0.044922202825546265
1596,0.6958070993423462
1597,0.5612818002700806
1598,-0.033732980489730835
1599,0.0
1600,0.0
1601,0.0
1602,0.0
1603,0.0
1604,0.0
1605,0.0
1606,0.0
1607,0.0
1608,0.0
1609,0.0
1610,0.0
1611,0.0
1612,0.0
1613,0.0
1614,0.0
1615,0.0
1616,0.0
1617,0.0
1618,0.0
1619,0.0
1620,0.0
1621,0.0
1622,0.0
1623,0.0
1624,0.0
1625,0.0
1626,0.0
1627,0.0
1628,0.0
1629,0.0
1630,0.0
1631,0.0
1632,0.0
1633,0.0
1634,0.0
1635,0.0
1636,0.0
1637,0.0
1638,0.0
1639,0.0
1640,0.0
1641,0.0
1642,0.0
1643,0.0
1644,0.0
1645,0.0
1646,0.0
1647,0.0
1648,0.0
1649,0.0
1650,0.0
1651,0.0
1652,0.0
1653,0.0
1654,0.0
1655,0.0
1656,0.0
1657,0.0
1658,0.0
1659,0.0
1660,0.0
1661,0.0
