,0
0,0.4322624206542969
1,0.36366918683052063
2,-0.8212080001831055
3,0.9999812245368958
4,0.46223536133766174
5,0.3016979992389679
6,-0.7645799517631531
7,0.9999549984931946
8,0.4769790768623352
9,0.3024756610393524
10,-0.7643495798110962
11,0.9999542832374573
12,0.48912540078163147
13,0.30327290296554565
14,-0.7641175985336304
15,0.9999434351921082
16,0.40909433364868164
17,0.30305612087249756
18,-0.7621676921844482
19,0.9999619126319885
20,0.3916013836860657
21,0.30275794863700867
22,-0.7615617513656616
23,0.9999672770500183
24,0.37520161271095276
25,0.3024853467941284
26,-0.761630117893219
27,0.9999683499336243
28,0.5116104483604431
29,0.3341807723045349
30,-0.3790070414543152
31,0.9999381303787231
32,0.3533456027507782
33,0.329213947057724
34,-0.35275042057037354
35,0.9999711513519287
36,0.4646133482456207
37,0.4311240613460541
38,-0.6829757690429688
39,0.9999709725379944
40,0.39930054545402527
41,0.4330473840236664
42,-0.6750599145889282
43,0.9999734163284302
44,0.6468340754508972
45,0.6825560927391052
46,-0.1273833066225052
47,0.9994224905967712
48,0.2459861785173416
49,0.6560832262039185
50,-0.28444063663482666
51,0.9997808933258057
52,0.738881528377533
53,1.0120837688446045
54,-0.08223804831504822
55,0.36954280734062195
56,0.14923737943172455
57,1.0278738737106323
58,-0.8167383074760437
59,0.8353158235549927
60,0.7867839932441711
61,1.3083056211471558
62,-0.35479477047920227
63,0.26665565371513367
64,0.2624523937702179
65,0.6349419951438904
66,-1.6924642324447632
67,0.8027209639549255
68,0.82506263256073
69,1.3763160705566406
70,-0.4224408268928528
71,0.34047818183898926
72,0.2867526710033417
73,0.5199594497680664
74,-1.869285225868225
75,0.8004449009895325
76,0.8005934953689575
77,1.3525704145431519
78,-0.4641030430793762
79,0.4384256899356842
80,0.28513967990875244
81,0.4789627492427826
82,-1.8295745849609375
83,0.8139070272445679
84,0.7691453695297241
85,1.3336340188980103
86,-0.3902742862701416
87,0.4416600465774536
88,0.28920596837997437
89,0.5167361497879028
90,-1.7000385522842407
91,0.8122342228889465
92,0.576338529586792
93,1.425421953201294
94,-0.03438741713762283
95,0.001158648869022727
96,0.2912871241569519
97,1.4205658435821533
98,0.03903869539499283
99,0.0013737418921664357
100,0.5452585816383362
101,2.0501906871795654
102,-0.14256243407726288
103,0.0004008593678008765
104,0.2959425151348114
105,2.055131196975708
106,0.04191138222813606
107,0.00021945052139926702
108,0.5261565446853638
109,2.618001699447632
110,0.3309430480003357
111,9.720942034618929e-05
112,0.2886621952056885
113,2.6166539192199707
114,0.40252017974853516
115,5.9467020037118345e-06
116,0.5310050845146179
117,2.6937246322631836
118,0.33980733156204224
119,6.492517422884703e-05
120,0.2804471254348755
121,2.6897192001342773
122,0.42444223165512085
123,1.4816680049989372e-05
124,0.48745831847190857
125,2.787381172180176
126,-0.24329212307929993
127,4.886645911028609e-05
128,0.3183581233024597
129,2.7980127334594727
130,-0.2256622016429901
131,2.6990854166797362e-05
132,0.4194519817829132
133,0.4180379807949066
134,-0.02334785647690296
135,0.41748949885368347
136,0.37838444113731384
137,-0.04627397283911705
138,0.4187695384025574
139,0.39012157917022705
140,-0.024064408615231514
141,0.410983681678772
142,0.33793145418167114
143,-0.0351230762898922
144,0.41734009981155396
145,0.3658319115638733
146,-0.04940824210643768
147,0.4176632761955261
148,0.34948721528053284
149,-0.04625402390956879
150,0.4190078675746918
151,0.3105822205543518
152,-0.024324484169483185
153,0.36148738861083984
154,0.3053348958492279
155,0.013178455643355846
156,0.41958826780319214
157,0.28380313515663147
158,-0.019421858713030815
159,0.41977232694625854
160,0.2681897282600403
161,-0.021646827459335327
162,0.42049115896224976
163,0.2050962597131729
164,-0.013309624046087265
165,0.41957199573516846
166,0.4243236780166626
167,-0.02214881218969822
168,0.41975831985473633
169,0.4291287362575531
170,-0.019299382343888283
171,0.4200015962123871
172,0.43094968795776367
173,-0.015466596931219101
174,0.419883131980896
175,0.43961861729621887
176,-0.013560553081333637
177,0.41982540488243103
178,0.4454714059829712
179,-0.014847761951386929
180,0.41984447836875916
181,0.4526514410972595
182,-0.0164497010409832
183,0.4199386537075043
184,0.46015435457229614
185,-0.014860205352306366
186,0.4202210605144501
187,0.47035571932792664
188,-0.00621426897123456
189,0.417851060628891
190,0.3845786452293396
191,-0.041821908205747604
192,0.41003698110580444
193,0.38334929943084717
194,-0.029597774147987366
195,0.3364577293395996
196,0.26063576340675354
197,0.05302232876420021
198,0.3849574327468872
199,0.31619930267333984
200,0.0037294505164027214
201,0.3769829571247101
202,0.3170044422149658
203,0.004548233468085527
204,0.3692052960395813
205,0.31653639674186707
206,0.007148404605686665
207,0.3587406277656555
208,0.30967673659324646
209,0.014582168310880661
210,0.3915976583957672
211,0.3134813904762268
212,0.003949902486056089
213,0.37372440099716187
214,0.287481427192688
215,0.0005113532533869147
216,0.3826558291912079
217,0.2883283197879791
218,5.548426543100504e-06
219,0.3655324876308441
220,0.2890543043613434
221,0.0034609080757945776
222,0.3602238893508911
223,0.29277536273002625
224,0.007217103615403175
225,0.35268932580947876
226,0.3179047107696533
227,0.01911879889667034
228,0.3893202543258667
229,0.48400187492370605
230,0.006587249226868153
231,0.35851773619651794
232,0.30228662490844727
233,0.015947729349136353
234,0.33233144879341125
235,0.3119913935661316
236,0.05791151896119118
237,0.3443378806114197
238,0.31042441725730896
239,0.02774418331682682
240,0.37748605012893677
241,0.3663182258605957
242,-0.0035614350344985723
243,0.40832293033599854
244,0.4157199263572693
245,-0.021733401343226433
246,0.4102115035057068
247,0.42878150939941406
248,-0.017445985227823257
249,0.3973712921142578
250,0.41923463344573975
251,-0.015865063294768333
252,0.3909345269203186
253,0.42405349016189575
254,-0.008322125300765038
255,0.402320921421051
256,0.4291945695877075
257,-0.013182273134589195
258,0.3965151309967041
259,0.43038424849510193
260,-0.00633518910035491
261,0.38157418370246887
262,0.44367516040802
263,0.006949777714908123
264,0.41038253903388977
265,0.37790966033935547
266,-0.04527084529399872
267,0.4091138243675232
268,0.3658607304096222
269,-0.04809264838695526
270,0.34864485263824463
271,0.2825552225112915
272,0.009144908748567104
273,0.3942722678184509
274,0.3363863527774811
275,-0.0063430313020944595
276,0.3907108008861542
277,0.373318076133728
278,-0.02300010621547699
279,0.39031916856765747
280,0.36678314208984375
281,-0.020387453958392143
282,0.3543388843536377
283,0.3643997013568878
284,0.008419954217970371
285,0.4099390208721161
286,0.35064730048179626
287,-0.04312610626220703
288,0.36733800172805786
289,0.27166473865509033
290,-0.007159208878874779
291,0.35607674717903137
292,0.27495068311691284
293,4.8002213588915765e-05
294,0.34308427572250366
295,0.2397928237915039
296,0.03529034182429314
297,0.40267306566238403
298,0.2816556990146637
299,-0.015837159007787704
300,0.39036259055137634
301,0.2919471263885498
302,0.0023400853388011456
303,0.37545618414878845
304,0.43091893196105957
305,0.008714447729289532
306,0.34210288524627686
307,0.42253050208091736
308,0.08326973766088486
309,0.3970347046852112
310,0.3801344633102417
311,-0.019651684910058975
312,0.4043528139591217
313,0.38433313369750977
314,-0.02122872695326805
315,0.3835732042789459
316,0.4325621426105499
317,0.007736845873296261
318,0.3878885507583618
319,0.43225058913230896
320,0.005142334382981062
321,0.3520764708518982
322,0.2670974135398865
323,0.004332047421485186
324,0.39062759280204773
325,0.37840282917022705
326,-0.018135525286197662
327,0.38259178400039673
328,0.27307069301605225
329,-0.012668170966207981
330,0.3811078667640686
331,0.2631857097148895
332,-0.01473304908722639
333,0.3733978867530823
334,0.2116018831729889
335,0.00021166045917198062
336,0.3478333353996277
337,0.2527661621570587
338,0.017673281952738762
339,0.37814390659332275
340,0.23602330684661865
341,-0.007778001483529806
342,0.34445345401763916
343,0.27708518505096436
344,0.01664314605295658
345,0.3404378890991211
346,0.26921790838241577
347,0.03388591855764389
348,0.40910273790359497
349,0.4232614040374756
350,-0.020512577146291733
351,0.40007737278938293
352,0.42522186040878296
353,-0.014862164855003357
354,0.39369678497314453
355,0.4273943603038788
356,-0.008050638251006603
357,0.3993159532546997
358,0.38239002227783203
359,-0.018372828140854836
360,0.38570088148117065
361,0.4326111078262329
362,0.006271981168538332
363,0.3891143798828125
364,0.43668651580810547
365,0.0010745346080511808
366,0.3891814351081848
367,0.4314749538898468
368,0.004788593389093876
369,0.4012749493122101
370,0.3767230808734894
371,-0.03211590647697449
372,0.39854687452316284
373,0.4297311305999756
374,-0.0051124244928359985
375,0.40440091490745544
376,0.429871141910553
377,-0.009910792112350464
378,0.4115600287914276
379,0.4304184913635254
380,-0.013809308409690857
381,0.40838053822517395
382,0.46933355927467346
383,-0.005130309611558914
384,0.40852418541908264
385,0.4585358202457428
386,-0.013537057675421238
387,0.40909868478775024
388,0.45095038414001465
389,-0.014841520227491856
390,0.40991222858428955
391,0.44358208775520325
392,-0.013107836246490479
393,0.41091710329055786
394,0.4388009011745453
395,-0.011766987852752209
396,0.39728692173957825
397,0.43579187989234924
398,-0.003497616620734334
399,0.39571860432624817
400,0.4376595616340637
401,-0.004826861899346113
402,0.39345476031303406
403,0.44121241569519043
404,-0.005695439875125885
405,0.3916320204734802
406,0.4453125
407,-0.003819746430963278
408,0.3838803172111511
409,0.40990015864372253
410,-0.0057980683632195
411,0.3340265452861786
412,0.36366185545921326
413,0.09450729191303253
414,0.4182877242565155
415,0.3867719769477844
416,-0.030208144336938858
417,0.39356690645217896
418,0.4344084560871124
419,0.0015889533096924424
420,0.3914248049259186
421,0.4351871907711029
422,0.0007970969891175628
423,0.4073994755744934
424,0.3897772431373596
425,-0.021362677216529846
426,0.39385783672332764
427,0.3857659697532654
428,-0.01197868213057518
429,0.4059343934059143
430,0.38716667890548706
431,-0.021601347252726555
432,0.3857341706752777
433,0.3430326581001282
434,-0.002726601902395487
435,0.37269502878189087
436,0.35077863931655884
437,0.0003684700350277126
438,0.3891676366329193
439,0.37197887897491455
440,-0.015326366759836674
441,0.35464853048324585
442,0.22311194241046906
443,0.016673892736434937
444,0.35979971289634705
445,0.24123883247375488
446,0.004288488999009132
447,0.3646808862686157
448,0.26189133524894714
449,-0.005600052420049906
450,0.3884550631046295
451,0.453087717294693
452,0.002582784276455641
453,0.40005171298980713
454,0.26608482003211975
455,-0.01973496377468109
456,0.39757686853408813
457,0.2348289042711258
458,-0.015127948485314846
459,0.39462411403656006
460,0.20613457262516022
461,-0.009816437028348446
462,0.36250314116477966
463,0.3142225742340088
464,0.011049279011785984
465,0.3444794714450836
466,0.3264702260494232
467,0.024490507319569588
468,0.3958628177642822
469,0.31044402718544006
470,0.004895454738289118
471,0.3520702123641968
472,0.29639363288879395
473,0.014814192429184914
474,0.4001472592353821
475,0.32891547679901123
476,-0.009985780343413353
477,0.39570343494415283
478,0.36927130818367004
479,-0.031842127442359924
480,0.336712121963501
481,0.33443987369537354
482,0.034502916038036346
483,0.34939664602279663
484,0.33478567004203796
485,0.016872335225343704
486,0.3593862056732178
487,0.3393820822238922
488,0.008711637929081917
489,0.3746757209300995
490,0.3376343846321106
491,0.0038537178188562393
492,0.38592949509620667
493,0.3328440487384796
494,0.0013610051246359944
495,0.3943553864955902
496,0.3274644613265991
497,-0.0016417682636529207
498,0.41101086139678955
499,0.313568115234375
500,-0.02041942998766899
501,0.33739936351776123
502,0.3592800796031952
503,0.032715436071157455
504,0.34600406885147095
505,0.2951448857784271
506,0.01894487999379635
507,0.4135083854198456
508,0.3840743601322174
509,-0.04105141758918762
510,0.3942667543888092
511,0.34824419021606445
512,-0.009716633707284927
513,0.33212608098983765
514,0.31070297956466675
515,0.0864829495549202
516,0.4006277620792389
517,0.3212504982948303
518,-0.0035109417513012886
519,0.38876599073410034
520,0.3725263476371765
521,-0.006487185601145029
522,0.3561036288738251
523,0.30328506231307983
524,0.017595946788787842
525,0.39551112055778503
526,0.36129525303840637
527,-0.02863297425210476
528,0.3365587592124939
529,0.3922168016433716
530,0.09121182560920715
531,0.39586347341537476
532,0.30588725209236145
533,0.0071473196148872375
534,0.40259435772895813
535,0.3547768294811249
536,-0.037513360381126404
537,0.35678207874298096
538,0.4527411460876465
539,0.038977913558483124
540,0.3585165739059448
541,0.4656749665737152
542,0.05395030975341797
543,0.3319043219089508
544,0.36202675104141235
545,0.06360989063978195
546,0.34732669591903687
547,0.4358443021774292
548,0.04919934645295143
549,0.33622708916664124
550,0.28860536217689514
551,0.04823796823620796
552,0.3881322741508484
553,0.4956272840499878
554,0.011720914393663406
555,0.41478776931762695
556,0.38629329204559326
557,-0.029546387493610382
558,0.38700512051582336
559,0.3568723499774933
560,-0.005968945566564798
561,0.3382554054260254
562,0.3125234544277191
563,0.03670235350728035
564,0.36962297558784485
565,0.30916231870651245
566,0.007916653528809547
567,0.3767370879650116
568,0.3101532757282257
569,0.005545008461922407
570,0.38690727949142456
571,0.4386582374572754
572,0.002721121534705162
573,0.3391016721725464
574,0.3834119737148285
575,0.03620344027876854
576,0.40324169397354126
577,0.5127460360527039
578,0.013389176689088345
579,0.3795931935310364
580,0.494331955909729
581,0.03130241110920906
582,0.36980921030044556
583,0.48242416977882385
584,0.041390884667634964
585,0.4201413691043854
586,0.23532159626483917
587,-0.018006298691034317
588,0.4204981327056885
589,0.5159208178520203
590,0.010178805328905582
591,0.3835639953613281
592,0.3095766603946686
593,0.004835829138755798
594,0.38991597294807434
595,0.30798423290252686
596,0.005626219790428877
597,0.3939500153064728
598,0.3069601058959961
599,0.00712185213342309
600,0.34102484583854675
601,0.2925969362258911
602,0.02772529236972332
603,0.38903525471687317
604,0.2976799011230469
605,0.00432670908048749
606,0.3821037709712982
607,0.2943158447742462
608,0.0030052736401557922
609,0.37490835785865784
610,0.29341423511505127
611,0.0037389476783573627
612,0.36760932207107544
613,0.29510989785194397
614,0.006111988797783852
615,0.36310112476348877
616,0.29815447330474854
617,0.009143778122961521
618,0.33307164907455444
619,0.28277671337127686
620,0.0716145932674408
621,0.36481934785842896
622,0.307323694229126
623,0.010740971192717552
624,0.4191240668296814
625,0.399009108543396
626,-0.021700497716665268
627,0.3906186521053314
628,0.40294501185417175
629,-0.011461770161986351
630,0.396726131439209
631,0.3783593475818634
632,-0.023242970928549767
633,0.4068912863731384
634,0.39979827404022217
635,-0.020378120243549347
636,0.41944268345832825
637,0.2966240644454956
638,-0.018419625237584114
639,0.3671720027923584
640,0.46930617094039917
641,0.030719883739948273
642,0.3772124946117401
643,0.48238474130630493
644,0.02177003212273121
645,0.40235066413879395
646,0.505319356918335
647,0.0028334944508969784
648,0.3497737646102905
649,0.44720545411109924
650,0.06938007473945618
651,0.3937111794948578
652,0.30259954929351807
653,0.005939691327512264
654,0.4051229655742645
655,0.33248579502105713
656,-0.022134985774755478
657,0.42022982239723206
658,0.5082948803901672
659,2.9581538910861127e-05
660,0.3902686834335327
661,0.5049915909767151
662,0.02071448415517807
663,0.3345509469509125
664,0.388412743806839
665,0.06302141398191452
666,0.40336528420448303
667,0.43731924891471863
668,-0.007963648997247219
669,0.4018082022666931
670,0.44081252813339233
671,-0.009370346553623676
672,0.40016624331474304
673,0.44637444615364075
674,-0.010361623018980026
675,0.39894646406173706
676,0.4531092643737793
677,-0.008830290287733078
678,0.39694473147392273
679,0.46233996748924255
680,-0.0021119238808751106
681,0.3913643956184387
682,0.4310658574104309
683,-0.00022713164798915386
684,0.38852134346961975
685,0.4299405813217163
686,-0.00011600416473811492
687,0.38596123456954956
688,0.4278927445411682
689,-0.00013977638445794582
690,0.3782372772693634
691,0.4193785786628723
692,0.0015110569074749947
693,0.3488903343677521
694,0.39021196961402893
695,0.018596962094306946
696,0.4057334065437317
697,0.32048678398132324
698,-0.014569795690476894
699,0.40225282311439514
700,0.298633873462677
701,0.00018380502297077328
702,0.3972131609916687
703,0.29983091354370117
704,0.0038491839077323675
705,0.39366212487220764
706,0.42953240871429443
707,0.0005262884660623968
708,0.34927862882614136
709,0.41907158493995667
710,0.0325290821492672
711,0.4089820384979248
712,0.2984539866447449
713,-0.011590791866183281
714,0.39292988181114197
715,0.472476065158844
716,0.002825362840667367
717,0.41814881563186646
718,0.33618104457855225
719,-0.03849353268742561
720,0.41085126996040344
721,0.3263874351978302
722,-0.02863110974431038
723,0.41857749223709106
724,0.32382872700691223
725,-0.031091030687093735
726,0.39865005016326904
727,0.3510040044784546
728,-0.021293871104717255
729,0.4201689064502716
730,0.4965694546699524
731,-0.004971258342266083
732,0.42019400000572205
733,0.48237717151641846
734,-0.0053366972133517265
735,0.40588200092315674
736,0.4807353913784027
737,-0.002934318734332919
738,0.37477099895477295
739,0.4473739266395569
740,0.012189195491373539
741,0.38261526823043823
742,0.38217970728874207
743,-0.003755606710910797
744,0.3830113410949707
745,0.46144431829452515
746,0.008089411072432995
747,0.3652981221675873
748,0.3804193437099457
749,0.00099744345061481
750,0.375943660736084
751,0.3942529559135437
752,-0.0010531730949878693
753,0.35933494567871094
754,0.3995663523674011
755,0.009139963425695896
756,0.4032473862171173
757,0.49409425258636475
758,-0.0018036463297903538
759,0.3936244249343872
760,0.3574310839176178
761,-0.01461866032332182
762,0.36872512102127075
763,0.4561901092529297
764,0.0205673985183239
765,0.37893375754356384
766,0.4707106947898865
767,0.014753304421901703
768,0.36824649572372437
769,0.4316357374191284
770,0.012811881490051746
771,0.34188082814216614
772,0.4039687514305115
773,0.03978408873081207
774,0.3590332865715027
775,0.4329662322998047
776,0.021533185616135597
777,0.3391529321670532
778,0.4129815995693207
779,0.05996659770607948
780,0.37036633491516113
781,0.40966498851776123
782,0.004074894357472658
783,0.3998143672943115
784,0.34021687507629395
785,-0.015438984148204327
786,0.39846715331077576
787,0.37472665309906006
788,-0.03384948894381523
789,0.39324721693992615
790,0.3772803246974945
791,-0.024142684414982796
792,0.4019981026649475
793,0.36704176664352417
794,-0.04041849449276924
795,0.39604175090789795
796,0.28950604796409607
797,-0.0023139489348977804
798,0.38289618492126465
799,0.2833775281906128
800,-0.0037413265090435743
801,0.371168315410614
802,0.2819089889526367
803,-0.002786724828183651
804,0.3615327775478363
805,0.2834798991680145
806,0.0012832352658733726
807,0.35511529445648193
808,0.28812360763549805
809,0.007011340465396643
810,0.3511391580104828
811,0.3069126605987549
812,0.02127072773873806
813,0.3309953808784485
814,0.33670684695243835
815,0.061368051916360855
816,0.35678642988204956
817,0.32291120290756226
818,0.014825473539531231
819,0.3650229573249817
820,0.32652777433395386
821,0.009294402785599232
822,0.375642329454422
823,0.3265382945537567
824,0.005266234744340181
825,0.38572829961776733
826,0.32393163442611694
827,0.0034271941985934973
828,0.39352646470069885
829,0.3201350271701813
830,0.0022505586966872215
831,0.39893603324890137
832,0.31633585691452026
833,0.0014740523183718324
834,0.3331059515476227
835,0.33701232075691223
836,0.09344476461410522
837,0.393672376871109
838,0.3803586959838867
839,-0.019815560430288315
840,0.40448394417762756
841,0.34333816170692444
842,-0.028561780229210854
843,0.4044440984725952
844,0.3758470416069031
845,-0.040861211717128754
846,0.4094052314758301
847,0.38179463148117065
848,-0.03750615939497948
849,0.40462929010391235
850,0.3776066303253174
851,-0.036600902676582336
852,0.3962474763393402
853,0.38399437069892883
854,-0.016948040574789047
855,0.410902738571167
856,0.38309094309806824
857,-0.039832230657339096
858,0.41196149587631226
859,0.38533440232276917
860,-0.029524248093366623
861,0.39865946769714355
862,0.30693256855010986
863,0.005529480520635843
864,0.40319353342056274
865,0.3100527226924896
866,-0.00013123019016347826
867,0.40549778938293457
868,0.31223368644714355
869,-0.00653766468167305
870,0.3604993224143982
871,0.30040961503982544
872,0.012126071378588676
873,0.3563298285007477
874,0.2969859838485718
875,0.01246646884828806
876,0.4256695508956909
877,0.33810317516326904
878,-0.035906460136175156
879,0.4819733500480652
880,0.30781474709510803
881,0.007489071227610111
882,0.4267444312572479
883,0.38354822993278503
884,-0.030241020023822784
885,0.5118155479431152
886,0.2621367573738098
887,0.04458804056048393
888,0.4569888412952423
889,0.31780126690864563
890,-0.00014181711594574153
891,0.4654545485973358
892,0.3188774585723877
893,3.5386565286898986e-05
894,0.4737052619457245
895,0.31847164034843445
896,0.0018735575722530484
897,0.48505282402038574
898,0.31206047534942627
899,0.008554174564778805
900,0.4498736262321472
901,0.3148254454135895
902,0.0009811859345063567
903,0.46887174248695374
904,0.2891238033771515
905,-0.004228959791362286
906,0.4595819413661957
907,0.2895999252796173
908,-0.0037651709280908108
909,0.47743484377861023
910,0.29094260931015015
911,-0.0018451922805979848
912,0.483180433511734
913,0.29486140608787537
914,0.0014102321583777666
915,0.49145036935806274
916,0.31993424892425537
917,0.01261068880558014
918,0.4525032341480255
919,0.48553216457366943
920,0.003863902995362878
921,0.485168993473053
922,0.3049178123474121
923,0.009964353404939175
924,0.5155884623527527
925,0.31399378180503845
926,0.04937046021223068
927,0.5007972121238708
928,0.31236928701400757
929,0.02056042291224003
930,0.4634491801261902
931,0.36720219254493713
932,-0.007481146138161421
933,0.4309328496456146
934,0.4158328175544739
935,-0.02276909537613392
936,0.4298003017902374
937,0.4287850260734558
938,-0.0184292234480381
939,0.4429725706577301
940,0.41933873295783997
941,-0.017924856394529343
942,0.45055699348449707
943,0.42390671372413635
944,-0.011249552480876446
945,0.4384745955467224
946,0.42914271354675293
947,-0.015170454047620296
948,0.44503769278526306
949,0.43009164929389954
950,-0.00894545391201973
951,0.46118301153182983
952,0.4439149498939514
953,0.0032086472492665052
954,0.4248256981372833
955,0.37802422046661377
956,-0.045804981142282486
957,0.42590051889419556
958,0.36606404185295105
959,-0.04867825284600258
960,0.495516300201416
961,0.2843196988105774
962,0.002425913466140628
963,0.4460511803627014
964,0.3371218144893646
965,-0.008965970017015934
966,0.4471075236797333
967,0.3738303482532501
968,-0.0253384280949831
969,0.4479435980319977
970,0.3673662841320038
971,-0.022836655378341675
972,0.4885564148426056
973,0.3658539056777954
974,0.0022057099267840385
975,0.42575570940971375
976,0.35087141394615173
977,-0.04390585049986839
978,0.47487565875053406
979,0.2730289697647095
980,-0.011951280757784843
981,0.48710891604423523
982,0.2765428423881531
983,-0.00596413342282176
984,0.5038584470748901
985,0.24094748497009277
986,0.027674643322825432
987,0.43742939829826355
988,0.2822478413581848
989,-0.017400844022631645
990,0.4516433775424957
991,0.293108731508255
992,-0.0007184226415120065
993,0.4675312042236328
994,0.4311279058456421
995,0.00424970081076026
996,0.506574273109436
997,0.42563530802726746
998,0.07550366967916489
999,0.4408460557460785
1000,0.3804705739021301
1001,-0.02164781279861927
1002,0.43341198563575745
1003,0.3844890296459198
1004,-0.02221229486167431
1005,0.4592663645744324
1006,0.4320068061351776
1007,0.003814475145190954
1008,0.4548969268798828
1009,0.43160298466682434
1010,0.0017523547867313027
1011,0.4916689395904541
1012,0.268619179725647
1013,-0.0019405005732551217
1014,0.4477968215942383
1015,0.37886959314346313
1016,-0.020481789484620094
1017,0.4585739076137543
1018,0.2741948664188385
1019,-0.015976769849658012
1020,0.46009913086891174
1021,0.26410219073295593
1022,-0.018076959997415543
1023,0.4697665274143219
1024,0.21201318502426147
1025,-0.004139999859035015
1026,0.497323215007782
1027,0.25401976704597473
1028,0.010823363438248634
1029,0.4638880789279938
1030,0.23671646416187286
1031,-0.011591863818466663
1032,0.5004782676696777
1033,0.27870556712150574
1034,0.009448444470763206
1035,0.5060300827026367
1036,0.2708202302455902
1037,0.026121312752366066
1038,0.43052786588668823
1039,0.4233022928237915
1040,-0.021574581041932106
1041,0.4404970109462738
1042,0.425239622592926
1043,-0.016921913251280785
1044,0.4478311538696289
1045,0.4271501898765564
1046,-0.010758423246443272
1047,0.4387374520301819
1048,0.3826976418495178
1049,-0.019843585789203644
1050,0.45709705352783203
1051,0.43196582794189453
1052,0.002689662389457226
1053,0.4531767964363098
1054,0.4362800121307373
1055,-0.001974547980353236
1056,0.45364946126937866
1057,0.43096983432769775
1058,0.0014733669813722372
1059,0.4353964030742645
1060,0.37714818120002747
1061,-0.03372369334101677
1062,0.4433078467845917
1063,0.429351806640625
1064,-0.007483507972210646
1065,0.4367520809173584
1066,0.4297511577606201
1067,-0.011741293594241142
1068,0.428952693939209
1069,0.43036192655563354
1070,-0.01483386754989624
1071,0.43250393867492676
1072,0.4697006344795227
1073,-0.006162478122860193
1074,0.431752473115921
1075,0.45881903171539307
1076,-0.014648803509771824
1077,0.43103674054145813
1078,0.45110389590263367
1079,-0.015994101762771606
1080,0.43019112944602966
1081,0.44375601410865784
1082,-0.014139039441943169
1083,0.42936381697654724
1084,0.438882440328598
1085,-0.01276770606637001
1086,0.4444350004196167
1087,0.4355435371398926
1088,-0.005807727575302124
1089,0.445951372385025
1090,0.43740901350975037
1091,-0.007160353474318981
1092,0.44820699095726013
1093,0.4410644769668579
1094,-0.008049439638853073
1095,0.4500986635684967
1096,0.4453001618385315
1097,-0.006340770050883293
1098,0.4571229815483093
1099,0.4102419912815094
1100,-0.009079347364604473
1101,0.5160099267959595
1102,0.3661681115627289
1103,0.08568470180034637
1104,0.4486900269985199
1105,0.43402808904647827
1106,-0.0013072519795969129
1107,0.4507860839366913
1108,0.434797465801239
1109,-0.002139562275260687
1110,0.4304642677307129
1111,0.38987067341804504
1112,-0.022257791832089424
1113,0.4450228214263916
1114,0.38607755303382874
1115,-0.0138234319165349
1116,0.4318583309650421
1117,0.3873051106929779
1118,-0.022516794502735138
1119,0.4551463723182678
1120,0.34390726685523987
1121,-0.00620126212015748
1122,0.46889233589172363
1123,0.3518676161766052
1124,-0.004210685845464468
1125,0.44962185621261597
1126,0.3725005090236664
1127,-0.017866378650069237
1128,0.4905215799808502
1129,0.223786398768425
1130,0.010376670397818089
1131,0.48396292328834534
1132,0.24216297268867493
1133,-0.0013091303408145905
1134,0.4777509570121765
1135,0.26311713457107544
1136,-0.010597174987196922
1137,0.45378077030181885
1138,0.45364975929260254
1139,-0.00047511933371424675
1140,0.44028961658477783
1141,0.2665528357028961
1142,-0.02140982635319233
1143,0.4434005916118622
1144,0.23517346382141113
1145,-0.017041577026247978
1146,0.44715580344200134
1147,0.20631557703018188
1148,-0.012027322314679623
1149,0.48092496395111084
1150,0.31638652086257935
1151,0.005251183174550533
1152,0.5001863837242126
1153,0.3283931314945221
1154,0.017361938953399658
1155,0.4454103708267212
1156,0.3117601275444031
1157,0.0022382154129445553
1158,0.49212467670440674
1159,0.29846835136413574
1160,0.008312178775668144
1161,0.439767986536026
1162,0.32948893308639526
1163,-0.012121879495680332
1164,0.44115930795669556
1165,0.36981338262557983
1166,-0.033754151314496994
1167,0.5088953375816345
1168,0.33646222949028015
1169,0.0265109371393919
1170,0.49431782960891724
1171,0.33656442165374756
1172,0.010114074684679508
1173,0.4834258556365967
1174,0.3407592177391052
1175,0.0027713601011782885
1176,0.4672805666923523
1177,0.33880454301834106
1178,-0.0007608330924995244
1179,0.45540300011634827
1180,0.33387991786003113
1181,-0.0021502156741917133
1182,0.4465318024158478
1183,0.3283592164516449
1184,-0.004412042908370495
1185,0.4275456368923187
1186,0.3138338625431061
1187,-0.021299317479133606
1188,0.507625162601471
1189,0.3614150583744049
1190,0.024805588647723198
1191,0.49880069494247437
1192,0.29705843329429626
1193,0.011875209398567677
1194,0.4223402440547943
1195,0.3841146230697632
1196,-0.041472941637039185
1197,0.4454096257686615
1198,0.3489500880241394
1199,-0.012133507989346981
1200,0.5179316997528076
1201,0.31274765729904175
1202,0.07742377370595932
1203,0.43983903527259827
1204,0.3220007121562958
1205,-0.005596413742750883
1206,0.45067664980888367
1207,0.37309470772743225
1208,-0.00890396349132061
1209,0.4878966212272644
1210,0.30574142932891846
1211,0.011382000520825386
1212,0.4418639540672302
1213,0.36187776923179626
1214,-0.030577760189771652
1215,0.5129446983337402
1216,0.3951544165611267
1217,0.08288736641407013
1218,0.4457477033138275
1219,0.30730974674224854
1220,0.004449327476322651
1221,0.43387073278427124
1222,0.3551258146762848
1223,-0.03894747793674469
1224,0.48835289478302
1225,0.45552903413772583
1226,0.03298230841755867
1227,0.48767492175102234
1228,0.4688192307949066
1229,0.04793321341276169
1230,0.5155169367790222
1231,0.364484965801239
1232,0.05503711849451065
1233,0.49877840280532837
1234,0.4388429522514343
1235,0.0422598198056221
1236,0.5110114216804504
1237,0.2904151976108551
1238,0.04004894942045212
1239,0.45393866300582886
1240,0.4974195957183838
1241,0.008883871138095856
1242,0.42185091972351074
1243,0.386307954788208
1244,-0.029835131019353867
1245,0.453304648399353
1246,0.3575568199157715
1247,-0.009014299139380455
1248,0.5078237056732178
1249,0.3145442008972168
1250,0.028914310038089752
1251,0.4731226861476898
1252,0.3114180266857147
1253,0.002889544703066349
1254,0.4656130373477936
1255,0.31218573451042175
1256,0.0010637560626491904
1257,0.45551151037216187
1258,0.43831682205200195
1259,-0.0005492216441780329
1260,0.5060672760009766
1261,0.38566145300865173
1262,0.028396818786859512
1263,0.4382610619068146
1264,0.5138851404190063
1265,0.011792031116783619
1266,0.4640423059463501
1267,0.496765673160553
1268,0.0273496825248003
1269,0.47502419352531433
1270,0.48526522517204285
1271,0.036488596349954605
1272,0.4584466516971588
1273,0.31139981746673584
1274,0.0009263508836738765
1275,0.4517809748649597
1276,0.30943557620048523
1277,0.0023080010432749987
1278,0.4476671516895294
1279,0.3083803057670593
1280,0.004098922945559025
1281,0.5046424865722656
1282,0.29433709383010864
1283,0.020131826400756836
1284,0.4531345069408417
1285,0.2992463707923889
1286,0.0008137921686284244
1287,0.46049243211746216
1288,0.2960878014564514
1289,-0.0010540217626839876
1290,0.46795225143432617
1291,0.29548388719558716
1292,-0.0009870326612144709
1293,0.47545209527015686
1294,0.2974325716495514
1295,0.0008575247484259307
1296,0.4801745116710663
1297,0.3005581498146057
1298,0.0036048940382897854
1299,0.5161815881729126
1300,0.28460830450057983
1301,0.06282688677310944
1302,0.4783163070678711
1303,0.30975571274757385
1304,0.00531342625617981
1305,0.4491918683052063
1306,0.40328025817871094
1307,-0.014025384560227394
1308,0.4408172070980072
1309,0.37874463200569153
1310,-0.024938350543379784
1311,0.4317426383495331
1312,0.3998902142047882
1313,-0.02146352268755436
1314,0.47705313563346863
1315,0.4718402326107025
1316,0.02576964907348156
1317,0.4659615755081177
1318,0.4846651256084442
1319,0.017891936004161835
1320,0.4385965168476105
1321,0.5063351392745972
1322,0.001228447537869215
1323,0.4976556897163391
1324,0.45038360357284546
1325,0.06232895329594612
1326,0.44798386096954346
1327,0.3040606677532196
1328,0.002888779854401946
1329,0.4332309365272522
1330,0.3329322636127472
1331,-0.02352108433842659
1332,0.45212385058403015
1333,0.506838321685791
1334,0.017805825918912888
1335,0.5126341581344604
1336,0.3911658525466919
1337,0.05483301728963852
1338,0.43756961822509766
1339,0.43729880452156067
1340,-0.00979944784194231
1341,0.4390712380409241
1342,0.4408884048461914
1343,-0.011193589307367802
1344,0.4407236874103546
1345,0.4464626908302307
1346,-0.012280148454010487
1347,0.44199222326278687
1348,0.4533070921897888
1349,-0.010785618796944618
1350,0.44454318284988403
1351,0.4629172682762146
1352,-0.004345099441707134
1353,0.45101398229599
1354,0.43060731887817383
1355,-0.0034229399170726538
1356,0.4538135528564453
1357,0.4295089840888977
1358,-0.0035696732811629772
1359,0.45640167593955994
1360,0.427532821893692
1361,-0.0037186171393841505
1362,0.46386680006980896
1363,0.4196219742298126
1364,-0.0025982942897826433
1365,0.4949929118156433
1366,0.3920880854129791
1367,0.01175890676677227
1368,0.4335029125213623
1369,0.3209189772605896
1370,-0.016107602044939995
1371,0.438615083694458
1372,0.2995341420173645
1373,-0.0017157229594886303
1374,0.4441825747489929
1375,0.3009829521179199
1376,0.0013708387268707156
1377,0.44883254170417786
1378,0.4291020333766937
1379,-0.0024717904161661863
1380,0.4956199526786804
1381,0.4214155077934265
1382,0.025767041370272636
1383,0.4307543635368347
1384,0.2989191710948944
1385,-0.012693950906395912
1386,0.4488242566585541
1387,0.47353607416152954
1388,0.0003976465668529272
1389,0.4267180263996124
1390,0.3266001343727112
1391,-0.02935849316418171
1392,0.43961936235427856
1393,0.3515247702598572
1394,-0.023088937625288963
1395,0.4350319504737854
1396,0.4813545346260071
1397,-0.004124884959310293
1398,0.4682493209838867
1399,0.4486379623413086
1400,0.007951924577355385
1401,0.457671582698822
1402,0.38283002376556396
1403,-0.0070066568441689014
1404,0.459575891494751
1405,0.4626394212245941
1406,0.004755652975291014
1407,0.47666826844215393
1408,0.3816174864768982
1409,-0.004115929361432791
1410,0.465330570936203
1411,0.3950819969177246
1412,-0.005129222758114338
1413,0.4836735725402832
1414,0.40107855200767517
1415,0.003364786971360445
1416,0.4375588595867157
1417,0.4949742257595062
1418,-0.0034051842521876097
1419,0.44529658555984497
1420,0.3580838441848755
1421,-0.01690961793065071
1422,0.4748254120349884
1423,0.45814821124076843
1424,0.015887513756752014
1425,0.4639298915863037
1426,0.4726080000400543
1427,0.011159131303429604
1428,0.47495388984680176
1429,0.43275129795074463
1430,0.007629067171365023
1431,0.5035901665687561
1432,0.4064411520957947
1433,0.032348185777664185
1434,0.48500266671180725
1435,0.435011625289917
1436,0.015646902844309807
1437,0.507786214351654
1438,0.4159376621246338
1439,0.05216199532151222
1440,0.4719878137111664
1441,0.4105232357978821
1442,-0.0008492449414916337
1443,0.43918555974960327
1444,0.3407691717147827
1445,-0.017419593408703804
1446,0.4381519854068756
1447,0.37519577145576477
1448,-0.03554793819785118
1449,0.44441860914230347
1450,0.3778279423713684
1451,-0.026147793978452682
1452,0.4338451623916626
1453,0.36748966574668884
1454,-0.041974738240242004
1455,0.44517555832862854
1456,0.29051679372787476
1457,-0.004849078133702278
1458,0.45890089869499207
1459,0.28465670347213745
1460,-0.007239280268549919
1461,0.471070259809494
1462,0.28351032733917236
1463,-0.00726852985098958
1464,0.4813162684440613
1465,0.28526797890663147
1466,-0.00426892563700676
1467,0.48852449655532837
1468,0.28999847173690796
1469,0.0008956266683526337
1470,0.4934314787387848
1471,0.3090706467628479
1472,0.014570158906280994
1473,0.5167229175567627
1474,0.3390040695667267
1475,0.05258531495928764
1476,0.48678889870643616
1477,0.324787437915802
1478,0.008662956766784191
1479,0.47786417603492737
1480,0.3281579911708832
1481,0.0038180318661034107
1482,0.4666288495063782
1483,0.32803401350975037
1484,0.0007243103464134037
1485,0.4559618830680847
1486,0.3251602053642273
1487,-0.0001700802968116477
1488,0.4477557837963104
1489,0.32121455669403076
1490,-0.0004943344974890351
1491,0.44204652309417725
1492,0.3173285722732544
1493,-0.000784912786912173
1494,0.5171545147895813
1495,0.33925512433052063
1496,0.0843987986445427
1497,0.4444381296634674
1498,0.3807785212993622
1499,-0.02177499048411846
1500,0.4328468441963196
1501,0.3436606824398041
1502,-0.03001515381038189
1503,0.4313639998435974
1504,0.37619301676750183
1505,-0.04198155552148819
1506,0.42691805958747864
1507,0.3819175362586975
1508,-0.03816346451640129
1509,0.43170732259750366
1510,0.3779127895832062
1511,-0.03773105889558792
1512,0.44213926792144775
1513,0.3843938112258911
1514,-0.01865033246576786
1515,0.42517295479774475
1516,0.38318637013435364
1517,-0.04031938314437866
1518,0.42474672198295593
1519,0.3854283094406128
1520,-0.0300050787627697
1521,0.44254666566848755
1522,0.3081175684928894
1523,0.0031809851061552763
1524,0.437540739774704
1525,0.3109487295150757
1526,-0.0018382063135504723
1527,0.4346936047077179
1528,0.3128823935985565
1529,-0.008007998578250408
1530,0.48297643661499023
1531,0.30298250913619995
1532,0.0063269431702792645
1533,0.48740604519844055
1534,0.2992224097251892
1535,0.006282165180891752
1536,0.0
1537,0.0
1538,0.0
1539,0.0
1540,0.0
1541,0.0
1542,0.0
1543,0.0
1544,0.0
1545,0.0
1546,0.0
1547,0.0
1548,0.0
1549,0.0
1550,0.0
1551,0.0
1552,0.0
1553,0.0
1554,0.0
1555,0.0
1556,0.0
1557,0.0
1558,0.0
1559,0.0
1560,0.0
1561,0.0
1562,0.0
1563,0.0
1564,0.0
1565,0.0
1566,0.0
1567,0.0
1568,0.0
1569,0.0
1570,0.0
1571,0.0
1572,0.0
1573,0.0
1574,0.0
1575,0.0
1576,0.0
1577,0.0
1578,0.0
1579,0.0
1580,0.0
1581,0.0
1582,0.0
1583,0.0
1584,0.0
1585,0.0
1586,0.0
1587,0.0
1588,0.0
1589,0.0
1590,0.0
1591,0.0
1592,0.0
1593,0.0
1594,0.0
1595,0.0
1596,0.0
1597,0.0
1598,0.0
1599,0.24996568262577057
1600,0.6394500732421875
1601,4.2634874830582703e-07
1602,0.24531525373458862
1603,0.5746642351150513
1604,0.005309065338224173
1605,0.2597477436065674
1606,0.5190122127532959
1607,0.0015731181483715773
1608,0.2851772904396057
1609,0.4960642158985138
1610,-0.005977029446512461
1611,0.3106880784034729
1612,0.4939943552017212
1613,-0.012844985350966454
1614,0.26154112815856934
1615,0.4774114787578583
1616,-0.006979481317102909
1617,0.28098466992378235
1618,0.4045239984989166
1619,-0.017191361635923386
1620,0.2893938720226288
1621,0.3619343042373657
1622,-0.02078274078667164
1623,0.2956520915031433
1624,0.3275258541107178
1625,-0.02199687622487545
1626,0.2859164774417877
1627,0.4849623739719391
1628,-0.01658642664551735
1629,0.3288760185241699
1630,0.42898720502853394
1631,-0.027100268751382828
1632,0.35597336292266846
1633,0.39749765396118164
1634,-0.03236690163612366
1635,0.37650352716445923
1636,0.3758225440979004
1637,-0.03417733684182167
1638,0.3072948455810547
1639,0.5031558275222778
1640,-0.025144673883914948
1641,0.3409936726093292
1642,0.5043945908546448
1643,-0.03352148458361626
1644,0.3335227370262146
1645,0.5316633582115173
1646,-0.031194809824228287
1647,0.3228982090950012
1648,0.5484895706176758
1649,-0.02621416002511978
1650,0.3263164758682251
1651,0.5267024040222168
1652,-0.033902764320373535
1653,0.3522113859653473
1654,0.530442476272583
1655,-0.03401757776737213
1656,0.34261995553970337
1657,0.5548740029335022
1658,-0.02642345055937767
1659,0.3305826187133789
1660,0.5701503157615662
1661,-0.018886346369981766
