,0
0,0.4321608543395996
1,0.36418914794921875
2,-0.8665790557861328
3,0.9999802112579346
4,0.4614656865596771
5,0.3023337721824646
6,-0.805486798286438
7,0.9999498128890991
8,0.4760678708553314
9,0.3031351864337921
10,-0.8051593899726868
11,0.9999483227729797
12,0.4879533350467682
13,0.3038843274116516
14,-0.8048722147941589
15,0.9999357461929321
16,0.40872034430503845
17,0.3037480413913727
18,-0.8039372563362122
19,0.9999580383300781
20,0.39129337668418884
21,0.3033672869205475
22,-0.8033525347709656
23,0.9999644756317139
24,0.37478703260421753
25,0.3031430244445801
26,-0.8033684492111206
27,0.9999664425849915
28,0.5099040269851685
29,0.33485713601112366
30,-0.41030701994895935
31,0.9999300241470337
32,0.35263746976852417
33,0.3310512602329254
34,-0.37869295477867126
35,0.9999679923057556
36,0.46454358100891113
37,0.4314233958721161
38,-0.7254558801651001
39,0.9999675750732422
40,0.3985203206539154
41,0.4339072108268738
42,-0.7177156805992126
43,0.9999701976776123
44,0.6463099718093872
45,0.682898759841919
46,-0.1636766493320465
47,0.9993199110031128
48,0.2474851906299591
49,0.6580219268798828
50,-0.3060622811317444
51,0.9997707605361938
52,0.743026852607727
53,1.015544056892395
54,-0.07634106278419495
55,0.3688566982746124
56,0.14301452040672302
57,1.0298162698745728
58,-0.8138139843940735
59,0.8737262487411499
60,0.7683690786361694
61,1.4216142892837524
62,-0.271495521068573
63,0.25865069031715393
64,0.25975868105888367
65,0.6694931387901306
66,-1.6662546396255493
67,0.8675716519355774
68,0.7994184494018555
69,1.526069164276123
70,-0.32988637685775757
71,0.33644917607307434
72,0.28522852063179016
73,0.5516098141670227
74,-1.8486518859863281
75,0.8638388514518738
76,0.7597914338111877
77,1.5176702737808228
78,-0.37326037883758545
79,0.43997517228126526
80,0.285152792930603
81,0.5082084536552429
82,-1.8011499643325806
83,0.8735706210136414
84,0.7344563603401184
85,1.4813796281814575
86,-0.3047195076942444
87,0.44575655460357666
88,0.2889476716518402
89,0.547374963760376
90,-1.6702806949615479
91,0.8710817694664001
92,0.5739649534225464
93,1.4262737035751343
94,-0.03755747526884079
95,0.001000404474325478
96,0.2864685654640198
97,1.4215422868728638
98,0.042131684720516205
99,0.0012059251312166452
100,0.5441238880157471
101,2.055583953857422
102,-0.10910327732563019
103,0.0003981827467214316
104,0.29398202896118164
105,2.0623087882995605
106,0.03969439119100571
107,0.00023365109518636018
108,0.5265417098999023
109,2.622955560684204
110,0.4041758179664612
111,0.00010666076559573412
112,0.28854161500930786
113,2.625606060028076
114,0.46151337027549744
115,6.166515504446579e-06
116,0.5317090153694153
117,2.699002504348755
118,0.4182821214199066
119,6.839261914137751e-05
120,0.2817682921886444
121,2.69836163520813
122,0.4903523921966553
123,1.5057848031574395e-05
124,0.48695603013038635
125,2.7944021224975586
126,-0.14611271023750305
127,4.938765778206289e-05
128,0.3158467710018158
129,2.8153903484344482
130,-0.17651218175888062
131,2.8128222766099498e-05
132,0.42274242639541626
133,0.41605448722839355
134,-0.02273974008858204
135,0.4221329689025879
136,0.3756466507911682
137,-0.04587511345744133
138,0.42269736528396606
139,0.3872699439525604
140,-0.02352866344153881
141,0.41597068309783936
142,0.3366885781288147
143,-0.03564666956663132
144,0.42220667004585266
145,0.3636726140975952
146,-0.049097876995801926
147,0.4226156771183014
148,0.3480515778064728
149,-0.04623762145638466
150,0.4239608943462372
151,0.31012701988220215
152,-0.025341954082250595
153,0.3666785657405853
154,0.302308589220047
155,0.010027337819337845
156,0.4247371256351471
157,0.283165842294693
158,-0.021374288946390152
159,0.4251324534416199
160,0.26786282658576965
161,-0.023979974910616875
162,0.42692995071411133
163,0.20598146319389343
164,-0.017229340970516205
165,0.42273133993148804
166,0.42234641313552856
167,-0.021510079503059387
168,0.42275741696357727
169,0.42721131443977356
170,-0.01863822527229786
171,0.42286795377731323
172,0.4291681945323944
173,-0.01475539244711399
174,0.42237791419029236
175,0.4441625475883484
176,-0.010385820642113686
177,0.4222683906555176
178,0.4504999816417694
179,-0.011460397392511368
180,0.42217084765434265
181,0.45786386728286743
182,-0.012522581964731216
183,0.4221176505088806
184,0.46507012844085693
185,-0.010100037790834904
186,0.42215076088905334
187,0.472085177898407
188,-0.0006017161067575216
189,0.42227476835250854
190,0.38148295879364014
191,-0.041348859667778015
192,0.4147111177444458
193,0.3802364766597748
194,-0.029340729117393494
195,0.34150511026382446
196,0.25679662823677063
197,0.047621551901102066
198,0.38997161388397217
199,0.31445708870887756
200,0.0013198812957853079
201,0.38195309042930603
202,0.31495827436447144
203,0.0019771361257880926
204,0.37417498230934143
205,0.31411388516426086
206,0.004334042780101299
207,0.36385905742645264
208,0.3065009117126465
209,0.011430970393121243
210,0.3966948688030243
211,0.31198224425315857
212,0.0016327466582879424
213,0.37905824184417725
214,0.28392139077186584
215,-0.002500620437785983
216,0.38817155361175537
217,0.2852488160133362
218,-0.002863467438146472
219,0.37072551250457764
220,0.2853087782859802
221,0.00034643730032257736
222,0.36532148718833923
223,0.28899359703063965
224,0.003976726438850164
225,0.3575461208820343
226,0.314663827419281
227,0.01595347747206688
228,0.3913661539554596
229,0.47902220487594604
230,0.01121310330927372
231,0.36371859908103943
232,0.29893621802330017
233,0.012665517628192902
234,0.33651357889175415
235,0.3072100877761841
236,0.05376242473721504
237,0.3490931987762451
238,0.30663013458251953
239,0.024203116074204445
240,0.3822304904460907
241,0.36392655968666077
242,-0.004706950858235359
243,0.4118179976940155
244,0.4135744273662567
245,-0.02132214978337288
246,0.41345396637916565
247,0.4267031252384186
248,-0.017041273415088654
249,0.400966078042984
250,0.41716283559799194
251,-0.015640728175640106
252,0.3945142328739166
253,0.4221414029598236
254,-0.00806923396885395
255,0.405742347240448
256,0.42727527022361755
257,-0.012950585223734379
258,0.40002578496932983
259,0.42861121892929077
260,-0.006063833367079496
261,0.38389402627944946
262,0.4423926770687103
263,0.008706397376954556
264,0.41526076197624207
265,0.3749848008155823
266,-0.04498550295829773
267,0.4141211211681366
268,0.3635860085487366
269,-0.0479527972638607
270,0.3538249731063843
271,0.27871614694595337
272,0.005349616054445505
273,0.39911067485809326
274,0.33461877703666687
275,-0.007839095778763294
276,0.3959504961967468
277,0.3707254230976105
278,-0.023472733795642853
279,0.3954647183418274
280,0.36446911096572876
281,-0.021018976345658302
282,0.35931396484375
283,0.36156073212623596
284,0.006338764913380146
285,0.4149673879146576
286,0.34898197650909424
287,-0.04331941530108452
288,0.37258586287498474
289,0.2688027024269104
290,-0.01046817284077406
291,0.36136552691459656
292,0.27148956060409546
293,-0.0036398908123373985
294,0.3485390543937683
295,0.2367471307516098
296,0.02982219308614731
297,0.40775424242019653
298,0.28051576018333435
299,-0.01818994991481304
300,0.3958713114261627
301,0.28954803943634033
302,-0.0003794495714828372
303,0.37864869832992554
304,0.42891925573349
305,0.009539466351270676
306,0.3452182710170746
307,0.41492152214050293
308,0.08197622746229172
309,0.4020805358886719
310,0.3773607611656189
311,-0.01993280090391636
312,0.4090578258037567
313,0.3815842270851135
314,-0.021139759570360184
315,0.3864442706108093
316,0.4318024814128876
317,0.008423111401498318
318,0.3908323347568512
319,0.43165791034698486
320,0.005901138298213482
321,0.3574018180370331
322,0.2636317312717438
323,0.000258568994468078
324,0.39572638273239136
325,0.3759390413761139
326,-0.018583135679364204
327,0.3877679109573364
328,0.2710532546043396
329,-0.015582754276692867
330,0.3864416182041168
331,0.2614230513572693
332,-0.017886582762002945
333,0.3796049952507019
334,0.21063759922981262
335,-0.0047220089472830296
336,0.35326021909713745
337,0.24967245757579803
338,0.012924028560519218
339,0.3839435577392578
340,0.2349073588848114
341,-0.011929620988667011
342,0.3496624231338501
343,0.2731938660144806
344,0.012478304095566273
345,0.34557175636291504
346,0.26537585258483887
347,0.02912048064172268
348,0.4124378263950348
349,0.42109161615371704
350,-0.020078439265489578
351,0.4035417437553406
352,0.42319974303245544
353,-0.014638843946158886
354,0.39717766642570496
355,0.42552438378334045
356,-0.0077612861059606075
357,0.4042089283466339
358,0.37971988320350647
359,-0.01848945952951908
360,0.3885672092437744
361,0.43204841017723083
362,0.006975588388741016
363,0.39159095287323
364,0.4376334846019745
365,0.0026465936098247766
366,0.3921966254711151
367,0.4307138919830322
368,0.005577686242759228
369,0.40637800097465515
370,0.3735484182834625
371,-0.03226257860660553
372,0.4020586311817169
373,0.4280048906803131
374,-0.00484299985691905
375,0.4077826738357544
376,0.4280172288417816
377,-0.009666962549090385
378,0.41470813751220703
379,0.4284589886665344
380,-0.013375106267631054
381,0.4099278151988983
382,0.47067177295684814
383,1.4627257769461721e-05
384,0.4101143777370453
385,0.4629112482070923
386,-0.00927179679274559
387,0.410932719707489
388,0.4556707441806793
389,-0.011247028596699238
390,0.4120982587337494
391,0.44809871912002563
392,-0.0100815175101161
393,0.41327258944511414
394,0.44290757179260254
395,-0.008956783451139927
396,0.39997076988220215
397,0.43800216913223267
398,-0.0015277498168870807
399,0.39819613099098206
400,0.43999025225639343
401,-0.002588084666058421
402,0.3956005275249481
403,0.4434656500816345
404,-0.0031417924910783768
405,0.3934939503669739
406,0.4471438527107239
407,-0.001163993263617158
408,0.3881060779094696
409,0.40748387575149536
410,-0.005841742269694805
411,0.33757519721984863
412,0.3569202125072479
413,0.09134324640035629
414,0.42249855399131775
415,0.38368111848831177
416,-0.029786506667733192
417,0.3963741362094879
418,0.43548786640167236
419,0.0029811463318765163
420,0.3940531611442566
421,0.43638962507247925
422,0.002331129275262356
423,0.411752849817276
424,0.3870515823364258
425,-0.021028248593211174
426,0.3986264169216156
427,0.38333943486213684
428,-0.012142399325966835
429,0.41047203540802
430,0.38440605998039246
431,-0.021410297602415085
432,0.39061641693115234
433,0.3409768342971802
434,-0.004334434401243925
435,0.3776102364063263
436,0.34848928451538086
437,-0.0014523675199598074
438,0.3942069113254547
439,0.3696652054786682
440,-0.01595657877624035
441,0.360463947057724
442,0.2209942787885666
443,0.011384222656488419
444,0.36536774039268494
445,0.23896238207817078
446,-0.00024501970619894564
447,0.37005019187927246
448,0.25915655493736267
449,-0.009327166713774204
450,0.39037594199180603
451,0.4525175988674164
452,0.005432369187474251
453,0.40534892678260803
454,0.2652304172515869
455,-0.02239670231938362
456,0.40344515442848206
457,0.2345982789993286
458,-0.01880870759487152
459,0.40106117725372314
460,0.2061680108308792
461,-0.014222389087080956
462,0.36754024028778076
463,0.3113967478275299
464,0.008014725521206856
465,0.3490496575832367
466,0.32301121950149536
467,0.021268442273139954
468,0.4010724723339081
469,0.3091697096824646
470,0.0025375303812325
471,0.35718727111816406
472,0.2926512658596039
473,0.011340589262545109
474,0.4049915075302124
475,0.32740318775177
476,-0.011405653320252895
477,0.4009164571762085
478,0.36648258566856384
479,-0.03216245025396347
480,0.34111055731773376
481,0.3303259611129761
482,0.031179888173937798
483,0.3540220260620117
484,0.3317560851573944
485,0.013944546692073345
486,0.3641352653503418
487,0.3367993235588074
488,0.006222322583198547
489,0.37950918078422546
490,0.33537155389785767
491,0.0017765630036592484
492,0.39077532291412354
493,0.3308626115322113
494,-0.0004838478344026953
495,0.3991839289665222
496,0.3257496953010559
497,-0.0034045325592160225
498,0.41600632667541504
499,0.31279101967811584
500,-0.021649817004799843
501,0.34189867973327637
502,0.3551163375377655
503,0.02993696928024292
504,0.3510545492172241
505,0.29128867387771606
506,0.015241121873259544
507,0.41811588406562805
508,0.38093554973602295
509,-0.040702056139707565
510,0.39915522933006287
511,0.34628090262413025
512,-0.010921117849647999
513,0.336114764213562
514,0.30530714988708496
515,0.0819048285484314
516,0.40549829602241516
517,0.31987276673316956
518,-0.0052742259576916695
519,0.39369091391563416
520,0.37023821473121643
521,-0.007182571105659008
522,0.36120015382766724
523,0.29972967505455017
524,0.014316913671791553
525,0.4006555378437042
526,0.3589441478252411
527,-0.02913350611925125
528,0.33977314829826355
529,0.3848951756954193
530,0.0889032855629921
531,0.4011627435684204
532,0.30460432171821594
533,0.004632285796105862
534,0.40762192010879517
535,0.35275956988334656
536,-0.0378347709774971
537,0.36029061675071716
538,0.44650137424468994
539,0.04010115936398506
540,0.3614298701286316
541,0.4579368233680725
542,0.055041488260030746
543,0.33567291498184204
544,0.3564298152923584
545,0.06059211865067482
546,0.3511087894439697
547,0.42953044176101685
548,0.04905161261558533
549,0.3409479856491089
550,0.28435975313186646
551,0.04371624067425728
552,0.3902652859687805
553,0.4888840317726135
554,0.016507644206285477
555,0.41919535398483276
556,0.38311582803726196
557,-0.029183926060795784
558,0.3918435871601105
559,0.35467422008514404
560,-0.00720409257337451
561,0.342742383480072
562,0.3082970976829529
563,0.03289542719721794
564,0.3747859001159668
565,0.3069215416908264
566,0.005068427883088589
567,0.3818545341491699
568,0.3082878291606903
569,0.002882148837670684
570,0.38923388719558716
571,0.43913304805755615
572,0.0042306506074965
573,0.3436216711997986
574,0.3786609172821045
575,0.03404243290424347
576,0.40466824173927307
577,0.5053733587265015
578,0.019028276205062866
579,0.38179802894592285
580,0.48612090945243835
581,0.0348999947309494
582,0.37238454818725586
583,0.4743199944496155
584,0.04379468411207199
585,0.42607176303863525
586,0.23570172488689423
587,-0.021235495805740356
588,0.4215395152568817
589,0.5090178847312927
590,0.01636650413274765
591,0.3887341022491455
592,0.3079705834388733
593,0.002247614786028862
594,0.3951827585697174
595,0.30655255913734436
596,0.003086305223405361
597,0.3992775082588196
598,0.3056609034538269
599,0.0045673297718167305
600,0.34591782093048096
601,0.2885098457336426
602,0.02372501790523529
603,0.394410640001297
604,0.29541295766830444
605,0.0016385465860366821
606,0.38746359944343567
607,0.2913379669189453
608,0.0001793233532225713
609,0.38017210364341736
610,0.29015234112739563
611,0.0008173357928171754
612,0.37281864881515503
613,0.291725754737854
614,0.0030530462972819805
615,0.3683245778083801
616,0.294732004404068
617,0.006032449193298817
618,0.3376349210739136
619,0.2782175838947296
620,0.06651993095874786
621,0.3700093924999237
622,0.30470597743988037
623,0.007719478569924831
624,0.4227668046951294
625,0.39650607109069824
626,-0.021069856360554695
627,0.3948700428009033
628,0.40053632855415344
629,-0.01147526502609253
630,0.4018455743789673
631,0.3754180073738098
632,-0.02350316382944584
633,0.41076526045799255
634,0.3974072337150574
635,-0.019872039556503296
636,0.42444589734077454
637,0.29603469371795654
638,-0.019928738474845886
639,0.370104044675827
640,0.4627334475517273
641,0.03317657858133316
642,0.3797520101070404
643,0.47542476654052734
644,0.02547367848455906
645,0.4039623439311981
646,0.4993548095226288
647,0.008631586097180843
648,0.35283130407333374
649,0.4396425783634186
650,0.0690930113196373
651,0.399061918258667
652,0.30105721950531006
653,0.003325659316033125
654,0.41004589200019836
655,0.3311510682106018
656,-0.02312573418021202
657,0.42144885659217834
658,0.5028150081634521
659,0.006366361398249865
660,0.39210084080696106
661,0.4970800280570984
662,0.025436915457248688
663,0.33814534544944763
664,0.38233456015586853
665,0.060778070241212845
666,0.40586358308792114
667,0.440673828125
668,-0.005598496645689011
669,0.40406784415245056
670,0.4443652033805847
671,-0.006700882222503424
672,0.4020260274410248
673,0.45000600814819336
674,-0.00723193259909749
675,0.4004914462566376
676,0.45630505681037903
677,-0.005366491619497538
678,0.3985142409801483
679,0.46270886063575745
680,0.0018029749626293778
681,0.39469489455223083
682,0.42968443036079407
683,0.00013759199646301568
684,0.39183616638183594
685,0.4284247159957886
686,0.00023984586005099118
687,0.3893476724624634
688,0.42630496621131897
689,0.00016434681310784072
690,0.38229647278785706
691,0.4171721637248993
692,0.0016738615231588483
693,0.3538197875022888
694,0.38634276390075684
695,0.017014162614941597
696,0.4106559455394745
697,0.31933754682540894
698,-0.015919819474220276
699,0.40736672282218933
700,0.2974652945995331
701,-0.0021895067766308784
702,0.40248528122901917
703,0.2983090281486511
704,0.001236689044162631
705,0.39704370498657227
706,0.42813044786453247
707,0.0009816355304792523
708,0.3537136912345886
709,0.41416776180267334
710,0.031987182796001434
711,0.4140164256095886
712,0.2975195348262787
713,-0.01349662709981203
714,0.39470696449279785
715,0.4698440730571747
716,0.007206933572888374
717,0.4230744540691376
718,0.3351621925830841
719,-0.038831647485494614
720,0.41582924127578735
721,0.32541918754577637
722,-0.02945743501186371
723,0.4235237240791321
724,0.32314425706863403
725,-0.03172646462917328
726,0.4035831689834595
727,0.3490236699581146
728,-0.022065099328756332
729,0.42160558700561523
730,0.49293583631515503
731,0.0013868530513718724
732,0.4218774735927582
733,0.4813414216041565
734,0.0007423071074299514
735,0.4074658751487732
736,0.4791281223297119
737,0.002730101579800248
738,0.37742307782173157
739,0.44427621364593506
740,0.01415287796407938
741,0.3873470723628998
742,0.37976908683776855
743,-0.004367271438241005
744,0.3850387930870056
745,0.45829108357429504
746,0.011338277719914913
747,0.3702622056007385
748,0.37773552536964417
749,-2.916702442234964e-06
750,0.3806303143501282
751,0.39170610904693604
752,-0.0014999842969700694
753,0.3643413782119751
754,0.3962780237197876
755,0.008475810289382935
756,0.40490975975990295
757,0.48995912075042725
758,0.003968578297644854
759,0.39861300587654114
760,0.35526585578918457
761,-0.015464270487427711
762,0.3716282248497009
763,0.4513380825519562
764,0.022658083587884903
765,0.381273478269577
766,0.46548888087272644
767,0.018264666199684143
768,0.3717309534549713
769,0.42853811383247375
770,0.013644575141370296
771,0.34627097845077515
772,0.39868152141571045
773,0.03834492713212967
774,0.3628756105899811
775,0.4287152886390686
776,0.022026890888810158
777,0.34278079867362976
778,0.4066270589828491
779,0.058624815195798874
780,0.37498170137405396
781,0.4070127010345459
782,0.00392514793202281
783,0.40470829606056213
784,0.33855777978897095
785,-0.016540532931685448
786,0.40364018082618713
787,0.37163782119750977
788,-0.03400523215532303
789,0.39845070242881775
790,0.3744768500328064
791,-0.024435311555862427
792,0.4071548283100128
793,0.36435526609420776
794,-0.0405934602022171
795,0.4013279974460602
796,0.2878091633319855
797,-0.005028576590120792
798,0.3881903886795044
799,0.2808038294315338
800,-0.006686262786388397
801,0.3763953149318695
802,0.2788151502609253
803,-0.0058462354354560375
804,0.3667529821395874
805,0.28006041049957275
806,-0.0020249662920832634
807,0.36033180356025696
808,0.28445738554000854
809,0.0035601030103862286
810,0.3560887575149536
811,0.3032884895801544
812,0.017900148406624794
813,0.33498483896255493
814,0.33149629831314087
815,0.05772099271416664
816,0.36164113879203796
817,0.3199159801006317
818,0.011866595596075058
819,0.3698180615901947
820,0.3239564895629883
821,0.006634346209466457
822,0.3805027902126312
823,0.32431453466415405
824,0.002925888868048787
825,0.39064252376556396
826,0.3219943344593048
827,0.0013152072206139565
828,0.39844706654548645
829,0.31849271059036255
830,0.00018037238623946905
831,0.40385937690734863
832,0.3149798512458801
833,-0.0005460774409584701
834,0.33683520555496216
835,0.3309301733970642
836,0.08949202299118042
837,0.3987717032432556
838,0.3777155876159668
839,-0.020110543817281723
840,0.40946030616760254
841,0.3417244255542755
842,-0.029252372682094574
843,0.4094941318035126
844,0.37275853753089905
845,-0.04079064726829529
846,0.41416457295417786
847,0.3786022365093231
848,-0.03724644333124161
849,0.40963613986968994
850,0.37440502643585205
851,-0.036539897322654724
852,0.4011073708534241
853,0.38146063685417175
854,-0.017116786912083626
855,0.415607750415802
856,0.37990453839302063
857,-0.03950465843081474
858,0.41650500893592834
859,0.3821999132633209
860,-0.02922813594341278
861,0.40391701459884644
862,0.3057081997394562
863,0.0031296443194150925
864,0.40818965435028076
865,0.30891382694244385
866,-0.002156283473595977
867,0.410430371761322
868,0.31112799048423767
869,-0.008285409770905972
870,0.3657081127166748
871,0.2969992756843567
872,0.00894545391201973
873,0.3614860773086548
874,0.2932926118373871
875,0.009137317538261414
876,0.4303662180900574
877,0.33721426129341125
878,-0.03610203415155411
879,0.4848793148994446
880,0.30726757645606995
881,0.006683262996375561
882,0.430550217628479
883,0.38071995973587036
884,-0.029734116047620773
885,0.5154955387115479
886,0.2630341649055481
887,0.04270575940608978
888,0.4604080617427826
889,0.31746169924736023
890,-0.0009784676367416978
891,0.46869611740112305
892,0.318590372800827
893,-0.0006895537371747196
894,0.47682079672813416
895,0.3182791769504547
896,0.0011982358992099762
897,0.4877864420413971
898,0.3115620017051697
899,0.007887373678386211
900,0.4534305930137634
901,0.3144119679927826
902,-0.00014779983030166477
903,0.4728153944015503
904,0.287875771522522
905,-0.005240891128778458
906,0.46348685026168823
907,0.2883622348308563
908,-0.005040845368057489
909,0.4812528192996979
910,0.2899608612060547
911,-0.002726214937865734
912,0.48670506477355957
913,0.2941155731678009
914,0.0005745399976149201
915,0.4942115545272827
916,0.32002314925193787
917,0.012091895565390587
918,0.45300477743148804
919,0.4817841053009033
920,0.009698263369500637
921,0.4880569577217102
922,0.30421876907348633
923,0.009149706922471523
924,0.5179592370986938
925,0.31376636028289795
926,0.048673491925001144
927,0.5034824013710022
928,0.312454491853714
929,0.01990056037902832
930,0.4660719335079193
931,0.3669063150882721
932,-0.006997379940003157
933,0.4338372051715851
934,0.41407516598701477
935,-0.02181141823530197
936,0.43221843242645264
937,0.4271112382411957
938,-0.017501385882496834
939,0.44510379433631897
940,0.4180963933467865
941,-0.016597066074609756
942,0.4518866240978241
943,0.4231795072555542
944,-0.009464684873819351
945,0.4402511715888977
946,0.4279533326625824
947,-0.013911211863160133
948,0.44617921113967896
949,0.4293646812438965
950,-0.007300502620637417
951,0.4621640741825104
952,0.44445186853408813
953,0.00687194149941206
954,0.4291723370552063
955,0.375414103269577
956,-0.04528987035155296
957,0.43048396706581116
958,0.3641819357872009
959,-0.048257727175951004
960,0.49898314476013184
961,0.28458014130592346
962,0.0013909022090956569
963,0.4497871398925781
964,0.33652564883232117
965,-0.009396569803357124
966,0.45030438899993896
967,0.3724499046802521
968,-0.024789098650217056
969,0.45125794410705566
970,0.3662595748901367
971,-0.0223920289427042
972,0.4902207851409912
973,0.3663633167743683
974,0.002674523275345564
975,0.43045035004615784
976,0.34958451986312866
977,-0.04376775026321411
978,0.4792843461036682
979,0.27318328619003296
980,-0.01338145975023508
981,0.49100011587142944
982,0.276705801486969
983,-0.00726140895858407
984,0.5082629323005676
985,0.24238643050193787
986,0.025368550792336464
987,0.4423889219760895
988,0.28203269839286804
989,-0.019180340692400932
990,0.4554942846298218
991,0.2920553684234619
992,-0.0021702086087316275
993,0.4679405391216278
994,0.4312455952167511
995,0.007301130797713995
996,0.5056689381599426
997,0.4214596152305603
998,0.07745388150215149
999,0.44399645924568176
1000,0.37860435247421265
1001,-0.021050231531262398
1002,0.4367946684360504
1003,0.38237351179122925
1004,-0.021686874330043793
1005,0.45997416973114014
1006,0.4329805076122284
1007,0.006499216891825199
1008,0.4555636942386627
1009,0.432586133480072
1010,0.004327402450144291
1011,0.4956722557544708
1012,0.26918351650238037
1013,-0.003439650870859623
1014,0.45071008801460266
1015,0.37762078642845154
1016,-0.01987912505865097
1017,0.46334224939346313
1018,0.2742873430252075
1019,-0.01757953315973282
1020,0.465043842792511
1021,0.2646079659461975
1022,-0.019868945702910423
1023,0.4754234850406647
1024,0.21393238008022308
1025,-0.007203122600913048
1026,0.5016361474990845
1027,0.2551816999912262
1028,0.008907836861908436
1029,0.4692946970462799
1030,0.2381303608417511
1031,-0.014203906990587711
1032,0.5039654970169067
1033,0.2792120575904846
1034,0.008292700164020061
1035,0.5096852779388428
1036,0.2715725302696228
1037,0.024568883702158928
1038,0.4331890642642975
1039,0.42152902483940125
1040,-0.020606860518455505
1041,0.4424770772457123
1042,0.423978328704834
1043,-0.015618270263075829
1044,0.4491674304008484
1045,0.4264153242111206
1046,-0.00905111525207758
1047,0.4418868124485016
1048,0.38084983825683594
1049,-0.019346151500940323
1050,0.45778995752334595
1051,0.43305331468582153
1052,0.005238644313067198
1053,0.4543423056602478
1054,0.43873563408851624
1055,0.0012864628806710243
1056,0.4542563855648041
1057,0.43173080682754517
1058,0.004063160624355078
1059,0.43903690576553345
1060,0.3746739625930786
1061,-0.03316722810268402
1062,0.4443545639514923
1063,0.42863574624061584
1064,-0.005925269797444344
1065,0.4384317398071289
1066,0.4285922646522522
1067,-0.010516459122300148
1068,0.4311927556991577
1069,0.4287841022014618
1070,-0.013868682086467743
1071,0.43452566862106323
1072,0.4716041088104248
1073,-0.0004492729203775525
1074,0.43422842025756836
1075,0.46369776129722595
1076,-0.009740526787936687
1077,0.43355682492256165
1078,0.4563213288784027
1079,-0.011716636829078197
1080,0.4326161742210388
1081,0.44865351915359497
1082,-0.010471568442881107
1083,0.43166980147361755
1084,0.443345844745636
1085,-0.009339605458080769
1086,0.44572627544403076
1087,0.4388143718242645
1088,-0.0024965202901512384
1089,0.4473882019519806
1090,0.4409058690071106
1091,-0.0036352532915771008
1092,0.44989490509033203
1093,0.44460469484329224
1094,-0.0041573927737772465
1095,0.4518899619579315
1096,0.4485006332397461
1097,-0.0023174115922302008
1098,0.45840856432914734
1099,0.4095182418823242
1100,-0.0074526164680719376
1101,0.5164552927017212
1102,0.3636918365955353
1103,0.08608070015907288
1104,0.4495868384838104
1105,0.436399906873703
1106,0.001693208236247301
1107,0.45188263058662415
1108,0.43736881017684937
1109,0.001009361818432808
1110,0.43390095233917236
1111,0.38759374618530273
1112,-0.021528443321585655
1113,0.4478086829185486
1114,0.38476404547691345
1115,-0.01314622350037098
1116,0.4352591037750244
1117,0.385100781917572
1118,-0.021907126531004906
1119,0.45849451422691345
1120,0.34349724650382996
1121,-0.006400329526513815
1122,0.471636563539505
1123,0.3519492447376251
1124,-0.0041630021296441555
1125,0.4526645839214325
1126,0.37152260541915894
1127,-0.01737239770591259
1128,0.49557530879974365
1129,0.22561664879322052
1130,0.007710086647421122
1131,0.4888230860233307
1132,0.24354559183120728
1133,-0.00349954841658473
1134,0.48230308294296265
1135,0.26367706060409546
1136,-0.012241292744874954
1137,0.45514950156211853
1138,0.454550564289093
1139,0.003948824480175972
1140,0.44552382826805115
1141,0.26687222719192505
1142,-0.023374348878860474
1143,0.44913336634635925
1144,0.2363179326057434
1145,-0.019912883639335632
1146,0.4532925486564636
1147,0.20789577066898346
1148,-0.015483362600207329
1149,0.4837867021560669
1150,0.3160784840583801
1151,0.004622668493539095
1152,0.5027551651000977
1153,0.3287479281425476
1154,0.017019234597682953
1155,0.44903427362442017
1156,0.3113197386264801
1157,0.0009557245066389441
1158,0.49519938230514526
1159,0.2982541024684906
1160,0.007484625093638897
1161,0.44380784034729004
1162,0.3288984000682831
1163,-0.012674971483647823
1164,0.44484513998031616
1165,0.3680013418197632
1166,-0.033220868557691574
1167,0.5110527873039246
1168,0.3366006910800934
1169,0.026417430490255356
1170,0.49691063165664673
1171,0.3370918333530426
1172,0.009935978800058365
1173,0.4861906170845032
1174,0.3412992060184479
1175,0.002688941080123186
1176,0.47033965587615967
1177,0.33877032995224
1178,-0.0009828293696045876
1179,0.45885661244392395
1180,0.3334448039531708
1181,-0.0025633550249040127
1182,0.4502914547920227
1183,0.3277968168258667
1184,-0.0050789606757462025
1185,0.4321964681148529
1186,0.31345877051353455
1187,-0.02218894474208355
1188,0.5090516805648804
1189,0.36137476563453674
1190,0.025236826390028
1191,0.5018521547317505
1192,0.29714998602867126
1193,0.011019447818398476
1194,0.4265440106391907
1195,0.3811905086040497
1196,-0.04094702750444412
1197,0.4490170180797577
1198,0.3480949103832245
1199,-0.012271763756871223
1200,0.5199606418609619
1201,0.3119294345378876
1202,0.07657187432050705
1203,0.44384676218032837
1204,0.3214481472969055
1205,-0.006561333779245615
1206,0.45357733964920044
1207,0.3721722662448883
1208,-0.00848881620913744
1209,0.4907251000404358
1210,0.3051096498966217
1211,0.01060014870017767
1212,0.4456670582294464
1213,0.36050352454185486
1214,-0.030215876176953316
1215,0.5128662586212158
1216,0.3917202651500702
1217,0.08403322100639343
1218,0.4492817223072052
1219,0.3068487048149109
1220,0.0030319637153297663
1221,0.4381621479988098
1222,0.35380539298057556
1223,-0.03866925090551376
1224,0.4869452118873596
1225,0.45174577832221985
1226,0.036642104387283325
1227,0.48611095547676086
1228,0.4633479416370392
1229,0.05154465138912201
1230,0.5166885256767273
1231,0.36323583126068115
1232,0.055482152849435806
1233,0.4973445534706116
1234,0.43551766872406006
1235,0.0450841449201107
1236,0.5140811204910278
1237,0.2907499074935913
1238,0.03886093199253082
1239,0.45397675037384033
1240,0.49183017015457153
1241,0.014953169971704483
1242,0.425875186920166
1243,0.38330012559890747
1244,-0.029366115108132362
1245,0.4564843773841858
1246,0.356893926858902
1247,-0.008924413472414017
1248,0.5104086995124817
1249,0.31458526849746704
1250,0.028329461812973022
1251,0.4762771427631378
1252,0.3111874461174011
1253,0.002091367729008198
1254,0.4689256250858307
1255,0.31202951073646545
1256,0.00022212594922166318
1257,0.4567348062992096
1258,0.44041070342063904
1259,0.0026905760169029236
1260,0.5064994096755981
1261,0.3847845196723938
1262,0.029433205723762512
1263,0.4387514889240265
1264,0.5070370435714722
1265,0.0181434229016304
1266,0.4634392261505127
1267,0.4899778366088867
1268,0.03263726085424423
1269,0.47386324405670166
1270,0.47894948720932007
1271,0.040976740419864655
1272,0.461882084608078
1273,0.3112037479877472
1274,-4.4259817514102906e-05
1275,0.45529747009277344
1276,0.30915525555610657
1277,0.001161818508990109
1278,0.4511816203594208
1279,0.30800867080688477
1280,0.0027781000826507807
1281,0.5077012181282043
1282,0.2946014404296875
1283,0.019252441823482513
1284,0.4567452371120453
1285,0.2981799244880676
1286,-0.0004059658676851541
1287,0.4641419053077698
1288,0.29471245408058167
1289,-0.0021518399007618427
1290,0.4716261327266693
1291,0.2941775918006897
1292,-0.001961821224540472
1293,0.478985995054245
1294,0.29631751775741577
1295,-2.7804551791632548e-05
1296,0.48344185948371887
1297,0.29964059591293335
1298,0.0027587718795984983
1299,0.5191302299499512
1300,0.2848208248615265
1301,0.06139765679836273
1302,0.48130926489830017
1303,0.3093765377998352
1304,0.004545218776911497
1305,0.45134228467941284
1306,0.40220504999160767
1307,-0.01273431722074747
1308,0.4440642297267914
1309,0.376731276512146
1310,-0.024464579299092293
1311,0.43493297696113586
1312,0.3979846239089966
1313,-0.02044610306620598
1314,0.4760831296443939
1315,0.46727341413497925
1316,0.03038621135056019
1317,0.46544644236564636
1318,0.47932809591293335
1319,0.023295946419239044
1320,0.439265638589859
1321,0.5010201930999756
1322,0.007731775287538767
1323,0.49621421098709106
1324,0.44567403197288513
1325,0.06503503024578094
1326,0.4515685737133026
1327,0.30343765020370483
1328,0.001541304518468678
1329,0.437601774930954
1330,0.33224788308143616
1331,-0.02394022047519684
1332,0.45206913352012634
1333,0.49993082880973816
1334,0.023786280304193497
1335,0.5130433440208435
1336,0.3891238272190094
1337,0.05593804270029068
1338,0.43937939405441284
1339,0.44139915704727173
1340,-0.0063994331285357475
1341,0.4410351812839508
1342,0.4452598989009857
1343,-0.007462398614734411
1344,0.44290515780448914
1345,0.45104435086250305
1346,-0.008097809739410877
1347,0.444278359413147
1348,0.45753055810928345
1349,-0.006202461663633585
1350,0.44634300470352173
1351,0.46437203884124756
1352,0.000765583012253046
1353,0.45169830322265625
1354,0.4305454194545746
1355,-0.0013558841310441494
1356,0.4546104073524475
1357,0.42942455410957336
1358,-0.0014290276449173689
1359,0.4571770131587982
1360,0.4274650812149048
1361,-0.001529583940282464
1362,0.4643245339393616
1363,0.41937756538391113
1364,-0.00037878620787523687
1365,0.4952440559864044
1366,0.3916465640068054
1367,0.013091500848531723
1368,0.43786999583244324
1369,0.3204159438610077
1370,-0.016847509890794754
1371,0.4428520202636719
1372,0.29906824231147766
1373,-0.003315349342301488
1374,0.44807329773902893
1375,0.30031079053878784
1376,-0.00019052093557547778
1377,0.44946980476379395
1378,0.4289657175540924
1379,-0.0004133114998694509
1380,0.4946606755256653
1381,0.41962122917175293
1382,0.02811739407479763
1383,0.43541139364242554
1384,0.2984762191772461
1385,-0.014097895473241806
1386,0.44992145895957947
1387,0.472072035074234
1388,0.006029008887708187
1389,0.4314027726650238
1390,0.32601821422576904
1391,-0.029880346730351448
1392,0.44354408979415894
1393,0.3504631221294403
1394,-0.023107042536139488
1395,0.43653881549835205
1396,0.48033738136291504
1397,0.002097675111144781
1398,0.46869203448295593
1399,0.4475271701812744
1400,0.011976318433880806
1401,0.46001800894737244
1402,0.3821506202220917
1403,-0.00613003084436059
1404,0.4604073166847229
1405,0.4610856771469116
1406,0.009654566645622253
1407,0.4780130684375763
1408,0.38169196248054504
1409,-0.00296765542589128
1410,0.46671539545059204
1411,0.39466241002082825
1412,-0.0036712922155857086
1413,0.4837763011455536
1414,0.40070420503616333
1415,0.005218337755650282
1416,0.43858668208122253
1417,0.4915107488632202
1418,0.0030747465789318085
1419,0.4488450288772583
1420,0.35702407360076904
1421,-0.016785191372036934
1422,0.47456103563308716
1423,0.4554292857646942
1424,0.020167948678135872
1425,0.46406131982803345
1426,0.4690294563770294
1427,0.01634211838245392
1428,0.47499769926071167
1429,0.43200260400772095
1430,0.01089147012680769
1431,0.5031124353408813
1432,0.4047165513038635
1433,0.034059278666973114
1434,0.4843654930591583
1435,0.4333770275115967
1436,0.018785491585731506
1437,0.5072001814842224
1438,0.41317814588546753
1439,0.054091256111860275
1440,0.4721730351448059
1441,0.4102720022201538
1442,0.0013040521880611777
1443,0.44319039583206177
1444,0.33998194336891174
1445,-0.017706403508782387
1446,0.4418008625507355
1447,0.37295570969581604
1448,-0.03498411178588867
1449,0.44758841395378113
1450,0.3760935962200165
1451,-0.025575218722224236
1452,0.4380042850971222
1453,0.36550143361091614
1454,-0.04146432876586914
1455,0.4494246542453766
1456,0.28992629051208496
1457,-0.0064688087441027164
1458,0.4631503224372864
1459,0.2839703857898712
1460,-0.008722432889044285
1461,0.47522908449172974
1462,0.28296953439712524
1463,-0.0085250623524189
1464,0.48518842458724976
1465,0.2849377393722534
1466,-0.005333006847649813
1467,0.4919665455818176
1468,0.2897856831550598
1469,-9.904635226121172e-05
1470,0.4962131679058075
1471,0.3088601231575012
1472,0.013842116110026836
1473,0.5184916853904724
1474,0.33829760551452637
1475,0.05254615098237991
1476,0.48958730697631836
1477,0.3248676061630249
1478,0.008223391138017178
1479,0.4808920919895172
1480,0.32824549078941345
1481,0.0033872760832309723
1482,0.4698232114315033
1483,0.3278283178806305
1484,0.00023263221373781562
1485,0.4594056308269501
1486,0.3247235119342804
1487,-0.0008140955469571054
1488,0.451422780752182
1489,0.32067564129829407
1490,-0.0014528216561302543
1491,0.4458969831466675
1492,0.31681394577026367
1493,-0.0018977306317538023
1494,0.5183747410774231
1495,0.3375466465950012
1496,0.08416951447725296
1497,0.447446346282959
1498,0.37920817732810974
1499,-0.02119605988264084
1500,0.43718811869621277
1501,0.34272366762161255
1502,-0.030093519017100334
1503,0.43540316820144653
1504,0.37366652488708496
1505,-0.041412174701690674
1506,0.43086570501327515
1507,0.37911298871040344
1508,-0.03760804980993271
1509,0.4355418086051941
1510,0.37527474761009216
1511,-0.037201039493083954
1512,0.44509822130203247
1513,0.38284340500831604
1514,-0.018046587705612183
1515,0.42923226952552795
1516,0.3803373873233795
1517,-0.039769247174263
1518,0.42862430214881897
1519,0.3825313448905945
1520,-0.02950235642492771
1521,0.44626137614250183
1522,0.30762842297554016
1523,0.0017177792033180594
1524,0.44157230854034424
1525,0.3104373514652252
1526,-0.0032219253480434418
1527,0.4389449656009674
1528,0.3123700022697449
1529,-0.009197146631777287
1530,0.48605501651763916
1531,0.30214160680770874
1532,0.005518071353435516
1533,0.49052339792251587
1534,0.2986091375350952
1535,0.005479220300912857
1536,0.0
1537,0.0
1538,0.0
1539,0.0
1540,0.0
1541,0.0
1542,0.0
1543,0.0
1544,0.0
1545,0.0
1546,0.0
1547,0.0
1548,0.0
1549,0.0
1550,0.0
1551,0.0
1552,0.0
1553,0.0
1554,0.0
1555,0.0
1556,0.0
1557,0.0
1558,0.0
1559,0.0
1560,0.0
1561,0.0
1562,0.0
1563,0.0
1564,0.0
1565,0.0
1566,0.0
1567,0.0
1568,0.0
1569,0.0
1570,0.0
1571,0.0
1572,0.0
1573,0.0
1574,0.0
1575,0.0
1576,0.0
1577,0.0
1578,0.0
1579,0.0
1580,0.0
1581,0.0
1582,0.0
1583,0.0
1584,0.0
1585,0.0
1586,0.0
1587,0.0
1588,0.0
1589,0.0
1590,0.0
1591,0.0
1592,0.0
1593,0.0
1594,0.0
1595,0.0
1596,0.0
1597,0.0
1598,0.0
1599,0.23476341366767883
1600,0.6762517094612122
1601,5.510137270903215e-07
1602,0.22730465233325958
1603,0.6117728352546692
1604,0.003022003686055541
1605,0.24209336936473846
1606,0.5500114560127258
1607,-0.0052951667457818985
1608,0.27431559562683105
1609,0.5215420126914978
1610,-0.017004527151584625
1611,0.30233341455459595
1612,0.5149322152137756
1613,-0.02797994576394558
1614,0.23966661095619202
1615,0.5041221380233765
1616,-0.01786057837307453
1617,0.25726234912872314
1618,0.42098313570022583
1619,-0.03459581360220909
1620,0.26752331852912903
1621,0.36991214752197266
1622,-0.04195016995072365
1623,0.2738683819770813
1624,0.32848644256591797
1625,-0.04528072848916054
1626,0.25787854194641113
1627,0.5122471451759338
1628,-0.03050975874066353
1629,0.3085406422615051
1630,0.4348306655883789
1631,-0.04686092957854271
1632,0.3405935764312744
1633,0.3934818506240845
1634,-0.05294592306017876
1635,0.3643888831138611
1636,0.36151358485221863
1637,-0.054292354732751846
1638,0.27713820338249207
1639,0.5336511135101318
1640,-0.04192907735705376
1641,0.331805944442749
1642,0.523322343826294
1643,-0.056538116186857224
1644,0.32397741079330444
1645,0.551932156085968
1646,-0.051836252212524414
1647,0.30944064259529114
1648,0.568976104259491
1649,-0.043360546231269836
1650,0.2973496913909912
1651,0.5627008080482483
1652,-0.05359485372900963
1653,0.33889931440353394
1654,0.5605273246765137
1655,-0.057588204741477966
1656,0.3302307426929474
1657,0.5848216414451599
1658,-0.04722572863101959
1659,0.316383421421051
1660,0.5981744527816772
1661,-0.03660281002521515
