,0
0,0.4285227358341217
1,0.32722699642181396
2,-0.7612598538398743
3,0.9999859929084778
4,0.45507845282554626
5,0.2746758759021759
6,-0.7141919732093811
7,0.9999657273292542
8,0.47236260771751404
9,0.2763521075248718
10,-0.7139407992362976
11,0.9999633431434631
12,0.484811931848526
13,0.2791045010089874
14,-0.7137371301651001
15,0.9999620914459229
16,0.40149712562561035
17,0.27470719814300537
18,-0.6942560076713562
19,0.999968409538269
20,0.3839408755302429
21,0.2781819999217987
22,-0.6935281753540039
23,0.9999683499336243
24,0.3669591546058655
25,0.2817745804786682
26,-0.693397045135498
27,0.9999725818634033
28,0.507015585899353
29,0.31744185090065
30,-0.39069777727127075
31,0.9999591708183289
32,0.34995177388191223
33,0.31917089223861694
34,-0.27692216634750366
35,0.9999697804450989
36,0.4651784300804138
37,0.3945659101009369
38,-0.647378146648407
39,0.9999768733978271
40,0.3950476050376892
41,0.3922472894191742
42,-0.6158367395401001
43,0.9999765753746033
44,0.6401590704917908
45,0.6862514019012451
46,-0.24860849976539612
47,0.9995111227035522
48,0.24132096767425537
49,0.6705638766288757
50,-0.12681683897972107
51,0.999781608581543
52,0.7097024917602539
53,1.030509352684021
54,-0.28470805287361145
55,0.4095960855484009
56,0.07950883358716965
57,1.0599865913391113
58,-0.5335006713867188
59,0.8547641634941101
60,0.7246780395507812
61,1.44210946559906
62,-0.5284331440925598
63,0.3015330731868744
64,0.14483225345611572
65,0.6898190975189209
66,-1.3666636943817139
67,0.8698583841323853
68,0.7515930533409119
69,1.538051724433899
70,-0.6243456602096558
71,0.4125522971153259
72,0.13944631814956665
73,0.5644131302833557
74,-1.5388572216033936
75,0.8655186891555786
76,0.7017391324043274
77,1.5158953666687012
78,-0.6538511514663696
79,0.5279862880706787
80,0.1622086465358734
81,0.5301801562309265
82,-1.490968108177185
83,0.8727927803993225
84,0.6770287156105042
85,1.4824148416519165
86,-0.558962881565094
87,0.5434661507606506
88,0.1831747591495514
89,0.5866137146949768
90,-1.377427339553833
91,0.871319591999054
92,0.5730769634246826
93,1.4376143217086792
94,-0.07994142919778824
95,0.0008872472099028528
96,0.2786106467247009
97,1.4337210655212402
98,0.08508431166410446
99,0.0010866397060453892
100,0.5585904121398926
101,2.093580722808838
102,-0.12663955986499786
103,0.00017398751515429467
104,0.29327696561813354
105,2.095294713973999
106,0.08368761837482452
107,0.0001087518030544743
108,0.5497361421585083
109,2.6631076335906982
110,0.48777517676353455
111,2.461608346493449e-05
112,0.301679790019989
113,2.656200408935547
114,0.4575669765472412
115,3.19104492518818e-06
116,0.558017373085022
117,2.7405593395233154
118,0.5102571249008179
119,1.654804691497702e-05
120,0.2987503409385681
121,2.7306981086730957
122,0.4823736250400543
123,6.223865057108924e-06
124,0.5044643878936768
125,2.832502603530884
126,-0.07101283967494965
127,2.0693138139904477e-05
128,0.3217223286628723
129,2.840730905532837
130,-0.14579077064990997
131,1.2180293197161518e-05
132,0.4302595257759094
133,0.3906484842300415
134,-0.02756526507437229
135,0.4288268983364105
136,0.34644874930381775
137,-0.04673999547958374
138,0.42933541536331177
139,0.3602606952190399
140,-0.025885922834277153
141,0.4214179515838623
142,0.3096938729286194
143,-0.03390112891793251
144,0.42868319153785706
145,0.3342478275299072
146,-0.04911593347787857
147,0.4285960793495178
148,0.31938594579696655
149,-0.04508678615093231
150,0.428499698638916
151,0.28526586294174194
152,-0.02090488001704216
153,0.3703429698944092
154,0.2856753468513489
155,0.012266288511455059
156,0.42865249514579773
157,0.26062944531440735
158,-0.014513891190290451
159,0.42878258228302
160,0.2458612322807312
161,-0.015502681955695152
162,0.4288267493247986
163,0.1905890256166458
164,-0.002889118157327175
165,0.43037763237953186
166,0.39704325795173645
167,-0.02686988189816475
168,0.4304482638835907
169,0.4024694263935089
170,-0.02428843453526497
171,0.43047675490379333
172,0.4052468240261078
173,-0.020648926496505737
174,0.43063706159591675
175,0.43016791343688965
176,-0.014053535647690296
177,0.4307264983654022
178,0.4369562864303589
179,-0.015387159772217274
180,0.43078362941741943
181,0.4447687864303589
182,-0.01656591147184372
183,0.4308294951915741
184,0.45254412293434143
185,-0.013802052475512028
186,0.4307521879673004
187,0.4598139226436615
188,-0.004239437635987997
189,0.4289727210998535
190,0.3528633415699005
191,-0.042721763253211975
192,0.4211648404598236
193,0.35281750559806824
194,-0.03127959743142128
195,0.3442385494709015
196,0.2484883964061737
197,0.05326361209154129
198,0.393362820148468
199,0.2947317361831665
200,0.003755046986043453
201,0.3854600191116333
202,0.29609566926956177
203,0.004049093462526798
204,0.37780997157096863
205,0.29603269696235657
206,0.00614839605987072
207,0.3673957288265228
208,0.2903067171573639
209,0.013116608373820782
210,0.4000106155872345
211,0.2913230061531067
212,0.004505862016230822
213,0.38259318470954895
214,0.26612651348114014
215,0.0011062200646847486
216,0.3914809823036194
217,0.2667175829410553
218,0.0013983885291963816
219,0.37440240383148193
220,0.26795920729637146
221,0.0035318133886903524
222,0.3689787685871124
223,0.27203455567359924
224,0.00689959991723299
225,0.3614089787006378
226,0.2989422082901001
227,0.016741162165999413
228,0.39909520745277405
229,0.46666449308395386
230,0.0036415155045688152
231,0.36751943826675415
232,0.2831263840198517
233,0.014954312704503536
234,0.3399013876914978
235,0.29692113399505615
236,0.05378464609384537
237,0.3528212904930115
238,0.29218751192092896
239,0.025334147736430168
240,0.38819295167922974
241,0.3426271080970764
242,-0.006308468524366617
243,0.41950178146362305
244,0.38912224769592285
245,-0.026243237778544426
246,0.4218028485774994
247,0.40307095646858215
248,-0.023013491183519363
249,0.4091736972332001
250,0.3946320414543152
251,-0.021464770659804344
252,0.40349510312080383
253,0.4019908607006073
254,-0.014705992303788662
255,0.4146212041378021
256,0.4052201807498932
257,-0.019468272104859352
258,0.4095589220523834
259,0.40840351581573486
260,-0.013199682347476482
261,0.3931836187839508
262,0.4275764226913452
263,0.0006058367434889078
264,0.4218270480632782
265,0.3461831212043762
266,-0.046052005141973495
267,0.4205384850502014
268,0.334754079580307
269,-0.04821841046214104
270,0.3571540117263794
271,0.2620754837989807
272,0.009537694975733757
273,0.4035998284816742
274,0.3126327395439148
275,-0.0068233078345656395
276,0.40191835165023804
277,0.34532707929611206
278,-0.0253764595836401
279,0.40118715167045593
280,0.339743435382843
281,-0.022483013570308685
282,0.3652973175048828
283,0.3436407148838043
284,0.003572643268853426
285,0.4208950698375702
286,0.3209136724472046
287,-0.04254079610109329
288,0.3759756088256836
289,0.24924300611019135
290,-0.004580598324537277
291,0.3646720051765442
292,0.25338998436927795
293,0.0015955615090206265
294,0.35135331749916077
295,0.2269759476184845
296,0.03796575590968132
297,0.41168683767318726
298,0.25839078426361084
299,-0.011799843981862068
300,0.39912548661231995
301,0.27017033100128174
302,0.003924823831766844
303,0.38820892572402954
304,0.41324031352996826
305,0.0017073496710509062
306,0.3501117527484894
307,0.4061133861541748
308,0.07108395546674728
309,0.4083600640296936
310,0.35154077410697937
311,-0.022004518657922745
312,0.41557982563972473
313,0.3554719388484955
314,-0.023432308807969093
315,0.3969601094722748
316,0.41662922501564026
317,0.0002892015327233821
318,0.4015774130821228
319,0.4160899519920349
320,-0.00204189564101398
321,0.36045634746551514
322,0.24646037817001343
323,0.006272507831454277
324,0.401998907327652
325,0.3513641655445099
326,-0.02086256630718708
327,0.3914892077445984
328,0.2502079904079437
329,-0.009233283810317516
330,0.39003121852874756
331,0.24094945192337036
332,-0.010627842508256435
333,0.38246673345565796
334,0.1975247859954834
335,0.007215694058686495
336,0.3562077581882477
337,0.23613357543945312
338,0.020063268020749092
339,0.3870995342731476
340,0.2179473489522934
341,-0.002077369252219796
342,0.35289180278778076
343,0.25801169872283936
344,0.017179366201162338
345,0.3486787974834442
346,0.2535610795021057
347,0.03439977020025253
348,0.42053651809692383
349,0.39692023396492004
350,-0.0256586205214262
351,0.41210323572158813
352,0.4008021056652069
353,-0.020907562226057053
354,0.40642863512039185
355,0.4052824378013611
356,-0.014677828177809715
357,0.410666823387146
358,0.3540026843547821
359,-0.020627610385417938
360,0.3992323875427246
361,0.4167749285697937
362,-0.0010585208656266332
363,0.4017994701862335
364,0.42319321632385254
365,-0.004769261926412582
366,0.40286028385162354
367,0.4148818850517273
368,-0.0022729174233973026
369,0.4125562608242035
370,0.34628501534461975
371,-0.03376588597893715
372,0.4116479754447937
373,0.40797144174575806
374,-0.012036808766424656
375,0.4166625142097473
376,0.40628156065940857
377,-0.016355229541659355
378,0.4230371117591858
379,0.40545207262039185
380,-0.019626762717962265
381,0.4182960093021393
382,0.4581592082977295
383,-0.004286628682166338
384,0.41868501901626587
385,0.4504445195198059
386,-0.013493054546415806
387,0.4196476638317108
388,0.4429554343223572
389,-0.015547914430499077
390,0.420878142118454
391,0.4347604811191559
392,-0.014322038739919662
393,0.4220159351825714
394,0.42922526597976685
395,-0.013064778409898281
396,0.4099956154823303
397,0.42395925521850586
398,-0.007227829657495022
399,0.40811553597450256
400,0.426102876663208
401,-0.00833433773368597
402,0.4052554666996002
403,0.4296985864639282
404,-0.009177898988127708
405,0.402851939201355
406,0.4333677291870117
407,-0.0076810200698673725
408,0.39638417959213257
409,0.3871830999851227
410,-0.011738537810742855
411,0.3409881591796875
412,0.3489585518836975
413,0.08559122681617737
414,0.42912745475769043
415,0.3557262420654297
416,-0.03177061676979065
417,0.40681204199790955
418,0.42093247175216675
419,-0.0039801448583602905
420,0.40438899397850037
421,0.42192018032073975
422,-0.004719408228993416
423,0.4184955954551697
424,0.36097994446754456
425,-0.023732366040349007
426,0.4053141176700592
427,0.3593275845050812
428,-0.014832872897386551
429,0.4170849621295929
430,0.35831695795059204
431,-0.023858748376369476
432,0.3951914310455322
433,0.3198920786380768
434,-0.00422657560557127
435,0.38271692395210266
436,0.32849735021591187
437,-0.002198156900703907
438,0.4000983238220215
439,0.34569984674453735
440,-0.017891621217131615
441,0.36328041553497314
442,0.2095695286989212
443,0.02146587148308754
444,0.36823588609695435
445,0.2237161248922348
446,0.008304963819682598
447,0.3732219338417053
448,0.240315243601799
449,-0.002442615106701851
450,0.39903903007507324
451,0.4382703900337219
452,-0.0018531369278207421
453,0.40918225049972534
454,0.24357962608337402
455,-0.014544874429702759
456,0.40662088990211487
457,0.21667690575122833
458,-0.008036420680582523
459,0.4036168158054352
460,0.19186663627624512
461,-0.0009376860689371824
462,0.3712172210216522
463,0.294262170791626
464,0.009696402586996555
465,0.35322847962379456
466,0.30794140696525574
467,0.02101930044591427
468,0.40439167618751526
469,0.2879447042942047
470,0.005803442094475031
471,0.3606591820716858
472,0.27659711241722107
473,0.01411626860499382
474,0.40947064757347107
475,0.3046923577785492
476,-0.009620817378163338
477,0.4069180190563202
478,0.3397923409938812
479,-0.033408742398023605
480,0.3452554941177368
481,0.3166448473930359
482,0.029505429789423943
483,0.35846376419067383
484,0.3154272437095642
485,0.013214672915637493
486,0.3686359226703644
487,0.31893742084503174
488,0.0056503391824662685
489,0.38379597663879395
490,0.31611669063568115
491,0.0018298638751730323
492,0.39482611417770386
493,0.3105776607990265
494,0.0003503427724353969
495,0.40332522988319397
496,0.30457112193107605
497,-0.0017268997617065907
498,0.4205561578273773
499,0.28851643204689026
500,-0.01777288317680359
501,0.3469236493110657
502,0.3408636748790741
503,0.02609509602189064
504,0.35456791520118713
505,0.27592504024505615
506,0.01808060146868229
507,0.42471152544021606
508,0.3525315523147583
509,-0.04226396605372429
510,0.40410706400871277
511,0.32325199246406555
512,-0.01093661691993475
513,0.3389759063720703
514,0.2983475923538208
515,0.08157804608345032
516,0.4096788465976715
517,0.2978968620300293
518,-0.002806189702823758
519,0.39959025382995605
520,0.34723398089408875
521,-0.009181004017591476
522,0.36460980772972107
523,0.28386440873146057
524,0.01643982343375683
525,0.4063783288002014
526,0.3330634832382202
527,-0.029866114258766174
528,0.3435015082359314
529,0.37631508708000183
530,0.08049532771110535
531,0.4044298231601715
532,0.28363603353500366
533,0.008286883123219013
534,0.4134927988052368
535,0.3257122039794922
536,-0.037691425532102585
537,0.3667372763156891
538,0.4347706437110901
539,0.030161527916789055
540,0.36671534180641174
541,0.4485321044921875
542,0.04304233193397522
543,0.3397280275821686
544,0.3452335596084595
545,0.05563894286751747
546,0.35783225297927856
547,0.4178226590156555
548,0.03907305374741554
549,0.3442242443561554
550,0.27360910177230835
551,0.04652542993426323
552,0.39716553688049316
553,0.4788680672645569
554,0.007660618983209133
555,0.42579853534698486
556,0.3553749918937683
557,-0.03128580003976822
558,0.39713242650032043
559,0.3325861990451813
560,-0.008010884746909142
561,0.3464956283569336
562,0.29509907960891724
563,0.033590056002140045
564,0.37830179929733276
565,0.2887383699417114
566,0.0073291948065161705
567,0.38524454832077026
568,0.2893718481063843
569,0.00533011881634593
570,0.3992294669151306
571,0.424609899520874
572,-0.003587532788515091
573,0.3495124876499176
574,0.36448201537132263
575,0.02802172675728798
576,0.4118993580341339
577,0.4983448386192322
578,0.009542517364025116
579,0.3868311047554016
580,0.4778841733932495
581,0.024105962365865707
582,0.3771415948867798
583,0.4653446078300476
584,0.03235292434692383
585,0.4288698136806488
586,0.2170722931623459
587,-0.009598624892532825
588,0.4305134415626526
589,0.5016639828681946
590,0.007509161718189716
591,0.3919811248779297
592,0.28841766715049744
593,0.005050447769463062
594,0.3982558846473694
595,0.2863253057003021
596,0.006267472170293331
597,0.40232521295547485
598,0.28492826223373413
599,0.008076086640357971
600,0.3494415581226349
601,0.27472159266471863
602,0.026583703234791756
603,0.39772480726242065
604,0.2776148021221161
605,0.005388052202761173
606,0.39088916778564453
607,0.27561700344085693
608,0.0037161109503358603
609,0.38408392667770386
610,0.27524644136428833
611,0.004102386999875307
612,0.37707585096359253
613,0.2769341468811035
614,0.00600102823227644
615,0.37253236770629883
616,0.2795625329017639
617,0.008709183894097805
618,0.34039705991744995
619,0.2707745432853699
620,0.06933774054050446
621,0.37360140681266785
622,0.28728216886520386
623,0.009912904351949692
624,0.4296671152114868
625,0.3701886236667633
626,-0.024119460955262184
627,0.40239283442497253
628,0.3780919313430786
629,-0.016162613406777382
630,0.4080071449279785
631,0.3491707444190979
632,-0.025268403813242912
633,0.41783973574638367
634,0.3721170723438263
635,-0.02331598475575447
636,0.42850062251091003
637,0.2729015350341797
638,-0.014280608855187893
639,0.375998318195343
640,0.45147234201431274
641,0.023154374212026596
642,0.385956346988678
643,0.4648583233356476
644,0.015960438176989555
645,0.41197189688682556
646,0.48935794830322266
647,0.0005004380363970995
648,0.3583981990814209
649,0.43045443296432495
650,0.05700961872935295
651,0.4023204445838928
652,0.28104475140571594
653,0.007076667156070471
654,0.415000855922699
655,0.30626899003982544
656,-0.021139591932296753
657,0.43062466382980347
658,0.4929947853088379
659,-0.001042115967720747
660,0.3979939818382263
661,0.4895748496055603
662,0.015313273295760155
663,0.34297841787338257
664,0.37102827429771423
665,0.053590066730976105
666,0.41524675488471985
667,0.4269106388092041
668,-0.01041986234486103
669,0.4133720099925995
670,0.4309026002883911
671,-0.01158659067004919
672,0.4110182523727417
673,0.4368829131126404
674,-0.012370700016617775
675,0.4092189073562622
676,0.4433913230895996
677,-0.010774251073598862
678,0.40681692957878113
679,0.44943028688430786
680,-0.004194941837340593
681,0.4051142930984497
682,0.4116266965866089
683,-0.007481805048882961
684,0.4020443856716156
685,0.4105105400085449
686,-0.007433777675032616
687,0.399335116147995
688,0.40850895643234253
689,-0.007410557474941015
690,0.3915944993495941
691,0.39921045303344727
692,-0.005234900396317244
693,0.36088699102401733
694,0.3698890805244446
695,0.011744413524866104
696,0.41514503955841064
697,0.29577481746673584
698,-0.013062838464975357
699,0.41108086705207825
700,0.27597400546073914
701,0.0023438255302608013
702,0.40601006150245667
703,0.2774861752986908
704,0.005452771205455065
705,0.4073682725429535
706,0.4098557233810425
707,-0.006678511388599873
708,0.36106395721435547
709,0.39992284774780273
710,0.02413586527109146
711,0.4180469214916229
712,0.27511879801750183
713,-0.00848215352743864
714,0.40283817052841187
715,0.45641863346099854
716,0.0006244005635380745
717,0.42856672406196594
718,0.3075767457485199
719,-0.03661298006772995
720,0.42083752155303955
721,0.29961803555488586
722,-0.026489315554499626
723,0.42854762077331543
724,0.29676228761672974
725,-0.028339583426713943
726,0.4088742733001709
727,0.32414117455482483
728,-0.021887123584747314
729,0.43068796396255493
730,0.48095178604125977
731,-0.00443695206195116
732,0.4306759536266327
733,0.46870627999305725
734,-0.0038158202078193426
735,0.41606834530830383
736,0.4661114811897278
737,-0.002469589002430439
738,0.38537055253982544
739,0.42961999773979187
740,0.0059074461460113525
741,0.3939090371131897
742,0.35786163806915283
743,-0.007159180473536253
744,0.392829030752182
745,0.44423341751098633
746,0.003624256933107972
747,0.3773069977760315
748,0.35805776715278625
749,-0.0030051320791244507
750,0.3881201446056366
751,0.3712262511253357
752,-0.0057607959024608135
753,0.37220197916030884
754,0.378412663936615
755,0.0034477063454687595
756,0.4134505093097687
757,0.47755444049835205
758,-0.0027173557318747044
759,0.40385544300079346
760,0.3314501941204071
761,-0.016162686049938202
762,0.37846824526786804
763,0.4381917715072632
764,0.013758300803601742
765,0.38841763138771057
766,0.45287004113197327
767,0.009865540079772472
768,0.3801737129688263
769,0.4129868447780609
770,0.005881568882614374
771,0.35270577669143677
772,0.38498276472091675
773,0.030802685767412186
774,0.3704509735107422
775,0.4142823815345764
776,0.0140585508197546
777,0.34861990809440613
778,0.39521801471710205
779,0.04941947013139725
780,0.38352540135383606
781,0.3888916075229645
782,-0.001904363976791501
783,0.40962493419647217
784,0.31460100412368774
785,-0.015641193836927414
786,0.40978217124938965
787,0.3444603383541107
788,-0.035360611975193024
789,0.4045525789260864
790,0.3485909104347229
791,-0.026439830660820007
792,0.4133439362049103
793,0.3365114629268646
794,-0.04131076857447624
795,0.40496060252189636
796,0.26687106490135193
797,0.00015074519615154713
798,0.3917049467563629
799,0.26085036993026733
800,-0.0015298532089218497
801,0.37994399666786194
802,0.2597253620624542
803,-0.0012075816048309207
804,0.37025922536849976
805,0.2619153559207916
806,0.00205536512658
807,0.3637603223323822
808,0.2673099637031555
809,0.00716702314093709
810,0.3596280813217163
811,0.28798338770866394
812,0.019579807296395302
813,0.33857473731040955
814,0.32066380977630615
815,0.05509344860911369
816,0.3655361533164978
817,0.3033585846424103
818,0.012483940459787846
819,0.37369000911712646
820,0.30613791942596436
821,0.007387634366750717
822,0.38423874974250793
823,0.30542436242103577
824,0.003969415556639433
825,0.3942636251449585
826,0.3021647334098816
827,0.0029505405109375715
828,0.40217694640159607
829,0.29774177074432373
830,0.0024974574334919453
831,0.40767085552215576
832,0.29356691241264343
833,0.0022573377937078476
834,0.33993464708328247
835,0.32376742362976074
836,0.08643623441457748
837,0.40508323907852173
838,0.3524547815322876
839,-0.022360045462846756
840,0.41485464572906494
841,0.31569868326187134
842,-0.0282658152282238
843,0.4158270061016083
844,0.3445788621902466
845,-0.04193335771560669
846,0.4206576943397522
847,0.3507832884788513
848,-0.03885749727487564
849,0.4159218668937683
850,0.3466973602771759
851,-0.037900637835264206
852,0.4077296555042267
853,0.35656338930130005
854,-0.019508572295308113
855,0.4221186935901642
856,0.3517897129058838
857,-0.04111121594905853
858,0.42302703857421875
859,0.35467296838760376
860,-0.031275682151317596
861,0.4074195325374603
862,0.28411442041397095
863,0.0068247318267822266
864,0.4120521545410156
865,0.28704357147216797
866,0.0014345950912684202
867,0.4145320653915405
868,0.2887030839920044
869,-0.0047864727675914764
870,0.3697589039802551
871,0.28145647048950195
872,0.011494872160255909
873,0.3650000989437103
874,0.2769157290458679
875,0.0117611363530159
876,0.43582069873809814
877,0.30970823764801025
878,-0.03370995447039604
879,0.48735061287879944
880,0.2871498465538025
881,0.013356558978557587
882,0.4369109272956848
883,0.3525967001914978
884,-0.031164636835455894
885,0.5135974884033203
886,0.24862545728683472
887,0.05523310601711273
888,0.4640600085258484
889,0.2957087755203247
890,0.004268073942512274
891,0.4721411466598511
892,0.2970291078090668
893,0.004751319065690041
894,0.47993892431259155
895,0.29684868454933167
896,0.00697990832850337
897,0.490303099155426
898,0.291542649269104
899,0.0142986373975873
900,0.45721250772476196
901,0.29225629568099976
902,0.004938886500895023
903,0.47504928708076477
904,0.26771292090415955
905,0.0019653195049613714
906,0.4662296772003174
907,0.2680719792842865
908,0.0020591923967003822
909,0.48321348428726196
910,0.26965367794036865
911,0.004647192545235157
912,0.4885939359664917
913,0.2737610936164856
914,0.008062087930738926
915,0.49630802869796753
916,0.2994146943092346
917,0.017882930114865303
918,0.46190741658210754
919,0.46638667583465576
920,0.004106607288122177
921,0.4901381731033325
922,0.2848449945449829
923,0.01614607498049736
924,0.5177385807037354
925,0.2968938946723938
926,0.05572767183184624
927,0.5048072338104248
928,0.29263919591903687
929,0.026783106848597527
930,0.4702276587486267
931,0.34192129969596863
932,-0.005829210393130779
933,0.441022664308548
934,0.3884853422641754
935,-0.02599981613457203
936,0.43922483921051025
937,0.4024471044540405
938,-0.02289690263569355
939,0.45170292258262634
940,0.39323562383651733
941,-0.020892245694994926
942,0.45772239565849304
943,0.39994490146636963
944,-0.014050542376935482
945,0.4465363919734955
946,0.40394172072410583
947,-0.019174808636307716
948,0.45171961188316345
949,0.4065444767475128
950,-0.012768433429300785
951,0.46803662180900574
952,0.42561495304107666
953,0.0012179166078567505
954,0.4358477294445038
955,0.3460603356361389
956,-0.045946020632982254
957,0.4369240999221802
958,0.3346811532974243
959,-0.04800830036401749
960,0.5004531741142273
961,0.26374122500419617
962,0.011000257916748524
963,0.45402321219444275
964,0.31259140372276306
965,-0.006426624953746796
966,0.45588335394859314
967,0.34470242261886597
968,-0.024754052981734276
969,0.456559419631958
970,0.33911970257759094
971,-0.021895363926887512
972,0.49305176734924316
973,0.3427563011646271
974,0.004409224726259708
975,0.43637388944625854
976,0.3208760917186737
977,-0.04235576093196869
978,0.48176735639572144
979,0.2513759434223175
980,-0.003864535829052329
981,0.49294278025627136
982,0.2553781270980835
983,0.002595635363832116
984,0.5066441297531128
985,0.2273419052362442
986,0.03964337706565857
987,0.44597575068473816
988,0.25930148363113403
989,-0.011565365828573704
990,0.4585705101490021
991,0.2712405025959015
992,0.004451449029147625
993,0.4726950228214264
994,0.4110010266304016
995,0.0024265481624752283
996,0.5082758665084839
997,0.40588244795799255
998,0.07305247336626053
999,0.44968757033348083
1000,0.35096776485443115
1001,-0.02179708518087864
1002,0.44269034266471863
1003,0.35499846935272217
1004,-0.023288119584321976
1005,0.4644277095794678
1006,0.4138893485069275
1007,0.0009732379694469273
1008,0.4597386419773102
1009,0.41350290179252625
1010,-0.0013547149719670415
1011,0.4971221387386322
1012,0.2484499216079712
1013,0.0074713402427732944
1014,0.4560266137123108
1015,0.3505758047103882
1016,-0.020344311371445656
1017,0.46636515855789185
1018,0.25190967321395874
1019,-0.008751645684242249
1020,0.4678875207901001
1021,0.2425214797258377
1022,-0.009946268051862717
1023,0.4755811095237732
1024,0.19779594242572784
1025,0.008234630338847637
1026,0.5016263127326965
1027,0.2371298372745514
1028,0.02159920521080494
1029,0.4709346890449524
1030,0.21883715689182281
1031,-0.001259306212887168
1032,0.5047904849052429
1033,0.2592911124229431
1034,0.01873735710978508
1035,0.509188711643219
1036,0.254280149936676
1037,0.0361502543091774
1038,0.44040271639823914
1039,0.3962458372116089
1040,-0.025481518357992172
1041,0.44906553626060486
1042,0.3994125723838806
1043,-0.020492512732744217
1044,0.45491552352905273
1045,0.4033321142196655
1046,-0.014157376252114773
1047,0.4474807679653168
1048,0.35347795486450195
1049,-0.020358126610517502
1050,0.46211910247802734
1051,0.41405627131462097
1052,-0.0004501705407164991
1053,0.4597635865211487
1054,0.4209608733654022
1055,-0.004084669053554535
1056,0.4583461582660675
1057,0.412522554397583
1058,-0.001617788220755756
1059,0.44520220160484314
1060,0.34602755308151245
1061,-0.033388901501894
1062,0.4495369791984558
1063,0.40620478987693787
1064,-0.011553656309843063
1065,0.4444431662559509
1066,0.4051094949245453
1067,-0.016122061759233475
1068,0.437983900308609
1069,0.4048190414905548
1070,-0.019497010856866837
1071,0.44312095642089844
1072,0.4577983319759369
1073,-0.004161035176366568
1074,0.4429629445075989
1075,0.4498995244503021
1076,-0.01329120621085167
1077,0.4420173168182373
1078,0.44244667887687683
1079,-0.015398143790662289
1080,0.44062843918800354
1081,0.4342462420463562
1082,-0.014033128507435322
1083,0.43941107392311096
1084,0.42870140075683594
1085,-0.012797791510820389
1086,0.4514991343021393
1087,0.4223095774650574
1088,-0.006667009089142084
1089,0.4534505605697632
1090,0.4243583381175995
1091,-0.007838835939764977
1092,0.4563702940940857
1093,0.4279536008834839
1094,-0.00856238417327404
1095,0.4587874412536621
1096,0.4316662549972534
1097,-0.00701376935467124
1098,0.46369224786758423
1099,0.38556337356567383
1100,-0.010983558371663094
1101,0.5169277787208557
1102,0.34873637557029724
1103,0.08753172308206558
1104,0.45458316802978516
1105,0.4189647436141968
1106,-0.0033168341033160686
1107,0.45710837841033936
1108,0.4198188781738281
1109,-0.004130479879677296
1110,0.4401409327983856
1111,0.360452264547348
1112,-0.023546850308775902
1113,0.4530639946460724
1114,0.3583890497684479
1115,-0.014387392438948154
1116,0.4413113594055176
1117,0.3578115999698639
1118,-0.023705944418907166
1119,0.4626346528530121
1120,0.31968507170677185
1121,-0.003814524272456765
1122,0.4754195511341095
1123,0.32800281047821045
1124,-0.001730175456032157
1125,0.45780089497566223
1126,0.3449375033378601
1127,-0.017378296703100204
1128,0.49474892020225525
1129,0.20987945795059204
1130,0.02277257852256298
1131,0.4896775186061859
1132,0.22479212284088135
1133,0.009503897279500961
1134,0.4844776690006256
1135,0.24234218895435333
1136,-0.0014891762984916568
1137,0.4623204469680786
1138,0.43699488043785095
1139,-0.0012703503016382456
1140,0.4487849175930023
1141,0.2444976568222046
1142,-0.014301201328635216
1143,0.4514078199863434
1144,0.2171311229467392
1145,-0.007533684838563204
1146,0.45432209968566895
1147,0.19196847081184387
1148,-0.000508769997395575
1149,0.48651349544525146
1150,0.29522472620010376
1151,0.010661031119525433
1152,0.5044042468070984
1153,0.30783146619796753
1154,0.022338734939694405
1155,0.4528506100177765
1156,0.2889082133769989
1157,0.006177072413265705
1158,0.4969959259033203
1159,0.27800828218460083
1160,0.015457415953278542
1161,0.4480258822441101
1162,0.3047413229942322
1163,-0.009367644786834717
1164,0.45071548223495483
1165,0.3395261764526367
1166,-0.03287612646818161
1167,0.5123040080070496
1168,0.3163713216781616
1169,0.031124936416745186
1170,0.4991818070411682
1171,0.3151368498802185
1172,0.014469875022768974
1173,0.4892219603061676
1174,0.31850266456604004
1175,0.006514783017337322
1176,0.47408539056777954
1177,0.31594595313072205
1178,0.0024066430050879717
1179,0.462832510471344
1180,0.3106280267238617
1181,0.0008089731563813984
1182,0.4542076885700226
1183,0.30482780933380127
1184,-0.0014352722791954875
1185,0.4366430342197418
1186,0.28863421082496643
1187,-0.01768835447728634
1188,0.5107814073562622
1189,0.3401944637298584
1190,0.027752213180065155
1191,0.5031418204307556
1192,0.27695077657699585
1193,0.0195950698107481
1194,0.43324971199035645
1195,0.35241585969924927
1196,-0.04214410483837128
1197,0.45361319184303284
1198,0.3230116367340088
1199,-0.010382001288235188
1200,0.5187087059020996
1201,0.2982281446456909
1202,0.08359457552433014
1203,0.44776543974876404
1204,0.29820385575294495
1205,-0.002530973171815276
1206,0.45836928486824036
1207,0.3463957607746124
1208,-0.00853419117629528
1209,0.4930126667022705
1210,0.28539717197418213
1211,0.01762940175831318
1212,0.4511851370334625
1213,0.332754522562027
1214,-0.02936975099146366
1215,0.5146081447601318
1216,0.3761158883571625
1217,0.08257924020290375
1218,0.45291659235954285
1219,0.2847900092601776
1220,0.008716403506696224
1221,0.4438786506652832
1222,0.325562059879303
1223,-0.03743661567568779
1224,0.49300292134284973
1225,0.4343768358230591
1226,0.03137412294745445
1227,0.4928632378578186
1228,0.448536217212677
1229,0.04450106993317604
1230,0.517961323261261
1231,0.3448437750339508
1232,0.05752008408308029
1233,0.5011745691299438
1234,0.41748058795928955
1235,0.04072723165154457
1236,0.5135239958763123
1237,0.27390024065971375
1238,0.048437438905239105
1239,0.4638768434524536
1240,0.4787753224372864
1241,0.008300506509840488
1242,0.43247008323669434
1243,0.35523173213005066
1244,-0.031237566843628883
1245,0.46089497208595276
1246,0.3320050835609436
1247,-0.007486102636903524
1248,0.5111523866653442
1249,0.29539310932159424
1250,0.035347919911146164
1251,0.4793647527694702
1252,0.29001545906066895
1253,0.008246269077062607
1254,0.47225239872932434
1255,0.29065409302711487
1256,0.00609144801273942
1257,0.46233314275741577
1258,0.4223238527774811
1259,-0.0029324954375624657
1260,0.5085546970367432
1261,0.36365562677383423
1262,0.029495786875486374
1263,0.44909757375717163
1264,0.49833351373672485
1265,0.009838998317718506
1266,0.4737463593482971
1267,0.47797688841819763
1268,0.02501261979341507
1269,0.4830254912376404
1270,0.46543312072753906
1271,0.03353458270430565
1272,0.46539294719696045
1273,0.2897067070007324
1274,0.005591955501586199
1275,0.45901572704315186
1276,0.2873970866203308
1277,0.006696641445159912
1278,0.45497429370880127
1279,0.28605955839157104
1280,0.008451645262539387
1281,0.5082798004150391
1282,0.2753507196903229
1283,0.028242338448762894
1284,0.45976921916007996
1285,0.2789633870124817
1286,0.005840077996253967
1287,0.46666231751441956
1288,0.27721014618873596
1289,0.004264734219759703
1290,0.47358256578445435
1291,0.27698326110839844
1292,0.004786581266671419
1293,0.48058024048805237
1294,0.2787330746650696
1295,0.006857548374682665
1296,0.4851149916648865
1297,0.2813209593296051
1298,0.009713318198919296
1299,0.5173963308334351
1300,0.27081456780433655
1301,0.07143647223711014
1302,0.4840889573097229
1303,0.28867107629776
1304,0.01094729918986559
1305,0.4570929706096649
1306,0.37686631083488464
1307,-0.015615989454090595
1308,0.44989243149757385
1309,0.3487526774406433
1310,-0.024833757430315018
1311,0.4416085481643677
1312,0.3715074360370636
1313,-0.02313021942973137
1314,0.4842872619628906
1315,0.451162189245224
1316,0.024197442457079887
1317,0.47471752762794495
1318,0.4647696614265442
1319,0.016794782131910324
1320,0.4491457939147949
1321,0.4893032908439636
1322,0.000800649228040129
1323,0.5004821419715881
1324,0.43040964007377625
1325,0.058782633394002914
1326,0.45498958230018616
1327,0.28222984075546265
1328,0.0075319972820580006
1329,0.44243231415748596
1330,0.3063122630119324
1331,-0.020904066041111946
1332,0.4628221392631531
1333,0.4895343780517578
1334,0.015956610441207886
1335,0.5149640440940857
1336,0.3706154227256775
1337,0.05549288168549538
1338,0.44625547528266907
1339,0.42579886317253113
1340,-0.010056094266474247
1341,0.44818755984306335
1342,0.4297791123390198
1343,-0.011115397326648235
1344,0.4505610466003418
1345,0.4357081949710846
1346,-0.011941899545490742
1347,0.45241981744766235
1348,0.4423273801803589
1349,-0.010254456661641598
1350,0.4545057713985443
1351,0.4486300051212311
1352,-0.0037931082770228386
1353,0.4562644362449646
1354,0.4093647003173828
1355,-0.006955606397241354
1356,0.4593459963798523
1357,0.4081135392189026
1358,-0.006909386720508337
1359,0.46201345324516296
1360,0.4060332477092743
1361,-0.006663987413048744
1362,0.46904444694519043
1363,0.397142231464386
1364,-0.004377106204628944
1365,0.49776339530944824
1366,0.3688706159591675
1367,0.01273130252957344
1368,0.4421877861022949
1369,0.29591482877731323
1370,-0.013001364655792713
1371,0.44633030891418457
1372,0.2768349051475525
1373,0.0026549315080046654
1374,0.45136547088623047
1375,0.2784075140953064
1376,0.0060390387661755085
1377,0.45389682054519653
1378,0.40775182843208313
1379,-0.006156402640044689
1380,0.49807673692703247
1381,0.3990890681743622
1382,0.02532065473496914
1383,0.4391953945159912
1384,0.27555280923843384
1385,-0.00821776781231165
1386,0.4582274854183197
1387,0.4558345079421997
1388,0.0010781337041407824
1389,0.4364042580127716
1390,0.29965871572494507
1391,-0.026363246142864227
1392,0.4486365020275116
1393,0.3239412009716034
1394,-0.02144547738134861
1395,0.44520461559295654
1396,0.46585771441459656
1397,-0.002374550560489297
1398,0.47527214884757996
1399,0.4283856153488159
1400,0.0067385658621788025
1401,0.46466922760009766
1402,0.35684409737586975
1403,-0.006586198695003986
1404,0.46814048290252686
1405,0.4433209300041199
1406,0.0042745149694383144
1407,0.4815268814563751
1408,0.35709476470947266
1409,-0.002521535847336054
1410,0.47116178274154663
1411,0.37008824944496155
1412,-0.005117747467011213
1413,0.48703646659851074
1414,0.3773246109485626
1415,0.0042039453983306885
1416,0.44773775339126587
1417,0.47745823860168457
1418,-0.0024683948140591383
1419,0.45379695296287537
1420,0.3310518264770508
1421,-0.015642723068594933
1422,0.4818836748600006
1423,0.43737727403640747
1424,0.014678039588034153
1425,0.4724315404891968
1426,0.4524109363555908
1427,0.010594995692372322
1428,0.48018544912338257
1429,0.41138583421707153
1430,0.006638468708842993
1431,0.5057164430618286
1432,0.384240984916687
1433,0.032264988869428635
1434,0.4893781840801239
1435,0.41328999400138855
1436,0.014976299367845058
1437,0.5096990466117859
1438,0.39481452107429504
1439,0.05135565996170044
1440,0.4762932360172272
1441,0.38733264803886414
1442,-0.001309255720116198
1443,0.4478831887245178
1444,0.3144565224647522
1445,-0.015244103036820889
1446,0.44793030619621277
1447,0.34418240189552307
1448,-0.03490667790174484
1449,0.4533442258834839
1450,0.34813088178634644
1451,-0.025960292667150497
1452,0.44418931007385254
1453,0.3363679051399231
1454,-0.04117897152900696
1455,0.45275723934173584
1456,0.26791661977767944
1457,0.0005841671372763813
1458,0.46609771251678467
1459,0.26232263445854187
1460,-0.0008527252357453108
1461,0.47774404287338257
1462,0.2615054249763489
1463,-0.00037920495378784835
1464,0.4873739182949066
1465,0.26364052295684814
1466,0.0030515529215335846
1467,0.4939027428627014
1468,0.268987238407135
1469,0.008460145443677902
1470,0.4981080889701843
1471,0.28900259733200073
1472,0.020775707438588142
1473,0.5189583897590637
1474,0.32051166892051697
1475,0.05708834528923035
1476,0.49221646785736084
1477,0.30373838543891907
1478,0.013542240485548973
1479,0.4840319752693176
1480,0.30634579062461853
1481,0.008214473724365234
1482,0.4734812080860138
1483,0.30581042170524597
1484,0.004613812547177076
1485,0.4632350504398346
1486,0.3025941252708435
1487,0.003488401882350445
1488,0.45521193742752075
1489,0.29828083515167236
1490,0.0028593777678906918
1491,0.44969481229782104
1492,0.29410791397094727
1493,0.002564184134826064
1494,0.5178369283676147
1495,0.3235321044921875
1496,0.08845223486423492
1497,0.45295950770378113
1498,0.35176172852516174
1499,-0.021881533786654472
1500,0.4424808919429779
1501,0.31560537219047546
1502,-0.0280133169144392
1503,0.44185328483581543
1504,0.3443760275840759
1505,-0.04169595241546631
1506,0.4373258054256439
1507,0.35052481293678284
1508,-0.0386858768761158
1509,0.44187048077583313
1510,0.34644630551338196
1511,-0.03763803094625473
1512,0.45051589608192444
1513,0.3558667302131653
1514,-0.019159454852342606
1515,0.4358312487602234
1516,0.35156136751174927
1517,-0.040953706949949265
1518,0.43511131405830383
1519,0.35441961884498596
1520,-0.03115508332848549
1521,0.4498632848262787
1522,0.2850985527038574
1523,0.007139083929359913
1524,0.44525209069252014
1525,0.2876852750778198
1526,0.001751712174154818
1527,0.4428299069404602
1528,0.28908097743988037
1529,-0.004637466743588448
1530,0.4879060983657837
1531,0.2832863926887512
1532,0.012489235028624535
1533,0.4925680160522461
1534,0.27852317690849304
1535,0.012931309640407562
1536,0.0
1537,0.0
1538,0.0
1539,0.0
1540,0.0
1541,0.0
1542,0.0
1543,0.0
1544,0.0
1545,0.0
1546,0.0
1547,0.0
1548,0.0
1549,0.0
1550,0.0
1551,0.0
1552,0.0
1553,0.0
1554,0.0
1555,0.0
1556,0.0
1557,0.0
1558,0.0
1559,0.0
1560,0.0
1561,0.0
1562,0.0
1563,0.0
1564,0.0
1565,0.0
1566,0.0
1567,0.0
1568,0.0
1569,0.0
1570,0.0
1571,0.0
1572,0.0
1573,0.0
1574,0.0
1575,0.0
1576,0.0
1577,0.0
1578,0.0
1579,0.0
1580,0.0
1581,0.0
1582,0.0
1583,0.0
1584,0.0
1585,0.0
1586,0.0
1587,0.0
1588,0.0
1589,0.0
1590,0.0
1591,0.0
1592,0.0
1593,0.0
1594,0.0
1595,0.0
1596,0.0
1597,0.0
1598,0.0
1599,0.13443692028522491
1600,0.6837174892425537
1601,-1.4017571992042122e-08
1602,0.18431276082992554
1603,0.6534122824668884
1604,-0.013100283220410347
1605,0.21973612904548645
1606,0.5805718898773193
1607,-0.016258995980024338
1608,0.23583835363388062
1609,0.5205435752868652
1610,-0.02122422866523266
1611,0.2503482699394226
1612,0.48317497968673706
1613,-0.025614043697714806
1614,0.177194282412529
1615,0.4944940209388733
1616,0.002284351037815213
1617,0.18512466549873352
1618,0.41874271631240845
1619,-0.005911866202950478
1620,0.19084608554840088
1621,0.37375226616859436
1622,-0.009695068933069706
1623,0.19405114650726318
1624,0.3325956165790558
1625,-0.012843411415815353
1626,0.14971473813056946
1627,0.4910246729850769
1628,-0.002438322640955448
1629,0.15947702527046204
1630,0.4175994098186493
1631,-0.0330982469022274
1632,0.17555074393749237
1633,0.46341365575790405
1634,-0.047781802713871
1635,0.18008479475975037
1636,0.5113789439201355
1637,-0.04815547540783882
1638,0.12183332443237305
1639,0.49550938606262207
1640,-0.00875936821103096
1641,0.12600116431713104
1642,0.4214354157447815
1643,-0.03767223656177521
1644,0.1475723683834076
1645,0.46679455041885376
1646,-0.04169631376862526
1647,0.15686997771263123
1648,0.5105082392692566
1649,-0.035042889416217804
1650,0.0921558141708374
1651,0.5070515275001526
1652,-0.01596345566213131
1653,0.0748097151517868
1654,0.43964964151382446
1655,-0.03201895207166672
1656,0.072426438331604
1657,0.3968588709831238
1658,-0.036859024316072464
1659,0.06870896369218826
1660,0.3545123338699341
1661,-0.03725975751876831
