,0
0,0.42574745416641235
1,0.347150057554245
2,-0.7334483861923218
3,0.9999942779541016
4,0.45242467522621155
5,0.29292571544647217
6,-0.676247239112854
7,0.9999898672103882
8,0.4676850736141205
9,0.2949945032596588
10,-0.6757465600967407
11,0.9999905824661255
12,0.4823586046695709
13,0.297583669424057
14,-0.6752158403396606
15,0.9999895095825195
16,0.3984028100967407
17,0.2934376299381256
18,-0.6794382333755493
19,0.99998939037323
20,0.3807644248008728
21,0.2950703799724579
22,-0.6783393621444702
23,0.9999889135360718
24,0.3647560179233551
25,0.2967027425765991
26,-0.6784558892250061
27,0.9999873042106628
28,0.501242458820343
29,0.3328433632850647
30,-0.3282191753387451
31,0.9999892115592957
32,0.3413909375667572
33,0.32790666818618774
34,-0.33787018060684204
35,0.9999914169311523
36,0.45735493302345276
37,0.4169880747795105
38,-0.6094310879707336
39,0.9999930262565613
40,0.39189082384109497
41,0.4138701558113098
42,-0.6139069199562073
43,0.9999935030937195
44,0.6279033422470093
45,0.6713870167732239
46,-0.19256414473056793
47,0.9998824000358582
48,0.20690152049064636
49,0.6864769458770752
50,-0.19704954326152802
51,0.9995848536491394
52,0.7405704259872437
53,1.039993166923523
54,-0.6317254304885864
55,0.7984570264816284
56,0.11569362878799438
57,0.9989868402481079
58,-0.2842453718185425
59,0.35868555307388306
60,0.7331031560897827
61,0.6763837933540344
62,-1.10951828956604
63,0.8718937635421753
64,0.10876475274562836
65,1.4493645429611206
66,-0.7467389702796936
67,0.22509746253490448
68,0.695712685585022
69,0.5269299149513245
70,-1.233492136001587
71,0.8609188795089722
72,0.0793423056602478
73,1.563578724861145
74,-0.819111704826355
75,0.26347556710243225
76,0.6718868613243103
77,0.4902530610561371
78,-1.1202057600021362
79,0.8730891942977905
80,0.11001622676849365
81,1.5523715019226074
82,-0.8982468843460083
83,0.3669882118701935
84,0.6677786111831665
85,0.5504373908042908
86,-1.0899639129638672
87,0.868574857711792
88,0.13141438364982605
89,1.5142666101455688
90,-0.7994517683982849
91,0.37721487879753113
92,0.5695865154266357
93,1.4714773893356323
94,-0.06917385011911392
95,0.003800418460741639
96,0.2828301787376404
97,1.4706461429595947
98,0.07515332847833633
99,0.0022545666433870792
100,0.5525491237640381
101,2.1316444873809814
102,-0.17077991366386414
103,0.00044691338553093374
104,0.2866895794868469
105,2.1235713958740234
106,0.09597302973270416
107,0.00012320019595790654
108,0.5429402589797974
109,2.711682081222534
110,0.2696078419685364
111,2.8318530894466676e-05
112,0.28842347860336304
113,2.6948482990264893
114,0.4197988510131836
115,2.9709390219068155e-06
116,0.5511678457260132
117,2.7922213077545166
118,0.28236427903175354
119,2.6576297386782244e-05
120,0.28147825598716736
121,2.7789719104766846
122,0.43981486558914185
123,9.736688298289664e-06
124,0.49228721857070923
125,2.89445424079895
126,-0.28029686212539673
127,6.116213626228273e-05
128,0.3245777487754822
129,2.87351131439209
130,-0.14964239299297333
131,2.668997331056744e-05
132,0.41849377751350403
133,0.39596229791641235
134,-0.027182230725884438
135,0.4167717397212982
136,0.3543562889099121
137,-0.047248393297195435
138,0.4176620841026306
139,0.3678721785545349
140,-0.02636854350566864
141,0.4105949401855469
142,0.316432923078537
143,-0.034019049257040024
144,0.4168466329574585
145,0.34189245104789734
146,-0.049630582332611084
147,0.4172525703907013
148,0.3266521990299225
149,-0.04554501920938492
150,0.4185706079006195
151,0.29201579093933105
152,-0.021193258464336395
153,0.3609294891357422
154,0.29004839062690735
155,0.01424495317041874
156,0.4194144308567047
157,0.26822352409362793
158,-0.01460991706699133
159,0.41980889439582825
160,0.25355327129364014
161,-0.015592540614306927
162,0.42138057947158813
163,0.19724750518798828
164,-0.0030996196437627077
165,0.41862496733665466
166,0.4022010266780853
167,-0.026453237980604172
168,0.41869547963142395
169,0.4073278307914734
170,-0.023996206000447273
171,0.4187672734260559
172,0.40969616174697876
173,-0.020419200882315636
174,0.41832107305526733
175,0.43205416202545166
176,-0.014726268127560616
177,0.41820991039276123
178,0.4383397400379181
179,-0.016197090968489647
180,0.41810816526412964
181,0.44586750864982605
182,-0.017784196883440018
183,0.4180224537849426
184,0.4536561071872711
185,-0.01560890395194292
186,0.41789186000823975
187,0.4633646607398987
188,-0.006875198800116777
189,0.4169608950614929
190,0.36099889874458313
191,-0.04321755841374397
192,0.4091937839984894
193,0.36050426959991455
194,-0.03156863525509834
195,0.3372601270675659
196,0.2527972161769867
197,0.05625283345580101
198,0.3840867280960083
199,0.3002011477947235
200,0.005053202621638775
201,0.376078724861145
202,0.3011232614517212
203,0.005553781986236572
204,0.3683609366416931
205,0.30073121190071106
206,0.007884001359343529
207,0.35795310139656067
208,0.29456430673599243
209,0.015208904631435871
210,0.3907874524593353
211,0.29727956652641296
212,0.005559574346989393
213,0.37353840470314026
214,0.271481454372406
215,0.002794617088511586
216,0.38241463899612427
217,0.2725676894187927
218,0.0028002727776765823
219,0.36525556445121765
220,0.27294203639030457
221,0.005413217935711145
222,0.3597439229488373
223,0.27674412727355957
224,0.008897720836102962
225,0.35207661986351013
226,0.30298912525177
227,0.01908143423497677
228,0.38597920536994934
229,0.4728163480758667
230,0.0026754054706543684
231,0.358115553855896
232,0.2873595952987671
233,0.01706790365278721
234,0.33189499378204346
235,0.3012946844100952
236,0.05705569311976433
237,0.3439379334449768
238,0.2964938282966614
239,0.027926618233323097
240,0.376628577709198
241,0.34731432795524597
242,-0.00533270975574851
243,0.4070974886417389
244,0.39395350217819214
245,-0.025625526905059814
246,0.4091253876686096
247,0.4074753224849701
248,-0.022284023463726044
249,0.3960188329219818
250,0.39857515692710876
251,-0.020305557176470757
252,0.38986387848854065
253,0.4050845503807068
254,-0.012887276709079742
255,0.4013320803642273
256,0.40894177556037903
257,-0.018175434321165085
258,0.3958692252635956
259,0.4116012752056122
260,-0.011319753713905811
261,0.3800202012062073
262,0.429942786693573
263,0.0025048479437828064
264,0.4097163677215576
265,0.35388967394828796
266,-0.04641684517264366
267,0.40869155526161194
268,0.3419848084449768
269,-0.04857425019145012
270,0.348479300737381
271,0.2666111886501312
272,0.011703708209097385
273,0.3933630585670471
274,0.3183259069919586
275,-0.0060499864630401134
276,0.389756441116333
277,0.3513575792312622
278,-0.025065256282687187
279,0.38935360312461853
280,0.3455030918121338
281,-0.02211686782538891
282,0.35368987917900085
283,0.34686312079429626
284,0.005705573596060276
285,0.40957069396972656
286,0.3278346061706543
287,-0.04277915507555008
288,0.3673848807811737
289,0.2546519339084625
290,-0.0031739536207169294
291,0.3560035526752472
292,0.2582016587257385
293,0.0033963031601160765
294,0.34440016746520996
295,0.23140236735343933
296,0.040547147393226624
297,0.4026910066604614
298,0.2655126750469208
299,-0.011408899910748005
300,0.3900282084941864
301,0.2763352692127228
302,0.00511929951608181
303,0.3747287094593048
304,0.415350079536438
305,0.003960250876843929
306,0.3398163318634033
307,0.4122280776500702
308,0.07386825233697891
309,0.3961649537086487
310,0.3580455780029297
311,-0.02185867168009281
312,0.40345484018325806
313,0.3622981011867523
314,-0.02355375327169895
315,0.3829282224178314
316,0.4181053936481476
317,0.0029328891541808844
318,0.38756993412971497
319,0.4179268777370453
320,0.0005752024007961154
321,0.35211098194122314
322,0.251127690076828
323,0.008194858208298683
324,0.3896770477294922
325,0.3570767045021057
326,-0.02055102400481701
327,0.38278207182884216
328,0.2564679980278015
329,-0.008304181508719921
330,0.3815332353115082
331,0.2470509111881256
332,-0.009722622111439705
333,0.375320702791214
334,0.20269612967967987
335,0.008522284217178822
336,0.34854498505592346
337,0.2406395524740219
338,0.022334730252623558
339,0.37924376130104065
340,0.22337885200977325
341,-0.000996930873952806
342,0.34453004598617554
343,0.26245856285095215
344,0.019480176270008087
345,0.34099456667900085
346,0.2580142021179199
347,0.03708421438932419
348,0.4079500734806061
349,0.4016095995903015
350,-0.02490958943963051
351,0.3988575339317322
352,0.4046863913536072
353,-0.01961928978562355
354,0.3927653729915619
355,0.40843766927719116
356,-0.012765692546963692
357,0.3984033763408661
358,0.3604767322540283
359,-0.020601708441972733
360,0.38518086075782776
361,0.4183386266231537
362,0.0015727689024060965
363,0.388123482465744
364,0.42475923895835876
365,-0.0026477461215108633
366,0.3889728784561157
367,0.41708457469940186
368,0.00029399871709756553
369,0.40053683519363403
370,0.3536356985569
371,-0.033790212124586105
372,0.3979388475418091
373,0.4111440181732178
374,-0.010180000215768814
375,0.40338292717933655
376,0.409879207611084
377,-0.015105240046977997
378,0.41037195920944214
379,0.40955862402915955
380,-0.018934452906250954
381,0.4052827060222626
382,0.46126025915145874
383,-0.006256659980863333
384,0.4058443009853363
385,0.4512655436992645
386,-0.014616870321333408
387,0.40680646896362305
388,0.44364112615585327
389,-0.016179867088794708
390,0.4080289900302887
391,0.4359484910964966
392,-0.014564014039933681
393,0.4092346727848053
394,0.4308607578277588
395,-0.013223554007709026
396,0.3964614272117615
397,0.42573297023773193
398,-0.00595977483317256
399,0.3946338891983032
400,0.4276159405708313
401,-0.007191547192633152
402,0.39189204573631287
403,0.43106019496917725
404,-0.00813192967325449
405,0.3896143436431885
406,0.4348801076412201
407,-0.0065597412176430225
408,0.38305404782295227
409,0.3910408616065979
410,-0.009988583624362946
411,0.3325590491294861
412,0.35444244742393494
413,0.08873274177312851
414,0.41725999116897583
415,0.36386382579803467
416,-0.03223719447851181
417,0.3931173086166382
418,0.42291489243507385
419,-0.0019384067272767425
420,0.3906477093696594
421,0.4235415756702423
422,-0.0026694119442254305
423,0.4063621163368225
424,0.3678402900695801
425,-0.023913588374853134
426,0.39282548427581787
427,0.36488622426986694
428,-0.014635416679084301
429,0.40495017170906067
430,0.36517831683158875
431,-0.024036049842834473
432,0.38473236560821533
433,0.32500535249710083
434,-0.003194059245288372
435,0.3718121349811554
436,0.3327050507068634
437,-0.0008382379310205579
438,0.3880842328071594
439,0.3512164056301117
440,-0.017435560002923012
441,0.3563160002231598
442,0.21423731744289398
443,0.023524591699242592
444,0.36059409379959106
445,0.2285076528787613
446,0.01002627145498991
447,0.364900678396225
448,0.24560531973838806
449,-0.0009668100974522531
450,0.3859107792377472
451,0.4411386251449585
452,-0.0008975794189609587
453,0.4003899097442627
454,0.25053849816322327
455,-0.014169242233037949
456,0.3985651731491089
457,0.22274328768253326
458,-0.0074994200840592384
459,0.3962952494621277
460,0.1977204531431198
461,-0.0004713056259788573
462,0.36172086000442505
463,0.2986747920513153
464,0.011651801876723766
465,0.3439205288887024
466,0.3116465210914612
467,0.023597553372383118
468,0.3951081931591034
469,0.29416999220848083
470,0.006735713686794043
471,0.3516058921813965
472,0.2811402380466461
473,0.016385840252041817
474,0.3994472026824951
475,0.3107449412345886
476,-0.009038416668772697
477,0.3950093388557434
478,0.3464985191822052
479,-0.03329028934240341
480,0.33603906631469727
481,0.32039985060691833
482,0.03250744566321373
483,0.3487718105316162
484,0.3188484311103821
485,0.015614108182489872
486,0.3586307168006897
487,0.3225030303001404
488,0.007717865519225597
489,0.37372025847435
490,0.3205532431602478
491,0.0033822706900537014
492,0.3849719762802124
493,0.3158048093318939
494,0.0015607151435688138
495,0.39356890320777893
496,0.3103199899196625
497,-0.0008317586616612971
498,0.41065356135368347
499,0.2950195074081421
500,-0.017755690962076187
501,0.3364259898662567
502,0.34423232078552246
503,0.029047837480902672
504,0.34586483240127563
505,0.28047242760658264
506,0.020505376160144806
507,0.41265952587127686
508,0.3604723811149597
509,-0.04263461008667946
510,0.39321714639663696
511,0.3289979100227356
512,-0.01027648989111185
513,0.33162254095077515
514,0.3030957579612732
515,0.08496442437171936
516,0.3999902904033661
517,0.30399182438850403
518,-0.002085895510390401
519,0.38762366771698
520,0.3525104820728302
521,-0.008612124249339104
522,0.35534101724624634
523,0.28826478123664856
524,0.01862695999443531
525,0.39478591084480286
526,0.3393961787223816
527,-0.029690658673644066
528,0.33431681990623474
529,0.38222208619117737
530,0.08348146826028824
531,0.3951566219329834
532,0.2899382710456848
533,0.009314427152276039
534,0.4021167755126953
535,0.33239883184432983
536,-0.037755560129880905
537,0.354206919670105
538,0.4399681091308594
539,0.03191598504781723
540,0.3548228442668915
541,0.45489174127578735
542,0.044743940234184265
543,0.33028560876846313
544,0.34969985485076904
545,0.05878666043281555
546,0.34559839963912964
547,0.4230309724807739
548,0.041353411972522736
549,0.3364497423171997
550,0.27802371978759766
551,0.0495292991399765
552,0.3839332163333893
553,0.48596900701522827
554,0.006586546078324318
555,0.41386428475379944
556,0.3633417785167694
557,-0.0316631942987442
558,0.38591301441192627
559,0.3378165066242218
560,-0.007235854864120483
561,0.33790329098701477
562,0.29941076040267944
563,0.03644736111164093
564,0.368912935256958
565,0.29346537590026855
566,0.00906528253108263
567,0.3759675621986389
568,0.2944026291370392
569,0.006864544004201889
570,0.3856343626976013
571,0.4262620806694031
572,-0.0013997808564454317
573,0.33793574571609497
574,0.3682929575443268
575,0.030873306095600128
576,0.39852461218833923
577,0.5063227415084839
578,0.007586435414850712
579,0.37415334582328796
580,0.48517996072769165
581,0.023994959890842438
582,0.3648659586906433
583,0.47220224142074585
584,0.033203113824129105
585,0.42064887285232544
586,0.22385795414447784
587,-0.00973628368228674
588,0.4170529842376709
589,0.510399341583252
590,0.0049003311432898045
591,0.3827666938304901
592,0.2938026487827301
593,0.006408905144780874
594,0.38909512758255005
595,0.29217827320098877
596,0.007450389675796032
597,0.3931557536125183
598,0.2910933792591095
599,0.009177541360259056
600,0.34110227227211
601,0.27917829155921936
602,0.02919548749923706
603,0.3885185718536377
604,0.28318852186203003
605,0.006695855408906937
606,0.38173043727874756
607,0.28056836128234863
608,0.005224859341979027
609,0.3748285174369812
610,0.27969181537628174
611,0.005747050046920776
612,0.3676912486553192
613,0.281105637550354
614,0.007834384217858315
615,0.3630983233451843
616,0.28367945551872253
617,0.010669966228306293
618,0.3333437144756317
619,0.2752034664154053
620,0.07260480523109436
621,0.36418336629867554
622,0.29181569814682007
623,0.011773827485740185
624,0.4180329144001007
625,0.37705498933792114
626,-0.024373263120651245
627,0.38947826623916626
628,0.38277468085289
629,-0.015187538228929043
630,0.39588481187820435
631,0.35589632391929626
632,-0.025152916088700294
633,0.4057052731513977
634,0.3781256079673767
635,-0.023224208503961563
636,0.4190719723701477
637,0.28010663390159607
638,-0.014461915008723736
639,0.3634411096572876
640,0.4572325050830841
641,0.024134285748004913
642,0.37317168712615967
643,0.4713449776172638
644,0.01586097665131092
645,0.3985446095466614
646,0.49675291776657104
647,-0.0015568777453154325
648,0.3471004068851471
649,0.4366436302661896
650,0.05936655029654503
651,0.3930755853652954
652,0.2871209383010864
653,0.008252895437180996
654,0.4045439064502716
655,0.31260132789611816
656,-0.020926760509610176
657,0.4172048270702362
658,0.5010339617729187
659,-0.0037458171136677265
660,0.3849251866340637
661,0.4972352385520935
662,0.014265745878219604
663,0.3326995074748993
664,0.3758757412433624
665,0.0565691776573658
666,0.4020554721355438
667,0.42847752571105957
668,-0.009929977357387543
669,0.4001806080341339
670,0.4321274161338806
671,-0.011150823906064034
672,0.39797842502593994
673,0.437831312417984
674,-0.0121197160333395
675,0.39624425768852234
676,0.44445157051086426
677,-0.010655549354851246
678,0.39374691247940063
679,0.4524846076965332
680,-0.00448239641264081
681,0.3910764455795288
682,0.4141795039176941
683,-0.005104070529341698
684,0.38801729679107666
685,0.41291821002960205
686,-0.004930819850414991
687,0.3853643238544464
688,0.4108472168445587
689,-0.004928496200591326
690,0.3778516948223114
691,0.4020059108734131
692,-0.002916828729212284
693,0.3482528626918793
694,0.37353119254112244
695,0.014082997106015682
696,0.4052395820617676
697,0.3021211326122284
698,-0.012748642824590206
699,0.4018819034099579
700,0.28260067105293274
701,0.003048440907150507
702,0.3967840075492859
703,0.2838886082172394
704,0.0064957900904119015
705,0.3934538662433624
706,0.412565678358078
707,-0.0043858131393790245
708,0.3481202721595764
709,0.4041632413864136
710,0.02642720751464367
711,0.408682256937027
712,0.2819550931453705
713,-0.008233500644564629
714,0.3898566961288452
715,0.46120738983154297
716,-0.00016406977374572307
717,0.41771042346954346
718,0.3146006166934967
719,-0.03697153180837631
720,0.41044774651527405
721,0.3061788082122803
722,-0.026547541841864586
723,0.4181296229362488
724,0.3036005198955536
725,-0.028669295832514763
726,0.3978344798088074
727,0.3303358852863312
728,-0.021599706262350082
729,0.4174667000770569
730,0.48802804946899414
731,-0.007271499373018742
732,0.41771823167800903
733,0.4740981459617615
734,-0.006707262247800827
735,0.4029614329338074
736,0.47107261419296265
737,-0.004725555889308453
738,0.3726661801338196
739,0.4330030679702759
740,0.0075292885303497314
741,0.38176876306533813
742,0.36265528202056885
743,-0.00631256029009819
744,0.38012611865997314
745,0.44846826791763306
746,0.004146426450461149
747,0.3648453950881958
748,0.3619837462902069
749,-0.0016435167053714395
750,0.3754700720310211
751,0.37543219327926636
752,-0.004330158699303865
753,0.35903507471084595
754,0.382060170173645
755,0.005280448589473963
756,0.4001297652721405
757,0.48405522108078003
758,-0.004823077470064163
759,0.39257752895355225
760,0.3372587263584137
761,-0.015718918293714523
762,0.3658498525619507
763,0.4426586925983429
764,0.015105918049812317
765,0.3756832480430603
766,0.45830607414245605
767,0.009978136979043484
768,0.3671608567237854
769,0.41590428352355957
770,0.007971310056746006
771,0.34057435393333435
772,0.38928282260894775
773,0.033456068485975266
774,0.35741037130355835
775,0.41807815432548523
776,0.016118843108415604
777,0.33748310804367065
778,0.40042293071746826
779,0.05220953747630119
780,0.37018924951553345
781,0.39202821254730225
782,4.0616458136355504e-05
783,0.39903098344802856
784,0.32071027159690857
785,-0.015171482227742672
786,0.39775434136390686
787,0.3516030013561249
788,-0.03535153716802597
789,0.3923501968383789
790,0.35497647523880005
791,-0.026262853294610977
792,0.4014545679092407
793,0.34360647201538086
794,-0.041412025690078735
795,0.39593005180358887
796,0.27349400520324707
797,0.0010622869012877345
798,0.38282454013824463
799,0.2669037878513336
800,-0.00026934361085295677
801,0.3710995614528656
802,0.26516851782798767
803,0.000317283469485119
804,0.3613283336162567
805,0.26683029532432556
806,0.003893231973052025
807,0.3547363877296448
808,0.27193552255630493
809,0.009214427322149277
810,0.3505575954914093
811,0.29238712787628174
812,0.02194906398653984
813,0.32995569705963135
814,0.32507553696632385
815,0.05839535966515541
816,0.3560521900653839
817,0.3073467016220093
818,0.014657249674201012
819,0.36415794491767883
820,0.3104049861431122
821,0.009270026348531246
822,0.3746867775917053
823,0.3102310299873352
824,0.00555667607113719
825,0.38478803634643555
826,0.30755630135536194
827,0.004225766286253929
828,0.39273226261138916
829,0.3036269545555115
830,0.0034673712216317654
831,0.3982505798339844
832,0.2997250556945801
833,0.0030770183075219393
834,0.3321074843406677
835,0.32889360189437866
836,0.08976631611585617
837,0.3927711546421051
838,0.35854867100715637
839,-0.022171543911099434
840,0.4039594531059265
841,0.322213739156723
842,-0.028144489973783493
843,0.40376749634742737
844,0.35208797454833984
845,-0.04210411012172699
846,0.40863069891929626
847,0.3585524260997772
848,-0.03913244605064392
849,0.403890460729599
850,0.354261189699173
851,-0.038075730204582214
852,0.3953157067298889
853,0.3625626564025879
854,-0.01939455233514309
855,0.4100644588470459
856,0.35962650179862976
857,-0.04144405573606491
858,0.4110679626464844
859,0.3624659478664398
860,-0.03157871216535568
861,0.3980921804904938
862,0.2905885577201843
863,0.00768186105415225
864,0.40263521671295166
865,0.29349109530448914
866,0.0020784216467291117
867,0.404965877532959
868,0.2951566278934479
869,-0.004344592802226543
870,0.36031171679496765
871,0.2856525480747223
872,0.013495942577719688
873,0.3557511270046234
874,0.2814199924468994
875,0.013885268941521645
876,0.42497876286506653
877,0.3169492781162262
878,-0.03426429629325867
879,0.4789416491985321
880,0.2964842617511749
881,0.012078909203410149
882,0.4255286455154419
883,0.3608878552913666
884,-0.03176862373948097
885,0.5070656538009644
886,0.2591530680656433
887,0.05319853872060776
888,0.4548225700855255
889,0.30406075716018677
890,0.003455613274127245
891,0.46299368143081665
892,0.30561161041259766
893,0.0037206944543868303
894,0.47096267342567444
895,0.3056740462779999
896,0.005770777352154255
897,0.4819362461566925
898,0.30088454484939575
899,0.012947261333465576
900,0.4480077624320984
901,0.30057236552238464
902,0.00438264524564147
903,0.4666510224342346
904,0.27683505415916443
905,0.0010510653955861926
906,0.4577219784259796
907,0.2769048810005188
908,0.00137910817284137
909,0.4749528169631958
910,0.2790262699127197
911,0.003526895074173808
912,0.4804481565952301
913,0.2833291292190552
914,0.006792742758989334
915,0.4876881241798401
916,0.3087179660797119
917,0.016479145735502243
918,0.450181782245636
919,0.47514966130256653
920,0.0014356793835759163
921,0.48193806409835815
922,0.29429587721824646
923,0.014846676029264927
924,0.5102216601371765
925,0.3080143630504608
926,0.05393064767122269
927,0.4965640902519226
928,0.3027695417404175
929,0.025275329127907753
930,0.46073055267333984
931,0.3495870530605316
932,-0.007187759503722191
933,0.4302489757537842
934,0.3940141499042511
935,-0.026101261377334595
936,0.428683876991272
937,0.40740129351615906
938,-0.02286178432404995
939,0.44208967685699463
940,0.39853984117507935
941,-0.021147796884179115
942,0.44907596707344055
943,0.40460577607154846
944,-0.014122538268566132
945,0.43700116872787476
946,0.4086516201496124
947,-0.019229572266340256
948,0.4430537521839142
949,0.41085416078567505
950,-0.012623162008821964
951,0.4588206708431244
952,0.4303224980831146
953,0.0007578569930046797
954,0.42407071590423584
955,0.3542901873588562
956,-0.046609677374362946
957,0.42522409558296204
958,0.34251365065574646
959,-0.04869701340794563
960,0.49247244000434875
961,0.2737869322299957
962,0.009332224726676941
963,0.4441416561603546
964,0.32019075751304626
965,-0.007089142221957445
966,0.4454750418663025
967,0.3525609076023102
968,-0.02581065520644188
969,0.44620010256767273
970,0.3467707633972168
971,-0.022923875600099564
972,0.4844059944152832
973,0.3506303131580353
974,0.002771269530057907
975,0.4251244366168976
976,0.3283841609954834
977,-0.04304343834519386
978,0.4731619954109192
979,0.26075148582458496
980,-0.0051590446382761
981,0.48472416400909424
982,0.2651416063308716
983,0.0010366627248004079
984,0.49990132451057434
985,0.2373233139514923
986,0.03775118663907051
987,0.43674132227897644
988,0.26771214604377747
989,-0.012052382342517376
990,0.45001885294914246
991,0.27981191873550415
992,0.004008730873465538
993,0.4645923376083374
994,0.4156792461872101
995,0.0019054586300626397
996,0.500380277633667
997,0.4183698296546936
998,0.07103947550058365
999,0.4392167925834656
1000,0.3588803708553314
1001,-0.02268383465707302
1002,0.43191084265708923
1003,0.36274194717407227
1004,-0.023965734988451004
1005,0.4567822813987732
1006,0.41716617345809937
1007,0.0011577701661735773
1008,0.4520872235298157
1009,0.4166949987411499
1010,-0.0009330789907835424
1011,0.48915326595306396
1012,0.2583027780056
1013,0.005836827214807272
1014,0.4459168612957001
1015,0.3580809235572815
1016,-0.021396003663539886
1017,0.45739036798477173
1018,0.26093795895576477
1019,-0.009645367972552776
1020,0.45902979373931885
1021,0.2514265477657318
1022,-0.01094809826463461
1023,0.4682425856590271
1024,0.20620520412921906
1025,0.007009929046034813
1026,0.49418577551841736
1027,0.24699142575263977
1028,0.01990858092904091
1029,0.4627588987350464
1030,0.22725822031497955
1031,-0.0023336426820605993
1032,0.49705275893211365
1033,0.269489049911499
1034,0.016928192228078842
1035,0.5019115805625916
1036,0.2647590935230255
1037,0.03435654565691948
1038,0.4297131299972534
1039,0.40156927704811096
1040,-0.02547476999461651
1041,0.43947288393974304
1042,0.40444639325141907
1043,-0.02056083083152771
1044,0.44620031118392944
1045,0.40782028436660767
1046,-0.014090444892644882
1047,0.4370570182800293
1048,0.36114421486854553
1049,-0.02114024944603443
1050,0.45450344681739807
1051,0.41714683175086975
1052,-9.345616126665846e-05
1053,0.45102158188819885
1054,0.42407748103141785
1055,-0.003989092539995909
1056,0.4507051408290863
1057,0.41602879762649536
1058,-0.0012222719378769398
1059,0.4341100752353668
1060,0.35458803176879883
1061,-0.03430943563580513
1062,0.44107115268707275
1063,0.41030576825141907
1064,-0.01141329575330019
1065,0.43504175543785095
1066,0.40950796008110046
1067,-0.016093391925096512
1068,0.42759430408477783
1069,0.4093994200229645
1070,-0.019542889669537544
1071,0.43080437183380127
1072,0.46186962723731995
1073,-0.0069050900638103485
1074,0.43060824275016785
1075,0.4516527056694031
1076,-0.015272694639861584
1077,0.4298890233039856
1078,0.44399434328079224
1079,-0.01692630909383297
1080,0.42888328433036804
1081,0.4361457824707031
1082,-0.015152262523770332
1083,0.42791083455085754
1084,0.43099331855773926
1085,-0.01376127079129219
1086,0.44205477833747864
1087,0.42522498965263367
1088,-0.007064021658152342
1089,0.44383949041366577
1090,0.4272080063819885
1091,-0.008349720388650894
1092,0.4464624226093292
1093,0.43088260293006897
1094,-0.0092143714427948
1095,0.44864481687545776
1096,0.4349091053009033
1097,-0.007705141790211201
1098,0.4550001919269562
1099,0.3916513919830322
1100,-0.011236933059990406
1101,0.5097644329071045
1102,0.36099833250045776
1103,0.08543803542852402
1104,0.4459577798843384
1105,0.42215681076049805
1106,-0.003175514517351985
1107,0.4484266936779022
1108,0.4228145182132721
1109,-0.0040030647069215775
1110,0.42918387055397034
1111,0.3681158125400543
1112,-0.024282142519950867
1113,0.44310352206230164
1114,0.36554449796676636
1115,-0.015313474461436272
1116,0.43045854568481445
1117,0.36552461981773376
1118,-0.02439906634390354
1119,0.45288950204849243
1120,0.3273090124130249
1121,-0.004749113693833351
1122,0.4659963846206665
1123,0.33559703826904297
1124,-0.0030698017217218876
1125,0.44770488142967224
1126,0.35232943296432495
1127,-0.01841045543551445
1128,0.48772674798965454
1129,0.219144806265831
1130,0.021235359832644463
1131,0.48190027475357056
1132,0.2339707463979721
1133,0.008066521026194096
1134,0.4760414958000183
1135,0.2517193853855133
1136,-0.002883083652704954
1137,0.45211994647979736
1138,0.4420454502105713
1139,-0.002328903181478381
1140,0.43976444005966187
1141,0.2529282569885254
1142,-0.014827723614871502
1143,0.4431345462799072
1144,0.2247522622346878
1145,-0.008129882626235485
1146,0.44686606526374817
1147,0.19953131675720215
1148,-0.0012650396674871445
1149,0.4778655171394348
1150,0.3043542504310608
1151,0.009342254139482975
1152,0.49576136469841003
1153,0.31728607416152954
1154,0.0208561010658741
1155,0.4437633454799652
1156,0.297208309173584
1157,0.005746636539697647
1158,0.4888947010040283
1159,0.28793200850486755
1160,0.01401053462177515
1161,0.4381203055381775
1162,0.312264084815979
1163,-0.009906495921313763
1164,0.43977251648902893
1165,0.3477441966533661
1166,-0.03385697677731514
1167,0.5039075613021851
1168,0.32641837000846863
1169,0.02946317009627819
1170,0.49016958475112915
1171,0.32380688190460205
1172,0.013018354773521423
1173,0.47988128662109375
1174,0.32648932933807373
1175,0.005184677429497242
1176,0.46456289291381836
1177,0.3237646222114563
1178,0.0013653736095875502
1179,0.4531446695327759
1180,0.3184792995452881
1181,4.459459523786791e-05
1182,0.44451600313186646
1183,0.3125585615634918
1184,-0.0020126288291066885
1185,0.42676153779029846
1186,0.2957717478275299
1187,-0.018162161111831665
1188,0.5024767518043518
1189,0.34971490502357483
1190,0.025967584922909737
1191,0.4950945973396301
1192,0.2871892750263214
1193,0.01797608658671379
1194,0.42139944434165955
1195,0.36069628596305847
1196,-0.042749375104904175
1197,0.4435889422893524
1198,0.3305935561656952
1199,-0.011148619465529919
1200,0.5120463967323303
1201,0.3097524046897888
1202,0.081514373421669
1203,0.43814510107040405
1204,0.30585330724716187
1205,-0.002940211445093155
1206,0.4486047327518463
1207,0.3536573350429535
1208,-0.009482689201831818
1209,0.48482125997543335
1210,0.29511114954948425
1211,0.016288015991449356
1212,0.44040384888648987
1213,0.3406408429145813
1214,-0.030327707529067993
1215,0.5070160627365112
1216,0.3887627124786377
1217,0.0804910659790039
1218,0.44407129287719727
1219,0.2932087481021881
1220,0.00828055664896965
1221,0.4327905774116516
1222,0.33331429958343506
1223,-0.03828039392828941
1224,0.4840275049209595
1225,0.4447804391384125
1226,0.029488055035471916
1227,0.48339998722076416
1228,0.46035128831863403
1229,0.04252319782972336
1230,0.5100358128547668
1231,0.3561825156211853
1232,0.05563332512974739
1233,0.49303901195526123
1234,0.4284086525440216
1235,0.0387604720890522
1236,0.5061871409416199
1237,0.28468355536460876
1238,0.046616923063993454
1239,0.4517997205257416
1240,0.4887416958808899
1241,0.00542320404201746
1242,0.4207635819911957
1243,0.3634825646877289
1244,-0.03176106885075569
1245,0.4511175751686096
1246,0.3395116329193115
1247,-0.008474910631775856
1248,0.5030394196510315
1249,0.30594363808631897
1250,0.03362451493740082
1251,0.4705398678779602
1252,0.29901278018951416
1253,0.007132002152502537
1254,0.4632384777069092
1255,0.29930710792541504
1256,0.005070005543529987
1257,0.4535425007343292
1258,0.4257572293281555
1259,-0.0028125520329922438
1260,0.5007432103157043
1261,0.3734828233718872
1262,0.027648096904158592
1263,0.43593713641166687
1264,0.5080686807632446
1265,0.006809464655816555
1266,0.4620975852012634
1267,0.48919570446014404
1268,0.022525563836097717
1269,0.47237226366996765
1270,0.47698166966438293
1271,0.03143015876412392
1272,0.4562914967536926
1273,0.2981534004211426
1274,0.004808957222849131
1275,0.44995060563087463
1276,0.29578229784965515
1277,0.006071359384804964
1278,0.4460046887397766
1279,0.29446688294410706
1280,0.007935123518109322
1281,0.5004187822341919
1282,0.2858554720878601
1283,0.02649056352674961
1284,0.4512198269367218
1285,0.2871978282928467
1286,0.005282513331621885
1287,0.45821934938430786
1288,0.2854023873806
1289,0.0035765653010457754
1290,0.46518751978874207
1291,0.2853005826473236
1292,0.0038610852789133787
1293,0.4722573459148407
1294,0.28733178973197937
1295,0.005798539146780968
1296,0.4768523573875427
1297,0.290221631526947
1298,0.008561652153730392
1299,0.5108489394187927
1300,0.2818109393119812
1301,0.0693877711892128
1302,0.47546058893203735
1303,0.2978943884372711
1304,0.009695013053715229
1305,0.4475135803222656
1306,0.38340723514556885
1307,-0.016224510967731476
1308,0.4392574727535248
1309,0.35691240429878235
1310,-0.02571561373770237
1311,0.4307379722595215
1312,0.3783845901489258
1313,-0.023707954213023186
1314,0.4740440249443054
1315,0.46141329407691956
1316,0.02220924012362957
1317,0.4635860025882721
1318,0.4750592112541199
1319,0.014339834451675415
1320,0.4361550807952881
1321,0.4983202815055847
1322,-0.0023383263032883406
1323,0.49192655086517334
1324,0.4424554705619812
1325,0.056772634387016296
1326,0.4462425112724304
1327,0.29057788848876953
1328,0.00703385379165411
1329,0.43204566836357117
1330,0.3137040138244629
1331,-0.02144686132669449
1332,0.45028916001319885
1333,0.5001848936080933
1334,0.013095859438180923
1335,0.5070511102676392
1336,0.38214436173439026
1337,0.05354193225502968
1338,0.43575388193130493
1339,0.4284045100212097
1340,-0.01082754135131836
1341,0.43747028708457947
1342,0.43217921257019043
1343,-0.012045762501657009
1344,0.4394352436065674
1345,0.43802136182785034
1346,-0.013075655326247215
1347,0.4409879446029663
1348,0.444923460483551
1349,-0.011602946557104588
1350,0.44321152567863464
1351,0.45342305302619934
1352,-0.005663164425641298
1353,0.4484589695930481
1354,0.4131770431995392
1355,-0.006665026769042015
1356,0.45145606994628906
1357,0.4120619297027588
1358,-0.006635453552007675
1359,0.45414498448371887
1360,0.4100712537765503
1361,-0.006474814377725124
1362,0.461089164018631
1363,0.4024101495742798
1364,-0.0046265567652881145
1365,0.4899469017982483
1366,0.3775888681411743
1367,0.010853802785277367
1368,0.43227851390838623
1369,0.3033084273338318
1370,-0.013492395170032978
1371,0.4373484253883362
1372,0.28491267561912537
1373,0.0024428656324744225
1374,0.4426077604293823
1375,0.2867850065231323
1376,0.0056720906868577
1377,0.44615334272384644
1378,0.411571741104126
1379,-0.005830991547554731
1380,0.4904139041900635
1381,0.4085855782032013
1382,0.023500487208366394
1383,0.4299084544181824
1384,0.2832513153553009
1385,-0.00857950747013092
1386,0.4468289017677307
1387,0.46281683444976807
1388,-0.0013521310174837708
1389,0.4259672462940216
1390,0.30679723620414734
1391,-0.026843829080462456
1392,0.438075989484787
1393,0.33155936002731323
1394,-0.02217007614672184
1395,0.43281057476997375
1396,0.47202596068382263
1397,-0.00540563790127635
1398,0.46555665135383606
1399,0.43496769666671753
1400,0.005640171933919191
1401,0.4551430642604828
1402,0.3641078472137451
1403,-0.007726399693638086
1404,0.4575026035308838
1405,0.45037442445755005
1406,0.0026176718529313803
1407,0.47288957238197327
1408,0.36483120918273926
1409,-0.004216472618281841
1410,0.46230125427246094
1411,0.37723755836486816
1412,-0.006125942338258028
1413,0.4791001081466675
1414,0.3851972818374634
1415,0.0025131823495030403
1416,0.43507641553878784
1417,0.48536187410354614
1418,-0.005596437957137823
1419,0.44353967905044556
1420,0.3386319875717163
1421,-0.016484985128045082
1422,0.47190749645233154
1423,0.4459279179573059
1424,0.013108094222843647
1425,0.4615504741668701
1426,0.4612392783164978
1427,0.008451052010059357
1428,0.47151777148246765
1429,0.417805016040802
1430,0.0054809763096272945
1431,0.49810856580734253
1432,0.39439818263053894
1433,0.030333591625094414
1434,0.4809439480304718
1435,0.42163750529289246
1436,0.013414669781923294
1437,0.5017560124397278
1438,0.40628570318222046
1439,0.049329161643981934
1440,0.46831926703453064
1441,0.39366573095321655
1442,-0.002321339910849929
1443,0.4376579523086548
1444,0.32200661301612854
1445,-0.015866991132497787
1446,0.4368845224380493
1447,0.3526553809642792
1448,-0.03589707240462303
1449,0.4428490102291107
1450,0.35614657402038574
1451,-0.02694198675453663
1452,0.4328480064868927
1453,0.34456169605255127
1454,-0.04203921929001808
1455,0.4438783526420593
1456,0.2764635682106018
1457,0.0001990939927054569
1458,0.4573405385017395
1459,0.2713053524494171
1460,-0.0015746222343295813
1461,0.4691453278064728
1462,0.27074265480041504
1463,-0.0013972825836390257
1464,0.47899526357650757
1465,0.27318111062049866
1466,0.0017767322715371847
1467,0.4857858419418335
1468,0.2787705659866333
1469,0.007046392187476158
1470,0.48981034755706787
1471,0.29886043071746826
1472,0.019383199512958527
1473,0.5111815929412842
1474,0.33180227875709534
1475,0.055182188749313354
1476,0.4833289086818695
1477,0.31264975666999817
1478,0.01220389548689127
1479,0.4747944474220276
1480,0.31483542919158936
1481,0.00703493831679225
1482,0.4640823006629944
1483,0.3140924870967865
1484,0.00362598430365324
1485,0.45376190543174744
1486,0.3107394278049469
1487,0.0027434020303189754
1488,0.4457916021347046
1489,0.30631524324417114
1490,0.002368954010307789
1491,0.44033175706863403
1492,0.3020324409008026
1493,0.002163702854886651
1494,0.5109567046165466
1495,0.3354063630104065
1496,0.08635460585355759
1497,0.44265851378440857
1498,0.3594289720058441
1499,-0.0228133462369442
1500,0.43174663186073303
1501,0.3231062591075897
1502,-0.028674447908997536
1503,0.43035808205604553
1504,0.3528817296028137
1505,-0.04251102730631828
1506,0.42582687735557556
1507,0.3589455485343933
1508,-0.039326127618551254
1509,0.430560827255249
1510,0.35501402616500854
1511,-0.03844310715794563
1512,0.44035300612449646
1513,0.3632802367210388
1514,-0.020040927454829216
1515,0.4241568446159363
1516,0.359962522983551
1517,-0.041573815047740936
1518,0.4235967695713043
1519,0.3627035319805145
1520,-0.03170524537563324
1521,0.4409300684928894
1522,0.2933967411518097
1523,0.006789668928831816
1524,0.436089426279068
1525,0.2955515384674072
1526,0.001457410166040063
1527,0.4334031343460083
1528,0.2966950535774231
1529,-0.004966485779732466
1530,0.4796636998653412
1531,0.29249992966651917
1532,0.011254529468715191
1533,0.4844568371772766
1534,0.28828516602516174
1535,0.011595661751925945
1536,0.7140046954154968
1537,0.6559206247329712
1538,3.457301289699899e-08
1539,0.6583662033081055
1540,0.6078984141349792
1541,-0.004935186356306076
1542,0.6441977620124817
1543,0.5401207208633423
1544,-0.009283602237701416
1545,0.6389374732971191
1546,0.4802488684654236
1547,-0.017889881506562233
1548,0.6396946907043457
1549,0.4300241470336914
1550,-0.026361173018813133
1551,0.6817293167114258
1552,0.4665622115135193
1553,0.0020437741186469793
1554,0.6817221641540527
1555,0.3928264081478119
1556,-0.016173584386706352
1557,0.6846829056739807
1558,0.3402422368526459
1559,-0.02655852772295475
1560,0.6910333633422852
1561,0.29817986488342285
1562,-0.03145794942975044
1563,0.6964191794395447
1564,0.4626597762107849
1565,-0.0058915200643241405
1566,0.6334202289581299
1567,0.43416258692741394
1568,-0.03272361680865288
1569,0.5888099670410156
1570,0.42033976316452026
1571,-0.04634732007980347
1572,0.5573704838752747
1573,0.40795445442199707
1574,-0.05016940459609032
1575,0.7062928080558777
1576,0.47122809290885925
1577,-0.015535489656031132
1578,0.6319918632507324
1579,0.4940904378890991
1580,-0.0468611977994442
1581,0.6345171332359314
1582,0.552865207195282
1583,-0.04666345939040184
1584,0.6483175158500671
1585,0.5946910977363586
1586,-0.03589797392487526
1587,0.711357057094574
1588,0.4895263910293579
1589,-0.025949610397219658
1590,0.6455910801887512
1591,0.5090592503547668
1592,-0.046828143298625946
1593,0.6432982087135315
1594,0.5549547076225281
1595,-0.04229401424527168
1596,0.652525782585144
1597,0.5889997482299805
1598,-0.031215544790029526
1599,0.0
1600,0.0
1601,0.0
1602,0.0
1603,0.0
1604,0.0
1605,0.0
1606,0.0
1607,0.0
1608,0.0
1609,0.0
1610,0.0
1611,0.0
1612,0.0
1613,0.0
1614,0.0
1615,0.0
1616,0.0
1617,0.0
1618,0.0
1619,0.0
1620,0.0
1621,0.0
1622,0.0
1623,0.0
1624,0.0
1625,0.0
1626,0.0
1627,0.0
1628,0.0
1629,0.0
1630,0.0
1631,0.0
1632,0.0
1633,0.0
1634,0.0
1635,0.0
1636,0.0
1637,0.0
1638,0.0
1639,0.0
1640,0.0
1641,0.0
1642,0.0
1643,0.0
1644,0.0
1645,0.0
1646,0.0
1647,0.0
1648,0.0
1649,0.0
1650,0.0
1651,0.0
1652,0.0
1653,0.0
1654,0.0
1655,0.0
1656,0.0
1657,0.0
1658,0.0
1659,0.0
1660,0.0
1661,0.0
