,0
0,0.4088112711906433
1,0.35097917914390564
2,-0.7943462133407593
3,0.9999746680259705
4,0.4373222291469574
5,0.288661926984787
6,-0.7307012677192688
7,0.9999386668205261
8,0.45425572991371155
9,0.28919607400894165
10,-0.7304233312606812
11,0.9999376535415649
12,0.46750345826148987
13,0.290800541639328
14,-0.7302117943763733
15,0.9999311566352844
16,0.384182870388031
17,0.2930643856525421
18,-0.7241572141647339
19,0.9999443292617798
20,0.3666987121105194
21,0.2941485047340393
22,-0.7235041856765747
23,0.9999505281448364
24,0.3507952392101288
25,0.2963310182094574
26,-0.7236071228981018
27,0.9999538064002991
28,0.48533502221107483
29,0.3235296905040741
30,-0.35119515657424927
31,0.9999237656593323
32,0.3322669267654419
33,0.32635024189949036
34,-0.3152198791503906
35,0.9999514818191528
36,0.44380560517311096
37,0.4201361835002899
38,-0.6591705679893494
39,0.9999581575393677
40,0.3770741820335388
41,0.42706260085105896
42,-0.642562985420227
43,0.9999554753303528
44,0.6308143138885498
45,0.6923681497573853
46,-0.13669149577617645
47,0.9994080066680908
48,0.214823916554451
49,0.6634346842765808
50,-0.28705641627311707
51,0.9996593594551086
52,0.708086371421814
53,1.035084843635559
54,-0.10521221160888672
55,0.40014177560806274
56,0.12074873596429825
57,1.0134142637252808
58,-0.8700610995292664
59,0.784368097782135
60,0.7405093312263489
61,1.442785382270813
62,-0.3106439411640167
63,0.20645730197429657
64,0.24489691853523254
65,0.6252651214599609
66,-1.700950026512146
67,0.7887628078460693
68,0.7690043449401855
69,1.5418332815170288
70,-0.375552773475647
71,0.2820252776145935
72,0.2679986357688904
73,0.5070985555648804
74,-1.8892561197280884
75,0.7851285934448242
76,0.7239745855331421
77,1.5301142930984497
78,-0.4121860861778259
79,0.3860628008842468
80,0.2649858593940735
81,0.4671184718608856
82,-1.8309179544448853
83,0.7963618040084839
84,0.697911262512207
85,1.4965616464614868
86,-0.34248772263526917
87,0.38600578904151917
88,0.26966726779937744
89,0.5024452209472656
90,-1.7039439678192139
91,0.7906489968299866
92,0.5530602931976318
93,1.4541528224945068
94,-0.041874729096889496
95,0.0009332683985121548
96,0.25855377316474915
97,1.447348713874817
98,0.04685967415571213
99,0.0010844733333215117
100,0.5213800668716431
101,2.095945119857788
102,-0.14590682089328766
103,0.00034901374601759017
104,0.2660505771636963
105,2.092481851577759
106,-0.003655938897281885
107,0.00019288907060399652
108,0.4994090497493744
109,2.669713258743286
110,0.391629695892334
111,5.597976632998325e-05
112,0.25726908445358276
113,2.6633460521698
114,0.34684473276138306
115,5.486780082719633e-06
116,0.5041691064834595
117,2.7520790100097656
118,0.4061240553855896
119,3.59836922143586e-05
120,0.24951982498168945
121,2.742624521255493
122,0.36849451065063477
123,1.086657266569091e-05
124,0.4578739106655121
125,2.8426434993743896
126,-0.18497316539287567
127,4.292619996704161e-05
128,0.2859266996383667
129,2.845802068710327
130,-0.28727012872695923
131,2.256624065921642e-05
132,0.3928831219673157
133,0.4073905348777771
134,-0.024265272542834282
135,0.3889165222644806
136,0.36956071853637695
137,-0.04719783365726471
138,0.39119645953178406
139,0.3813301622867584
140,-0.02547205612063408
141,0.38204362988471985
142,0.32999303936958313
143,-0.03496090695261955
144,0.38843730092048645
145,0.35701119899749756
146,-0.050102103501558304
147,0.3885478973388672
148,0.34089064598083496
149,-0.04662608727812767
150,0.3896828591823578
151,0.3029347062110901
152,-0.023633698001503944
153,0.33353275060653687
154,0.30277878046035767
155,0.01564299687743187
156,0.38979479670524597
157,0.27600300312042236
158,-0.01777653582394123
159,0.38955146074295044
160,0.2604527473449707
161,-0.019420692697167397
162,0.38918596506118774
163,0.20130597054958344
164,-0.009985503740608692
165,0.39326438307762146
166,0.41336363554000854
167,-0.023189520463347435
168,0.3936910331249237
169,0.4179043173789978
170,-0.020626403391361237
171,0.39412355422973633
172,0.4194151759147644
173,-0.016993453726172447
174,0.39443710446357727
175,0.4350457489490509
176,-0.013107437640428543
177,0.3944809138774872
178,0.4406415820121765
179,-0.014568638056516647
180,0.3946395218372345
181,0.44746771454811096
182,-0.016439955681562424
183,0.39493992924690247
184,0.45479220151901245
185,-0.01505239401012659
186,0.3955547511577606
187,0.4650524854660034
188,-0.0072898585349321365
189,0.3895977735519409
190,0.37594687938690186
191,-0.04292476177215576
192,0.38200899958610535
193,0.3751598298549652
194,-0.030689211562275887
195,0.30966266989707947
196,0.26214998960494995
197,0.05770072340965271
198,0.35709476470947266
199,0.3121902346611023
200,0.005352293606847525
201,0.3491140604019165
202,0.31330403685569763
203,0.006425433326512575
204,0.3413633406162262
205,0.31306785345077515
206,0.009228972718119621
207,0.3309309482574463
208,0.30705249309539795
209,0.01714588887989521
210,0.36364954710006714
211,0.3091118037700653
212,0.00541946804150939
213,0.34496158361434937
214,0.28315284848213196
215,0.0030543417669832706
216,0.35392794013023376
217,0.2837315499782562
218,0.0022980147041380405
219,0.33677881956100464
220,0.2851676344871521
221,0.0062528131529688835
222,0.3316096067428589
223,0.2894555330276489
224,0.010116968303918839
225,0.32539117336273193
226,0.31526851654052734
227,0.021752115339040756
228,0.3653198182582855
229,0.4783936142921448
230,0.006147741340100765
231,0.3306315839290619
232,0.30003485083580017
233,0.018666211515665054
234,0.306648850440979
235,0.3123262822628021
236,0.06136443838477135
237,0.3174445629119873
238,0.3086434304714203
239,0.030881866812705994
240,0.34980395436286926
241,0.3598305284976959
242,-0.0031610496807843447
243,0.38093826174736023
244,0.4056001305580139
245,-0.02232765592634678
246,0.38332393765449524
247,0.4178611636161804
248,-0.018361123278737068
249,0.3695593476295471
250,0.40910592675209045
251,-0.01601644605398178
252,0.3631688952445984
253,0.4136859178543091
254,-0.007562896702438593
255,0.3750498294830322
256,0.41843506693840027
257,-0.013462488539516926
258,0.3691921830177307
259,0.4197523593902588
260,-0.005855859722942114
261,0.35550564527511597
262,0.4351881146430969
263,0.008574720472097397
264,0.38186049461364746
265,0.36942458152770996
266,-0.04605310782790184
267,0.3803752064704895
268,0.35741135478019714
269,-0.048612140119075775
270,0.3202207088470459
271,0.2793097198009491
272,0.013020713813602924
273,0.36625993251800537
274,0.3303321897983551
275,-0.0055316053330898285
276,0.36255720257759094
277,0.3657059967517853
278,-0.023443754762411118
279,0.36219945549964905
280,0.35935038328170776
281,-0.020693045109510422
282,0.32690882682800293
283,0.3588644564151764
284,0.009899717755615711
285,0.38102829456329346
286,0.34245091676712036
287,-0.04333032667636871
288,0.3376731276512146
289,0.266413152217865
290,-0.003586388658732176
291,0.32695379853248596
292,0.27064967155456543
293,0.004013621248304844
294,0.3151524066925049
295,0.24067947268486023
296,0.04039798676967621
297,0.37280896306037903
298,0.2746753394603729
299,-0.013670593500137329
300,0.3617398142814636
301,0.28723829984664917
302,0.0042636701837182045
303,0.3489314913749695
304,0.42155179381370544
305,0.010423026047647
306,0.3198816776275635
307,0.4213397204875946
308,0.08315707743167877
309,0.36901748180389404
310,0.3721908628940582
311,-0.020436052232980728
312,0.3764041066169739
313,0.3761743903160095
314,-0.022306136786937714
315,0.35610994696617126
316,0.4226967692375183
317,0.009667246602475643
318,0.3606009781360626
319,0.4226813316345215
320,0.007052924018353224
321,0.32296204566955566
322,0.26328444480895996
323,0.008593748323619366
324,0.36258625984191895
325,0.37059226632118225
326,-0.018728867173194885
327,0.35260486602783203
328,0.2669279873371124
329,-0.009738345630466938
330,0.3508667051792145
331,0.25727134943008423
332,-0.011528059840202332
333,0.34327444434165955
334,0.21033212542533875
335,0.004890561569482088
336,0.3192037343978882
337,0.25146615505218506
338,0.022463947534561157
339,0.34780073165893555
340,0.2325269877910614
341,-0.00373478583060205
342,0.31628090143203735
343,0.2745429277420044
344,0.02077307552099228
345,0.31291770935058594
346,0.26886624097824097
347,0.03839796036481857
348,0.3819326162338257
349,0.4127582907676697
350,-0.02117801643908024
351,0.3725205063819885
352,0.41471928358078003
353,-0.014953945763409138
354,0.3661324381828308
355,0.4168272912502289
356,-0.007404346019029617
357,0.3712693452835083
358,0.3743007481098175
359,-0.019214393571019173
360,0.3582388162612915
361,0.42281949520111084
362,0.008168513886630535
363,0.36206692457199097
364,0.42893385887145996
365,0.0031258338131010532
366,0.36211079359054565
367,0.42221030592918396
368,0.006721969228237867
369,0.37310120463371277
370,0.3688516616821289
371,-0.03272247686982155
372,0.3713047504425049
373,0.4189635217189789
374,-0.0047708358615636826
375,0.37725576758384705
376,0.4188268780708313
377,-0.010328192263841629
378,0.38484734296798706
379,0.41917797923088074
380,-0.014885151758790016
381,0.3830697536468506
382,0.4640614986419678
383,-0.005772678181529045
384,0.38277000188827515
385,0.4532920718193054
386,-0.013211078941822052
387,0.38313210010528564
388,0.445914626121521
389,-0.014220482669770718
390,0.3837859034538269
391,0.4389144778251648
392,-0.012239997275173664
393,0.38475584983825684
394,0.4342937171459198
395,-0.01082910317927599
396,0.3706550896167755
397,0.4297676086425781
398,-0.001775849610567093
399,0.3689972758293152
400,0.4315055012702942
401,-0.003073724452406168
402,0.3667202591896057
403,0.43487119674682617
404,-0.004039341118186712
405,0.36500462889671326
406,0.43875858187675476
407,-0.002206055913120508
408,0.35629674792289734
409,0.40128880739212036
410,-0.0049994513392448425
411,0.31077954173088074
412,0.36420759558677673
413,0.09601043164730072
414,0.39031487703323364
415,0.3782886266708374
416,-0.031561389565467834
417,0.366845041513443
418,0.42722994089126587
419,0.0035976830404251814
420,0.3644227385520935
421,0.42770230770111084
422,0.0028471392579376698
423,0.3795612156391144
424,0.38140150904655457
425,-0.0224941223859787
426,0.3658786714076996
427,0.37760353088378906
428,-0.012784765101969242
429,0.3780282437801361
430,0.378897100687027
431,-0.022720256820321083
432,0.3578260838985443
433,0.3371238708496094
434,-0.0018612820422276855
435,0.3449273407459259
436,0.34488603472709656
437,0.00148083979729563
438,0.3611641228199005
439,0.3644689917564392
440,-0.01571379229426384
441,0.32552188634872437
442,0.22301651537418365
443,0.02181505225598812
444,0.3301263153553009
445,0.2388887256383896
446,0.008791602216660976
447,0.3348207175731659
448,0.25704824924468994
449,-0.0017330794362351298
450,0.3625248670578003
451,0.44599848985671997
452,0.0037919613532721996
453,0.3697238564491272
454,0.2593090236186981
455,-0.017005037516355515
456,0.36689719557762146
457,0.23045417666435242
458,-0.011619717814028263
459,0.36380070447921753
460,0.20372803509235382
461,-0.005802086088806391
462,0.3347241282463074
463,0.31117329001426697
464,0.013390199281275272
465,0.3177071809768677
466,0.32389676570892334
467,0.02716340869665146
468,0.36777493357658386
469,0.30583396553993225
470,0.006243600510060787
471,0.3241109251976013
472,0.2939038574695587
473,0.018143489956855774
474,0.3719218373298645
475,0.32265910506248474
476,-0.009129218757152557
477,0.367434561252594
478,0.3615736663341522
479,-0.032255712896585464
480,0.31052538752555847
481,0.33252012729644775
482,0.03730237856507301
483,0.3224540948867798
484,0.3310260772705078
485,0.019179634749889374
486,0.3321039080619812
487,0.3345303535461426
488,0.010620956309139729
489,0.3469865024089813
490,0.3324401378631592
491,0.005421522073447704
492,0.35811200737953186
493,0.32760170102119446
494,0.0026216902770102024
495,0.3664184510707855
496,0.3219500482082367
497,-0.0005213422700762749
498,0.38202276825904846
499,0.3064592182636261
500,-0.019532829523086548
501,0.3110859990119934
502,0.3561270236968994
503,0.03492135554552078
504,0.31843429803848267
505,0.29292547702789307
506,0.022523030638694763
507,0.3852764964103699
508,0.375629186630249
509,-0.04202313348650932
510,0.36620691418647766
511,0.3415969908237457
512,-0.009397693909704685
513,0.30734044313430786
514,0.31235402822494507
515,0.08961839228868484
516,0.3724554777145386
517,0.3154193162918091
518,-0.0024362134281545877
519,0.3608807623386383
520,0.36509642004966736
521,-0.006830318830907345
522,0.3281971216201782
523,0.3009735643863678
524,0.020485498011112213
525,0.36727920174598694
526,0.35375767946243286
527,-0.02889336086809635
528,0.3137192130088806
529,0.3919680714607239
530,0.09182129800319672
531,0.36772340536117554
532,0.3015109896659851
533,0.008625193499028683
534,0.3740461468696594
535,0.3469678461551666
536,-0.03770029917359352
537,0.3335317373275757
538,0.4481164813041687
539,0.039333079010248184
540,0.3363777697086334
541,0.46229180693626404
542,0.05325319245457649
543,0.30695733428001404
544,0.36107975244522095
545,0.06562216579914093
546,0.3239678740501404
547,0.4323805272579193
548,0.049518804997205734
549,0.30964577198028564
550,0.2888656556606293
551,0.052301935851573944
552,0.3646527826786041
553,0.4907158613204956
554,0.010722205974161625
555,0.3868134021759033
556,0.37795719504356384
557,-0.030827675014734268
558,0.35909387469291687
559,0.35023701190948486
560,-0.005723253358155489
561,0.3118502199649811
562,0.3114110231399536
563,0.03999335318803787
564,0.3415739834308624
565,0.3060801327228546
566,0.010035442188382149
567,0.3486979007720947
568,0.3067667782306671
569,0.007474756799638271
570,0.35989439487457275
571,0.43059852719306946
572,0.00467139994725585
573,0.31304270029067993
574,0.37988775968551636
575,0.0377005860209465
576,0.37989354133605957
577,0.5082659721374512
578,0.011142243631184101
579,0.35670286417007446
580,0.49023938179016113
581,0.030128898099064827
582,0.34733444452285767
583,0.4784184992313385
584,0.04058569669723511
585,0.38926032185554504
586,0.22979848086833954
587,-0.015192406252026558
588,0.3971361517906189
589,0.5110127925872803
590,0.007339132484048605
591,0.35556337237358093
592,0.3059212267398834
593,0.006570916157215834
594,0.3618537485599518
595,0.30401942133903503
596,0.007249076850712299
597,0.3658246099948883
598,0.3027398884296417
599,0.008699560537934303
600,0.3138566017150879
601,0.2910415232181549
602,0.0315348282456398
603,0.3606700897216797
604,0.2942045032978058
605,0.006154692266136408
606,0.3536825478076935
607,0.29145491123199463
608,0.005072311963886023
609,0.34657013416290283
610,0.29086554050445557
611,0.006008951459079981
612,0.3394615352153778
613,0.29277393221855164
614,0.0085838558152318
615,0.33503592014312744
616,0.2958586812019348
617,0.011725698597729206
618,0.30717259645462036
619,0.2845422923564911
620,0.0756256952881813
621,0.33679869771003723
622,0.3045472800731659
623,0.013046914711594582
624,0.39193516969680786
625,0.38979631662368774
626,-0.022979410365223885
627,0.36284804344177246
628,0.3944154381752014
629,-0.011558053083717823
630,0.36867398023605347
631,0.37054261565208435
632,-0.023922117426991463
633,0.37928470969200134
634,0.39092400670051575
635,-0.021246938034892082
636,0.3900170922279358
637,0.28923389315605164
638,-0.017375284805893898
639,0.34403201937675476
640,0.46429359912872314
641,0.03085213154554367
642,0.35402390360832214
643,0.4773057699203491
644,0.021352151408791542
645,0.3787524104118347
646,0.5001207590103149
647,0.001188767608255148
648,0.32782217860221863
649,0.4448797404766083
650,0.06875412911176682
651,0.3654724657535553
652,0.2985098659992218
653,0.007602803874760866
654,0.3765126168727875
655,0.32536500692367554
656,-0.021600989624857903
657,0.39648357033729553
658,0.5026636123657227
659,-0.002084978623315692
660,0.3670262098312378
661,0.5007979869842529
662,0.019063152372837067
663,0.3101252615451813
664,0.3869393467903137
665,0.06421227753162384
666,0.3768730163574219
667,0.43226370215415955
668,-0.0066190664656460285
669,0.3752862811088562
670,0.4356578290462494
671,-0.007948196493089199
672,0.3737262189388275
673,0.44101276993751526
674,-0.009081426076591015
675,0.37263500690460205
676,0.4475088119506836
677,-0.007678212597966194
678,0.37113791704177856
679,0.4564645290374756
680,-0.0015831214841455221
681,0.36395129561424255
682,0.42072156071662903
683,0.001049861777573824
684,0.3609530031681061
685,0.41953808069229126
686,0.0013669367181137204
687,0.35834142565727234
688,0.4175492525100708
689,0.0014125589514151216
690,0.3510391414165497
691,0.4102657437324524
692,0.0031067875679582357
693,0.3221528232097626
694,0.3850879371166229
695,0.01984339952468872
696,0.37716081738471985
697,0.3138379454612732
698,-0.013704800978302956
699,0.3735352158546448
700,0.2930814027786255
701,0.0015972891123965383
702,0.36880922317504883
703,0.29495370388031006
704,0.005514550022780895
705,0.3664170205593109
706,0.4192245602607727
707,0.0016496822936460376
708,0.3240665793418884
709,0.41435644030570984
710,0.03340588137507439
711,0.37985315918922424
712,0.2918590307235718
713,-0.01039739791303873
714,0.3682165741920471
715,0.4663149118423462
716,0.002681633224710822
717,0.38896703720092773
718,0.3278772532939911
719,-0.038508642464876175
720,0.3819064199924469
721,0.318856418132782
722,-0.028066718950867653
723,0.3893294930458069
724,0.3158816695213318
725,-0.030721694231033325
726,0.37042179703712463
727,0.3437626361846924
728,-0.021267402917146683
729,0.3960542678833008
730,0.4904799461364746
731,-0.006457589566707611
732,0.3957676589488983
733,0.47641366720199585
734,-0.006623756140470505
735,0.38130855560302734
736,0.47497639060020447
737,-0.003759582294151187
738,0.34982872009277344
739,0.43970075249671936
740,0.013554010540246964
741,0.3551971912384033
742,0.3748312294483185
743,-0.0037614484317600727
744,0.3582705855369568
745,0.45451289415359497
746,0.008777464739978313
747,0.33785566687583923
748,0.3741220533847809
749,0.0016917337197810411
750,0.34881076216697693
751,0.3869117498397827
752,-0.0004500818904489279
753,0.33255696296691895
754,0.39318665862083435
755,0.010133767500519753
756,0.3792172372341156
757,0.488388329744339
758,-0.002849691780284047
759,0.3655998706817627
760,0.35036200284957886
761,-0.014694289304316044
762,0.3446311056613922
763,0.44988948106765747
764,0.021443454548716545
765,0.35505664348602295
766,0.4646363854408264
767,0.014886067248880863
768,0.34267836809158325
769,0.42356929183006287
770,0.014337311498820782
771,0.31652817130088806
772,0.4002889096736908
773,0.04080897569656372
774,0.333970308303833
775,0.4267853796482086
776,0.02271822653710842
777,0.3154856860637665
778,0.4108310341835022
779,0.060605812817811966
780,0.3436342477798462
781,0.40156522393226624
782,0.005243849940598011
783,0.3715595304965973
784,0.3334150016307831
785,-0.014997707679867744
786,0.37022683024406433
787,0.36691686511039734
788,-0.03435065224766731
789,0.3651447892189026
790,0.3695501387119293
791,-0.02474234253168106
792,0.3734790086746216
793,0.3590359687805176
794,-0.04080778732895851
795,0.3669915795326233
796,0.28382208943367004
797,-0.0003100912435911596
798,0.3536485433578491
799,0.2779487669467926
800,-0.0011073803761973977
801,0.34197381138801575
802,0.2770206332206726
803,0.0003009797655977309
804,0.3325698673725128
805,0.27937132120132446
806,0.004681137390434742
807,0.32652801275253296
808,0.28483083844184875
809,0.010533529333770275
810,0.3237249255180359
811,0.30480262637138367
812,0.02429550513625145
813,0.30576127767562866
814,0.33652257919311523
815,0.0641997829079628
816,0.32940763235092163
817,0.31960928440093994
818,0.01715478114783764
819,0.33752062916755676
820,0.3225019872188568
821,0.011390295810997486
822,0.3479618728160858
823,0.32217657566070557
824,0.007055714260786772
825,0.35793566703796387
826,0.3193541467189789
827,0.0048506357707083225
828,0.36562514305114746
829,0.31524479389190674
830,0.003530775895342231
831,0.3708520233631134
832,0.31109097599983215
833,0.002609887160360813
834,0.3092130422592163
835,0.338225394487381
836,0.09581028670072556
837,0.3656556010246277
838,0.3724605143070221
839,-0.020540926605463028
840,0.3759022653102875
841,0.3358211815357208
842,-0.028409920632839203
843,0.37603968381881714
844,0.3677227199077606
845,-0.04148402065038681
846,0.38125646114349365
847,0.3736114799976349
848,-0.03843015432357788
849,0.37638187408447266
850,0.3695954978466034
851,-0.03730321303009987
852,0.3682185113430023
853,0.3758801221847534
854,-0.017798706889152527
855,0.38268595933914185
856,0.37479367852211
857,-0.040794018656015396
858,0.3839814066886902
859,0.3771076202392578
860,-0.030704496428370476
861,0.3704841136932373
862,0.30209553241729736
863,0.006804937496781349
864,0.374847412109375
865,0.304513156414032
866,0.0009873120579868555
867,0.3769831955432892
868,0.30612435936927795
869,-0.005495795514434576
870,0.3325284719467163
871,0.298157662153244
872,0.014767250046133995
873,0.3280974328517914
874,0.29428979754447937
875,0.01539864856749773
876,0.3964959383010864
877,0.32952672243118286
878,-0.036244869232177734
879,0.45324137806892395
880,0.2996629774570465
881,0.006259852088987827
882,0.3989187777042389
883,0.37468451261520386
884,-0.031672216951847076
885,0.483887642621994
886,0.2551462948322296
887,0.043385181576013565
888,0.42836999893188477
889,0.31029269099235535
890,-0.0008624884067103267
891,0.4369375705718994
892,0.3109497129917145
893,-0.0009263405227102339
894,0.4452753961086273
895,0.3100730776786804
896,0.0007073992746882141
897,0.45672523975372314
898,0.30361950397491455
899,0.007184007205069065
900,0.4211408495903015
901,0.30762767791748047
902,0.0005969894118607044
903,0.43957215547561646
904,0.2803122103214264
905,-0.004671962466090918
906,0.4302304983139038
907,0.2812962532043457
908,-0.0038302370812743902
909,0.44839319586753845
910,0.2818932831287384
911,-0.0025196578353643417
912,0.45440804958343506
913,0.28589707612991333
914,0.0005643262411467731
915,0.46345406770706177
916,0.31089526414871216
917,0.010988812893629074
918,0.42871710658073425
919,0.4777159094810486
920,0.0016131954034790397
921,0.4564705491065979
922,0.2968418002128601
923,0.008799893781542778
924,0.4889257550239563
925,0.30594754219055176
926,0.046869248151779175
927,0.4728444814682007
928,0.3034481704235077
929,0.018896905705332756
930,0.43656593561172485
931,0.3568364381790161
932,-0.009488394483923912
933,0.4053806662559509
934,0.4047779142856598
935,-0.024020010605454445
936,0.40495750308036804
937,0.4170798063278198
938,-0.01999158412218094
939,0.4187544584274292
940,0.40739569067955017
941,-0.019422568380832672
942,0.42730605602264404
943,0.4111863970756531
944,-0.012369783595204353
945,0.4145529866218567
946,0.4169382154941559
947,-0.016661906614899635
948,0.4218808114528656
949,0.41750678420066833
950,-0.010117693804204464
951,0.4384334981441498
952,0.4322527050971985
953,0.0023900324013084173
954,0.3963473439216614
955,0.3689407408237457
956,-0.04690605774521828
957,0.39700785279273987
958,0.3568669259548187
959,-0.04956735670566559
960,0.4666080176830292
961,0.2744920253753662
962,0.0017935867654159665
963,0.41774994134902954
964,0.3286462724208832
965,-0.009653043001890182
966,0.41967761516571045
967,0.3637218475341797
968,-0.027179427444934845
969,0.42036110162734985
970,0.35731270909309387
971,-0.024552376940846443
972,0.462311327457428
973,0.3542676866054535
974,-0.00042721000500023365
975,0.3966442942619324
976,0.3419386148452759
977,-0.04455215483903885
978,0.4452737271785736
979,0.2628166675567627
980,-0.011496289633214474
981,0.4577682614326477
982,0.2663581967353821
983,-0.00592023553326726
984,0.47471386194229126
985,0.23385491967201233
986,0.027551328763365746
987,0.4077742397785187
988,0.2735391855239868
989,-0.016263114288449287
990,0.4223882555961609
991,0.2853340208530426
992,-0.0006572711863555014
993,0.44475317001342773
994,0.4180082678794861
995,0.003078720299527049
996,0.4833725392818451
997,0.4180257320404053
998,0.06993220001459122
999,0.4136311411857605
1000,0.3706326484680176
1001,-0.02344069629907608
1002,0.40617623925209045
1003,0.37506622076034546
1004,-0.02379414439201355
1005,0.4375301003456116
1006,0.41909030079841614
1007,0.0031976010650396347
1008,0.4329932630062103
1009,0.41930750012397766
1010,0.0013618126977235079
1011,0.4623664617538452
1012,0.25851473212242126
1013,-0.0018815648509189487
1014,0.4208868443965912
1015,0.3685270845890045
1016,-0.02246442250907421
1017,0.42886656522750854
1018,0.2644050121307373
1019,-0.01513549592345953
1020,0.43012529611587524
1021,0.2543918490409851
1022,-0.01703290455043316
1023,0.43867504596710205
1024,0.20581847429275513
1025,-0.0024387293960899115
1026,0.4680824875831604
1027,0.2456185221672058
1028,0.010973694734275341
1029,0.4332650601863861
1030,0.22896336019039154
1031,-0.010071584954857826
1032,0.4716942608356476
1033,0.2691105902194977
1034,0.008731652982532978
1035,0.47761690616607666
1036,0.26268431544303894
1037,0.025317447260022163
1038,0.4053501784801483
1039,0.411956250667572
1040,-0.022939780727028847
1041,0.4164596199989319
1042,0.4131356477737427
1043,-0.018369583413004875
1044,0.4246228337287903
1045,0.41444823145866394
1046,-0.011871403083205223
1047,0.4117017090320587
1048,0.37290269136428833
1049,-0.021521275863051414
1050,0.43536609411239624
1051,0.419239342212677
1052,0.002219065325334668
1053,0.4309518337249756
1054,0.4259045720100403
1055,-0.00199239794164896
1056,0.43158817291259766
1057,0.41906917095184326
1058,0.001168321119621396
1059,0.4074455201625824
1060,0.36792290210723877
1061,-0.03527911752462387
1062,0.4202435314655304
1063,0.41674280166625977
1064,-0.008757377043366432
1065,0.4129491448402405
1066,0.4173775911331177
1067,-0.013350894674658775
1068,0.4042893648147583
1069,0.41839826107025146
1070,-0.016568327322602272
1071,0.40867605805397034
1072,0.4634879231452942
1073,-0.007481845561414957
1074,0.4077346920967102
1075,0.45261597633361816
1076,-0.015087609179317951
1077,0.40681958198547363
1078,0.44522392749786377
1079,-0.016204847022891045
1080,0.40581992268562317
1081,0.4382844567298889
1082,-0.014089806005358696
1083,0.40486690402030945
1084,0.4336680769920349
1085,-0.012597614899277687
1086,0.42132318019866943
1087,0.4276254177093506
1088,-0.005689901299774647
1089,0.42297980189323425
1090,0.429220974445343
1091,-0.007064590230584145
1092,0.4253849983215332
1093,0.43248486518859863
1094,-0.00811948161572218
1095,0.4274050295352936
1096,0.4363584816455841
1097,-0.0065609789453446865
1098,0.43282395601272583
1099,0.3984927535057068
1100,-0.01032982487231493
1101,0.49153250455856323
1102,0.3588820695877075
1103,0.08106736838817596
1104,0.4260595738887787
1105,0.42464685440063477
1106,-0.0012980254832655191
1107,0.4284259080886841
1108,0.42487698793411255
1109,-0.0020985810551792383
1110,0.40339210629463196
1111,0.3804916441440582
1112,-0.023901820182800293
1113,0.41863593459129333
1114,0.3756241798400879
1115,-0.01574772782623768
1116,0.4047055244445801
1117,0.3779248297214508
1118,-0.024095624685287476
1119,0.42728549242019653
1120,0.3347555696964264
1121,-0.0073907459154725075
1122,0.44155609607696533
1123,0.34154340624809265
1124,-0.005995855666697025
1125,0.42254236340522766
1126,0.36225008964538574
1127,-0.019755009561777115
1128,0.46035581827163696
1129,0.21686193346977234
1130,0.011291620321571827
1131,0.45406222343444824
1132,0.23380088806152344
1133,-0.0005021071410737932
1134,0.448049396276474
1135,0.25306007266044617
1136,-0.010066469199955463
1137,0.4308953881263733
1138,0.4439769685268402
1139,-0.0013051129644736648
1140,0.4101567268371582
1141,0.2577435374259949
1142,-0.01978156343102455
1143,0.41252779960632324
1144,0.22847843170166016
1145,-0.014846734702587128
1146,0.4157140254974365
1147,0.2012014091014862
1148,-0.009549081325531006
1149,0.45257896184921265
1150,0.3078121840953827
1151,0.003926302772015333
1152,0.4725997745990753
1153,0.3186664581298828
1154,0.015272811986505985
1155,0.4165615439414978
1156,0.30471891164779663
1157,0.0019660426769405603
1158,0.4635215997695923
1159,0.28965455293655396
1160,0.007335871923714876
1161,0.4110647737979889
1162,0.3213723599910736
1163,-0.012458739802241325
1164,0.41303104162216187
1165,0.3601575493812561
1166,-0.03527403622865677
1167,0.48201310634613037
1168,0.3267400562763214
1169,0.023902861401438713
1170,0.4666903018951416
1171,0.3261183202266693
1172,0.007976243272423744
1173,0.45571455359458923
1174,0.33015209436416626
1175,0.000951585650909692
1176,0.4394197165966034
1177,0.32927456498146057
1178,-0.0021029612980782986
1179,0.42722293734550476
1180,0.3253783881664276
1181,-0.0030569343362003565
1182,0.41803109645843506
1183,0.3203825354576111
1184,-0.0048648701049387455
1185,0.3982456922531128
1186,0.3059403896331787
1187,-0.02092517726123333
1188,0.4817468822002411
1189,0.35068419575691223
1190,0.021616142243146896
1191,0.4703107178211212
1192,0.287886381149292
1193,0.0107298968359828
1194,0.39414745569229126
1195,0.37532711029052734
1196,-0.04271511733531952
1197,0.4174579381942749
1198,0.3399076461791992
1199,-0.013307503424584866
1200,0.49212461709976196
1201,0.30577999353408813
1202,0.07422433793544769
1203,0.41109150648117065
1204,0.3142800033092499
1205,-0.0057580312713980675
1206,0.4239102303981781
1207,0.36280447244644165
1208,-0.01079640444368124
1209,0.4594686031341553
1210,0.2973692715167999
1211,0.010162760503590107
1212,0.41363340616226196
1213,0.35224083065986633
1214,-0.03199080005288124
1215,0.48929035663604736
1216,0.3876204490661621
1217,0.07770366221666336
1218,0.4168332517147064
1219,0.3005204200744629
1220,0.004226201213896275
1221,0.4050477147102356
1222,0.34592288732528687
1223,-0.039970334619283676
1224,0.464871346950531
1225,0.44618839025497437
1226,0.029360434040427208
1227,0.46467047929763794
1228,0.46109530329704285
1229,0.04318391904234886
1230,0.4904826581478119
1231,0.3555828928947449
1232,0.05110253766179085
1233,0.4752569794654846
1234,0.4296330511569977
1235,0.037875134497880936
1236,0.4834609925746918
1237,0.2825015187263489
1238,0.03841675817966461
1239,0.43038010597229004
1240,0.4903605282306671
1241,0.005973043851554394
1242,0.3939206302165985
1243,0.3776720464229584
1244,-0.03123447671532631
1245,0.4259167015552521
1246,0.34784823656082153
1247,-0.010622515343129635
1248,0.4802917242050171
1249,0.3056859076023102
1250,0.02685892954468727
1251,0.4443661570549011
1252,0.3034278452396393
1253,0.0017902300460264087
1254,0.4368201494216919
1255,0.30450788140296936
1256,0.00017407233826816082
1257,0.43337005376815796
1258,0.42750197649002075
1259,-0.0007729484932497144
1260,0.48138952255249023
1261,0.37495937943458557
1262,0.024669427424669266
1263,0.4150375723838806
1264,0.5083276033401489
1265,0.008425584994256496
1266,0.4410789906978607
1267,0.4900401830673218
1268,0.023563578724861145
1269,0.4520750641822815
1270,0.47794777154922485
1271,0.03242505341768265
1272,0.4296126365661621
1273,0.30407559871673584
1274,0.0002692029229365289
1275,0.4229121208190918
1276,0.30246207118034363
1277,0.0018547659274190664
1278,0.4187965989112854
1279,0.301540732383728
1280,0.0038146486040204763
1281,0.4764222502708435
1282,0.28532564640045166
1283,0.018774444237351418
1284,0.42408663034439087
1285,0.29268109798431396
1286,0.0005650459788739681
1287,0.43136125802993774
1288,0.2895016074180603
1289,-0.0014437997015193105
1290,0.43864721059799194
1291,0.288638174533844
1292,-0.0016090506687760353
1293,0.4461478292942047
1294,0.2901616096496582
1295,4.117950811632909e-05
1296,0.45105624198913574
1297,0.2929126024246216
1298,0.0026078945957124233
1299,0.4893264174461365
1300,0.27763092517852783
1301,0.060665447264909744
1302,0.44956764578819275
1303,0.30163660645484924
1304,0.004082079976797104
1305,0.42396947741508484
1306,0.39222800731658936
1307,-0.01568535342812538
1308,0.41336897015571594
1309,0.36906781792640686
1310,-0.02657797746360302
1311,0.4053260087966919
1312,0.3900017738342285
1313,-0.022966204211115837
1314,0.45354825258255005
1315,0.4630366563796997
1316,0.02271164208650589
1317,0.4424193501472473
1318,0.47673118114471436
1319,0.014931497164070606
1320,0.41486236453056335
1321,0.4999103546142578
1322,-0.0014329449040815234
1323,0.4745708107948303
1324,0.4426892399787903
1325,0.05686049535870552
1326,0.41901344060897827
1327,0.2973688542842865
1328,0.0026806266978383064
1329,0.404265433549881
1330,0.3245276212692261
1331,-0.023786181584000587
1332,0.4290597140789032
1333,0.5007262229919434
1334,0.01421935111284256
1335,0.48846280574798584
1336,0.3822631537914276
1337,0.05035458877682686
1338,0.4138212203979492
1339,0.430923730134964
1340,-0.009737924672663212
1341,0.4154733717441559
1342,0.43423333764076233
1343,-0.011116480454802513
1344,0.417272686958313
1345,0.43941473960876465
1346,-0.012409675866365433
1347,0.41872909665107727
1348,0.4459272623062134
1349,-0.011109779588878155
1350,0.42140257358551025
1351,0.4551737308502197
1352,-0.005374398082494736
1353,0.4287358820438385
1354,0.41784316301345825
1355,-0.004189231898635626
1356,0.43153321743011475
1357,0.416471928358078
1358,-0.004284387454390526
1359,0.4340536296367645
1360,0.41436296701431274
1361,-0.004462221171706915
1362,0.4405251741409302
1363,0.4069194197654724
1364,-0.0036184326745569706
1365,0.47024214267730713
1366,0.38065043091773987
1367,0.008536568842828274
1368,0.40446019172668457
1369,0.3129849433898926
1370,-0.016106007620692253
1371,0.409469336271286
1372,0.29215967655181885
1373,-0.001359362155199051
1374,0.41507935523986816
1375,0.29375970363616943
1376,0.0014814847381785512
1377,0.42645028233528137
1378,0.41652894020080566
1379,-0.0033043939620256424
1380,0.47193512320518494
1381,0.4107893109321594
1382,0.022168857976794243
1383,0.4014282524585724
1384,0.2912290096282959
1385,-0.012123219668865204
1386,0.42521408200263977
1387,0.4653545320034027
1388,-0.001343144685961306
1389,0.3974689841270447
1390,0.3183327317237854
1391,-0.029221246019005775
1392,0.4112456440925598
1393,0.34241214394569397
1394,-0.02410777099430561
1395,0.4109888970851898
1396,0.4745537042617798
1397,-0.005690683610737324
1398,0.44466784596443176
1399,0.4373292028903961
1400,0.006595643702894449
1401,0.43136200308799744
1402,0.3721315860748291
1403,-0.008951671421527863
1404,0.436051607131958
1405,0.45284828543663025
1406,0.0032329554669559
1407,0.4507712721824646
1408,0.37039488554000854
1409,-0.006570801604539156
1410,0.4398788809776306
1411,0.38383257389068604
1412,-0.006973220035433769
1413,0.4588709771633148
1414,0.3893859386444092
1415,0.0007574543124064803
1416,0.41354191303253174
1417,0.48802196979522705
1418,-0.005425550974905491
1419,0.41750743985176086
1420,0.34858813881874084
1421,-0.018313145264983177
1422,0.4511013925075531
1423,0.4479575455188751
1424,0.013655251823365688
1425,0.4401954114437103
1426,0.4635617434978485
1427,0.008939988911151886
1428,0.45125728845596313
1429,0.4203729033470154
1430,0.005830034147948027
1431,0.4796697795391083
1432,0.3960801362991333
1433,0.028351156041026115
1434,0.46134382486343384
1435,0.4238603115081787
1436,0.013071449473500252
1437,0.483976811170578
1438,0.40704545378685
1439,0.04741913452744484
1440,0.447708398103714
1441,0.3980599343776703
1442,-0.0026522153057157993
1443,0.41066956520080566
1444,0.3321373462677002
1445,-0.018121281638741493
1446,0.41013211011886597
1447,0.36576181650161743
1448,-0.03707597777247429
1449,0.4170321226119995
1450,0.3678763806819916
1451,-0.02794319950044155
1452,0.40523940324783325
1453,0.35812634229660034
1454,-0.04315687343478203
1455,0.4158458113670349
1456,0.28241363167762756
1457,-0.004335286561399698
1458,0.429459810256958
1459,0.2756006717681885
1460,-0.006833544932305813
1461,0.44166338443756104
1462,0.27396321296691895
1463,-0.007151121739298105
1464,0.4521161913871765
1465,0.2756504714488983
1466,-0.004503132309764624
1467,0.45959046483039856
1468,0.2806761860847473
1469,0.00037211747257970273
1470,0.4651530385017395
1471,0.3004615306854248
1472,0.013214919716119766
1473,0.49079662561416626
1474,0.33047378063201904
1475,0.04930984228849411
1476,0.45873984694480896
1477,0.31549710035324097
1478,0.007017835974693298
1479,0.4497252404689789
1480,0.318863183259964
1481,0.0024445427116006613
1482,0.4383983016014099
1483,0.31940311193466187
1484,-0.00030655160662718117
1485,0.42756152153015137
1486,0.3172604739665985
1487,-0.0009502300526946783
1488,0.4191557466983795
1489,0.31369486451148987
1490,-0.0008715384174138308
1491,0.4133162200450897
1492,0.30998265743255615
1493,-0.0009617061004973948
1494,0.4920424222946167
1495,0.3321813941001892
1496,0.08039987832307816
1497,0.41739851236343384
1498,0.37062394618988037
1499,-0.023644359782338142
1500,0.4039466679096222
1501,0.3348655700683594
1502,-0.030687930062413216
1503,0.4030041992664337
1504,0.3669877350330353
1505,-0.043268997222185135
1506,0.3988621234893799
1507,0.3730613887310028
1508,-0.0394473634660244
1509,0.40358179807662964
1510,0.3688597083091736
1511,-0.03909523785114288
1512,0.41544634103775024
1513,0.3742270767688751
1514,-0.020475689321756363
1515,0.3970208466053009
1516,0.3743419051170349
1517,-0.041582804173231125
1518,0.3968897759914398
1519,0.37667417526245117
1520,-0.031419169157743454
1521,0.4135659337043762
1522,0.30111008882522583
1523,0.003085638862103224
1524,0.40864747762680054
1525,0.30368921160697937
1526,-0.0017709620296955109
1527,0.40570080280303955
1528,0.3053402006626129
1529,-0.007830362766981125
1530,0.45405086874961853
1531,0.29510024189949036
1532,0.0052321176044642925
1533,0.4587917923927307
1534,0.29057249426841736
1535,0.005243564490228891
1536,0.0
1537,0.0
1538,0.0
1539,0.0
1540,0.0
1541,0.0
1542,0.0
1543,0.0
1544,0.0
1545,0.0
1546,0.0
1547,0.0
1548,0.0
1549,0.0
1550,0.0
1551,0.0
1552,0.0
1553,0.0
1554,0.0
1555,0.0
1556,0.0
1557,0.0
1558,0.0
1559,0.0
1560,0.0
1561,0.0
1562,0.0
1563,0.0
1564,0.0
1565,0.0
1566,0.0
1567,0.0
1568,0.0
1569,0.0
1570,0.0
1571,0.0
1572,0.0
1573,0.0
1574,0.0
1575,0.0
1576,0.0
1577,0.0
1578,0.0
1579,0.0
1580,0.0
1581,0.0
1582,0.0
1583,0.0
1584,0.0
1585,0.0
1586,0.0
1587,0.0
1588,0.0
1589,0.0
1590,0.0
1591,0.0
1592,0.0
1593,0.0
1594,0.0
1595,0.0
1596,0.0
1597,0.0
1598,0.0
1599,0.2352699637413025
1600,0.6364622116088867
1601,3.7447446743499313e-07
1602,0.2253512442111969
1603,0.5707762241363525
1604,0.0064160181209445
1605,0.2395845353603363
1606,0.5154659152030945
1607,0.0024562450125813484
1608,0.2677377760410309
1609,0.49496814608573914
1610,-0.005200681742280722
1611,0.2949099838733673
1612,0.49559709429740906
1613,-0.012603849172592163
1614,0.24207773804664612
1615,0.47351953387260437
1616,-0.00843323115259409
1617,0.2546682059764862
1618,0.3987918496131897
1619,-0.018097255378961563
1620,0.2595965266227722
1621,0.3561018705368042
1622,-0.021672649309039116
1623,0.26306280493736267
1624,0.3211379647254944
1625,-0.022796954959630966
1626,0.2688806354999542
1627,0.47945502400398254
1628,-0.01857498101890087
1629,0.3035503029823303
1630,0.4156867265701294
1631,-0.026449622586369514
1632,0.327037513256073
1633,0.3815128803253174
1634,-0.030090726912021637
1635,0.34475547075271606
1636,0.3583230972290039
1637,-0.031046487390995026
1638,0.2927713394165039
1639,0.49736982583999634
1640,-0.02744372747838497
1641,0.32241424918174744
1642,0.49729129672050476
1643,-0.03314719721674919
1644,0.31580376625061035
1645,0.5234242081642151
1646,-0.030712800100445747
1647,0.3051126301288605
1648,0.5409818887710571
1649,-0.026033902540802956
1650,0.3130115866661072
1651,0.5208930373191833
1652,-0.03643212094902992
1653,0.33601251244544983
1654,0.522210955619812
1655,-0.034265466034412384
1656,0.32839274406433105
1657,0.5441163182258606
1658,-0.025789780542254448
1659,0.317609578371048
1660,0.5599009990692139
1661,-0.01790689304471016
