,0
0,0.41149669885635376
1,0.36213502287864685
2,-0.8741791844367981
3,0.9999569058418274
4,0.43739014863967896
5,0.29647696018218994
6,-0.8103500604629517
7,0.9999019503593445
8,0.4538615643978119
9,0.29594653844833374
10,-0.8102192878723145
11,0.9998972415924072
12,0.4660117030143738
13,0.29644572734832764
14,-0.8100463151931763
15,0.9998820424079895
16,0.38591402769088745
17,0.3023424744606018
18,-0.8056372404098511
19,0.999912440776825
20,0.3688136637210846
21,0.3031146824359894
22,-0.8051351308822632
23,0.9999256730079651
24,0.3518680930137634
25,0.3051060438156128
26,-0.8051929473876953
27,0.9999304413795471
28,0.48518243432044983
29,0.32776254415512085
30,-0.4029978811740875
31,0.9998703002929688
32,0.33383744955062866
33,0.3347572088241577
34,-0.36213111877441406
35,0.9999318718910217
36,0.4472300410270691
37,0.42853057384490967
38,-0.7288802266120911
39,0.9999464750289917
40,0.38317814469337463
41,0.4354592561721802
42,-0.7173740863800049
43,0.9999428987503052
44,0.6364989876747131
45,0.6906379461288452
46,-0.1588069498538971
47,0.9991033673286438
48,0.23870894312858582
49,0.6545701622962952
50,-0.2821556627750397
51,0.9995691180229187
52,0.7139117121696472
53,1.030074954032898
54,-0.11218937486410141
55,0.4226187765598297
56,0.1330207884311676
57,1.0335444211959839
58,-0.834301769733429
59,0.8483483791351318
60,0.7467045187950134
61,1.4487824440002441
62,-0.35692718625068665
63,0.3282819092273712
64,0.2409878671169281
65,0.6539941430091858
66,-1.78469717502594
67,0.8304651975631714
68,0.7758983373641968
69,1.5565012693405151
70,-0.43292364478111267
71,0.3870124816894531
72,0.25286921858787537
73,0.5411843657493591
74,-1.9914844036102295
75,0.8254154920578003
76,0.7295858263969421
77,1.5442346334457397
78,-0.49273061752319336
79,0.4867812991142273
80,0.2577664256095886
81,0.5057505369186401
82,-1.9534673690795898
83,0.8408721089363098
84,0.7030275464057922
85,1.5086643695831299
86,-0.39989620447158813
87,0.48570501804351807
88,0.26570066809654236
89,0.5419904589653015
90,-1.7985891103744507
91,0.8374593257904053
92,0.5665988326072693
93,1.4462162256240845
94,-0.04478166252374649
95,0.0013803441543132067
96,0.2754097580909729
97,1.4445017576217651
98,0.04908045008778572
99,0.0014146146131679416
100,0.5342625975608826
101,2.0966248512268066
102,-0.16248385608196259
103,0.0005565591272898018
104,0.2780071496963501
105,2.1002790927886963
106,-0.025960877537727356
107,0.0003151206474285573
108,0.5184434652328491
109,2.68046498298645
110,0.37757474184036255
111,0.00012900396541226655
112,0.2810533940792084
113,2.6773035526275635
114,0.324775755405426
115,1.0063059562526178e-05
116,0.5244603157043457
117,2.760719060897827
118,0.3919579088687897
119,8.000484376680106e-05
120,0.2776075005531311
121,2.752197504043579
122,0.34525996446609497
123,2.666335967660416e-05
124,0.4789901673793793
125,2.8489484786987305
126,-0.2136821448802948
127,5.897572191315703e-05
128,0.30693963170051575
129,2.8662354946136475
130,-0.3282305598258972
131,4.521162554738112e-05
132,0.4098134934902191
133,0.4074156582355499
134,-0.024482889100909233
135,0.40765029191970825
136,0.3676474094390869
137,-0.04666274040937424
138,0.40853312611579895
139,0.380028635263443
140,-0.02509905770421028
141,0.39989858865737915
142,0.3290797173976898
143,-0.03539442643523216
144,0.4073021113872528
145,0.35522300004959106
146,-0.049518223851919174
147,0.4070371091365814
148,0.33953920006752014
149,-0.046179238706827164
150,0.40663444995880127
151,0.30280640721321106
152,-0.023972341790795326
153,0.34834912419319153
154,0.3029860854148865
155,0.010135031305253506
156,0.40624505281448364
157,0.27677375078201294
158,-0.018918883055448532
159,0.40605366230010986
160,0.2614724040031433
161,-0.02082989737391472
162,0.4052717089653015
163,0.20302224159240723
164,-0.012214066460728645
165,0.41007933020591736
166,0.4135669469833374
167,-0.023533931002020836
168,0.41028350591659546
169,0.4183577299118042
170,-0.020990606397390366
171,0.4104267656803131
172,0.42021051049232483
173,-0.017330067232251167
174,0.4109262228012085
175,0.4447803199291229
176,-0.010479120537638664
177,0.4110707640647888
178,0.4511539936065674
179,-0.011720236390829086
180,0.4112619459629059
181,0.45856383442878723
182,-0.012894299812614918
183,0.41144391894340515
184,0.46611371636390686
185,-0.010275810956954956
186,0.4115898609161377
187,0.47445833683013916
188,-0.0011048095766454935
189,0.4079453647136688
190,0.3740079998970032
191,-0.04241293668746948
192,0.4000316858291626
193,0.3735346794128418
194,-0.030803142115473747
195,0.32179373502731323
196,0.2633819580078125
197,0.048503853380680084
198,0.3722740113735199
199,0.3123472332954407
200,0.0015791385667398572
201,0.3643037974834442
202,0.31370753049850464
203,0.0021221546921879053
204,0.3564794063568115
205,0.3136003315448761
206,0.004363934975117445
207,0.34557580947875977
208,0.30737531185150146
209,0.011369913816452026
210,0.3788163363933563
211,0.30899879336357117
212,0.0021669939160346985
213,0.36002328991889954
214,0.2829441428184509
215,-0.0016719450941309333
216,0.3690990209579468
217,0.2836076021194458
218,-0.001720569678582251
219,0.3516993522644043
220,0.2849382758140564
221,0.001038888469338417
222,0.34632906317710876
223,0.2892034947872162
224,0.004547140095382929
225,0.340084969997406
226,0.3159809112548828
227,0.015603764913976192
228,0.38041022419929504
229,0.4836607575416565
230,0.009150616824626923
231,0.34527161717414856
232,0.3001192510128021
233,0.012842683121562004
234,0.3191981017589569
235,0.31344327330589294
236,0.05264471098780632
237,0.3315308690071106
238,0.3093058466911316
239,0.0238807313144207
240,0.36649757623672485
241,0.3603382408618927
242,-0.005940788891166449
243,0.3980790376663208
244,0.4058932662010193
245,-0.023131564259529114
246,0.4002985656261444
247,0.4187059998512268
248,-0.019417693838477135
249,0.386814683675766
250,0.41036736965179443
251,-0.017668467015028
252,0.3804834187030792
253,0.4161405861377716
254,-0.009754525497555733
255,0.3922635614871979
256,0.42006415128707886
257,-0.015193598344922066
258,0.3865243196487427
259,0.4222608208656311
260,-0.007996179163455963
261,0.3714916706085205
262,0.44101837277412415
263,0.007451208308339119
264,0.4006115794181824
265,0.367575466632843
266,-0.045915525406599045
267,0.3992191255092621
268,0.3557531237602234
269,-0.04853792116045952
270,0.3344652056694031
271,0.2788074016571045
272,0.006407862529158592
273,0.3823789656162262
274,0.33027100563049316
275,-0.007918557152152061
276,0.3803929090499878
277,0.3648747205734253
278,-0.025111041963100433
279,0.37970930337905884
280,0.35875988006591797
281,-0.022446807473897934
282,0.3434266149997711
283,0.36038458347320557
284,0.004718364216387272
285,0.39945685863494873
286,0.34114617109298706
287,-0.04348791763186455
288,0.3529203534126282
289,0.26594316959381104
290,-0.00856140349060297
291,0.34168776869773865
292,0.2700249254703522
293,-0.002005598973482847
294,0.32811737060546875
295,0.24176207184791565
296,0.03191577270627022
297,0.3889976441860199
298,0.2752503752708435
299,-0.01610836759209633
300,0.37695392966270447
301,0.2872382700443268
302,0.0007200890104286373
303,0.3655855059623718
304,0.42610597610473633
305,0.007932870648801327
306,0.33215847611427307
307,0.42304545640945435
308,0.07611958682537079
309,0.3868541717529297
310,0.37119174003601074
311,-0.02161824144423008
312,0.39418184757232666
313,0.3751152455806732
314,-0.02274446375668049
315,0.37308982014656067
316,0.42815878987312317
317,0.007130905520170927
318,0.37761789560317993
319,0.4279780387878418
320,0.004812013357877731
321,0.33732807636260986
322,0.2626928985118866
323,0.0020993549842387438
324,0.38028597831726074
325,0.37012311816215515
326,-0.02035367861390114
327,0.3684505224227905
328,0.2670380771160126
329,-0.013507570140063763
330,0.3668140172958374
331,0.257414847612381
332,-0.015476003289222717
333,0.3585854172706604
334,0.21158650517463684
335,-0.0008651468669995666
336,0.33297255635261536
337,0.25176215171813965
338,0.015065416693687439
339,0.36352917551994324
340,0.2332123965024948
341,-0.008612167090177536
342,0.3301660716533661
343,0.27426329255104065
344,0.013613254763185978
345,0.32606396079063416
346,0.2693408131599426
347,0.03026544861495495
348,0.39905038475990295
349,0.41330090165138245
350,-0.02218439243733883
351,0.38976138830184937
352,0.416180282831192
353,-0.01671351119875908
354,0.3834248185157776
355,0.4193100333213806
356,-0.009506776928901672
357,0.38908129930496216
358,0.373395174741745
359,-0.020078584551811218
360,0.3752642869949341
361,0.4283156394958496
362,0.005796570796519518
363,0.378817081451416
364,0.4361010789871216
365,0.002108050975948572
366,0.3790223002433777
367,0.4272083640098572
368,0.004582070279866457
369,0.3913118541240692
370,0.36723092198371887
371,-0.033601582050323486
372,0.3884700834751129
373,0.4214783310890198
374,-0.0068445103242993355
375,0.3942643404006958
376,0.42054563760757446
377,-0.012064759619534016
378,0.4015856385231018
379,0.420301228761673
380,-0.01597421243786812
381,0.3985855281352997
382,0.4731691777706146
383,-0.0005662889452651143
384,0.3987109959125519
385,0.4643368124961853
386,-0.009420327842235565
387,0.3993816673755646
388,0.45690423250198364
389,-0.011404207907617092
390,0.4003088176250458
391,0.4492112994194031
392,-0.010204300284385681
393,0.40131205320358276
394,0.4439588487148285
395,-0.009088023565709591
396,0.3875754475593567
397,0.43792724609375
398,-0.001700483844615519
399,0.38579174876213074
400,0.4399338662624359
401,-0.0027117524296045303
402,0.38321802020072937
403,0.44346681237220764
404,-0.003338252194225788
405,0.3811684250831604
406,0.4472430944442749
407,-0.0015532628167420626
408,0.37367314100265503
409,0.4030660390853882
410,-0.007443258538842201
411,0.32217666506767273
412,0.36546123027801514
413,0.08721435815095901
414,0.4081929326057434
415,0.37651583552360535
416,-0.031215397641062737
417,0.38377487659454346
418,0.43431025743484497
419,0.0025149607099592686
420,0.3812660574913025
421,0.4349459111690521
422,0.0019110635621473193
423,0.39720597863197327
424,0.38045480847358704
425,-0.02272026613354683
426,0.3834535479545593
427,0.3774370849132538
428,-0.01398965623229742
429,0.39575499296188354
430,0.37788254022598267
431,-0.023048406466841698
432,0.3739721179008484
433,0.3372860550880432
434,-0.004818118643015623
435,0.36122262477874756
436,0.34557202458381653
437,-0.002256566658616066
438,0.3784859776496887
439,0.364193856716156
440,-0.01755870319902897
441,0.3396238684654236
442,0.22407567501068115
443,0.014481660909950733
444,0.34474611282348633
445,0.23914772272109985
446,0.0024706011172384024
447,0.3499734103679657
448,0.25665879249572754
449,-0.007123609073460102
450,0.37808582186698914
451,0.4529363512992859
452,0.004491729196161032
453,0.38609209656715393
454,0.25998830795288086
455,-0.019610323011875153
456,0.3831941783428192
457,0.23152358829975128
458,-0.015036970376968384
459,0.3798043429851532
460,0.20523430407047272
461,-0.009777301922440529
462,0.34961196780204773
463,0.3116629719734192
464,0.008021758869290352
465,0.33232370018959045
466,0.3249543607234955
467,0.020398685708642006
468,0.3829715847969055
469,0.3056735396385193
470,0.00315783079713583
471,0.3384709656238556
472,0.2937908470630646
473,0.011848391965031624
474,0.38813138008117676
475,0.3225128650665283
476,-0.01113875675946474
477,0.3855869174003601
478,0.3602384924888611
479,-0.03343035653233528
480,0.3247419595718384
481,0.33374282717704773
482,0.02971706911921501
483,0.3376138210296631
484,0.33219781517982483
485,0.012997420504689217
486,0.3477185070514679
487,0.3356510400772095
488,0.005455400794744492
489,0.36274126172065735
490,0.3330782651901245
491,0.0013287473702803254
492,0.3738360106945038
493,0.32782456278800964
494,-0.0006462349556386471
495,0.3821648061275482
496,0.32195577025413513
497,-0.0031963663641363382
498,0.3987983763217926
499,0.3063364028930664
500,-0.0205694567412138
501,0.3261023461818695
502,0.35770219564437866
503,0.027650225907564163
504,0.33259454369544983
505,0.2929503917694092
506,0.015677906572818756
507,0.4036424160003662
508,0.3737688958644867
509,-0.04188106581568718
510,0.3827340602874756
511,0.3413422405719757
512,-0.011556277982890606
513,0.3185584843158722
514,0.31374818086624146
515,0.08001726865768433
516,0.3882884085178375
517,0.31538626551628113
518,-0.004763664677739143
519,0.3778878152370453
520,0.3650895357131958
521,-0.00878040213137865
522,0.3426188826560974
523,0.3010031580924988
524,0.01445221621543169
525,0.38505035638809204
526,0.35277631878852844
527,-0.03019544668495655
528,0.32533028721809387
529,0.3932538628578186
530,0.08379728347063065
531,0.38277485966682434
532,0.30140960216522217
533,0.005380533169955015
534,0.39213693141937256
535,0.3457931578159332
536,-0.038404710590839386
537,0.3481156527996063
538,0.45144155621528625
539,0.036306533962488174
540,0.3495684862136841
541,0.4652414917945862
542,0.04978755861520767
543,0.31999027729034424
544,0.36243778467178345
545,0.057317525148391724
546,0.33859801292419434
547,0.4349457621574402
548,0.044563572853803635
549,0.32250288128852844
550,0.28971800208091736
551,0.04372238740324974
552,0.3794153034687042
553,0.4957728385925293
554,0.013629213906824589
555,0.40478983521461487
556,0.3761965334415436
557,-0.030701547861099243
558,0.37562036514282227
559,0.35028284788131714
560,-0.008188331499695778
561,0.32550352811813354
562,0.3121899664402008
563,0.03228350728750229
564,0.3567262589931488
565,0.30646753311157227
566,0.005193755030632019
567,0.36390697956085205
568,0.30709582567214966
569,0.0030848567839711905
570,0.3764421045780182
571,0.4374810457229614
572,0.00343619124032557
573,0.32842230796813965
574,0.3815826177597046
575,0.03092486783862114
576,0.3944450616836548
577,0.5140275359153748
578,0.01560430508106947
579,0.3701612651348114
580,0.4943315088748932
581,0.030769936740398407
582,0.36053797602653503
583,0.4819290041923523
584,0.039226263761520386
585,0.4056718349456787
586,0.23101121187210083
587,-0.01704157330095768
588,0.41223233938217163
589,0.5168206691741943
590,0.013235573656857014
591,0.37069422006607056
592,0.306071013212204
593,0.0026312433183193207
594,0.3769538402557373
595,0.3039821684360504
596,0.0036709997802972794
597,0.3808848261833191
598,0.3026253283023834
599,0.005287995096296072
600,0.3275655210018158
601,0.291351854801178
602,0.024043874815106392
603,0.37569481134414673
604,0.29429417848587036
605,0.0024451902136206627
606,0.36866283416748047
607,0.2916125953197479
608,0.0009612435824237764
609,0.3615947365760803
610,0.2910701632499695
611,0.0014422513777390122
612,0.3544428050518036
613,0.29299694299697876
614,0.0035606776364147663
615,0.34994304180145264
616,0.2960171699523926
617,0.0063933031633496284
618,0.3188723921775818
619,0.2858998775482178
620,0.06603770703077316
621,0.35181716084480286
622,0.3048744797706604
623,0.007818080484867096
624,0.4089955687522888
625,0.3889439105987549
626,-0.022649010643363
627,0.38025182485580444
628,0.39515963196754456
629,-0.01323439460247755
630,0.3866119980812073
631,0.3693065047264099
632,-0.02501721866428852
633,0.3965632915496826
634,0.39057835936546326
635,-0.021497996523976326
636,0.40644943714141846
637,0.2896079421043396
638,-0.018131712451577187
639,0.35824114084243774
640,0.4680974781513214
641,0.02979999966919422
642,0.36836767196655273
643,0.48160192370414734
644,0.02234029769897461
645,0.39395785331726074
646,0.5059588551521301
647,0.00608052359893918
648,0.3407449722290039
649,0.4472651183605194
650,0.06315257400274277
651,0.38051745295524597
652,0.29848408699035645
653,0.004163520410656929
654,0.39350274205207825
655,0.32484495639801025
656,-0.02278902567923069
657,0.4121325612068176
658,0.5088818669319153
659,0.004227210767567158
660,0.3810277581214905
661,0.5057814121246338
662,0.021642381325364113
663,0.32345256209373474
664,0.38847237825393677
665,0.056669093668460846
666,0.3936634957790375
667,0.4413837492465973
668,-0.005757072940468788
669,0.3919084072113037
670,0.44519612193107605
671,-0.0067785377614200115
672,0.3899468779563904
673,0.45096874237060547
674,-0.007330568972975016
675,0.388505220413208
676,0.45749521255493164
677,-0.005509925074875355
678,0.38650447130203247
679,0.4646254777908325
680,0.0011888734297826886
681,0.38129204511642456
682,0.42439013719558716
683,-0.001339548733085394
684,0.37830403447151184
685,0.42319047451019287
686,-0.0011755874147638679
687,0.37568414211273193
688,0.42121315002441406
689,-0.0012788153253495693
690,0.3684532344341278
691,0.41339725255966187
692,0.00021503430616576225
693,0.33883267641067505
694,0.38691601157188416
695,0.014544804580509663
696,0.393621027469635
697,0.31368929147720337
698,-0.015243406407535076
699,0.3890649080276489
700,0.29328635334968567
701,-0.0010192652698606253
702,0.38403642177581787
703,0.2949528694152832
704,0.002329886192455888
705,0.3835679292678833
706,0.42267629504203796
707,-0.0005950561608187854
708,0.33999010920524597
709,0.4168536067008972
710,0.028654031455516815
711,0.39597874879837036
712,0.2922307848930359
713,-0.012118539772927761
714,0.3833964169025421
715,0.472643107175827
716,0.0058858636766672134
717,0.40691307187080383
718,0.3268551230430603
719,-0.038292303681373596
720,0.39922472834587097
721,0.3182910978794098
722,-0.02868771180510521
723,0.40677905082702637
724,0.31525835394859314
725,-0.0307655967772007
726,0.3875602185726166
727,0.34310463070869446
728,-0.022656362503767014
729,0.41198545694351196
730,0.4971630573272705
731,9.068386862054467e-05
732,0.41176530718803406
733,0.4842850863933563
734,-0.00016680835688021034
735,0.3968231976032257
736,0.4822714626789093
737,0.0016844520578160882
738,0.3652341365814209
739,0.4444335699081421
740,0.012459122575819492
741,0.3721727728843689
742,0.3754095733165741
743,-0.005944482982158661
744,0.3732772767543793
745,0.4598958194255829
746,0.009830934926867485
747,0.3550097346305847
748,0.37546706199645996
749,-0.0015751676401123405
750,0.3659859597682953
751,0.38830098509788513
752,-0.003075422253459692
753,0.3497922718524933
754,0.39527425169944763
755,0.006408967077732086
756,0.39475610852241516
757,0.49448728561401367
758,0.002257236745208502
759,0.38251951336860657
760,0.3499334454536438
761,-0.01651553437113762
762,0.3595053553581238
763,0.454155832529068
764,0.020236866548657417
765,0.36985477805137634
766,0.4693154990673065
767,0.015974782407283783
768,0.3589155972003937
769,0.42749646306037903
770,0.011653331108391285
771,0.3318806290626526
772,0.40222668647766113
773,0.034727465361356735
774,0.34977126121520996
775,0.43028342723846436
776,0.01949535869061947
777,0.3293541967868805
778,0.4127013087272644
779,0.05393952503800392
780,0.3609502613544464
781,0.40424033999443054
782,0.0021639156620949507
783,0.38826417922973633
784,0.33302733302116394
785,-0.016701744869351387
786,0.3885069489479065
787,0.3653721809387207
788,-0.03530160337686539
789,0.3830875754356384
790,0.36849671602249146
791,-0.02606630139052868
792,0.3920362889766693
793,0.3574605882167816
794,-0.04143776372075081
795,0.3825947344303131
796,0.2840538024902344
797,-0.003515856573358178
798,0.3691304922103882
799,0.2778952419757843
800,-0.005043641198426485
801,0.35724204778671265
802,0.2767229974269867
803,-0.004439378622919321
804,0.3475227355957031
805,0.2789304852485657
806,-0.0007960736402310431
807,0.3411661386489868
808,0.28441163897514343
809,0.004546372219920158
810,0.33801618218421936
811,0.30512797832489014
812,0.017874805256724358
813,0.31853631138801575
814,0.3376927077770233
815,0.05548424646258354
816,0.3443846106529236
817,0.32039743661880493
818,0.01143950130790472
819,0.35273486375808716
820,0.32332533597946167
821,0.006405052728950977
822,0.36331474781036377
823,0.32274436950683594
824,0.0028600748628377914
825,0.37330442667007446
826,0.3195931017398834
827,0.0013751675141975284
828,0.3810245394706726
829,0.31523120403289795
830,0.0006080316961742938
831,0.38629385828971863
832,0.31105324625968933
833,1.223205231326574e-06
834,0.32038018107414246
835,0.3396042287349701
836,0.08644189685583115
837,0.38347843289375305
838,0.3717197775840759
839,-0.021849367767572403
840,0.39343541860580444
841,0.3350076973438263
842,-0.02942066825926304
843,0.39459848403930664
844,0.36593320965766907
845,-0.04182836040854454
846,0.3995041251182556
847,0.37187960743904114
848,-0.03847534582018852
849,0.39469754695892334
850,0.3678832948207855
851,-0.03773133456707001
852,0.3859540522098541
853,0.3753378391265869
854,-0.01887383870780468
855,0.4010174572467804
856,0.37301409244537354
857,-0.04072068631649017
858,0.4019879996776581
859,0.3754537105560303
860,-0.030697345733642578
861,0.3857062757015228
862,0.3019365668296814
863,0.0038915497716516256
864,0.3903827965259552
865,0.30453649163246155
866,-0.0013869156828150153
867,0.3928848206996918
868,0.306186705827713
869,-0.007418392691761255
870,0.34732797741889954
871,0.29824376106262207
872,0.009268681518733501
873,0.34262922406196594
874,0.2941209375858307
875,0.009555038064718246
876,0.41414201259613037
877,0.32859060168266296
878,-0.035506490617990494
879,0.4662626385688782
880,0.30025148391723633
881,0.009078939445316792
882,0.4161979854106903
883,0.3728703260421753
884,-0.030907878652215004
885,0.4931325614452362
886,0.25752681493759155
887,0.04708760231733322
888,0.4423850178718567
889,0.31075921654701233
890,0.0007258005789481103
891,0.4506012499332428
892,0.3115393817424774
893,0.0011599528370425105
894,0.4585918188095093
895,0.3107409179210663
896,0.003273660084232688
897,0.4693155884742737
898,0.30423879623413086
899,0.010270996950566769
900,0.435502827167511
901,0.30785417556762695
902,0.001522110658697784
903,0.45348596572875977
904,0.28094592690467834
905,-0.0025324567686766386
906,0.4444931447505951
907,0.28195202350616455
908,-0.0024255341850221157
909,0.4618951082229614
910,0.282447874546051
911,0.00015340466052293777
912,0.4675004184246063
913,0.2864251732826233
914,0.0035093396436423063
915,0.4753352701663971
916,0.3117784559726715
917,0.01424841396510601
918,0.4433525502681732
919,0.48172977566719055
920,0.008573179133236408
921,0.46922436356544495
922,0.29741477966308594
923,0.011757519096136093
924,0.4974742531776428
925,0.30739352107048035
926,0.05107453465461731
927,0.4838041067123413
928,0.30443039536476135
929,0.02253793179988861
930,0.45042312145233154
931,0.3569498360157013
932,-0.006895874626934528
933,0.42169389128685
934,0.40465235710144043
935,-0.023360157385468483
936,0.42051783204078674
937,0.41760048270225525
938,-0.019677793607115746
939,0.4337235987186432
940,0.40783950686454773
941,-0.017991475760936737
942,0.4408625066280365
943,0.4126546382904053
944,-0.010290947742760181
945,0.4289679527282715
946,0.4179769456386566
947,-0.015731150284409523
948,0.4351446330547333
949,0.4192749261856079
950,-0.00862033013254404
951,0.451244980096817
952,0.43698084354400635
953,0.006616762839257717
954,0.41477087140083313
955,0.36698630452156067
956,-0.045980796217918396
957,0.4155104160308838
958,0.35513466596603394
959,-0.0485527403652668
960,0.4791387915611267
961,0.27510178089141846
962,0.005317002069205046
963,0.4327358305454254
964,0.32849371433258057
965,-0.008455895818769932
966,0.43557029962539673
967,0.3625657558441162
968,-0.025386841967701912
969,0.4360649287700653
970,0.3563779294490814
971,-0.022795846685767174
972,0.4739300012588501
973,0.3552556335926056
974,0.0031910152174532413
975,0.4148045480251312
976,0.34056881070137024
977,-0.043586067855358124
978,0.45977091789245605
979,0.26363468170166016
980,-0.009544149041175842
981,0.47128164768218994
982,0.2669931948184967
983,-0.0031674671918153763
984,0.4854930341243744
985,0.23639388382434845
986,0.030631156638264656
987,0.42374664545059204
988,0.2745298743247986
989,-0.016426188871264458
990,0.43687355518341064
991,0.2859232425689697
992,0.0001491973816882819
993,0.45654040575027466
994,0.42147111892700195
995,0.006959341000765562
996,0.48996680974960327
997,0.41827958822250366
998,0.07482969015836716
999,0.4295823872089386
1000,0.3693774342536926
1001,-0.02207951433956623
1002,0.42252838611602783
1003,0.37379422783851624
1004,-0.022944975644350052
1005,0.4494123160839081
1006,0.4235919415950775
1007,0.006256658583879471
1008,0.4448204040527344
1009,0.4237806499004364
1010,0.004092158284038305
1011,0.47549426555633545
1012,0.2593272924423218
1013,0.0009802225977182388
1014,0.43626338243484497
1015,0.3677152097225189
1016,-0.020715679973363876
1017,0.44419628381729126
1018,0.265438973903656
1019,-0.014174548909068108
1020,0.44553565979003906
1021,0.2555452585220337
1022,-0.01606777496635914
1023,0.45282405614852905
1024,0.20818188786506653
1025,-0.0015524534974247217
1026,0.48022907972335815
1027,0.24726197123527527
1028,0.01392253115773201
1029,0.4482647478580475
1030,0.23065824806690216
1031,-0.009246821515262127
1032,0.4835915267467499
1033,0.2699723243713379
1034,0.012402694672346115
1035,0.488336443901062
1036,0.2642921209335327
1037,0.028925592079758644
1038,0.4213413596153259
1039,0.4120830297470093
1040,-0.02244449220597744
1041,0.4312620162963867
1042,0.41382741928100586
1043,-0.017156939953565598
1044,0.438152551651001
1045,0.4160701632499695
1046,-0.010111109353601933
1047,0.42758968472480774
1048,0.371731698513031
1049,-0.020365891978144646
1050,0.44721072912216187
1051,0.4238705337047577
1052,0.005003997590392828
1053,0.4438593089580536
1054,0.43227770924568176
1055,0.0015141726471483707
1056,0.4433242380619049
1057,0.4233313500881195
1058,0.003867227351292968
1059,0.424445241689682
1060,0.3660191595554352
1061,-0.03384440019726753
1062,0.4332195818424225
1063,0.41867268085479736
1064,-0.0073942760936915874
1065,0.42706871032714844
1066,0.4186437129974365
1067,-0.012559905648231506
1068,0.41949886083602905
1069,0.4192502796649933
1070,-0.01627269946038723
1071,0.4246201813220978
1072,0.47215956449508667
1073,-0.0009038943098857999
1074,0.42423316836357117
1075,0.46319779753685
1076,-0.009783958084881306
1077,0.42327260971069336
1078,0.4558147192001343
1079,-0.011783845722675323
1080,0.421966552734375
1081,0.44816097617149353
1082,-0.01048524770885706
1083,0.4207438826560974
1084,0.44300830364227295
1085,-0.009343134239315987
1086,0.4348471164703369
1087,0.43509724736213684
1088,-0.0021537896245718002
1089,0.43676021695137024
1090,0.43692222237586975
1091,-0.00326706375926733
1092,0.4394810199737549
1093,0.44032394886016846
1094,-0.003821641206741333
1095,0.4416962265968323
1096,0.44395992159843445
1097,-0.0020325733348727226
1098,0.4462709426879883
1099,0.3994719684123993
1100,-0.007984789088368416
1101,0.49769705533981323
1102,0.3596982955932617
1103,0.08551467955112457
1104,0.4387005865573883
1105,0.4310150742530823
1106,0.0019503934308886528
1107,0.44126659631729126
1108,0.43138954043388367
1109,0.0012748748995363712
1110,0.41997331380844116
1111,0.3793184459209442
1112,-0.022891996428370476
1113,0.43375110626220703
1114,0.3750847578048706
1115,-0.01427388284355402
1116,0.42115968465805054
1117,0.3766866624355316
1118,-0.023236408829689026
1119,0.4416584074497223
1120,0.33476170897483826
1121,-0.005653692875057459
1122,0.4550490975379944
1123,0.3419683277606964
1124,-0.0034785661846399307
1125,0.4377915859222412
1126,0.3615894019603729
1127,-0.01803564839065075
1128,0.4727622866630554
1129,0.2193795144557953
1130,0.013386916369199753
1131,0.4675928056240082
1132,0.23542520403862
1133,0.0015579175669699907
1134,0.4623955488204956
1135,0.25404083728790283
1136,-0.008025875315070152
1137,0.4450069069862366
1138,0.44990405440330505
1139,0.0038133515045046806
1140,0.426262766122818
1141,0.25901979207992554
1142,-0.019959818571805954
1143,0.4284413456916809
1144,0.23008935153484344
1145,-0.015272967517375946
1146,0.43105700612068176
1147,0.20331446826457977
1148,-0.010183743201196194
1149,0.4654293358325958
1150,0.308478981256485
1151,0.0068235620856285095
1152,0.4836166501045227
1153,0.3196946680545807
1154,0.018988197669386864
1155,0.431180477142334
1156,0.3048705458641052
1157,0.0026040305383503437
1158,0.4758460819721222
1159,0.2902449369430542
1160,0.010711461305618286
1161,0.42653799057006836
1162,0.32121196389198303
1163,-0.011593489907681942
1164,0.4298226237297058
1165,0.35855287313461304
1166,-0.03364679962396622
1167,0.491863876581192
1168,0.3278374969959259
1169,0.028150469064712524
1170,0.47837063670158386
1171,0.32712456583976746
1172,0.011662846431136131
1173,0.4683188199996948
1174,0.3311014771461487
1175,0.0041033243760466576
1176,0.45299747586250305
1177,0.3298160135746002
1178,0.0001987618306884542
1179,0.4414385259151459
1180,0.3255639970302582
1181,-0.001448302180506289
1182,0.4327123165130615
1183,0.32040902972221375
1184,-0.003859317395836115
1185,0.41482457518577576
1186,0.30587971210479736
1187,-0.020778566598892212
1188,0.4913955628871918
1189,0.35168150067329407
1190,0.02609688974916935
1191,0.4819718897342682
1192,0.2885887026786804
1193,0.014459977857768536
1194,0.41226282715797424
1195,0.37339499592781067
1196,-0.04191003739833832
1197,0.43270638585090637
1198,0.3394385576248169
1199,-0.011951407417654991
1200,0.49902841448783875
1201,0.3076304793357849
1202,0.07830357551574707
1203,0.4262232184410095
1204,0.3143346607685089
1205,-0.005224176682531834
1206,0.43867069482803345
1207,0.3624105751514435
1208,-0.009132381528615952
1209,0.47197026014328003
1210,0.29792436957359314
1211,0.013261212036013603
1212,0.4301435351371765
1213,0.3510048985481262
1214,-0.0304521806538105
1215,0.49565568566322327
1216,0.3879113495349884
1217,0.08235574513673782
1218,0.4313548505306244
1219,0.3007488250732422
1220,0.004817279987037182
1221,0.42248666286468506
1222,0.34463778138160706
1223,-0.03864983841776848
1224,0.4748519957065582
1225,0.447700172662735
1226,0.03511751443147659
1227,0.4741387665271759
1228,0.46204784512519836
1229,0.04873132333159447
1230,0.4985910654067993
1231,0.3563591539859772
1232,0.055716030299663544
1233,0.48358312249183655
1234,0.43057864904403687
1235,0.043349165469408035
1236,0.49299702048301697
1237,0.28410935401916504
1238,0.04233755171298981
1239,0.444857120513916
1240,0.4939732849597931
1241,0.013131935149431229
1242,0.4116218388080597
1243,0.3758751153945923
1244,-0.030727995559573174
1245,0.44051194190979004
1246,0.3475935459136963
1247,-0.008815145120024681
1248,0.490360289812088
1249,0.3067878782749176
1250,0.03089551255106926
1251,0.4579118490219116
1252,0.3040819764137268
1253,0.004242194350808859
1254,0.4506269693374634
1255,0.3051795959472656
1256,0.0021789236925542355
1257,0.4463087320327759
1258,0.43350329995155334
1259,0.0027700522914528847
1260,0.49042367935180664
1261,0.37573763728141785
1262,0.029254211112856865
1263,0.4301007390022278
1264,0.5131473541259766
1265,0.015239645726978779
1266,0.4542306065559387
1267,0.492332398891449
1268,0.030125923454761505
1269,0.4636807441711426
1270,0.4794437885284424
1271,0.03841882571578026
1272,0.44364598393440247
1273,0.3046712577342987
1274,0.0017843461828306317
1275,0.4371991455554962
1276,0.302809476852417
1277,0.002905427711084485
1278,0.4332524240016937
1279,0.3018173575401306
1280,0.004590272903442383
1281,0.487283855676651
1282,0.2863355875015259
1283,0.022732162848114967
1284,0.4383305311203003
1285,0.2931899428367615
1286,0.0016954968450590968
1287,0.44530588388442993
1288,0.2902181148529053
1289,6.972852861508727e-05
1290,0.45237910747528076
1291,0.2893490493297577
1292,0.00043414367246441543
1293,0.4596078097820282
1294,0.29084518551826477
1295,0.002514260122552514
1296,0.46424007415771484
1297,0.29356881976127625
1298,0.005321385804563761
1299,0.4973519444465637
1300,0.27984118461608887
1301,0.06452863663434982
1302,0.46282023191452026
1303,0.30227240920066833
1304,0.006806634832173586
1305,0.4386233687400818
1306,0.392363965511322
1307,-0.013709703460335732
1308,0.4295673370361328
1309,0.3675878942012787
1310,-0.02524867281317711
1311,0.42172208428382874
1312,0.38929179310798645
1313,-0.021714642643928528
1314,0.46535664796829224
1315,0.46497154235839844
1316,0.028895685449242592
1317,0.4556138515472412
1318,0.47928959131240845
1319,0.02163182757794857
1320,0.43028077483177185
1321,0.5049723386764526
1322,0.005747751798480749
1323,0.48227065801620483
1324,0.4433346688747406
1325,0.06195477768778801
1326,0.4334777295589447
1327,0.2976710796356201
1328,0.0035182053688913584
1329,0.42081108689308167
1330,0.3239753842353821
1331,-0.02305356226861477
1332,0.44342899322509766
1333,0.5042198896408081
1334,0.021136216819286346
1335,0.4963567852973938
1336,0.38277122378349304
1337,0.05516945570707321
1338,0.428573876619339
1339,0.4394855499267578
1340,-0.006219727452844381
1341,0.43049097061157227
1342,0.44313377141952515
1343,-0.007156322244554758
1344,0.4326935112476349
1345,0.44872555136680603
1346,-0.007813303731381893
1347,0.43442273139953613
1348,0.4552527070045471
1349,-0.0059647150337696075
1350,0.43664202094078064
1351,0.46250197291374207
1352,0.0005806662375107408
1353,0.44086652994155884
1354,0.4207330644130707
1355,-0.0020683438051491976
1356,0.4437605142593384
1357,0.41927170753479004
1358,-0.001990655902773142
1359,0.44628551602363586
1360,0.41705942153930664
1361,-0.001959739252924919
1362,0.4526488482952118
1363,0.4090842008590698
1364,-0.0005520296981558204
1365,0.48020049929618835
1366,0.3815756142139435
1367,0.01284563634544611
1368,0.4205089211463928
1369,0.31286072731018066
1370,-0.015663284808397293
1371,0.42463985085487366
1372,0.2926602363586426
1373,-0.0013711410574615002
1374,0.4298161268234253
1375,0.29412150382995605
1376,0.0019354390678927302
1377,0.4385063350200653
1378,0.41930824518203735
1379,-0.001262499950826168
1380,0.48106029629707336
1381,0.41194483637809753
1382,0.027145422995090485
1383,0.4173213243484497
1384,0.29175865650177
1385,-0.012256124056875706
1386,0.4400460422039032
1387,0.47058945894241333
1388,0.0053456975147128105
1389,0.41461655497550964
1390,0.3177456855773926
1391,-0.028802260756492615
1392,0.42746037244796753
1393,0.3415719270706177
1394,-0.02290499024093151
1395,0.4267168641090393
1396,0.48123040795326233
1397,0.0013414089335128665
1398,0.4573691487312317
1399,0.44069766998291016
1400,0.011587320826947689
1401,0.4454202651977539
1402,0.3721945285797119
1403,-0.006618998013436794
1404,0.44992056488990784
1405,0.4569554924964905
1406,0.009111023508012295
1407,0.4630715250968933
1408,0.3711227774620056
1409,-0.0029527891892939806
1410,0.4528997242450714
1411,0.3845595419406891
1412,-0.00394525658339262
1413,0.46972188353538513
1414,0.3905523419380188
1415,0.00498563889414072
1416,0.4291158616542816
1417,0.49344557523727417
1418,0.0018639920745044947
1419,0.43302106857299805
1420,0.34789296984672546
1421,-0.016864342615008354
1422,0.463371217250824
1423,0.4505556523799896
1424,0.019294096156954765
1425,0.4537423253059387
1426,0.46665096282958984
1427,0.015252799727022648
1428,0.4628967344760895
1429,0.4230157434940338
1430,0.010427160188555717
1431,0.4882524311542511
1432,0.39678704738616943
1433,0.03316758573055267
1434,0.4720008969306946
1435,0.4259013235569
1436,0.018132660537958145
1437,0.4916921854019165
1438,0.40755078196525574
1439,0.05258627235889435
1440,0.45931458473205566
1441,0.3998487591743469
1442,0.0010083551751449704
1443,0.4265778064727783
1444,0.3315948247909546
1445,-0.017060475423932076
1446,0.42712438106536865
1447,0.36392679810523987
1448,-0.035511426627635956
1449,0.4330979585647583
1450,0.3664982318878174
1451,-0.026364456862211227
1452,0.42299318313598633
1453,0.3563227355480194
1454,-0.0417732335627079
1455,0.4308941662311554
1456,0.2830829918384552
1457,-0.003999310079962015
1458,0.44415512681007385
1459,0.276298463344574
1460,-0.005699431989341974
1461,0.4559304714202881
1462,0.2746098041534424
1463,-0.005277134943753481
1464,0.46577924489974976
1465,0.27617818117141724
1466,-0.001862678094767034
1467,0.47258615493774414
1468,0.28120845556259155
1469,0.0035050923470407724
1470,0.47701698541641235
1471,0.3012053370475769
1472,0.016520289704203606
1473,0.4990007281303406
1474,0.3315916657447815
1475,0.05385208502411842
1476,0.4711257517337799
1477,0.31636860966682434
1478,0.010165849700570107
1479,0.4627227187156677
1480,0.3196720480918884
1481,0.0052048214711248875
1482,0.4520082175731659
1483,0.32001402974128723
1484,0.0018126635113731027
1485,0.4416343867778778
1486,0.31759166717529297
1487,0.0006040644366294146
1488,0.4336419701576233
1489,0.31385013461112976
1490,-5.800370672659483e-06
1491,0.4281168282032013
1492,0.31009459495544434
1493,-0.00045872057671658695
1494,0.49838799238204956
1495,0.33357298374176025
1496,0.08469918370246887
1497,0.4330592453479767
1498,0.3695526123046875
1499,-0.022146426141262054
1500,0.42098310589790344
1501,0.33394888043403625
1502,-0.029677610844373703
1503,0.4208252429962158
1504,0.36497339606285095
1505,-0.04198947548866272
1506,0.41647613048553467
1507,0.3711417019367218
1508,-0.03855900466442108
1509,0.4210118353366852
1510,0.36688005924224854
1511,-0.037893425673246384
1512,0.43095818161964417
1513,0.3733687698841095
1514,-0.01915864087641239
1515,0.41491156816482544
1516,0.3723824918270111
1517,-0.040760792791843414
1518,0.41435468196868896
1519,0.37487953901290894
1520,-0.03074783831834793
1521,0.42831721901893616
1522,0.3012849986553192
1523,0.003397278254851699
1524,0.4237285256385803
1525,0.3039108216762543
1526,-0.0016794101102277637
1527,0.42121651768684387
1528,0.305499404668808
1529,-0.007742633111774921
1530,0.4670427441596985
1531,0.29572489857673645
1532,0.008111348375678062
1533,0.4715057611465454
1534,0.29107022285461426
1535,0.008378630504012108
1536,0.0
1537,0.0
1538,0.0
1539,0.0
1540,0.0
1541,0.0
1542,0.0
1543,0.0
1544,0.0
1545,0.0
1546,0.0
1547,0.0
1548,0.0
1549,0.0
1550,0.0
1551,0.0
1552,0.0
1553,0.0
1554,0.0
1555,0.0
1556,0.0
1557,0.0
1558,0.0
1559,0.0
1560,0.0
1561,0.0
1562,0.0
1563,0.0
1564,0.0
1565,0.0
1566,0.0
1567,0.0
1568,0.0
1569,0.0
1570,0.0
1571,0.0
1572,0.0
1573,0.0
1574,0.0
1575,0.0
1576,0.0
1577,0.0
1578,0.0
1579,0.0
1580,0.0
1581,0.0
1582,0.0
1583,0.0
1584,0.0
1585,0.0
1586,0.0
1587,0.0
1588,0.0
1589,0.0
1590,0.0
1591,0.0
1592,0.0
1593,0.0
1594,0.0
1595,0.0
1596,0.0
1597,0.0
1598,0.0
1599,0.24320697784423828
1600,0.6662391424179077
1601,8.985230692815094e-08
1602,0.2797737121582031
1603,0.632225513458252
1604,-0.01002560369670391
1605,0.29693254828453064
1606,0.5759844779968262
1607,-0.01588984578847885
1608,0.3010069727897644
1609,0.5290387272834778
1610,-0.025425616651773453
1611,0.2989360988140106
1612,0.4925464987754822
1613,-0.0337369367480278
1614,0.2623120844364166
1615,0.5064133405685425
1616,0.003034742083400488
1617,0.2615652084350586
1618,0.434059739112854
1619,-0.010861802846193314
1620,0.2682851552963257
1621,0.39068713784217834
1622,-0.019228721037507057
1623,0.2729661762714386
1624,0.3539724349975586
1625,-0.02459695376455784
1626,0.24604296684265137
1627,0.5055698156356812
1628,-0.0032309512607753277
1629,0.27772319316864014
1630,0.4543883204460144
1631,-0.03324468061327934
1632,0.29094359278678894
1633,0.4991759657859802
1634,-0.04218408837914467
1635,0.2848650813102722
1636,0.5400226712226868
1637,-0.039675869047641754
1638,0.22828175127506256
1639,0.5081716775894165
1640,-0.012109771370887756
1641,0.26105499267578125
1642,0.46409451961517334
1643,-0.04482003301382065
1644,0.2729291021823883
1645,0.5159686207771301
1646,-0.04313698783516884
1647,0.26600533723831177
1648,0.5591773986816406
1649,-0.03146188333630562
1650,0.20758430659770966
1651,0.5158039927482605
1652,-0.021578410640358925
1653,0.23965886235237122
1654,0.47783803939819336
1655,-0.04398835450410843
1656,0.25688716769218445
1657,0.5122216939926147
1658,-0.04043329879641533
1659,0.2564646601676941
1660,0.5484147667884827
1661,-0.031080354005098343
