,0
0,0.4126526415348053
1,0.36004340648651123
2,-0.7137469053268433
3,0.9999596476554871
4,0.4386060833930969
5,0.2956981360912323
6,-0.6566713452339172
7,0.9999063014984131
8,0.45503097772598267
9,0.2953544855117798
10,-0.6563463807106018
11,0.9999020099639893
12,0.4669649600982666
13,0.29590290784835815
14,-0.6561323404312134
15,0.9998884797096252
16,0.3864428400993347
17,0.3015761375427246
18,-0.6510780453681946
19,0.9999162554740906
20,0.36926695704460144
21,0.3024149239063263
22,-0.650422990322113
23,0.9999287724494934
24,0.35218364000320435
25,0.3045186996459961
26,-0.6504448652267456
27,0.9999342560768127
28,0.4869089126586914
29,0.3271438777446747
30,-0.3029547929763794
31,0.999876856803894
32,0.33401623368263245
33,0.33466142416000366
34,-0.2577265799045563
35,0.9999337196350098
36,0.44870853424072266
37,0.4270729720592499
38,-0.5889453887939453
39,0.9999452233314514
40,0.383953332901001
41,0.43382519483566284
42,-0.5759326219558716
43,0.9999417066574097
44,0.6363842487335205
45,0.6907517313957214
46,-0.11215164512395859
47,0.9991313815116882
48,0.23881272971630096
49,0.654455304145813
50,-0.20188839733600616
51,0.9995905756950378
52,0.7120862603187561
53,1.0336625576019287
54,-0.08124435693025589
55,0.42170971632003784
56,0.12706664204597473
57,1.0365959405899048
58,-0.6555820107460022
59,0.8693574666976929
60,0.73382169008255
61,1.452454686164856
62,-0.29175877571105957
63,0.3056442141532898
64,0.23155371844768524
65,0.6503697037696838
66,-1.452435851097107
67,0.8728013038635254
68,0.764080822467804
69,1.560756802558899
70,-0.36173543334007263
71,0.3744550049304962
72,0.23051205277442932
73,0.5425252914428711
74,-1.6300370693206787
75,0.8670462965965271
76,0.7133544683456421
77,1.546572208404541
78,-0.40387582778930664
79,0.47993597388267517
80,0.23992297053337097
81,0.5060216188430786
82,-1.5792021751403809
83,0.8793712258338928
84,0.6895994544029236
85,1.5097960233688354
86,-0.32631564140319824
87,0.4808858335018158
88,0.2536385655403137
89,0.5417042970657349
90,-1.4581825733184814
91,0.8756791353225708
92,0.5599917769432068
93,1.4444422721862793
94,-0.03987843170762062
95,0.001213732291944325
96,0.2685251533985138
97,1.4415299892425537
98,0.0444815531373024
99,0.0012836548266932368
100,0.5266201496124268
101,2.094864845275879
102,-0.13735605776309967
103,0.0005130813806317747
104,0.26912087202072144
105,2.0967633724212646
106,-0.04881834238767624
107,0.00030921472352929413
108,0.5072330236434937
109,2.6771140098571777
110,0.3617939054965973
111,0.00011706326040439308
112,0.2653770446777344
113,2.6748008728027344
114,0.257861465215683
115,9.124142707150895e-06
116,0.5126009583473206
117,2.7563750743865967
118,0.3757673501968384
119,7.175242353696376e-05
120,0.25944197177886963
121,2.7501490116119385
122,0.273857980966568
123,2.3083794076228514e-05
124,0.4674650728702545
125,2.8469796180725098
126,-0.16701948642730713
127,5.262183549348265e-05
128,0.2942563593387604
129,2.863816261291504
130,-0.35609766840934753
131,3.932779509341344e-05
132,0.4133623540401459
133,0.4079686999320984
134,-0.024901634082198143
135,0.4112226665019989
136,0.3679276704788208
137,-0.046908535063266754
138,0.4119422435760498
139,0.38019537925720215
140,-0.025157572701573372
141,0.40295305848121643
142,0.3290305435657501
143,-0.03547174483537674
144,0.41084128618240356
145,0.35542750358581543
146,-0.04978114739060402
147,0.4104209840297699
148,0.3396105170249939
149,-0.04634269326925278
150,0.4096631705760956
151,0.3025352358818054
152,-0.023747604340314865
153,0.3499581813812256
154,0.3026305139064789
155,0.010658584535121918
156,0.4091894328594208
157,0.2764739692211151
158,-0.018528632819652557
159,0.4089967608451843
160,0.26100656390190125
161,-0.020404353737831116
162,0.4082376956939697
163,0.20067687332630157
164,-0.011266158893704414
165,0.4136410653591156
166,0.41425785422325134
167,-0.023895040154457092
168,0.4137946665287018
169,0.4193168580532074
170,-0.02123161032795906
171,0.41388246417045593
172,0.421405553817749
173,-0.017454857006669044
174,0.41434258222579956
175,0.43962424993515015
176,-0.012462425976991653
177,0.41453981399536133
178,0.4459913671016693
179,-0.013750209473073483
180,0.4147467315196991
181,0.4535943567752838
182,-0.015139463357627392
183,0.41494646668434143
184,0.4613558053970337
185,-0.01287754625082016
186,0.41504013538360596
187,0.470436692237854
188,-0.0037959038745611906
189,0.41148877143859863
190,0.37426167726516724
191,-0.042600467801094055
192,0.40320566296577454
193,0.37385398149490356
194,-0.030875299125909805
195,0.3233910799026489
196,0.261355459690094
197,0.049657609313726425
198,0.3742891848087311
199,0.3119405210018158
200,0.0020639700815081596
201,0.36623650789260864
202,0.31332623958587646
203,0.002580975415185094
204,0.35832685232162476
205,0.31326133012771606
206,0.004839251283556223
207,0.3471753001213074
208,0.3069857954978943
209,0.01190597377717495
210,0.38090428709983826
211,0.3085825443267822
212,0.0026957006193697453
213,0.3620608150959015
214,0.28247347474098206
215,-0.0013292276998981833
216,0.3712513744831085
217,0.2831583321094513
218,-0.0012675796169787645
219,0.3535623848438263
220,0.2844131588935852
221,0.0013899378245696425
222,0.3480544984340668
223,0.2886295020580292
224,0.00491298409178853
225,0.3417496681213379
226,0.3155028820037842
227,0.01613229140639305
228,0.3835032880306244
229,0.4818859100341797
230,0.006718362681567669
231,0.34682855010032654
232,0.2996991276741028
233,0.013400900177657604
234,0.32093414664268494
235,0.3121696710586548
236,0.053565025329589844
237,0.3331085741519928
238,0.308565229177475
239,0.02451484650373459
240,0.36892297863960266
241,0.3605586588382721
242,-0.00577512988820672
243,0.40165501832962036
244,0.40647226572036743
245,-0.023670878261327744
246,0.4037989377975464
247,0.4197579026222229
248,-0.019776025786995888
249,0.39019885659217834
250,0.41125407814979553
251,-0.018336202949285507
252,0.3837081491947174
253,0.4172394275665283
254,-0.010762724094092846
255,0.39562278985977173
256,0.42118650674819946
257,-0.015761947259306908
258,0.3897492587566376
259,0.4234526455402374
260,-0.00884728692471981
261,0.37452220916748047
262,0.4407569169998169
263,0.0055284383706748486
264,0.40402162075042725
265,0.36786097288131714
266,-0.046183399856090546
267,0.4024890661239624
268,0.3559572696685791
269,-0.04883535951375961
270,0.3360814154148102
271,0.27807098627090454
272,0.006814728956669569
273,0.38484102487564087
274,0.33022528886795044
275,-0.0076416414231061935
276,0.38287845253944397
277,0.36525726318359375
278,-0.02516474947333336
279,0.3821190595626831
280,0.35909339785575867
281,-0.022446781396865845
282,0.3456229269504547
283,0.3605231046676636
284,0.00508734118193388
285,0.4026256203651428
286,0.34119153022766113
287,-0.04370054602622986
288,0.35504013299942017
289,0.2653957009315491
290,-0.008213229477405548
291,0.34350210428237915
292,0.2694137990474701
293,-0.0016006201039999723
294,0.3297778367996216
295,0.23960308730602264
296,0.032957009971141815
297,0.3916957974433899
298,0.27481821179389954
299,-0.015708429738879204
300,0.37913185358047485
301,0.2867770195007324
302,0.0012472394155338407
303,0.36832791566848755
304,0.426802396774292
305,0.006464173551648855
306,0.33432191610336304
307,0.4216940104961395
308,0.0769822895526886
309,0.38950300216674805
310,0.37163934111595154
311,-0.021630020812153816
312,0.39706718921661377
313,0.37547826766967773
314,-0.022753022611141205
315,0.37632012367248535
316,0.42865046858787537
317,0.005687592085450888
318,0.38084331154823303
319,0.4282364249229431
320,0.003316717455163598
321,0.3391360640525818
322,0.26185640692710876
323,0.0025712568312883377
324,0.3827264904975891
325,0.37059226632118225
326,-0.02036004513502121
327,0.37087562680244446
328,0.2665245532989502
329,-0.013169316574931145
330,0.36924150586128235
331,0.25674474239349365
332,-0.015120680443942547
333,0.3607242703437805
334,0.2091679871082306
335,-3.4193417377537116e-05
336,0.3347518742084503
337,0.25020426511764526
338,0.01577070541679859
339,0.3658723533153534
340,0.23159725964069366
341,-0.00798830483108759
342,0.3317643404006958
343,0.2733441889286041
344,0.01412604283541441
345,0.3277098536491394
346,0.26782044768333435
347,0.031052714213728905
348,0.40260517597198486
349,0.4140714704990387
350,-0.02268570102751255
351,0.39316195249557495
352,0.4172156751155853
353,-0.01738043874502182
354,0.38667458295822144
355,0.42047277092933655
356,-0.01046721264719963
357,0.3917653560638428
358,0.37384316325187683
359,-0.020074453204870224
360,0.37850692868232727
361,0.42874228954315186
362,0.004353379365056753
363,0.38216841220855713
364,0.43477171659469604
365,8.044966671150178e-05
366,0.38215112686157227
367,0.42737776041030884
368,0.003030802123248577
369,0.3942187428474426
370,0.36756712198257446
371,-0.0337400883436203
372,0.39169737696647644
373,0.42269018292427063
374,-0.007615422829985619
375,0.3976268768310547
376,0.4218392074108124
377,-0.012529099360108376
378,0.40504375100135803
379,0.4215488135814667
380,-0.016251064836978912
381,0.4023035764694214
382,0.4695070683956146
383,-0.003313115332275629
384,0.40250691771507263
385,0.4599612355232239
386,-0.01215088926255703
387,0.4031379222869873
388,0.45221129059791565
389,-0.0138600654900074
390,0.40397119522094727
391,0.44432297348976135
392,-0.012455536983907223
393,0.40486225485801697
394,0.4390921890735626
395,-0.011223424226045609
396,0.390877902507782
397,0.4349382519721985
398,-0.0037927022203803062
399,0.3891722857952118
400,0.43698933720588684
401,-0.004957611672580242
402,0.3866909146308899
403,0.44076213240623474
404,-0.005738433450460434
405,0.3846873641014099
406,0.4448341131210327
407,-0.003965314943343401
408,0.3764440715312958
409,0.40369468927383423
410,-0.008279196918010712
411,0.3240046501159668
412,0.36415261030197144
413,0.08855155855417252
414,0.4116787016391754
415,0.37670013308525085
416,-0.03127867728471756
417,0.3869827687740326
418,0.4324827492237091
419,0.0006185067468322814
420,0.3846171498298645
421,0.4333330988883972
422,-6.809412298025563e-05
423,0.40023350715637207
424,0.3807872235774994
425,-0.02285684272646904
426,0.3860056400299072
427,0.37795230746269226
428,-0.013996503315865993
429,0.39870887994766235
430,0.37823712825775146
431,-0.023088589310646057
432,0.37631815671920776
433,0.3373342752456665
434,-0.004478109534829855
435,0.3635336458683014
436,0.3457055687904358
437,-0.0018969111843034625
438,0.38087254762649536
439,0.36459609866142273
440,-0.01753215678036213
441,0.3414759933948517
442,0.22180834412574768
443,0.0153680220246315
444,0.346788227558136
445,0.23757971823215485
446,0.003159858752042055
447,0.3520929515361786
448,0.2559276223182678
449,-0.006728443317115307
450,0.38147133588790894
451,0.45135965943336487
452,0.0021962926257401705
453,0.38878387212753296
454,0.25930601358413696
455,-0.019291117787361145
456,0.3858288824558258
457,0.22987940907478333
458,-0.01440797932446003
459,0.38230961561203003
460,0.20278742909431458
461,-0.00890443567186594
462,0.3513205945491791
463,0.3113080859184265
464,0.008482524193823338
465,0.33400994539260864
466,0.324420303106308
467,0.02098242938518524
468,0.38512122631073
469,0.30521759390830994
470,0.0037586502730846405
471,0.340030312538147
472,0.29310131072998047
473,0.012308078818023205
474,0.39068979024887085
475,0.32233819365501404
476,-0.0108631681650877
477,0.3883083164691925
478,0.3605330288410187
479,-0.033556658774614334
480,0.3265034854412079
481,0.33308839797973633
482,0.030330298468470573
483,0.33936038613319397
484,0.33200234174728394
485,0.013454615138471127
486,0.34965062141418457
487,0.33564451336860657
488,0.005835788790136576
489,0.36488962173461914
490,0.3330751955509186
491,0.0016753161326050758
492,0.376065731048584
493,0.32771581411361694
494,-0.00029886793345212936
495,0.38451382517814636
496,0.32177749276161194
497,-0.002820370951667428
498,0.4016048312187195
499,0.30601486563682556
500,-0.020329605787992477
501,0.32811611890792847
502,0.35736119747161865
503,0.028168177232146263
504,0.33414947986602783
505,0.29220929741859436
506,0.016170240938663483
507,0.40708494186401367
508,0.374040812253952
509,-0.04209834709763527
510,0.3852483630180359
511,0.3414401412010193
512,-0.011312397196888924
513,0.32024523615837097
514,0.3121042847633362
515,0.08145163953304291
516,0.3907483220100403
517,0.31512773036956787
518,-0.004349870141595602
519,0.3802768290042877
520,0.365507036447525
521,-0.008648335002362728
522,0.34413406252861023
523,0.30050748586654663
524,0.014991551637649536
525,0.3876569867134094
526,0.35301095247268677
527,-0.030258720740675926
528,0.3274686336517334
529,0.39204466342926025
530,0.08497817814350128
531,0.38489335775375366
532,0.30087244510650635
533,0.006022804416716099
534,0.39502909779548645
535,0.3459291458129883
536,-0.038554493337869644
537,0.3504447340965271
538,0.4504939913749695
539,0.03552665933966637
540,0.3520210087299347
541,0.4638195335865021
542,0.049500636756420135
543,0.32213109731674194
544,0.3614901602268219
545,0.05818784609436989
546,0.34073951840400696
547,0.433970183134079
548,0.044499244540929794
549,0.32417014241218567
550,0.2882872223854065
551,0.04463692009449005
552,0.3825451731681824
553,0.493852436542511
554,0.01135404221713543
555,0.4081786572933197
556,0.37640616297721863
557,-0.030750352889299393
558,0.3780563771724701
559,0.35051679611206055
560,-0.007921702228486538
561,0.32714444398880005
562,0.31127387285232544
563,0.03297758847475052
564,0.3584829270839691
565,0.3060568571090698
566,0.005670150276273489
567,0.3658113479614258
568,0.3066174387931824
569,0.003569997614249587
570,0.3797478973865509
571,0.4365311861038208
572,0.0015000132843852043
573,0.3306361436843872
574,0.3812634348869324
575,0.031368765980005264
576,0.39788901805877686
577,0.5114067792892456
578,0.013439537957310677
579,0.37327349185943604
580,0.4925408959388733
581,0.029236944392323494
582,0.3633573651313782
583,0.4804137945175171
584,0.03822067379951477
585,0.408633828163147
586,0.22952784597873688
587,-0.016313662752509117
588,0.41563427448272705
589,0.5139535665512085
590,0.011107134632766247
591,0.372675359249115
592,0.30556267499923706
593,0.003151159966364503
594,0.37898844480514526
595,0.3034655451774597
596,0.004236035514622927
597,0.3829701840877533
598,0.3020898401737213
599,0.005918512120842934
600,0.3291482925415039
601,0.2904249429702759
602,0.02462209202349186
603,0.37784793972969055
604,0.2940036654472351
605,0.0029617678374052048
606,0.3707902431488037
607,0.2914462685585022
608,0.0014047216391190886
609,0.36363503336906433
610,0.2909028232097626
611,0.0018705286784097552
612,0.35631752014160156
613,0.29276159405708313
614,0.003994323313236237
615,0.35170549154281616
616,0.2956925630569458
617,0.00684290612116456
618,0.3205316364765167
619,0.28405117988586426
620,0.06736935675144196
621,0.3534727394580841
622,0.3045036494731903
623,0.008319759741425514
624,0.4124245345592499
625,0.38923969864845276
626,-0.022852906957268715
627,0.3830726742744446
628,0.39569664001464844
629,-0.01375517062842846
630,0.38930174708366394
631,0.36969754099845886
632,-0.025042572990059853
633,0.39980193972587585
634,0.39097267389297485
635,-0.021897615864872932
636,0.4094134569168091
637,0.289263516664505
638,-0.017766190692782402
639,0.3608545958995819
640,0.46701866388320923
641,0.028339669108390808
642,0.37120094895362854
643,0.4801799952983856
644,0.0204086322337389
645,0.39727160334587097
646,0.503566563129425
647,0.003487235866487026
648,0.34295666217803955
649,0.44581782817840576
650,0.06361716985702515
651,0.382659375667572
652,0.29805099964141846
653,0.004756144713610411
654,0.39627060294151306
655,0.3247252106666565
656,-0.022678522393107414
657,0.4155849516391754
658,0.506150484085083
659,0.0016496316529810429
660,0.3843820095062256
661,0.5035618543624878
662,0.019696997478604317
663,0.3257848620414734
664,0.3875378370285034
665,0.0574357695877552
666,0.39712631702423096
667,0.4372769296169281
668,-0.007909889332950115
669,0.395481139421463
670,0.44113120436668396
671,-0.0090864859521389
672,0.39362725615501404
673,0.4471011459827423
674,-0.00989525206387043
675,0.392275333404541
676,0.45389917492866516
677,-0.008201145566999912
678,0.3902025520801544
679,0.4618634581565857
680,-0.0014441775856539607
681,0.3844834566116333
682,0.42540645599365234
683,-0.0025134256575256586
684,0.38145700097084045
685,0.4242948293685913
686,-0.0024073387030512094
687,0.3787887990474701
688,0.42232343554496765
689,-0.0024915121030062437
690,0.37115317583084106
691,0.41416266560554504
692,-0.0009488003561273217
693,0.3410457372665405
694,0.38693156838417053
695,0.014697820879518986
696,0.39629846811294556
697,0.3134329319000244
698,-0.014970592223107815
699,0.3914765417575836
700,0.29276204109191895
701,-0.00044323495239950716
702,0.3862704038619995
703,0.2944640517234802
704,0.0029237084090709686
705,0.3867211937904358
706,0.42363739013671875
707,-0.0017277058213949203
708,0.34220337867736816
709,0.4164590835571289
710,0.028473636135458946
711,0.3986821174621582
712,0.291797935962677
713,-0.01167955994606018
714,0.3866789638996124
715,0.47069716453552246
716,0.003341440577059984
717,0.41014742851257324
718,0.326795756816864
719,-0.038370922207832336
720,0.402163028717041
721,0.3181118369102478
722,-0.028626898303627968
723,0.4099074602127075
724,0.31507599353790283
725,-0.030700718984007835
726,0.3902028203010559
727,0.3432126045227051
728,-0.022573277354240417
729,0.4154037833213806
730,0.49449020624160767
731,-0.002759900176897645
732,0.4151786267757416
733,0.4811350107192993
734,-0.003017048118636012
735,0.4002513587474823
736,0.47948896884918213
737,-0.0012026707408949733
738,0.3679346442222595
739,0.4442242681980133
740,0.010577090084552765
741,0.37452980875968933
742,0.3757948577404022
743,-0.006042041815817356
744,0.376310259103775
745,0.45888417959213257
746,0.00755196250975132
747,0.357333779335022
748,0.3756355941295624
749,-0.0015878822887316346
750,0.3683389723300934
751,0.3886485695838928
752,-0.003487746696919203
753,0.35200977325439453
754,0.3954564929008484
755,0.006074181292206049
756,0.39804208278656006
757,0.4921586513519287
758,-0.0005735715967603028
759,0.3849928081035614
760,0.35014021396636963
761,-0.016387853771448135
762,0.3620826303958893
763,0.45354270935058594
764,0.018604418262839317
765,0.3726705014705658
766,0.46821722388267517
767,0.013877876102924347
768,0.36137330532073975
769,0.42786163091659546
770,0.010311841033399105
771,0.33411139249801636
772,0.40177568793296814
773,0.03498818352818489
774,0.3521604835987091
775,0.43004781007766724
776,0.01854061894118786
777,0.33157140016555786
778,0.41169407963752747
779,0.05442420393228531
780,0.36326485872268677
781,0.4048203229904175
782,0.00137051020283252
783,0.3908924460411072
784,0.3330056667327881
785,-0.016526922583580017
786,0.39135512709617615
787,0.3657033443450928
788,-0.03547211363911629
789,0.38566353917121887
790,0.3688812255859375
791,-0.026128962635993958
792,0.39505425095558167
793,0.35771650075912476
794,-0.04166514798998833
795,0.3849453628063202
796,0.2835195064544678
797,-0.0029988358728587627
798,0.37136611342430115
799,0.27733439207077026
800,-0.004629992414265871
801,0.35929250717163086
802,0.276145875453949
803,-0.004083300940692425
804,0.3493465781211853
805,0.2783336639404297
806,-0.0004471090214792639
807,0.34278327226638794
808,0.2837672829627991
809,0.004903493449091911
810,0.3395692706108093
811,0.30447784066200256
812,0.01844022236764431
813,0.32039734721183777
814,0.3366137146949768
815,0.05638521909713745
816,0.34609538316726685
817,0.3200884759426117
818,0.01192131731659174
819,0.35461756587028503
820,0.3230801820755005
821,0.006816411390900612
822,0.365322083234787
823,0.32250550389289856
824,0.0032389333937317133
825,0.37539994716644287
826,0.319294810295105
827,0.0017957162344828248
828,0.38323333859443665
829,0.3149271309375763
830,0.0010918863117694855
831,0.3886149823665619
832,0.31069397926330566
833,0.0005322889774106443
834,0.32210302352905273
835,0.33814024925231934
836,0.08784828335046768
837,0.3860069215297699
838,0.3721771836280823
839,-0.02187304198741913
840,0.39629918336868286
841,0.33499661087989807
842,-0.029397403821349144
843,0.39776256680488586
844,0.366223007440567
845,-0.04205970838665962
846,0.4027591347694397
847,0.3721604347229004
848,-0.03866563364863396
849,0.39777830243110657
850,0.3681735098361969
851,-0.03791945055127144
852,0.3885778486728668
853,0.37583914399147034
854,-0.018847953528165817
855,0.4043571650981903
856,0.37326550483703613
857,-0.040935300290584564
858,0.4052632749080658
859,0.375728040933609
860,-0.030774449929594994
861,0.38789889216423035
862,0.3014322519302368
863,0.004544998053461313
864,0.3927685022354126
865,0.3041025996208191
866,-0.0008050965843722224
867,0.39542156457901
868,0.3058285117149353
869,-0.006960137747228146
870,0.3489667475223541
871,0.29787296056747437
872,0.009741058573126793
873,0.3441952168941498
874,0.29353004693984985
875,0.009997528046369553
876,0.4175385534763336
877,0.3285824656486511
878,-0.035454776138067245
879,0.46975842118263245
880,0.3005150556564331
881,0.010382065549492836
882,0.4199085235595703
883,0.37311702966690063
884,-0.03087714873254299
885,0.4962720274925232
886,0.2562901973724365
887,0.04945871978998184
888,0.44578200578689575
889,0.3106718361377716
890,0.0016848047962412238
891,0.4540347158908844
892,0.3115003705024719
893,0.0022043799981474876
894,0.46203672885894775
895,0.3107852637767792
896,0.004419276490807533
897,0.47279882431030273
898,0.30446287989616394
899,0.011599809862673283
900,0.43881648778915405
901,0.30773478746414185
902,0.0024287605192512274
903,0.45695069432258606
904,0.2813315987586975
905,-0.001606722711585462
906,0.4479382038116455
907,0.2821727395057678
908,-0.0015196697786450386
909,0.4653598964214325
910,0.2828833758831024
911,0.0011935591464862227
912,0.4709447920322418
913,0.28683343529701233
914,0.004657061770558357
915,0.4787833094596863
916,0.3117806315422058
917,0.015647761523723602
918,0.44647717475891113
919,0.4798586964607239
920,0.006550378166139126
921,0.4727228879928589
922,0.29773199558258057
923,0.013097619637846947
924,0.5002294778823853
925,0.30672696232795715
926,0.05329379439353943
927,0.48718327283859253
928,0.3043453097343445
929,0.0241473987698555
930,0.4540274441242218
931,0.3572215735912323
932,-0.0061976490542292595
933,0.42503759264945984
934,0.40509819984436035
935,-0.023646052926778793
936,0.42383837699890137
937,0.41853073239326477
938,-0.01981954090297222
939,0.4369581937789917
940,0.40838170051574707
941,-0.018183639273047447
942,0.4440164268016815
943,0.41329580545425415
944,-0.010700597427785397
945,0.43223655223846436
946,0.418792188167572
947,-0.01587352715432644
948,0.4383116662502289
949,0.4200858771800995
950,-0.008908186107873917
951,0.45412731170654297
952,0.43638667464256287
953,0.0053861201740801334
954,0.41847947239875793
955,0.3672610819339752
956,-0.04619183763861656
957,0.4192170202732086
958,0.355339378118515
959,-0.04875223711133003
960,0.4825827479362488
961,0.2755911946296692
962,0.006590583827346563
963,0.4362688958644867
964,0.3285221457481384
965,-0.007811849936842918
966,0.4395916759967804
967,0.36282408237457275
968,-0.02503112331032753
969,0.44006702303886414
970,0.356629878282547
971,-0.02236333303153515
972,0.4773670732975006
973,0.35560142993927
974,0.004394952207803726
975,0.4183693528175354
976,0.3406428396701813
977,-0.0436534620821476
978,0.46305519342422485
979,0.2643584609031677
980,-0.008682365529239178
981,0.4746769368648529
982,0.26767247915267944
983,-0.0020922960247844458
984,0.4888061285018921
985,0.2350936383008957
986,0.032704971730709076
987,0.42681798338890076
988,0.27459287643432617
989,-0.015896419063210487
990,0.440258651971817
991,0.28592926263809204
992,0.001061080489307642
993,0.4595208764076233
994,0.4217614233493805
995,0.006250660866498947
996,0.4921054244041443
997,0.4170572757720947
998,0.07695622742176056
999,0.43350112438201904
1000,0.3696778118610382
1001,-0.02175675891339779
1002,0.4262998104095459
1003,0.3740819990634918
1004,-0.02278069779276848
1005,0.45213499665260315
1006,0.4236125648021698
1007,0.005520463455468416
1008,0.4475209414958954
1009,0.42358124256134033
1010,0.0032910488080233335
1011,0.47882962226867676
1012,0.2598949074745178
1013,0.0022138033527880907
1014,0.44022953510284424
1015,0.3680192530155182
1016,-0.02031552791595459
1017,0.4473932385444641
1018,0.26592060923576355
1019,-0.013473979197442532
1020,0.4486921429634094
1021,0.25588804483413696
1022,-0.015308847650885582
1023,0.45629483461380005
1024,0.20637334883213043
1025,-0.00013347764615900815
1026,0.48351430892944336
1027,0.2467799037694931
1028,0.015546533279120922
1029,0.45154350996017456
1030,0.2298060953617096
1031,-0.008126440457999706
1032,0.48696374893188477
1033,0.27023619413375854
1034,0.013892805203795433
1035,0.49158743023872375
1036,0.26374688744544983
1037,0.03082706779241562
1038,0.4246705174446106
1039,0.4127250909805298
1040,-0.022682109847664833
1041,0.4345066249370575
1042,0.4145266115665436
1043,-0.01737109385430813
1044,0.44129660725593567
1045,0.4168190360069275
1046,-0.010488475672900677
1047,0.4314318895339966
1048,0.3720407783985138
1049,-0.02010805532336235
1050,0.4498942494392395
1051,0.4237810969352722
1052,0.0042028906755149364
1053,0.44662559032440186
1054,0.4305550456047058
1055,0.0001382507907692343
1056,0.446086049079895
1057,0.42308104038238525
1058,0.0029805598314851522
1059,0.4283362329006195
1060,0.36624085903167725
1061,-0.033706460148096085
1062,0.43632546067237854
1063,0.41956812143325806
1064,-0.007645897567272186
1065,0.43027520179748535
1066,0.41969430446624756
1067,-0.01262370403856039
1068,0.4227684438228607
1069,0.42040520906448364
1070,-0.01631671003997326
1071,0.4276190400123596
1072,0.46843671798706055
1073,-0.0034410785883665085
1074,0.4272500276565552
1075,0.4587509036064148
1076,-0.012224980629980564
1077,0.42634281516075134
1078,0.4510273337364197
1079,-0.013983997516334057
1080,0.42503854632377625
1081,0.44315141439437866
1082,-0.012414275668561459
1083,0.423842191696167
1084,0.4380098283290863
1085,-0.011177998036146164
1086,0.4378372132778168
1087,0.4318196177482605
1088,-0.003719012951478362
1089,0.4396657645702362
1090,0.4337270259857178
1091,-0.004960223566740751
1092,0.44232887029647827
1093,0.43737271428108215
1094,-0.005656419321894646
1095,0.4444887638092041
1096,0.44132834672927856
1097,-0.0038722835015505552
1098,0.44959408044815063
1099,0.3998064696788788
1100,-0.008187596686184406
1101,0.5000115633010864
1102,0.3588100075721741
1103,0.08821550756692886
1104,0.4415791928768158
1105,0.428829550743103
1106,0.0006688107969239354
1107,0.4440373182296753
1108,0.42939966917037964
1109,-8.317720494233072e-05
1110,0.42365288734436035
1111,0.37953832745552063
1112,-0.022886399179697037
1113,0.4375447928905487
1114,0.3754264712333679
1115,-0.013936969451606274
1116,0.4248986542224884
1117,0.37693315744400024
1118,-0.023120343685150146
1119,0.44527754187583923
1120,0.3349039554595947
1121,-0.004873661790043116
1122,0.4586019814014435
1123,0.34226134419441223
1124,-0.0025271018967032433
1125,0.44172823429107666
1126,0.36187759041786194
1127,-0.01755572110414505
1128,0.47618839144706726
1129,0.21788927912712097
1130,0.01509762741625309
1131,0.4708516001701355
1132,0.23487402498722076
1133,0.0029487665742635727
1134,0.4656265377998352
1135,0.2545759677886963
1136,-0.007002147380262613
1137,0.4477235972881317
1138,0.4480973482131958
1139,0.002102302387356758
1140,0.42933693528175354
1141,0.2589655816555023
1142,-0.019449779763817787
1143,0.4316287040710449
1144,0.22884470224380493
1145,-0.01437942124903202
1146,0.4343678951263428
1147,0.20114901661872864
1148,-0.009030145592987537
1149,0.4689037799835205
1150,0.3086286187171936
1151,0.008087225258350372
1152,0.4869452118873596
1153,0.3196103572845459
1154,0.020554881542921066
1155,0.4344595670700073
1156,0.3046857714653015
1157,0.003552268957719207
1158,0.47932472825050354
1159,0.2904568016529083
1160,0.012052689678966999
1161,0.4299241006374359
1162,0.3211474120616913
1163,-0.011065846309065819
1164,0.4337945878505707
1165,0.3587920069694519
1166,-0.03343869373202324
1167,0.4949951767921448
1168,0.3276746869087219
1169,0.029900196939706802
1170,0.4818330407142639
1171,0.3272855281829834
1172,0.01308092474937439
1173,0.47188135981559753
1174,0.3313412070274353
1175,0.005279656499624252
1176,0.45655620098114014
1177,0.3300103545188904
1178,0.0011273062555119395
1179,0.4449827969074249
1180,0.3256152272224426
1181,-0.0006627273396588862
1182,0.4361664652824402
1183,0.3203807473182678
1184,-0.0031515152659267187
1185,0.41801539063453674
1186,0.30562758445739746
1187,-0.020467277616262436
1188,0.49443650245666504
1189,0.3516899645328522
1190,0.02777714841067791
1191,0.48543107509613037
1192,0.28874561190605164
1193,0.015953022986650467
1194,0.41589879989624023
1195,0.3736271858215332
1196,-0.04206255450844765
1197,0.4363556504249573
1198,0.33957526087760925
1199,-0.011334175243973732
1200,0.5015743970870972
1201,0.3065807521343231
1202,0.08108227699995041
1203,0.4295613467693329
1204,0.3142143785953522
1205,-0.004563003778457642
1206,0.442534863948822
1207,0.3627001643180847
1208,-0.008554735220968723
1209,0.4754542112350464
1210,0.29815933108329773
1211,0.014639344066381454
1212,0.43410590291023254
1213,0.35120147466659546
1214,-0.030185598880052567
1215,0.4977162480354309
1216,0.3869763910770416
1217,0.0848693996667862
1218,0.434562623500824
1219,0.3005092740058899
1220,0.005810558795928955
1221,0.4262271523475647
1222,0.34475648403167725
1223,-0.03860008344054222
1224,0.47749146819114685
1225,0.44649752974510193
1226,0.03522641584277153
1227,0.4764840304851532
1228,0.4603646993637085
1229,0.04941538721323013
1230,0.500990629196167
1231,0.3558610677719116
1232,0.05790051445364952
1233,0.4861382246017456
1234,0.4294724464416504
1235,0.04434947296977043
1236,0.49604499340057373
1237,0.28344523906707764
1238,0.04443163052201271
1239,0.4479425847530365
1240,0.49187740683555603
1241,0.011318065226078033
1242,0.41521722078323364
1243,0.3760616183280945
1244,-0.030743679031729698
1245,0.44419729709625244
1246,0.3478279709815979
1247,-0.008104355074465275
1248,0.49350807070732117
1249,0.30652859807014465
1250,0.03273461386561394
1251,0.4613845646381378
1252,0.3041417896747589
1253,0.0053765615448355675
1254,0.45403510332107544
1255,0.30512601137161255
1256,0.0032420752104371786
1257,0.4490780830383301
1258,0.4321717321872711
1259,0.0014927940210327506
1260,0.49328744411468506
1261,0.3756523132324219
1262,0.0308576337993145
1263,0.43327322602272034
1264,0.5104160904884338
1265,0.013334331102669239
1266,0.45688146352767944
1267,0.49031776189804077
1268,0.02920898050069809
1269,0.46614915132522583
1270,0.4776684045791626
1271,0.03821130841970444
1272,0.447027325630188
1273,0.30454617738723755
1274,0.0027941958978772163
1275,0.4405193030834198
1276,0.3026413321495056
1277,0.0038924666587263346
1278,0.4365234076976776
1279,0.30159419775009155
1280,0.005593432579189539
1281,0.49059754610061646
1282,0.28627654910087585
1283,0.024401972070336342
1284,0.44153574109077454
1285,0.29333311319351196
1286,0.00264162290841341
1287,0.4485749304294586
1288,0.2906383275985718
1289,0.0010131783783435822
1290,0.4556822180747986
1291,0.28992167115211487
1292,0.0014527214225381613
1293,0.4629717469215393
1294,0.2914135754108429
1295,0.003588794730603695
1296,0.467650443315506
1297,0.2940606474876404
1298,0.006487141828984022
1299,0.5001948475837708
1300,0.278678297996521
1301,0.06719186156988144
1302,0.46631282567977905
1303,0.302441269159317
1304,0.008028204552829266
1305,0.44213467836380005
1306,0.3927061855792999
1307,-0.01372731477022171
1308,0.4335011839866638
1309,0.3678596615791321
1310,-0.024971218779683113
1311,0.4252009391784668
1312,0.3895799219608307
1313,-0.02191750518977642
1314,0.4681171476840973
1315,0.4636327922344208
1316,0.02818310260772705
1317,0.45850318670272827
1318,0.47763705253601074
1319,0.020359467715024948
1320,0.4335744082927704
1321,0.5024921894073486
1322,0.003437876468524337
1323,0.48455893993377686
1324,0.44180983304977417
1325,0.06353844702243805
1326,0.43667852878570557
1327,0.2975597083568573
1328,0.004488950129598379
1329,0.4242117702960968
1330,0.3239138722419739
1331,-0.022760547697544098
1332,0.4463098645210266
1333,0.5018673539161682
1334,0.019667701795697212
1335,0.49859488010406494
1336,0.38211560249328613
1337,0.05720318481326103
1338,0.4316050708293915
1339,0.43515992164611816
1340,-0.007907037623226643
1341,0.43346107006073
1342,0.43887102603912354
1343,-0.009010085836052895
1344,0.43559718132019043
1345,0.44469061493873596
1346,-0.00988271739333868
1347,0.4372279942035675
1348,0.451532781124115
1349,-0.008144814521074295
1350,0.43936288356781006
1351,0.4595954418182373
1352,-0.0015772408805787563
1353,0.4438071548938751
1354,0.42131102085113525
1355,-0.002608219161629677
1356,0.4467236399650574
1357,0.41990479826927185
1358,-0.0025652244221419096
1359,0.44930416345596313
1360,0.4176498055458069
1361,-0.0025079159531742334
1362,0.4558511972427368
1363,0.4094790518283844
1364,-0.0009672589367255569
1365,0.4833790063858032
1366,0.38169586658477783
1367,0.013984838500618935
1368,0.4237911105155945
1369,0.3126847445964813
1370,-0.015232433564960957
1371,0.42784053087234497
1372,0.2924220561981201
1373,-0.0005249559762887657
1374,0.4330616295337677
1375,0.2939601242542267
1376,0.0028630804736167192
1377,0.4414045214653015
1378,0.41988298296928406
1379,-0.0017800595378503203
1380,0.4839140474796295
1381,0.411491334438324
1382,0.027985332533717155
1383,0.4204423427581787
1384,0.2915189266204834
1385,-0.01168924942612648
1386,0.44294705986976624
1387,0.4684881567955017
1388,0.003208722686395049
1389,0.4178982377052307
1390,0.31762245297431946
1391,-0.028664762154221535
1392,0.4311577081680298
1393,0.34169328212738037
1394,-0.022532932460308075
1395,0.42988017201423645
1396,0.4784090220928192
1397,-0.0013401046162471175
1398,0.4602982699871063
1399,0.4402179419994354
1400,0.010454791598021984
1401,0.44919589161872864
1402,0.37248119711875916
1403,-0.00618620403110981
1404,0.4527761936187744
1405,0.4557015299797058
1406,0.0074441335164010525
1407,0.4665851593017578
1408,0.37139272689819336
1409,-0.002298828214406967
1410,0.45647281408309937
1411,0.38481205701828003
1412,-0.003714492777362466
1413,0.4731534421443939
1414,0.3907581567764282
1415,0.005466203670948744
1416,0.4324195683002472
1417,0.49106043577194214
1418,-0.0007200624677352607
1419,0.43683281540870667
1420,0.3480716049671173
1421,-0.01634901575744152
1422,0.46629565954208374
1423,0.4497087001800537
1424,0.018389929085969925
1425,0.45668289065361023
1426,0.46533137559890747
1427,0.013757011853158474
1428,0.4659920632839203
1429,0.42310014367103577
1430,0.009941564872860909
1431,0.4909692704677582
1432,0.396460622549057
1433,0.034564368426799774
1434,0.47491225600242615
1435,0.4254586100578308
1436,0.01808301918208599
1437,0.4940471947193146
1438,0.4066518247127533
1439,0.054313283413648605
1440,0.4627050757408142
1441,0.40023988485336304
1442,0.0009665800607763231
1443,0.43010467290878296
1444,0.3316155672073364
1445,-0.016588035970926285
1446,0.43105170130729675
1447,0.36416757106781006
1448,-0.03539641574025154
1449,0.437094509601593
1450,0.36676543951034546
1451,-0.026081359013915062
1452,0.4268449544906616
1453,0.3565302789211273
1454,-0.041794303804636
1455,0.43416839838027954
1456,0.28301700949668884
1457,-0.003113268641754985
1458,0.44752007722854614
1459,0.276528000831604
1460,-0.004846279975026846
1461,0.45933422446250916
1462,0.2750105559825897
1463,-0.004397724289447069
1464,0.46923527121543884
1465,0.2766360342502594
1466,-0.0008575621177442372
1467,0.47609585523605347
1468,0.281620055437088
1469,0.004677209537476301
1470,0.4804593324661255
1471,0.30126485228538513
1472,0.017978062853217125
1473,0.5016313791275024
1474,0.3310237228870392
1475,0.05607573688030243
1476,0.47464078664779663
1477,0.3164736330509186
1478,0.01147426012903452
1479,0.46624451875686646
1480,0.3197436034679413
1481,0.006339318584650755
1482,0.4555280804634094
1483,0.3200465142726898
1484,0.002805442316457629
1485,0.44512060284614563
1486,0.3175449073314667
1487,0.0014742650091648102
1488,0.4370034337043762
1489,0.31376296281814575
1490,0.0008120400016196072
1491,0.4314104914665222
1492,0.30992966890335083
1493,0.00032776512671262026
1494,0.5008211135864258
1495,0.33258262276649475
1496,0.08749863505363464
1497,0.4370117783546448
1498,0.3698420226573944
1499,-0.021801743656396866
1500,0.42452549934387207
1501,0.3339940905570984
1502,-0.029463650658726692
1503,0.42465823888778687
1504,0.3652053773403168
1505,-0.04205112159252167
1506,0.420203298330307
1507,0.37139666080474854
1508,-0.038637902587652206
1509,0.4248490631580353
1510,0.36710065603256226
1511,-0.03790511190891266
1512,0.4347752034664154
1513,0.37370026111602783
1514,-0.0188588984310627
1515,0.41860032081604004
1516,0.3726334869861603
1517,-0.040861718356609344
1518,0.4180079400539398
1519,0.3750903010368347
1520,-0.030758464708924294
1521,0.43155068159103394
1522,0.3010547459125519
1523,0.00433680135756731
1524,0.4269568920135498
1525,0.30367735028266907
1526,-0.0008982072467915714
1527,0.4244425892829895
1528,0.3052852749824524
1529,-0.007125645875930786
1530,0.4704684615135193
1531,0.29613274335861206
1532,0.00934083666652441
1533,0.47497716546058655
1534,0.2913939952850342
1535,0.009639731608331203
1536,0.0
1537,0.0
1538,0.0
1539,0.0
1540,0.0
1541,0.0
1542,0.0
1543,0.0
1544,0.0
1545,0.0
1546,0.0
1547,0.0
1548,0.0
1549,0.0
1550,0.0
1551,0.0
1552,0.0
1553,0.0
1554,0.0
1555,0.0
1556,0.0
1557,0.0
1558,0.0
1559,0.0
1560,0.0
1561,0.0
1562,0.0
1563,0.0
1564,0.0
1565,0.0
1566,0.0
1567,0.0
1568,0.0
1569,0.0
1570,0.0
1571,0.0
1572,0.0
1573,0.0
1574,0.0
1575,0.0
1576,0.0
1577,0.0
1578,0.0
1579,0.0
1580,0.0
1581,0.0
1582,0.0
1583,0.0
1584,0.0
1585,0.0
1586,0.0
1587,0.0
1588,0.0
1589,0.0
1590,0.0
1591,0.0
1592,0.0
1593,0.0
1594,0.0
1595,0.0
1596,0.0
1597,0.0
1598,0.0
1599,0.20825928449630737
1600,0.673434853553772
1601,8.522232697316667e-09
1602,0.19253423810005188
1603,0.6145607233047485
1604,-0.003104020142927766
1605,0.18503454327583313
1606,0.5290339589118958
1607,-0.014941086992621422
1608,0.17332828044891357
1609,0.46477705240249634
1610,-0.027684198692440987
1611,0.15115877985954285
1612,0.42396384477615356
1613,-0.039976298809051514
1614,0.18252097070217133
1615,0.5051835179328918
1616,-0.03117344155907631
1617,0.20847943425178528
1618,0.43598493933677673
1619,-0.05093630775809288
1620,0.22338978946208954
1621,0.3971368968486786
1622,-0.059494297951459885
1623,0.2344544231891632
1624,0.36468929052352905
1625,-0.06510016322135925
1626,0.19601787626743317
1627,0.5270447134971619
1628,-0.04205068573355675
1629,0.2762405574321747
1630,0.4787565767765045
1631,-0.06813095510005951
1632,0.2782861590385437
1633,0.5149513483047485
1634,-0.06771817058324814
1635,0.2595832943916321
1636,0.5339496731758118
1637,-0.06353631615638733
1638,0.21724140644073486
1639,0.5558493733406067
1640,-0.05209098756313324
1641,0.29401466250419617
1642,0.5174652934074402
1643,-0.07482699304819107
1644,0.28980207443237305
1645,0.5498344898223877
1646,-0.06392556428909302
1647,0.26930922269821167
1648,0.5638682246208191
1649,-0.05281892791390419
1650,0.24116604030132294
1651,0.5881516337394714
1652,-0.06190594285726547
1653,0.30188286304473877
1654,0.5518559217453003
1655,-0.07282765209674835
1656,0.2972414195537567
1657,0.5785585641860962
1658,-0.06254655867815018
1659,0.2777281701564789
1660,0.5940626263618469
1661,-0.0536164715886116
