,0
0,0.41513800621032715
1,0.3551340401172638
2,-0.8984733819961548
3,0.9999617338180542
4,0.44096875190734863
5,0.29327303171157837
6,-0.8311731219291687
7,0.9999071359634399
8,0.4568818211555481
9,0.29319438338279724
10,-0.8312019109725952
11,0.9999052882194519
12,0.4685956835746765
13,0.2937149405479431
14,-0.8310535550117493
15,0.9998887181282043
16,0.3887755274772644
17,0.2990286648273468
18,-0.8322488069534302
19,0.9999189376831055
20,0.3717142641544342
21,0.3000323474407196
22,-0.8317397832870483
23,0.9999327659606934
24,0.354621946811676
25,0.3021501898765564
26,-0.8319158554077148
27,0.9999375343322754
28,0.4884813725948334
29,0.32443076372146606
30,-0.4046984612941742
31,0.9998766183853149
32,0.33497658371925354
33,0.3330208361148834
34,-0.3974192440509796
35,0.9999378323554993
36,0.4504152238368988
37,0.42248284816741943
38,-0.7455535531044006
39,0.9999420642852783
40,0.3861803114414215
41,0.42814207077026367
42,-0.7433803081512451
43,0.9999414086341858
44,0.6376333832740784
45,0.6915766596794128
46,-0.15750572085380554
47,0.9990084767341614
48,0.23361480236053467
49,0.6608685255050659
50,-0.26882222294807434
51,0.9995877146720886
52,0.7086554765701294
53,1.0383681058883667
54,-0.17777828872203827
55,0.39689579606056213
56,0.12116660177707672
57,1.0382524728775024
58,-0.7773274779319763
59,0.8856120705604553
60,0.7186938524246216
61,1.4428460597991943
62,-0.5340273976325989
63,0.2876638174057007
64,0.22486309707164764
65,0.7087792754173279
66,-1.7486655712127686
67,0.9124696254730225
68,0.7393587827682495
69,1.539007306098938
70,-0.6266835927963257
71,0.3702925741672516
72,0.2254137545824051
73,0.5954040884971619
74,-1.9480645656585693
75,0.906592071056366
76,0.6940251588821411
77,1.5242406129837036
78,-0.665810227394104
79,0.48050200939178467
80,0.23414835333824158
81,0.5595810413360596
82,-1.9145599603652954
83,0.9159169793128967
84,0.6723880171775818
85,1.4897494316101074
86,-0.5684624314308167
87,0.484030157327652
88,0.24765846133232117
89,0.5933105945587158
90,-1.7612483501434326
91,0.9122733473777771
92,0.556393027305603
93,1.4414544105529785
94,-0.038851018995046616
95,0.0009880134603008628
96,0.26478782296180725
97,1.4361214637756348
98,0.0434127002954483
99,0.001083161449059844
100,0.5270968675613403
101,2.0910396575927734
102,-0.1176581010222435
103,0.0004448324616532773
104,0.2651340663433075
105,2.088487148284912
106,-0.03434106707572937
107,0.00027250690618529916
108,0.5143173336982727
109,2.669848918914795
110,0.4193452298641205
111,0.00010628721793182194
112,0.269459992647171
113,2.6616411209106445
114,0.289114385843277
115,7.761927008687053e-06
116,0.520344614982605
117,2.7489404678344727
118,0.4347509443759918
119,6.379544356605038e-05
120,0.26565223932266235
121,2.736586093902588
122,0.3043939769268036
123,1.8890725186793134e-05
124,0.4721509516239166
125,2.83738112449646
126,-0.161509707570076
127,4.5899963879492134e-05
128,0.2947823405265808
129,2.8443593978881836
130,-0.36272913217544556
131,3.3234391594305634e-05
132,0.41117843985557556
133,0.4162701368331909
134,-0.022229870781302452
135,0.40927931666374207
136,0.37273815274238586
137,-0.045475345104932785
138,0.4102463126182556
139,0.3850384056568146
140,-0.02318193018436432
141,0.40168142318725586
142,0.33336421847343445
143,-0.03565775975584984
144,0.4089277982711792
145,0.36039334535598755
146,-0.04878561198711395
147,0.4087798595428467
148,0.34435904026031494
149,-0.046058762818574905
150,0.4086228907108307
151,0.3058837950229645
152,-0.025312159210443497
153,0.3515363037586212
154,0.30439066886901855
155,0.009442387148737907
156,0.40837687253952026
157,0.27865299582481384
158,-0.02126486971974373
159,0.40817826986312866
160,0.26306742429733276
161,-0.02382342517375946
162,0.4073391556739807
163,0.20276358723640442
164,-0.01715267449617386
165,0.4113810360431671
166,0.42276501655578613
167,-0.02086937427520752
168,0.41156747937202454
169,0.4275498390197754
170,-0.01788952760398388
171,0.41175827383995056
172,0.42929115891456604
173,-0.013917253352701664
174,0.411900132894516
175,0.4382774233818054
176,-0.01175566203892231
177,0.4119696319103241
178,0.44437503814697266
179,-0.012871772982180119
180,0.4121008813381195
181,0.4517115652561188
182,-0.014170384034514427
183,0.4123174548149109
184,0.459250271320343
185,-0.012183758430182934
186,0.41271764039993286
187,0.4687936305999756
188,-0.0029808469116687775
189,0.40963059663772583
190,0.37882348895072937
191,-0.040926743298769
192,0.40186381340026855
193,0.3780536949634552
194,-0.029020419344305992
195,0.32508981227874756
196,0.2613508999347687
197,0.046685587614774704
198,0.3749116063117981
199,0.31370869278907776
200,0.0009976605651900172
201,0.3669654130935669
202,0.31503409147262573
203,0.0016480323392897844
204,0.3592693507671356
205,0.31498169898986816
206,0.003983950708061457
207,0.34877949953079224
208,0.30886343121528625
209,0.0109191769734025
210,0.3814780116081238
211,0.3104194402694702
212,0.001429846859537065
213,0.3632754683494568
214,0.2858712077140808
215,-0.0031858005095273256
216,0.37205222249031067
217,0.28616011142730713
218,-0.003355131484568119
219,0.3552795648574829
220,0.28788238763809204
221,-0.00031785291503183544
222,0.3500833809375763
223,0.2918473482131958
224,0.003291203174740076
225,0.3429242968559265
226,0.3171718120574951
227,0.015454413369297981
228,0.38249966502189636
229,0.4823456108570099
230,0.009374028071761131
231,0.3485722541809082
232,0.3016709089279175
233,0.01203938852995634
234,0.32220566272735596
235,0.31209230422973633
236,0.05297594889998436
237,0.3343905806541443
238,0.3099013566970825
239,0.023581918329000473
240,0.3688638210296631
241,0.3641242980957031
242,-0.0046416521072387695
243,0.40037810802459717
244,0.4143192768096924
245,-0.020979711785912514
246,0.4023280441761017
247,0.42750227451324463
248,-0.016354957595467567
249,0.3898024559020996
250,0.41799667477607727
251,-0.015385421924293041
252,0.38342174887657166
253,0.42281362414360046
254,-0.00810156762599945
255,0.3946334719657898
256,0.4280398190021515
257,-0.012449929490685463
258,0.38889217376708984
259,0.4290516972541809
260,-0.0058556850999593735
261,0.37391605973243713
262,0.44253647327423096
263,0.0077009121887385845
264,0.4022996425628662
265,0.37254083156585693
266,-0.0446871742606163
267,0.40082600712776184
268,0.3608972430229187
269,-0.04777535796165466
270,0.3379710018634796
271,0.2813148498535156
272,0.004643348511308432
273,0.38463518023490906
274,0.33324331045150757
275,-0.007833979092538357
276,0.3827349841594696
277,0.3695692718029022
278,-0.02340633049607277
279,0.3820180594921112
280,0.3633142411708832
281,-0.02093183435499668
282,0.34595024585723877
283,0.3635437488555908
284,0.006435415707528591
285,0.401155561208725
286,0.34591159224510193
287,-0.04324430599808693
288,0.3562791645526886
289,0.2690713107585907
290,-0.010972480289638042
291,0.34524136781692505
292,0.27313917875289917
293,-0.0042005861178040504
294,0.33140864968299866
295,0.24035710096359253
296,0.028948353603482246
297,0.3915415406227112
298,0.27714085578918457
299,-0.018391767516732216
300,0.3796893358230591
301,0.28928235173225403
302,-0.0007910039275884628
303,0.36786025762557983
304,0.42966604232788086
305,0.008807322941720486
306,0.334525465965271
307,0.42110851407051086
308,0.08169492334127426
309,0.3890396058559418
310,0.3758166432380676
311,-0.019781865179538727
312,0.3962472081184387
313,0.3798283338546753
314,-0.020787540823221207
315,0.3759285807609558
316,0.43120473623275757
317,0.007863436825573444
318,0.38012415170669556
319,0.4307069778442383
320,0.005382787901908159
321,0.34095120429992676
322,0.2654949128627777
323,-0.0003617879410739988
324,0.38270309567451477
325,0.37490880489349365
326,-0.018423963338136673
327,0.37145793437957764
328,0.2695590853691101
329,-0.01595139503479004
330,0.36976900696754456
331,0.25985604524612427
332,-0.01824517920613289
333,0.3612235486507416
334,0.21108414232730865
335,-0.005201451946049929
336,0.3363785743713379
337,0.2522910237312317
338,0.012225707061588764
339,0.36631593108177185
340,0.2342994064092636
341,-0.012215832248330116
342,0.3336172103881836
343,0.27613791823387146
344,0.011671663261950016
345,0.32932519912719727
346,0.2691284716129303
347,0.02826048992574215
348,0.4012541174888611
349,0.4220234155654907
350,-0.019626323133707047
351,0.3925001323223114
352,0.42407894134521484
353,-0.014271648600697517
354,0.3861445188522339
355,0.4261292815208435
356,-0.007615933660417795
357,0.3913249373435974
358,0.3781321942806244
359,-0.018222959712147713
360,0.3780005872249603
361,0.43121498823165894
362,0.006468568928539753
363,0.38140249252319336
364,0.4354749023914337
365,0.0016953530721366405
366,0.38128721714019775
367,0.42983368039131165
368,0.0050504314713180065
369,0.3932746648788452
370,0.37169522047042847
371,-0.032096829265356064
372,0.39079219102859497
373,0.4282609224319458
374,-0.0045176297426223755
375,0.3965708315372467
376,0.42855435609817505
377,-0.009097054600715637
378,0.40357068181037903
379,0.4289925694465637
380,-0.012651474215090275
381,0.4008188545703888
382,0.4680998921394348
383,-0.0023063865955919027
384,0.40083062648773193
385,0.4579249918460846
386,-0.0113010723143816
387,0.4013093411922455
388,0.45031076669692993
389,-0.0129393907263875
390,0.4020921587944031
391,0.4427494704723358
392,-0.011530866846442223
393,0.4029799699783325
394,0.4376848042011261
395,-0.01036852691322565
396,0.38942351937294006
397,0.43455395102500916
398,-0.0027088483329862356
399,0.38790589570999146
400,0.4365634024143219
401,-0.003883440513163805
402,0.38569021224975586
403,0.4402385354042053
404,-0.004586195573210716
405,0.38394075632095337
406,0.4443961977958679
407,-0.0026793114375323057
408,0.37631234526634216
409,0.40805482864379883
410,-0.005932564381510019
411,0.3249995708465576
412,0.363106906414032
413,0.09077473729848862
414,0.4099051058292389
415,0.3811144232749939
416,-0.029360897839069366
417,0.38570287823677063
418,0.4330337345600128
419,0.002054378157481551
420,0.3836459517478943
421,0.43392011523246765
422,0.0013966450933367014
423,0.39926597476005554
424,0.3854016959667206
425,-0.020784230902791023
426,0.38599616289138794
427,0.3823249042034149
428,-0.011990413069725037
429,0.39781510829925537
430,0.38270068168640137
431,-0.021072370931506157
432,0.37634795904159546
433,0.3403976559638977
434,-0.004254810977727175
435,0.3636637330055237
436,0.34896501898765564
437,-0.001269561587832868
438,0.3809533417224884
439,0.3687441945075989
440,-0.01583298295736313
441,0.3427239656448364
442,0.22323110699653625
443,0.010655518621206284
444,0.34807008504867554
445,0.24021530151367188
446,-0.0007894858717918396
447,0.35335054993629456
448,0.25952738523483276
449,-0.009845172986388206
450,0.3808321952819824
451,0.4520188570022583
452,0.003960142843425274
453,0.3886452913284302
454,0.26179981231689453
455,-0.022607317194342613
456,0.3855360150337219
457,0.23239192366600037
458,-0.0188940167427063
459,0.38206756114959717
460,0.20486538112163544
461,-0.014438695274293423
462,0.3526323437690735
463,0.31308531761169434
464,0.007625741884112358
465,0.33496105670928955
466,0.3260466158390045
467,0.020785316824913025
468,0.3856649100780487
469,0.3071167469024658
470,0.0023645032197237015
471,0.3418509066104889
472,0.29553017020225525
473,0.010681616142392159
474,0.3902699053287506
475,0.3253820240497589
476,-0.011439315974712372
477,0.38762167096138
478,0.36492201685905457
479,-0.032083068042993546
480,0.32740551233291626
481,0.3342318832874298
482,0.030687104910612106
483,0.3400994539260864
484,0.33419013023376465
485,0.01364229153841734
486,0.3500988185405731
487,0.33833786845207214
488,0.006007018499076366
489,0.3651496469974518
490,0.3357395529747009
491,0.0016524060629308224
492,0.3761848211288452
493,0.33027318120002747
494,-0.0006468588835559785
495,0.38443225622177124
496,0.32433271408081055
497,-0.0034473498817533255
498,0.4007967710494995
499,0.30928879976272583
500,-0.021720776334404945
501,0.32883304357528687
502,0.35897234082221985
503,0.029664479196071625
504,0.33569568395614624
505,0.2943115830421448
506,0.014535820111632347
507,0.4053846001625061
508,0.3785470724105835
509,-0.040338389575481415
510,0.3850582242012024
511,0.34495338797569275
512,-0.010839790105819702
513,0.32172709703445435
514,0.3109903633594513
515,0.0809553861618042
516,0.390531986951828
517,0.31775015592575073
518,-0.005325959995388985
519,0.38042232394218445
520,0.36947140097618103
521,-0.00708986259996891
522,0.34609848260879517
523,0.30258646607398987
524,0.013683664612472057
525,0.387076199054718
526,0.35730960965156555
527,-0.02908230386674404
528,0.3282119035720825
529,0.3912760019302368
530,0.08848173916339874
531,0.38551345467567444
532,0.3026251792907715
533,0.0043755220249295235
534,0.39392757415771484
535,0.3504047393798828
536,-0.037796828895807266
537,0.3499849736690521
538,0.45130541920661926
539,0.039322786033153534
540,0.35182905197143555
541,0.4636065363883972
542,0.05452841892838478
543,0.3230903446674347
544,0.361689954996109
545,0.06012548506259918
546,0.3403990864753723
547,0.4345639944076538
548,0.04858950898051262
549,0.32557618618011475
550,0.2887036204338074
551,0.04284871742129326
552,0.3816426992416382
553,0.4937436580657959
554,0.014823656529188156
555,0.40654319524765015
556,0.38076066970825195
557,-0.02879384346306324
558,0.37806856632232666
559,0.35407042503356934
560,-0.007054693065583706
561,0.3283199369907379
562,0.3122067451477051
563,0.03221850097179413
564,0.35964590311050415
565,0.30760499835014343
566,0.0045749470591545105
567,0.36669260263442993
568,0.30822211503982544
569,0.002443932229653001
570,0.37919700145721436
571,0.4374620020389557
572,0.003326256526634097
573,0.3312199115753174
574,0.38283205032348633
575,0.033956483006477356
576,0.39678242802619934
577,0.5102246999740601
578,0.01745086908340454
579,0.37307244539260864
580,0.492007315158844
581,0.03366076201200485
582,0.3632175922393799
583,0.48014137148857117
584,0.04288628324866295
585,0.4077341854572296
586,0.23197583854198456
587,-0.021013861522078514
588,0.4139274060726166
589,0.5126284956932068
590,0.014849028550088406
591,0.37346118688583374
592,0.3071986734867096
593,0.001900176634080708
594,0.37971916794776917
595,0.30510544776916504
596,0.002785203978419304
597,0.3836607038974762
598,0.30378004908561707
599,0.004321075044572353
600,0.3305996060371399
601,0.29204195737838745
602,0.022949470207095146
603,0.3785632848739624
604,0.2955212891101837
605,0.0011894399067386985
606,0.37160298228263855
607,0.29293447732925415
608,-0.0003840294375550002
609,0.3645341992378235
610,0.29260483384132385
611,0.00015888655616436154
612,0.3574451506137848
613,0.29467034339904785
614,0.0023317935410887003
615,0.353065550327301
616,0.297746479511261
617,0.005296177696436644
618,0.32213088870048523
619,0.28342974185943604
620,0.06552024930715561
621,0.35486289858818054
622,0.30610376596450806
623,0.0071700275875627995
624,0.41058647632598877
625,0.39512795209884644
626,-0.020794648677110672
627,0.38296782970428467
628,0.40051189064979553
629,-0.0114167844876647
630,0.3887750506401062
631,0.3738809823989868
632,-0.02333665080368519
633,0.39878973364830017
634,0.3966309726238251
635,-0.01979617029428482
636,0.40855905413627625
637,0.2918044924736023
638,-0.01987222582101822
639,0.3603929877281189
640,0.4676629900932312
641,0.03201159089803696
642,0.37058475613594055
643,0.480572909116745
644,0.024021774530410767
645,0.3958744406700134
646,0.50318843126297
647,0.0067481086589396
648,0.3427981734275818
649,0.44537919759750366
650,0.06888391822576523
651,0.38331228494644165
652,0.299684077501297
653,0.003006097162142396
654,0.3954818844795227
655,0.32846710085868835
656,-0.023154713213443756
657,0.41363054513931274
658,0.505478024482727
659,0.004548618104308844
660,0.38380926847457886
661,0.5026971101760864
662,0.02390819415450096
663,0.32643789052963257
664,0.38775742053985596
665,0.06047995761036873
666,0.3954789638519287
667,0.4362408518791199
668,-0.006896811071783304
669,0.3939749300479889
670,0.43993043899536133
671,-0.008141355589032173
672,0.3923667073249817
673,0.445669025182724
674,-0.008949173614382744
675,0.39124614000320435
676,0.4524686932563782
677,-0.0071920850314199924
678,0.38936054706573486
679,0.46127849817276
680,-5.413809776655398e-05
681,0.38369062542915344
682,0.42950165271759033
683,9.290221350966021e-05
684,0.38094213604927063
685,0.4284314215183258
686,0.00010669497714843601
687,0.37843209505081177
688,0.426467627286911
689,-5.535699165193364e-05
690,0.3707766532897949
691,0.4179007411003113
692,0.0012967241927981377
693,0.3412376344203949
694,0.38936078548431396
695,0.017080869525671005
696,0.3956705927848816
697,0.31657952070236206
698,-0.015959829092025757
699,0.3916104733943939
700,0.29490742087364197
701,-0.002306486014276743
702,0.3867173194885254
703,0.29656434059143066
704,0.0009961435571312904
705,0.38584986329078674
706,0.4278642237186432
707,0.0009145265794359148
708,0.34210142493247986
709,0.4180968105792999
710,0.03166857734322548
711,0.3982590436935425
712,0.2942116856575012
713,-0.013610554859042168
714,0.3857477605342865
715,0.4710679054260254
716,0.005273493006825447
717,0.4087265729904175
718,0.3312046229839325
719,-0.03875420242547989
720,0.4010815918445587
721,0.3219977617263794
722,-0.029527978971600533
723,0.4086979329586029
724,0.3190203607082367
725,-0.03174402937293053
726,0.38965192437171936
727,0.34720349311828613
728,-0.022021537646651268
729,0.413360595703125
730,0.4941614866256714
731,-0.0007722491864115
732,0.4130033254623413
733,0.4804152250289917
734,-0.0016478964826092124
735,0.3987330198287964
736,0.47912997007369995
737,0.00037392505328170955
738,0.36732953786849976
739,0.44624853134155273
740,0.01296077761799097
741,0.3744712173938751
742,0.37969088554382324
743,-0.00432994170114398
744,0.3756517767906189
745,0.46014827489852905
746,0.009769683703780174
747,0.35719311237335205
748,0.3789672553539276
749,-5.848985892953351e-05
750,0.36804068088531494
751,0.39237356185913086
752,-0.001570127671584487
753,0.3516974449157715
754,0.39842429757118225
755,0.00819635670632124
756,0.3965335190296173
757,0.49217379093170166
758,0.0017891036113724113
759,0.3847891688346863
760,0.3539973795413971
761,-0.015409574843943119
762,0.3615764081478119
763,0.45498552918434143
764,0.021512776613235474
765,0.3719502091407776
766,0.46923670172691345
767,0.01676401123404503
768,0.360784649848938
769,0.43049782514572144
770,0.012839142233133316
771,0.3344596028327942
772,0.40311673283576965
773,0.03824366256594658
774,0.35180482268333435
775,0.43198010325431824
776,0.021368706598877907
777,0.33168089389801025
778,0.4119994342327118
779,0.05832477658987045
780,0.36275148391723633
781,0.40832778811454773
782,0.0035661477595567703
783,0.39037927985191345
784,0.33655408024787903
785,-0.016527794301509857
786,0.3904724717140198
787,0.3699233829975128
788,-0.033877499401569366
789,0.38533875346183777
790,0.37318047881126404
791,-0.024300847202539444
792,0.3938223719596863
793,0.3622572124004364
794,-0.040350060909986496
795,0.3852214515209198
796,0.2859598398208618
797,-0.0052469088695943356
798,0.3720839321613312
799,0.2805554270744324
800,-0.007039680611342192
801,0.36052197217941284
802,0.27980324625968933
803,-0.006383066531270742
804,0.3510485887527466
805,0.28194013237953186
806,-0.0025597421918064356
807,0.34475579857826233
808,0.2869516611099243
809,0.0029786808881908655
810,0.3411380350589752
811,0.3062407672405243
812,0.017221931368112564
813,0.3214881718158722
814,0.33662155270576477
815,0.057072363793849945
816,0.3471379578113556
817,0.3220100998878479
818,0.011420049704611301
819,0.355281263589859
820,0.3251728117465973
821,0.00630723312497139
822,0.36581265926361084
823,0.32458144426345825
824,0.0027104842010885477
825,0.37577471137046814
826,0.321336030960083
827,0.0010382648324593902
828,0.3834889233112335
829,0.3170314431190491
830,0.00012403276923578233
831,0.38875260949134827
832,0.3128904402256012
833,-0.0006184041267260909
834,0.32335785031318665
835,0.3368690609931946
836,0.08869310468435287
837,0.38580816984176636
838,0.3764615058898926
839,-0.019940132275223732
840,0.39532676339149475
841,0.3391350507736206
842,-0.029260700568556786
843,0.3963661789894104
844,0.3706352710723877
845,-0.0405399389564991
846,0.401323527097702
847,0.37641510367393494
848,-0.036935508251190186
849,0.3965604305267334
850,0.37237274646759033
851,-0.036306120455265045
852,0.3883807063102722
853,0.38019201159477234
854,-0.01689906418323517
855,0.4028124213218689
856,0.3776269555091858
857,-0.039151497185230255
858,0.40379318594932556
859,0.37996670603752136
860,-0.02889898791909218
861,0.3883354663848877
862,0.3034370243549347
863,0.0029763749334961176
864,0.39284467697143555
865,0.3063533902168274
866,-0.0022571042645722628
867,0.3951497972011566
868,0.30840227007865906
869,-0.008317384868860245
870,0.3505137264728546
871,0.29993557929992676
872,0.00826699286699295
873,0.3462720513343811
874,0.29621684551239014
875,0.00848807580769062
876,0.4160700738430023
877,0.3328886330127716
878,-0.03589613363146782
879,0.46878954768180847
880,0.3007407486438751
881,0.007592794019728899
882,0.4178944230079651
883,0.37747108936309814
884,-0.029229959473013878
885,0.4959620535373688
886,0.25518113374710083
887,0.043647848069667816
888,0.4448623061180115
889,0.311637282371521
890,-0.00030620361212641
891,0.4530617892742157
892,0.31240904331207275
893,0.00015890858776401728
894,0.46102482080459595
895,0.311779648065567
896,0.002229460747912526
897,0.4718272089958191
898,0.3049422800540924
899,0.008910671807825565
900,0.43792882561683655
901,0.30880996584892273
902,0.00046158445184119046
903,0.4557008445262909
904,0.28280317783355713
905,-0.004666820168495178
906,0.4467526078224182
907,0.28366002440452576
908,-0.004507340490818024
909,0.46399813890457153
910,0.28425145149230957
911,-0.002001662040129304
912,0.4696066975593567
913,0.28792768716812134
914,0.0014317439636215568
915,0.47810351848602295
916,0.31272777915000916
917,0.013226822949945927
918,0.44458508491516113
919,0.480644553899765
920,0.008448216132819653
921,0.4717806279659271
922,0.29779618978500366
923,0.010073062032461166
924,0.5006760358810425
925,0.30596908926963806
926,0.049815453588962555
927,0.4868181347846985
928,0.3047028183937073
929,0.02105601690709591
930,0.4523211121559143
931,0.36121195554733276
932,-0.005869235377758741
933,0.4220936596393585
934,0.4134177565574646
935,-0.0212639719247818
936,0.42105376720428467
937,0.42667192220687866
938,-0.016657324507832527
939,0.4334239661693573
940,0.41614019870758057
941,-0.015895934775471687
942,0.4405333697795868
943,0.4202471673488617
944,-0.008876578882336617
945,0.4291233420372009
946,0.4264865517616272
947,-0.01305590383708477
948,0.43528589606285095
949,0.42687273025512695
950,-0.006587202660739422
951,0.45152199268341064
952,0.4394632875919342
953,0.006600123830139637
954,0.4163830280303955
955,0.3720177710056305
956,-0.04484380781650543
957,0.41726136207580566
958,0.3603445589542389
959,-0.047876987606287
960,0.48154884576797485
961,0.2762514054775238
962,0.0024103594478219748
963,0.43494367599487305
964,0.3315817713737488
965,-0.008616240695118904
966,0.43717271089553833
967,0.3675721287727356
968,-0.02404334954917431
969,0.43783971667289734
970,0.36126258969306946
971,-0.021647732704877853
972,0.4761447608470917
973,0.3590543866157532
974,0.004315022844821215
975,0.4166659116744995
976,0.345391184091568
977,-0.04348323866724968
978,0.4617404341697693
979,0.26536813378334045
980,-0.012593094259500504
981,0.47341397404670715
982,0.26856517791748047
983,-0.006254473701119423
984,0.4880564212799072
985,0.23460355401039124
986,0.02624634839594364
987,0.4257061183452606
988,0.2760307788848877
989,-0.018854297697544098
990,0.4391794204711914
991,0.2873964309692383
992,-0.001757315592840314
993,0.45717930793762207
994,0.4260901212692261
995,0.0075471107847988605
996,0.4937087893486023
997,0.4164072275161743
998,0.07885532081127167
999,0.43118155002593994
1000,0.37426838278770447
1001,-0.020474381744861603
1002,0.4241418242454529
1003,0.3787257969379425
1004,-0.0211079940199852
1005,0.44901853799819946
1006,0.42784005403518677
1007,0.006796004716306925
1008,0.4447856843471527
1009,0.42759206891059875
1010,0.0045214067213237286
1011,0.47764813899993896
1012,0.26058024168014526
1013,-0.0025056975428014994
1014,0.43778640031814575
1015,0.37281662225723267
1016,-0.019127488136291504
1017,0.4460936486721039
1018,0.26703906059265137
1019,-0.017039239406585693
1020,0.44741564989089966
1021,0.25707024335861206
1022,-0.01930365525186062
1023,0.45493441820144653
1024,0.20754112303256989
1025,-0.006698637269437313
1026,0.4825441539287567
1027,0.2469513714313507
1028,0.009863190352916718
1029,0.4502331614494324
1030,0.23121888935565948
1031,-0.013537343591451645
1032,0.4861167371273041
1033,0.2706502079963684
1034,0.009251760318875313
1035,0.4910520315170288
1036,0.2633671760559082
1037,0.025523893535137177
1038,0.4217654764652252
1039,0.42112424969673157
1040,-0.019905857741832733
1041,0.43110185861587524
1042,0.4223930835723877
1043,-0.01483900472521782
1044,0.4379856586456299
1045,0.42374640703201294
1046,-0.008375483565032482
1047,0.429136723279953
1048,0.37670692801475525
1049,-0.018691817298531532
1050,0.44691401720046997
1051,0.4279291331768036
1052,0.00550437904894352
1053,0.4434698224067688
1054,0.4326656460762024
1055,0.000894867000170052
1056,0.4435875415802002
1057,0.4269372820854187
1058,0.004211947321891785
1059,0.4260949194431305
1060,0.37057802081108093
1061,-0.03256939351558685
1062,0.4335048496723175
1063,0.4261574149131775
1064,-0.005142302252352238
1065,0.4273889660835266
1066,0.4271842837333679
1067,-0.009581642225384712
1068,0.42011335492134094
1069,0.42821967601776123
1070,-0.01294143870472908
1071,0.42478835582733154
1072,0.4673269987106323
1073,-0.002615581266582012
1074,0.4239456355571747
1075,0.4571334421634674
1076,-0.011642473749816418
1077,0.4230564832687378
1078,0.44949737191200256
1079,-0.0133215906098485
1080,0.42199355363845825
1081,0.44202280044555664
1082,-0.011812636628746986
1083,0.4210304021835327
1084,0.4370187520980835
1085,-0.010654662735760212
1086,0.43512120842933655
1087,0.43252313137054443
1088,-0.003305325983092189
1089,0.4366854727268219
1090,0.43435195088386536
1091,-0.00454054307192564
1092,0.4390343725681305
1093,0.4379462003707886
1094,-0.005201675929129124
1095,0.4410143792629242
1096,0.4419960379600525
1097,-0.0033497565891593695
1098,0.4468969702720642
1099,0.40527957677841187
1100,-0.006792545318603516
1101,0.5014260411262512
1102,0.3573338985443115
1103,0.08734498918056488
1104,0.43902647495269775
1105,0.43059587478637695
1106,0.00134048901963979
1107,0.4411000609397888
1108,0.43131300806999207
1109,0.000583677610848099
1110,0.4214274287223816
1111,0.3844781219959259
1112,-0.021070953458547592
1113,0.43514370918273926
1114,0.3804248869419098
1115,-0.012493864633142948
1116,0.4227008819580078
1117,0.3817356824874878
1118,-0.02137375809252262
1119,0.4438164532184601
1120,0.33812713623046875
1121,-0.005362131632864475
1122,0.4571612477302551
1123,0.34579187631607056
1124,-0.0027950492221862078
1125,0.4394285976886749
1126,0.3665364980697632
1127,-0.016596445813775063
1128,0.47504693269729614
1129,0.21821199357509613
1130,0.00838821567595005
1131,0.4695740342140198
1132,0.23567935824394226
1133,-0.0026891808956861496
1134,0.46433740854263306
1135,0.2555345594882965
1136,-0.011473320424556732
1137,0.44482916593551636
1138,0.44968757033348083
1139,0.0030834879726171494
1140,0.4281749725341797
1141,0.26034578680992126
1142,-0.02312714420258999
1143,0.4303610324859619
1144,0.2308235466480255
1145,-0.01948157697916031
1146,0.4330902397632599
1147,0.20290283858776093
1148,-0.015239069238305092
1149,0.4679109752178192
1150,0.30940866470336914
1151,0.0056773084215819836
1152,0.4866601228713989
1153,0.3209104537963867
1154,0.018271874636411667
1155,0.4335838556289673
1156,0.3058275580406189
1157,0.0014863499673083425
1158,0.47835564613342285
1159,0.2909509539604187
1160,0.00847464706748724
1161,0.4287596642971039
1162,0.32414305210113525
1163,-0.012114737182855606
1164,0.43157827854156494
1165,0.3634416460990906
1166,-0.032597944140434265
1167,0.49502432346343994
1168,0.3285624384880066
1169,0.027823811396956444
1170,0.4812564253807068
1171,0.3294356167316437
1172,0.011321207508444786
1173,0.4709134101867676
1174,0.3342011570930481
1175,0.003980414476245642
1176,0.4553441107273102
1177,0.3327047526836395
1178,0.00011467667354736477
1179,0.44379979372024536
1180,0.32803231477737427
1181,-0.0017260321183130145
1182,0.43509605526924133
1183,0.3227844834327698
1184,-0.004346592351794243
1185,0.4168962240219116
1186,0.30880022048950195
1187,-0.022023562341928482
1188,0.49424999952316284
1189,0.353482723236084
1190,0.026889901608228683
1191,0.4847418963909149
1192,0.2891635298728943
1193,0.012100574560463428
1194,0.4139266312122345
1195,0.37819135189056396
1196,-0.0404677577316761
1197,0.4347154498100281
1198,0.3432764708995819
1199,-0.011457525193691254
1200,0.502395510673523
1201,0.30475232005119324
1202,0.07757806777954102
1203,0.42852088809013367
1204,0.31661364436149597
1205,-0.005969692952930927
1206,0.44028908014297485
1207,0.3672260344028473
1208,-0.00769319012761116
1209,0.47439226508140564
1210,0.29843300580978394
1211,0.011562555097043514
1212,0.4320726692676544
1213,0.3557744026184082
1214,-0.029636727645993233
1215,0.4992370009422302
1216,0.38592731952667236
1217,0.0853603258728981
1218,0.43377000093460083
1219,0.301364928483963
1220,0.0034622163511812687
1221,0.424422025680542
1222,0.349346399307251
1223,-0.038257379084825516
1224,0.4774482250213623
1225,0.447738379240036
1226,0.037203945219516754
1227,0.47692176699638367
1228,0.4604451656341553
1229,0.052418749779462814
1230,0.5016239285469055
1231,0.35582807660102844
1232,0.056914594024419785
1233,0.48679280281066895
1234,0.4303949475288391
1235,0.04620027169585228
1236,0.4959881603717804
1237,0.2827618420124054
1238,0.039889898151159286
1239,0.4462229013442993
1240,0.4920763373374939
1241,0.013919677585363388
1242,0.4133151173591614
1243,0.3804919421672821
1244,-0.028896497562527657
1245,0.4424062967300415
1246,0.3517531752586365
1247,-0.007941525429487228
1248,0.4935291111469269
1249,0.30659541487693787
1250,0.02950797788798809
1251,0.4603460431098938
1252,0.3045505881309509
1253,0.002933183219283819
1254,0.45308202505111694
1255,0.3056539297103882
1256,0.0009732721373438835
1257,0.4458083212375641
1258,0.4344838261604309
1259,0.0024245695676654577
1260,0.49300438165664673
1261,0.3774910867214203
1262,0.03116719052195549
1263,0.43132859468460083
1264,0.5094296336174011
1265,0.016884857788681984
1266,0.4555758535861969
1267,0.4900869131088257
1268,0.032294511795043945
1269,0.465567409992218
1270,0.477741539478302
1271,0.04120708629488945
1272,0.44612592458724976
1273,0.3051639199256897
1274,0.0005664929049089551
1275,0.43967175483703613
1276,0.3033454418182373
1277,0.0016886453377082944
1278,0.435683012008667
1279,0.3023870885372162
1280,0.003291571279987693
1281,0.4902089238166809
1282,0.28636378049850464
1283,0.02030659094452858
1284,0.4406443238258362
1285,0.29370710253715515
1286,-4.46537887910381e-06
1287,0.4476676881313324
1288,0.29063719511032104
1289,-0.001733546843752265
1290,0.4548899531364441
1291,0.28981533646583557
1292,-0.0013983562821522355
1293,0.46224868297576904
1294,0.29135966300964355
1295,0.0006290031014941633
1296,0.4668827950954437
1297,0.294084370136261
1298,0.0034946391824632883
1299,0.5004196166992188
1300,0.2771756947040558
1301,0.0623694472014904
1302,0.4652893543243408
1303,0.30275607109069824
1304,0.005421838723123074
1305,0.4393709897994995
1306,0.3983381986618042
1307,-0.012106167152523994
1308,0.4311586618423462
1309,0.3723418712615967
1310,-0.023832734674215317
1311,0.42275479435920715
1312,0.3956165611743927
1313,-0.02010345831513405
1314,0.46735143661499023
1315,0.46476447582244873
1316,0.030366523191332817
1317,0.4572668671607971
1318,0.47838544845581055
1319,0.022743195295333862
1320,0.4316520690917969
1321,0.5022764205932617
1322,0.006215664092451334
1323,0.4857984185218811
1324,0.4415381848812103
1325,0.06630674004554749
1326,0.43583738803863525
1327,0.2982617914676666
1328,0.0020082511473447084
1329,0.42290204763412476
1330,0.3276394009590149
1331,-0.02358071133494377
1332,0.44457346200942993
1333,0.5012182593345642
1334,0.022944267839193344
1335,0.4992823600769043
1336,0.38231557607650757
1337,0.05745159089565277
1338,0.4287286400794983
1339,0.43484801054000854
1340,-0.007440166547894478
1341,0.4303455352783203
1342,0.43845295906066895
1343,-0.0086408331990242
1344,0.432153582572937
1345,0.4440332055091858
1346,-0.009505383670330048
1347,0.4336399435997009
1348,0.4507904648780823
1349,-0.007748430594801903
1350,0.436271995306015
1351,0.45964717864990234
1352,-0.0007284860475920141
1353,0.44095179438591003
1354,0.4267929196357727
1355,-0.0008397825877182186
1356,0.44361522793769836
1357,0.4255311191082001
1358,-0.0009371257037855685
1359,0.44606009125709534
1360,0.4234243929386139
1361,-0.0010420480975881219
1362,0.45334237813949585
1363,0.41460034251213074
1364,0.00019518271437846124
1365,0.4825344979763031
1366,0.3846816122531891
1367,0.01475245226174593
1368,0.4226732850074768
1369,0.31574827432632446
1370,-0.016513366252183914
1371,0.4268301725387573
1372,0.2939750850200653
1373,-0.002940945327281952
1374,0.4321235418319702
1375,0.2952823340892792
1376,0.00027081285952590406
1377,0.43873849511146545
1378,0.42538589239120483
1379,0.00012250554573256522
1380,0.48354682326316833
1381,0.4136517345905304
1382,0.029334781691432
1383,0.4193960428237915
1384,0.29362088441848755
1385,-0.013859011232852936
1386,0.44063600897789
1387,0.469357967376709
1388,0.004562200978398323
1389,0.41663867235183716
1390,0.3214885890483856
1391,-0.029741352424025536
1392,0.4294610917568207
1393,0.34585314989089966
1394,-0.022534171119332314
1395,0.4275461733341217
1396,0.4782615303993225
1397,-5.2995521400589496e-05
1398,0.4585740268230438
1399,0.4432198107242584
1400,0.01175316795706749
1401,0.4471881687641144
1402,0.3770211935043335
1403,-0.005269207991659641
1404,0.450695276260376
1405,0.45776650309562683
1406,0.0088010523468256
1407,0.46510910987854004
1408,0.3752456307411194
1409,-0.0017077376833185554
1410,0.4546182453632355
1411,0.3892679214477539
1412,-0.002764003584161401
1413,0.4719688892364502
1414,0.3943421542644501
1415,0.006358881946653128
1416,0.4303929805755615
1417,0.4912915527820587
1418,0.0012219165218994021
1419,0.43494150042533875
1420,0.35225415229797363
1421,-0.016076255589723587
1422,0.4650343358516693
1423,0.4518347382545471
1424,0.020092055201530457
1425,0.45511412620544434
1426,0.4669293165206909
1427,0.015642747282981873
1428,0.464480459690094
1429,0.42686617374420166
1430,0.01126835122704506
1431,0.4908355474472046
1432,0.3981713652610779
1433,0.03564072027802467
1434,0.4739662706851959
1435,0.42812034487724304
1436,0.01942247897386551
1437,0.4949578642845154
1438,0.40710437297821045
1439,0.055574726313352585
1440,0.46103912591934204
1441,0.404773086309433
1442,0.0020766581874340773
1443,0.4286668002605438
1444,0.33526986837387085
1445,-0.01711602509021759
1446,0.4287746250629425
1447,0.3686401844024658
1448,-0.03438039496541023
1449,0.43465906381607056
1450,0.37145161628723145
1451,-0.024881357327103615
1452,0.4247843623161316
1453,0.3612680733203888
1454,-0.0409642830491066
1455,0.4330611228942871
1456,0.284484326839447
1457,-0.0060424418188631535
1458,0.44624951481819153
1459,0.27807384729385376
1460,-0.008146890439093113
1461,0.4579649865627289
1462,0.2765592038631439
1463,-0.007804916240274906
1464,0.4678530693054199
1465,0.27794089913368225
1466,-0.004471299238502979
1467,0.47478795051574707
1468,0.2824564576148987
1469,0.0009360339608974755
1470,0.47977572679519653
1471,0.3016158938407898
1472,0.014828742481768131
1473,0.5022875070571899
1474,0.3305826783180237
1475,0.05386333540081978
1476,0.4737810492515564
1477,0.3178270161151886
1478,0.009381747804582119
1479,0.46528252959251404
1480,0.3215539753437042
1481,0.004470670595765114
1482,0.4544544816017151
1483,0.3217531144618988
1484,0.001205856679007411
1485,0.4440813958644867
1486,0.319158136844635
1487,-8.00973575678654e-05
1488,0.436057984828949
1489,0.31544435024261475
1490,-0.0007722186273895204
1491,0.43046775460243225
1492,0.31172502040863037
1493,-0.0013231871416792274
1494,0.502016007900238
1495,0.33081233501434326
1496,0.08523877710103989
1497,0.43461427092552185
1498,0.37462493777275085
1499,-0.020503338426351547
1500,0.4229549169540405
1501,0.33818385004997253
1502,-0.029711976647377014
1503,0.42252016067504883
1504,0.3698045015335083
1505,-0.04090243577957153
1506,0.4181382656097412
1507,0.37576982378959656
1508,-0.03713768348097801
1509,0.4226815700531006
1510,0.37148287892341614
1511,-0.03665940463542938
1512,0.43239641189575195
1513,0.37858864665031433
1514,-0.017406217753887177
1515,0.4165569245815277
1516,0.37712153792381287
1517,-0.03927801549434662
1518,0.41603219509124756
1519,0.37946951389312744
1520,-0.029025062918663025
1521,0.4307482838630676
1522,0.30228719115257263
1523,0.0021529190707951784
1524,0.4259551763534546
1525,0.305463582277298
1526,-0.002760189352557063
1527,0.4233715832233429
1528,0.30759817361831665
1529,-0.00876870658248663
1530,0.4696475863456726
1531,0.29618608951568604
1532,0.006324808578938246
1533,0.4737986624240875
1534,0.2919571101665497
1535,0.006402470637112856
1536,0.0
1537,0.0
1538,0.0
1539,0.0
1540,0.0
1541,0.0
1542,0.0
1543,0.0
1544,0.0
1545,0.0
1546,0.0
1547,0.0
1548,0.0
1549,0.0
1550,0.0
1551,0.0
1552,0.0
1553,0.0
1554,0.0
1555,0.0
1556,0.0
1557,0.0
1558,0.0
1559,0.0
1560,0.0
1561,0.0
1562,0.0
1563,0.0
1564,0.0
1565,0.0
1566,0.0
1567,0.0
1568,0.0
1569,0.0
1570,0.0
1571,0.0
1572,0.0
1573,0.0
1574,0.0
1575,0.0
1576,0.0
1577,0.0
1578,0.0
1579,0.0
1580,0.0
1581,0.0
1582,0.0
1583,0.0
1584,0.0
1585,0.0
1586,0.0
1587,0.0
1588,0.0
1589,0.0
1590,0.0
1591,0.0
1592,0.0
1593,0.0
1594,0.0
1595,0.0
1596,0.0
1597,0.0
1598,0.0
1599,0.0
1600,0.0
1601,0.0
1602,0.0
1603,0.0
1604,0.0
1605,0.0
1606,0.0
1607,0.0
1608,0.0
1609,0.0
1610,0.0
1611,0.0
1612,0.0
1613,0.0
1614,0.0
1615,0.0
1616,0.0
1617,0.0
1618,0.0
1619,0.0
1620,0.0
1621,0.0
1622,0.0
1623,0.0
1624,0.0
1625,0.0
1626,0.0
1627,0.0
1628,0.0
1629,0.0
1630,0.0
1631,0.0
1632,0.0
1633,0.0
1634,0.0
1635,0.0
1636,0.0
1637,0.0
1638,0.0
1639,0.0
1640,0.0
1641,0.0
1642,0.0
1643,0.0
1644,0.0
1645,0.0
1646,0.0
1647,0.0
1648,0.0
1649,0.0
1650,0.0
1651,0.0
1652,0.0
1653,0.0
1654,0.0
1655,0.0
1656,0.0
1657,0.0
1658,0.0
1659,0.0
1660,0.0
1661,0.0
