,0
0,0.5159052610397339
1,0.3434620797634125
2,-0.7218643426895142
3,0.9999752044677734
4,0.5439091920852661
5,0.28069666028022766
6,-0.6602240800857544
7,0.9999516606330872
8,0.5578058958053589
9,0.28176695108413696
10,-0.6596320271492004
11,0.9999306797981262
12,0.573315441608429
13,0.2829205095767975
14,-0.6598948836326599
15,0.9999468326568604
16,0.49466317892074585
17,0.28036341071128845
18,-0.6604079604148865
19,0.999954879283905
20,0.4787077307701111
21,0.27983805537223816
22,-0.6598459482192993
23,0.9999462366104126
24,0.4626527428627014
25,0.28103095293045044
26,-0.6598491668701172
27,0.9999666810035706
28,0.5975995063781738
29,0.3171692490577698
30,-0.2767450511455536
31,0.9999274611473083
32,0.43460211157798767
33,0.3152259886264801
34,-0.2563762962818146
35,0.9999634623527527
36,0.5430749654769897
37,0.4136061370372772
38,-0.584695041179657
39,0.9999723434448242
40,0.4813651442527771
41,0.41116762161254883
42,-0.5795344114303589
43,0.9999775886535645
44,0.7320114970207214
45,0.6880476474761963
46,-0.06901250779628754
47,0.9997156262397766
48,0.31092655658721924
49,0.6396467685699463
50,-0.18282650411128998
51,0.9998561143875122
52,0.8202528953552246
53,1.0506131649017334
54,-0.016237657517194748
55,0.5830869078636169
56,0.07500557601451874
57,0.9059409499168396
58,-0.7370731234550476
59,0.9871971011161804
60,0.8505398631095886
61,1.505188226699829
62,-0.14271433651447296
63,0.18258999288082123
64,0.31920260190963745
65,0.39370739459991455
66,-1.321990966796875
67,0.9656049013137817
68,0.8821170926094055
69,1.6156961917877197
70,-0.21043458580970764
71,0.17534415423870087
72,0.3600581884384155
73,0.2395675778388977
74,-1.492317795753479
75,0.8874228596687317
76,0.8296483159065247
77,1.6095584630966187
78,-0.2478962242603302
79,0.2447991669178009
80,0.3769497871398926
81,0.23922857642173767
82,-1.3821420669555664
83,0.8954740762710571
84,0.8050583004951477
85,1.5740286111831665
86,-0.17645694315433502
87,0.24795958399772644
88,0.37947481870651245
89,0.2940281927585602
90,-1.3054826259613037
91,0.8825346231460571
92,0.6317543387413025
93,1.5163143873214722
94,-0.04787429794669151
95,0.003536876989528537
96,0.32635003328323364
97,1.4973124265670776
98,0.05260281637310982
99,0.005050948355346918
100,0.5914007425308228
101,2.198772430419922
102,-0.050379134714603424
103,0.0004402140330057591
104,0.31704020500183105
105,2.1871743202209473
106,0.027270536869764328
107,0.0003865195612888783
108,0.5560582876205444
109,2.8091483116149902
110,0.5488665699958801
111,4.435592200024985e-05
112,0.2958252727985382
113,2.7901194095611572
114,0.42100149393081665
115,8.382539817830548e-06
116,0.5596403479576111
117,2.892627000808716
118,0.5719876885414124
119,2.317404141649604e-05
120,0.2852250337600708
121,2.8688294887542725
122,0.4472106397151947
123,1.3344430044526234e-05
124,0.5137748122215271
125,2.9996213912963867
126,-0.027298619970679283
127,2.3558495740871876e-05
128,0.33227843046188354
129,3.002223014831543
130,-0.23256275057792664
131,2.3712624170002528e-05
132,0.5076048970222473
133,0.41275936365127563
134,-0.022959157824516296
135,0.5038593411445618
136,0.366678386926651
137,-0.04586922004818916
138,0.5062357187271118
139,0.3796173632144928
140,-0.02343902178108692
141,0.49730873107910156
142,0.32679635286331177
143,-0.03528609126806259
144,0.503434956073761
145,0.3541211187839508
146,-0.049135737121105194
147,0.5037379860877991
148,0.33793848752975464
149,-0.04627712815999985
150,0.5054574608802795
151,0.2992783784866333
152,-0.025747347623109818
153,0.4509066939353943
154,0.296753853559494
155,0.01390259899199009
156,0.5060503482818604
157,0.27330008149147034
158,-0.021980417892336845
159,0.505889892578125
160,0.2578528821468353
161,-0.024633141234517097
162,0.5062068700790405
163,0.19512996077537537
164,-0.01746262237429619
165,0.5079340934753418
166,0.41954976320266724
167,-0.02177547849714756
168,0.5083853602409363
169,0.424894243478775
170,-0.018720882013440132
171,0.5089325904846191
172,0.42726343870162964
173,-0.014712371863424778
174,0.5093059539794922
175,0.442569375038147
176,-0.009699229151010513
177,0.5093281865119934
178,0.449525386095047
179,-0.010713597759604454
180,0.5094130635261536
181,0.457637220621109
182,-0.011638122610747814
183,0.5097633004188538
184,0.46573129296302795
185,-0.008855060674250126
186,0.5106191039085388
187,0.474002480506897
188,0.0012500887969508767
189,0.5046015381813049
190,0.372912734746933
191,-0.04136601462960243
192,0.4975391626358032
193,0.37230873107910156
194,-0.028921175748109818
195,0.42768925428390503
196,0.2539115250110626
197,0.05351942032575607
198,0.47381022572517395
199,0.30649900436401367
200,0.003938718698918819
201,0.46607705950737
202,0.30786070227622986
203,0.005099185276776552
204,0.4585064649581909
205,0.307941198348999
206,0.007893867790699005
207,0.4485093355178833
208,0.3014467656612396
209,0.015499689616262913
210,0.4801415205001831
211,0.3031724989414215
212,0.0035285563208162785
213,0.4619625508785248
214,0.27831876277923584
215,0.00021966519125271589
216,0.47080397605895996
217,0.2787138819694519
218,-0.0006809848709963262
219,0.45404312014579773
220,0.2800956964492798
221,0.003597007365897298
222,0.4490737318992615
223,0.2839024066925049
224,0.007638898212462664
225,0.4430156648159027
226,0.3104468584060669
227,0.020230548456311226
228,0.4811117649078369
229,0.4835619330406189
230,0.014533697627484798
231,0.4481123089790344
232,0.29396241903305054
233,0.016628360375761986
234,0.42493385076522827
235,0.30512547492980957
236,0.05965162813663483
237,0.4350886046886444
238,0.30293458700180054
239,0.028979288414120674
240,0.46760714054107666
241,0.35892021656036377
242,-0.0014842438977211714
243,0.49741053581237793
244,0.4108904004096985
245,-0.020736880600452423
246,0.5002811551094055
247,0.4251890182495117
248,-0.01641750894486904
249,0.4879502058029175
250,0.41567060351371765
251,-0.014423717744648457
252,0.4831145703792572
253,0.422232061624527
254,-0.006646912079304457
255,0.4936769902706146
256,0.42652085423469543
257,-0.011885054409503937
258,0.4891529381275177
259,0.4288311004638672
260,-0.004927396774291992
261,0.4745352566242218
262,0.44478756189346313
263,0.010637747123837471
264,0.4970228672027588
265,0.3663909435272217
266,-0.04463653638958931
267,0.49533969163894653
268,0.35460972785949707
269,-0.04755089804530144
270,0.4376317858695984
271,0.27407678961753845
272,0.009648383595049381
273,0.48255786299705505
274,0.3269100785255432
275,-0.0061808074824512005
276,0.47911274433135986
277,0.3640037477016449
278,-0.021751513704657555
279,0.4786205589771271
280,0.35766324400901794
281,-0.019164208322763443
282,0.4464811384677887
283,0.35879865288734436
284,0.010966066271066666
285,0.49619194865226746
286,0.33943113684654236
287,-0.04290024936199188
288,0.45477885007858276
289,0.26267677545547485
290,-0.007987946271896362
291,0.4441911578178406
292,0.2662143111228943
293,-0.00023093876370694488
294,0.43312937021255493
295,0.23282542824745178
296,0.034944258630275726
297,0.48946863412857056
298,0.271672785282135
299,-0.017791545018553734
300,0.4785327613353729
301,0.2818724811077118
302,0.0013715066015720367
303,0.4691869020462036
304,0.43120554089546204
305,0.01198114175349474
306,0.43888163566589355
307,0.4163827896118164
308,0.08785763382911682
309,0.48566392064094543
310,0.37049415707588196
311,-0.018556443974375725
312,0.4926559329032898
313,0.374517560005188
314,-0.020499873906373978
315,0.4778744578361511
316,0.4343251883983612
317,0.010050622746348381
318,0.4823564887046814
319,0.43357396125793457
320,0.007221666164696217
321,0.44035282731056213
322,0.25848424434661865
323,0.004073086194694042
324,0.47970110177993774
325,0.3698216378688812
326,-0.016775039955973625
327,0.4696018695831299
328,0.26378297805786133
329,-0.014057360589504242
330,0.46787551045417786
331,0.2539367973804474
332,-0.01625749282538891
333,0.46071338653564453
334,0.20346257090568542
335,-0.0018489115172997117
336,0.43687838315963745
337,0.24494501948356628
338,0.017381606623530388
339,0.4649454653263092
340,0.22730495035648346
341,-0.00964764691889286
342,0.4338056445121765
343,0.26898661255836487
344,0.017190903425216675
345,0.43068742752075195
346,0.26179465651512146
347,0.03436213359236717
348,0.49867135286331177
349,0.41908180713653564
350,-0.019581088796257973
351,0.4910021722316742
352,0.4221673011779785
353,-0.013552220538258553
354,0.48599568009376526
355,0.42574161291122437
356,-0.006507495418190956
357,0.4880446791648865
358,0.37294214963912964
359,-0.017433224245905876
360,0.4800793528556824
361,0.43437492847442627
362,0.008403909392654896
363,0.4824926555156708
364,0.43909600377082825
365,0.003938840236514807
366,0.4836137294769287
367,0.4322067201137543
368,0.006832169834524393
369,0.48892396688461304
370,0.36568188667297363
371,-0.03111898899078369
372,0.49147382378578186
373,0.4281695485115051
374,-0.0036720270290970802
375,0.49604031443595886
376,0.4274379312992096
377,-0.008633667603135109
378,0.5019501447677612
379,0.4271860718727112
380,-0.012685182504355907
381,0.49899986386299133
382,0.4727047383785248
383,0.002375762676820159
384,0.4984797239303589
385,0.46389877796173096
386,-0.007436135783791542
387,0.49906256794929504
388,0.4559718072414398
389,-0.009642645716667175
390,0.5000550746917725
391,0.4475242495536804
392,-0.008641988970339298
393,0.5012140870094299
394,0.44177818298339844
395,-0.007630436215549707
396,0.4900270104408264
397,0.4381018579006195
398,-6.954518903512508e-05
399,0.48825278878211975
400,0.44040191173553467
401,-0.0011020468082278967
402,0.48564204573631287
403,0.44438380002975464
404,-0.0015282456297427416
405,0.48358023166656494
406,0.4484885632991791
407,0.0004645705339498818
408,0.4756964147090912
409,0.40605613589286804
410,-0.0040847063064575195
411,0.42951664328575134
412,0.35682928562164307
413,0.09772025793790817
414,0.5053655505180359
415,0.375319242477417
416,-0.02980673871934414
417,0.4871978759765625
418,0.4361248314380646
419,0.00427232775837183
420,0.48492592573165894
421,0.4374370574951172
422,0.003624689532443881
423,0.49564847350120544
424,0.380253404378891
425,-0.02026296965777874
426,0.48339566588401794
427,0.3777819275856018
428,-0.010570990853011608
429,0.494182288646698
430,0.37751835584640503
431,-0.02075810357928276
432,0.47474461793899536
433,0.33439016342163086
434,-0.001928661367855966
435,0.4627556800842285
436,0.34350332617759705
437,0.001894047949463129
438,0.47809454798698425
439,0.3635031282901764
440,-0.01397689152508974
441,0.4433284401893616
442,0.21562963724136353
443,0.015420139767229557
444,0.44765061140060425
445,0.23292982578277588
446,0.0032313570845872164
447,0.45204776525497437
448,0.2529991567134857
449,-0.00646030530333519
450,0.4805566668510437
451,0.4545431435108185
452,0.007431432604789734
453,0.48643916845321655
454,0.25633883476257324
455,-0.02191116474568844
456,0.4837387800216675
457,0.22546304762363434
458,-0.017736604437232018
459,0.480984628200531
460,0.19723284244537354
461,-0.01288855541497469
462,0.4521133601665497
463,0.30585116147994995
464,0.01190262008458376
465,0.4355468153953552
466,0.31964433193206787
467,0.026094388216733932
468,0.4842379093170166
469,0.2997673451900482
470,0.004201551433652639
471,0.4415212571620941
472,0.28789615631103516
473,0.015612511895596981
474,0.48789942264556885
475,0.3188076615333557
476,-0.01020712498575449
477,0.4832783341407776
478,0.3588502109050751
479,-0.030800186097621918
480,0.42871972918510437
481,0.3279403746128082
482,0.03666078671813011
483,0.44016242027282715
484,0.3283460736274719
485,0.018588677048683167
486,0.44960203766822815
487,0.33274397253990173
488,0.010305485688149929
489,0.4641934633255005
490,0.3298119902610779
491,0.004823041148483753
492,0.4748215675354004
493,0.3238905370235443
494,0.001800350728444755
495,0.4827430248260498
496,0.3177606463432312
497,-0.001814475399442017
498,0.497793585062027
499,0.30262434482574463
500,-0.021425392478704453
501,0.4305111765861511
502,0.35362157225608826
503,0.03553517162799835
504,0.43589872121810913
505,0.28706830739974976
506,0.01991920731961727
507,0.5004368424415588
508,0.37256163358688354
509,-0.040422286838293076
510,0.48258453607559204
511,0.3388565182685852
512,-0.00906028226017952
513,0.42597442865371704
514,0.304193377494812
515,0.08836907893419266
516,0.48860979080200195
517,0.31105250120162964
518,-0.004137084819376469
519,0.47819235920906067
520,0.3644839823246002
521,-0.005089151207357645
522,0.4457104206085205
523,0.29481831192970276
524,0.0184093676507473
525,0.4830743670463562
526,0.3511965870857239
527,-0.02773580513894558
528,0.43254321813583374
529,0.38541579246520996
530,0.09511284530162811
531,0.48420479893684387
532,0.29516831040382385
533,0.0063552153296768665
534,0.48933491110801697
535,0.34405192732810974
536,-0.03690408170223236
537,0.4519232511520386
538,0.44926607608795166
539,0.04490918293595314
540,0.45384159684181213
541,0.4616395831108093
542,0.05991148576140404
543,0.4260386526584625
544,0.35563597083091736
545,0.06662016361951828
546,0.44373640418052673
547,0.43114134669303894
548,0.05448690056800842
549,0.427620530128479
550,0.28158533573150635
551,0.04935197904706001
552,0.47988322377204895
553,0.4954689145088196
554,0.020192204043269157
555,0.5020402073860168
556,0.3749498724937439
557,-0.029022326692938805
558,0.4761906862258911
559,0.3484378159046173
560,-0.004724952392280102
561,0.4297013282775879
562,0.30524590611457825
563,0.03821249306201935
564,0.4587033987045288
565,0.3001771867275238
566,0.0084880031645298
567,0.4656704068183899
568,0.3008512258529663
569,0.0058854264207184315
570,0.4801446795463562
571,0.4409443140029907
572,0.005577374249696732
573,0.4337429404258728
574,0.37787002325057983
575,0.03967252001166344
576,0.49480825662612915
577,0.5144675374031067
578,0.022255660966038704
579,0.4719471335411072
580,0.4930124878883362
581,0.038853079080581665
582,0.4633188843727112
583,0.4796900749206543
584,0.04805948585271835
585,0.5059608817100525
586,0.2251170128583908
587,-0.02152230590581894
588,0.5126796364784241
589,0.5179682374000549
590,0.018542638048529625
591,0.47234052419662476
592,0.29980018734931946
593,0.004750049207359552
594,0.47845956683158875
595,0.2976294755935669
596,0.005187501665204763
597,0.4823334515094757
598,0.29632246494293213
599,0.0064164730720222
600,0.4315025806427002
601,0.2848935127258301
602,0.02884090691804886
603,0.4775691032409668
604,0.28849005699157715
605,0.0036971126683056355
606,0.4707888662815094
607,0.2862158417701721
608,0.0024232296273112297
609,0.46368125081062317
610,0.2858101725578308
611,0.0035048718564212322
612,0.4565993547439575
613,0.2876027822494507
614,0.006266228388994932
615,0.4523249864578247
616,0.2903899848461151
617,0.009561081416904926
618,0.42551374435424805
619,0.27621978521347046
620,0.0727163776755333
621,0.4540736675262451
622,0.2985857427120209
623,0.011402584612369537
624,0.5068886280059814
625,0.39031684398651123
626,-0.021015256643295288
627,0.4810013771057129
628,0.3973110318183899
629,-0.009909788146615028
630,0.48510026931762695
631,0.3682827651500702
632,-0.0223037451505661
633,0.4954322278499603
634,0.3921761214733124
635,-0.01907934993505478
636,0.5061235427856445
637,0.28566819429397583
638,-0.02040894329547882
639,0.4606011211872101
640,0.466810405254364
641,0.0372813418507576
642,0.4697475731372833
643,0.48085176944732666
644,0.029300415888428688
645,0.4936632215976715
646,0.5063654780387878
647,0.011751778423786163
648,0.44634613394737244
649,0.44208288192749023
650,0.07451938837766647
651,0.4820433259010315
652,0.2923465967178345
653,0.005172779783606529
654,0.492076575756073
655,0.3218510150909424
656,-0.022336648777127266
657,0.5117514729499817
658,0.5100389122962952
659,0.008515226654708385
660,0.4819376468658447
661,0.5053331255912781
662,0.02920900285243988
663,0.42978978157043457
664,0.38222503662109375
665,0.06683594733476639
666,0.49482932686805725
667,0.44012513756752014
668,-0.0040779635310173035
669,0.493111789226532
670,0.4443216919898987
671,-0.00508706271648407
672,0.49103161692619324
673,0.45059359073638916
674,-0.0055390107445418835
675,0.4895966351032257
676,0.4575583338737488
677,-0.003551534377038479
678,0.4881969690322876
679,0.46473148465156555
680,0.004018340725451708
681,0.4853276014328003
682,0.43083441257476807
683,0.0014033569023013115
684,0.48228350281715393
685,0.42980730533599854
686,0.001586059806868434
687,0.47960370779037476
688,0.42775508761405945
689,0.0016694881487637758
690,0.4716048240661621
691,0.4177427589893341
692,0.0037863750476390123
693,0.4433057904243469
694,0.38511747121810913
695,0.022067662328481674
696,0.49296319484710693
697,0.3098691701889038
698,-0.015251223929226398
699,0.49008527398109436
700,0.28801071643829346
701,-0.0013099033385515213
702,0.4853873550891876
703,0.2890821099281311
704,0.0027137831784784794
705,0.4877026379108429
706,0.42888331413269043
707,0.0021820166148245335
708,0.445107638835907
709,0.4146561026573181
710,0.03713405504822731
711,0.4961739778518677
712,0.28787294030189514
713,-0.013117513619363308
714,0.4845810532569885
715,0.4728565812110901
716,0.010053472593426704
717,0.5043514370918274
718,0.3246333599090576
719,-0.03899999335408211
720,0.4973181486129761
721,0.3152787685394287
722,-0.029237991198897362
723,0.5049030780792236
724,0.31233611702919006
725,-0.03203020617365837
726,0.48621460795402527
727,0.3409864604473114
728,-0.02081015706062317
729,0.5112068057060242
730,0.4979773759841919
731,0.003460075007751584
732,0.510797917842865
733,0.4845321476459503
734,0.0027256375178694725
735,0.49691885709762573
736,0.4821779131889343
737,0.005344065371900797
738,0.46737542748451233
739,0.44669854640960693
740,0.01681824028491974
741,0.472904235124588
742,0.37521693110466003
743,-0.001836666720919311
744,0.4750130772590637
745,0.46102041006088257
746,0.013975877314805984
747,0.45739972591400146
748,0.374576210975647
749,0.0040795099921524525
750,0.4676256477832794
751,0.38882938027381897
752,0.0013304558815434575
753,0.45327699184417725
754,0.39499643445014954
755,0.01290756743401289
756,0.49445226788520813
757,0.4947453737258911
758,0.00686969980597496
759,0.48194262385368347
760,0.34815511107444763
761,-0.013805522583425045
762,0.46165716648101807
763,0.4543907046318054
764,0.026300854980945587
765,0.4711792469024658
766,0.469479501247406
767,0.021705972030758858
768,0.46175044775009155
769,0.4303141236305237
770,0.01695365644991398
771,0.4375765323638916
772,0.3986523747444153
773,0.04390200227499008
774,0.45348668098449707
775,0.43024516105651855
776,0.026300441473722458
777,0.4353685677051544
778,0.4072285592556
779,0.06452430784702301
780,0.463775634765625
781,0.40660741925239563
782,0.007028053514659405
783,0.48742637038230896
784,0.33012595772743225
785,-0.01523470040410757
786,0.486085444688797
787,0.36386317014694214
788,-0.03278337046504021
789,0.4816596508026123
790,0.36763328313827515
791,-0.02292836271226406
792,0.488815039396286
793,0.3559415638446808
794,-0.03966640308499336
795,0.48377105593681335
796,0.2792208790779114
797,-0.0037213063333183527
798,0.4705774188041687
799,0.27365177869796753
800,-0.004787536337971687
801,0.4590000510215759
802,0.27266985177993774
803,-0.00333191710524261
804,0.4497404098510742
805,0.2745237350463867
806,0.0012355768121778965
807,0.44389215111732483
808,0.27935606241226196
809,0.007416934240609407
810,0.4412441849708557
811,0.2989127039909363
812,0.02215479500591755
813,0.42428579926490784
814,0.3300268352031708
815,0.06381358951330185
816,0.44684356451034546
817,0.31550025939941406
818,0.016064878553152084
819,0.45462700724601746
820,0.31880420446395874
821,0.010247275233268738
822,0.46485650539398193
823,0.318027138710022
824,0.005873931106179953
825,0.4745712876319885
826,0.31454476714134216
827,0.0037729949690401554
828,0.48201531171798706
829,0.3100985586643219
830,0.0018923947354778647
831,0.48717200756073
832,0.3059766888618469
833,0.0008510599727742374
834,0.42795395851135254
835,0.3303986191749573
836,0.09595503658056259
837,0.4825231432914734
838,0.371275395154953
839,-0.018641658127307892
840,0.4913215935230255
841,0.3326641023159027
842,-0.028393840417265892
843,0.4914180636405945
844,0.3644101917743683
845,-0.04000825807452202
846,0.4966706931591034
847,0.37043365836143494
848,-0.036832522600889206
849,0.49193140864372253
850,0.3662984371185303
851,-0.035760316997766495
852,0.4854040741920471
853,0.37529700994491577
854,-0.015765879303216934
855,0.4979683458805084
856,0.3716912865638733
857,-0.039167460054159164
858,0.4993455708026886
859,0.37418749928474426
860,-0.028947055339813232
861,0.486919641494751
862,0.296040415763855
863,0.004536320921033621
864,0.4912203848361969
865,0.29938313364982605
866,-0.0012173077557235956
867,0.4931181073188782
868,0.3016643524169922
869,-0.0076469057239592075
870,0.44991549849510193
871,0.2923814654350281
872,0.012671295553445816
873,0.4456295371055603
874,0.28828364610671997
875,0.013143123127520084
876,0.511921226978302
877,0.3265373408794403
878,-0.03676840290427208
879,0.5684382319450378
880,0.29547715187072754
881,0.0026467591524124146
882,0.5136062502861023
883,0.3719620108604431
884,-0.030118316411972046
885,0.601268470287323
886,0.2490353286266327
887,0.03657612204551697
888,0.5439007878303528
889,0.3055800497531891
890,-0.0034746776800602674
891,0.5522371530532837
892,0.3066812753677368
893,-0.003680806141346693
894,0.560505211353302
895,0.30638718605041504
896,-0.0023087323643267155
897,0.5718274712562561
898,0.2999159097671509
899,0.0036749320570379496
900,0.5368604063987732
901,0.30241185426712036
902,-0.0022357297129929066
903,0.5553948283195496
904,0.2769491970539093
905,-0.00898806843906641
906,0.5460779070854187
907,0.277448445558548
908,-0.007959607057273388
909,0.5639627575874329
910,0.27867212891578674
911,-0.006967400200664997
912,0.569719672203064
913,0.2823527753353119
914,-0.003769827773794532
915,0.5786387920379639
916,0.3080197274684906
917,0.007409513462334871
918,0.543438732624054
919,0.48383164405822754
920,0.009220678359270096
921,0.5717109441757202
922,0.2927384078502655
923,0.004839126951992512
924,0.6049981713294983
925,0.30111217498779297
926,0.04245036840438843
927,0.5885583758354187
928,0.2999667227268219
929,0.014651898294687271
930,0.5499268174171448
931,0.35709044337272644
932,-0.009067005477845669
933,0.518326997756958
934,0.4101475179195404
935,-0.022740771993994713
936,0.517361581325531
937,0.42449960112571716
938,-0.01830308511853218
939,0.529833972454071
940,0.41426461935043335
941,-0.018399877473711967
942,0.536993682384491
943,0.4199644923210144
944,-0.012206708081066608
945,0.5254083871841431
946,0.4252123236656189
947,-0.015621893107891083
948,0.5315159559249878
949,0.42677512764930725
950,-0.009782267734408379
951,0.5495672225952148
952,0.4425065815448761
953,0.0035077198408544064
954,0.511124849319458
955,0.36603590846061707
956,-0.04565649479627609
957,0.5120284557342529
958,0.35423529148101807
959,-0.04865766316652298
960,0.5826489925384521
961,0.2715880870819092
962,-0.003693970385938883
963,0.5330734848976135
964,0.32589253783226013
965,-0.011068038642406464
966,0.5336543917655945
967,0.36265626549720764
968,-0.026203930377960205
969,0.5346262454986572
970,0.35630613565444946
971,-0.023835690692067146
972,0.5744887590408325
973,0.3560239374637604
974,-0.0013837398728355765
975,0.5118748545646667
976,0.3391418755054474
977,-0.044333089143037796
978,0.5612053275108337
979,0.26094529032707214
980,-0.017409158870577812
981,0.5737844109535217
982,0.2641179859638214
983,-0.01203728374093771
984,0.5919377207756042
985,0.2280525416135788
986,0.019774731248617172
987,0.5236039161682129
988,0.271261990070343
989,-0.020928215235471725
990,0.538232684135437
991,0.28082311153411865
992,-0.004574079066514969
993,0.5546330809593201
994,0.42840683460235596
995,0.0034617658238857985
996,0.5982279777526855
997,0.4151599109172821
998,0.07228187471628189
999,0.5275385975837708
1000,0.36942151188850403
1001,-0.022013982757925987
1002,0.5203534960746765
1003,0.37379562854766846
1004,-0.022214379161596298
1005,0.5457940101623535
1006,0.4310391843318939
1007,0.002651951741427183
1008,0.5413508415222168
1009,0.43043914437294006
1010,0.0007318735588341951
1011,0.5785850882530212
1012,0.25599661469459534
1013,-0.008350539952516556
1014,0.5344668626785278
1015,0.3683975338935852
1016,-0.02123643457889557
1017,0.5446156859397888
1018,0.2626364827156067
1019,-0.020529603585600853
1020,0.5460380911827087
1021,0.2524588108062744
1022,-0.022807644680142403
1023,0.5556447505950928
1024,0.20021934807300568
1025,-0.010539259761571884
1026,0.5847820043563843
1027,0.24121597409248352
1028,0.003806185442954302
1029,0.5497195720672607
1030,0.22496138513088226
1031,-0.0171679500490427
1032,0.5880374908447266
1033,0.2658610939979553
1034,0.0028724719304591417
1035,0.5945199728012085
1036,0.2579072117805481
1037,0.018914245069026947
1038,0.5180115699768066
1039,0.4183433949947357
1040,-0.021589497104287148
1041,0.5274177193641663
1042,0.4208141267299652
1043,-0.0174636859446764
1044,0.5342891216278076
1045,0.4235786199569702
1046,-0.011721943505108356
1047,0.5254499316215515
1048,0.3719944953918457
1049,-0.02016063593327999
1050,0.5435080528259277
1051,0.43108421564102173
1052,0.0015430417843163013
1053,0.5405016541481018
1054,0.4364091455936432
1055,-0.001883170218206942
1056,0.5402167439460754
1057,0.42939358949661255
1058,0.0005379286012612283
1059,0.5218799114227295
1060,0.3650257885456085
1061,-0.03414890915155411
1062,0.5297787189483643
1063,0.42615973949432373
1064,-0.008253470994532108
1065,0.5238026976585388
1066,0.42614075541496277
1067,-0.012105908244848251
1068,0.5166833996772766
1069,0.4264973998069763
1070,-0.014598703943192959
1071,0.5228320360183716
1072,0.4723816514015198
1073,0.0005182113382034004
1074,0.5216761231422424
1075,0.46340852975845337
1076,-0.009555654600262642
1077,0.5204793810844421
1078,0.4554857611656189
1079,-0.011802034452557564
1080,0.519146203994751
1081,0.4469950199127197
1082,-0.010706104338169098
1083,0.5181716084480286
1084,0.44134461879730225
1085,-0.009601096622645855
1086,0.5319019556045532
1087,0.43629151582717896
1088,-0.004571506287902594
1089,0.5336198210716248
1090,0.4384642243385315
1091,-0.005661268252879381
1092,0.5363115072250366
1093,0.4423978328704834
1094,-0.006203089840710163
1095,0.5386993288993835
1096,0.44654580950737
1097,-0.004486779682338238
1098,0.5434519052505493
1099,0.4039907157421112
1100,-0.01035925094038248
1101,0.6074210405349731
1102,0.35381385684013367
1103,0.08017680794000626
1104,0.5357578992843628
1105,0.43382659554481506
1106,-0.0012891222722828388
1107,0.5379310250282288
1108,0.43492016196250916
1109,-0.0019635860808193684
1110,0.5176180601119995
1111,0.37965041399002075
1112,-0.021978074684739113
1113,0.531797468662262
1114,0.3764652609825134
1115,-0.014121966436505318
1116,0.5189003348350525
1117,0.3767823576927185
1118,-0.022383181378245354
1119,0.5420131683349609
1120,0.3329736292362213
1121,-0.008532783947885036
1122,0.555299699306488
1123,0.34146153926849365
1124,-0.006986112333834171
1125,0.5363850593566895
1126,0.3619915843009949
1127,-0.018827084451913834
1128,0.5774112343788147
1129,0.21120478212833405
1130,0.002934794407337904
1131,0.5705687403678894
1132,0.22965441644191742
1133,-0.007756667677313089
1134,0.5641050934791565
1135,0.2508501410484314
1136,-0.0163067989051342
1137,0.5429733395576477
1138,0.4532197415828705
1139,0.0016614818014204502
1140,0.5260643362998962
1141,0.25559505820274353
1142,-0.025222107768058777
1143,0.5290263891220093
1144,0.22423498332500458
1145,-0.021602047607302666
1146,0.5327150225639343
1147,0.19538314640522003
1148,-0.01730266772210598
1149,0.5676532983779907
1150,0.30426353216171265
1151,0.0006471077213063836
1152,0.5876331329345703
1153,0.31656789779663086
1154,0.01191084086894989
1155,0.5323551893234253
1156,0.2993088960647583
1157,-0.0009390134364366531
1158,0.5792250633239746
1159,0.28580597043037415
1160,0.002673053415492177
1161,0.5267201066017151
1162,0.31805700063705444
1163,-0.014169201254844666
1164,0.5275615453720093
1165,0.35792064666748047
1166,-0.03439297899603844
1167,0.5969390273094177
1168,0.3245371878147125
1169,0.020676270127296448
1170,0.5814129114151001
1171,0.32538264989852905
1172,0.005252290517091751
1173,0.5702604055404663
1174,0.33010029792785645
1175,-0.0012539491290226579
1176,0.5541373491287231
1177,0.32796016335487366
1178,-0.004109088331460953
1179,0.5424597263336182
1180,0.32255369424819946
1181,-0.005007358733564615
1182,0.5336530804634094
1183,0.31688517332077026
1184,-0.006940061692148447
1185,0.5140694975852966
1186,0.30229654908180237
1187,-0.023152602836489677
1188,0.5950367450714111
1189,0.3504442870616913
1190,0.019715076312422752
1191,0.5863471627235413
1192,0.2843064069747925
1193,0.005807207897305489
1194,0.5089869499206543
1195,0.37236225605010986
1196,-0.04123473912477493
1197,0.5323297381401062
1198,0.3378298878669739
1199,-0.013737763278186321
1200,0.6087601184844971
1201,0.29985782504081726
1202,0.07019168883562088
1203,0.5268555283546448
1204,0.31041544675827026
1205,-0.008089067414402962
1206,0.5375296473503113
1207,0.36291906237602234
1208,-0.009851944632828236
1209,0.5748282074928284
1210,0.29324546456336975
1211,0.006093084812164307
1212,0.5284513235092163
1213,0.35021379590034485
1214,-0.03142239525914192
1215,0.6048377752304077
1216,0.38329875469207764
1217,0.07844775170087814
1218,0.5326883792877197
1219,0.29486358165740967
1220,0.0010092497104778886
1221,0.520201563835144
1222,0.3433896005153656
1223,-0.03960375487804413
1224,0.5785317420959473
1225,0.4490608274936676
1226,0.03300369158387184
1227,0.5798088908195496
1228,0.462153822183609
1229,0.04801391437649727
1230,0.6050463318824768
1231,0.35251954197883606
1232,0.04951954260468483
1233,0.588017463684082
1234,0.4303778409957886
1235,0.04073603078722954
1236,0.6000941395759583
1237,0.277478963136673
1238,0.032927390187978745
1239,0.5459752678871155
1240,0.49613508582115173
1241,0.014547914266586304
1242,0.5088080167770386
1243,0.3747619688510895
1244,-0.029544280841946602
1245,0.5401091575622559
1246,0.34694424271583557
1247,-0.010604681447148323
1248,0.5960742235183716
1249,0.3019042909145355
1250,0.022611182183027267
1251,0.5595932602882385
1252,0.2989649772644043
1253,-0.0013863788917660713
1254,0.5521664023399353
1255,0.29981696605682373
1256,-0.002882238244637847
1257,0.5431157946586609
1258,0.43821436166763306
1259,-0.0006043396424502134
1260,0.5932219624519348
1261,0.3752134442329407
1262,0.024215957149863243
1263,0.5311802625656128
1264,0.5149676203727722
1265,0.019057147204875946
1266,0.5575681328773499
1267,0.49411913752555847
1268,0.031048564240336418
1269,0.5681739449501038
1270,0.4807323217391968
1271,0.0384443998336792
1272,0.5451700687408447
1273,0.298939049243927
1274,-0.0027383542619645596
1275,0.5386583209037781
1276,0.29686999320983887
1277,-0.0012503863545134664
1278,0.5346093773841858
1279,0.29584795236587524
1280,0.0006185012753121555
1281,0.5926973819732666
1282,0.2814944386482239
1283,0.01365745346993208
1284,0.5397546291351318
1285,0.287899911403656
1286,-0.0030178057495504618
1287,0.5469959378242493
1288,0.28545451164245605
1289,-0.005353284999728203
1290,0.554259717464447
1291,0.2851102352142334
1292,-0.005558962933719158
1293,0.5616434216499329
1294,0.28678131103515625
1295,-0.003988166805356741
1296,0.5663797855377197
1297,0.2893872857093811
1298,-0.0013148307334631681
1299,0.6064729690551758
1300,0.2715117335319519
1301,0.05505752190947533
1302,0.5647206902503967
1303,0.29735615849494934
1304,0.0006980279576964676
1305,0.5359585881233215
1306,0.39578425884246826
1307,-0.014707750640809536
1308,0.5274093151092529
1309,0.36725977063179016
1310,-0.025426561012864113
1311,0.5191161632537842
1312,0.3914889991283417
1313,-0.02112710289657116
1314,0.5685819387435913
1315,0.4671464264392853
1316,0.02760997787117958
1317,0.5579435229301453
1318,0.4816100001335144
1319,0.021773235872387886
1320,0.5304707288742065
1321,0.5067963004112244
1322,0.008658906444907188
1323,0.5892733335494995
1324,0.44182536005973816
1325,0.060475848615169525
1326,0.5348210334777832
1327,0.29201507568359375
1328,-0.0007406133809126914
1329,0.5198603868484497
1330,0.32137101888656616
1331,-0.02497040294110775
1332,0.5454795360565186
1333,0.5062323212623596
1334,0.02341744676232338
1335,0.6022186279296875
1336,0.37989407777786255
1337,0.05033230036497116
1338,0.5256516337394714
1339,0.43898481130599976
1340,-0.007589567918330431
1341,0.5273804664611816
1342,0.4430934190750122
1343,-0.008641011081635952
1344,0.5295950770378113
1345,0.44930872321128845
1346,-0.009303152561187744
1347,0.5314822793006897
1348,0.45638924837112427
1349,-0.007404884323477745
1350,0.5344480872154236
1351,0.46392911672592163
1352,-0.00020241778111085296
1353,0.5371375679969788
1354,0.4281737208366394
1355,-0.004586829338222742
1356,0.5399569869041443
1357,0.427016019821167
1358,-0.004915936850011349
1359,0.5425664186477661
1360,0.42482349276542664
1361,-0.0050514936447143555
1362,0.5499488115310669
1363,0.4151313304901123
1364,-0.004063817206770182
1365,0.5808124542236328
1366,0.3826110064983368
1367,0.008790729567408562
1368,0.5202754139900208
1369,0.3093961179256439
1370,-0.01809033192694187
1371,0.5253883004188538
1372,0.2876768112182617
1373,-0.004797377157956362
1374,0.5309481024742126
1375,0.2886333465576172
1376,-0.002210806356742978
1377,0.5350649356842041
1378,0.4264217019081116
1379,-0.003515545977279544
1380,0.5828540325164795
1381,0.4129585027694702
1382,0.023872796446084976
1383,0.517414391040802
1384,0.28762319684028625
1385,-0.01520167663693428
1386,0.539085328578949
1387,0.4725845158100128
1388,0.005429401062428951
1389,0.5131264925003052
1390,0.31500303745269775
1391,-0.030666744336485863
1392,0.5263553261756897
1393,0.3400905430316925
1394,-0.024240093305706978
1395,0.5254994630813599
1396,0.4821828305721283
1397,0.003098893677815795
1398,0.5575627684593201
1399,0.44541728496551514
1400,0.008762892335653305
1401,0.5444985032081604
1402,0.3734554350376129
1403,-0.00800690520554781
1404,0.5497455596923828
1405,0.4603513479232788
1406,0.00765303336083889
1407,0.5622889399528503
1408,0.37238210439682007
1409,-0.005713338498026133
1410,0.5516250133514404
1411,0.3868981599807739
1412,-0.006364068016409874
1413,0.5692421197891235
1414,0.39283570647239685
1415,0.0017729648388922215
1416,0.5285071134567261
1417,0.49493324756622314
1418,0.003922969568520784
1419,0.5322305560112
1420,0.34698885679244995
1421,-0.018131021410226822
1422,0.5651407241821289
1423,0.4539036452770233
1424,0.017059026286005974
1425,0.5548347234725952
1426,0.4695795178413391
1427,0.014648928306996822
1428,0.5627795457839966
1429,0.42826417088508606
1430,0.007084798999130726
1431,0.5910210013389587
1432,0.39660149812698364
1433,0.029189538210630417
1434,0.5730687379837036
1435,0.42885923385620117
1436,0.014963076449930668
1437,0.5971727967262268
1438,0.4055885076522827
1439,0.04892413690686226
1440,0.5579471588134766
1441,0.404285192489624
1442,-0.002210934180766344
1443,0.5260013341903687
1444,0.32935574650764465
1445,-0.018966592848300934
1446,0.5245492458343506
1447,0.3630789518356323
1448,-0.03607725724577904
1449,0.5309765338897705
1450,0.3665164113044739
1451,-0.02679217979311943
1452,0.5200872421264648
1453,0.3553699553012848
1454,-0.04243900254368782
1455,0.5315962433815002
1456,0.2786348760128021
1457,-0.008455534465610981
1458,0.5452134013175964
1459,0.2725665271282196
1460,-0.011613915674388409
1461,0.5574307441711426
1462,0.27121323347091675
1463,-0.012325580231845379
1464,0.5678325295448303
1465,0.27281099557876587
1466,-0.009718612767755985
1467,0.575273334980011
1468,0.27740615606307983
1469,-0.004659891128540039
1470,0.5807480812072754
1471,0.29665201902389526
1472,0.00898793525993824
1473,0.6062122583389282
1474,0.326479971408844
1475,0.04622519761323929
1476,0.5738365650177002
1477,0.31319841742515564
1478,0.003912520129233599
1479,0.56489497423172
1480,0.31669560074806213
1481,-0.0004268560733180493
1482,0.5536386966705322
1483,0.3164682388305664
1484,-0.0029310022946447134
1485,0.5430347323417664
1486,0.3133558928966522
1487,-0.003179034451022744
1488,0.534868061542511
1489,0.30928993225097656
1490,-0.003400653600692749
1491,0.5291230082511902
1492,0.30538979172706604
1493,-0.0034884752240031958
1494,0.6083147525787354
1495,0.32662829756736755
1496,0.07791908085346222
1497,0.5310699343681335
1498,0.37001141905784607
1499,-0.0223537590354681
1500,0.519321858882904
1501,0.3320755958557129
1502,-0.031084513291716576
1503,0.517676055431366
1504,0.3639567792415619
1505,-0.04211883991956711
1506,0.5135958790779114
1507,0.3700978457927704
1508,-0.0380258783698082
1509,0.5181441903114319
1510,0.3657786548137665
1511,-0.03791045397520065
1512,0.5288353562355042
1513,0.3741941750049591
1514,-0.018959062173962593
1515,0.5117899179458618
1516,0.37135395407676697
1517,-0.04011819511651993
1518,0.511660635471344
1519,0.3739011287689209
1520,-0.029780153185129166
1521,0.5294094681739807
1522,0.29571205377578735
1523,-5.039372354076477e-06
1524,0.5245018601417542
1525,0.2990308701992035
1526,-0.0045681544579565525
1527,0.5215685367584229
1528,0.3012393116950989
1529,-0.010503589175641537
1530,0.5692768096923828
1531,0.291309654712677
1532,0.001302621210925281
1533,0.5741851329803467
1534,0.28659921884536743
1535,0.0010904951486736536
1536,0.0
1537,0.0
1538,0.0
1539,0.0
1540,0.0
1541,0.0
1542,0.0
1543,0.0
1544,0.0
1545,0.0
1546,0.0
1547,0.0
1548,0.0
1549,0.0
1550,0.0
1551,0.0
1552,0.0
1553,0.0
1554,0.0
1555,0.0
1556,0.0
1557,0.0
1558,0.0
1559,0.0
1560,0.0
1561,0.0
1562,0.0
1563,0.0
1564,0.0
1565,0.0
1566,0.0
1567,0.0
1568,0.0
1569,0.0
1570,0.0
1571,0.0
1572,0.0
1573,0.0
1574,0.0
1575,0.0
1576,0.0
1577,0.0
1578,0.0
1579,0.0
1580,0.0
1581,0.0
1582,0.0
1583,0.0
1584,0.0
1585,0.0
1586,0.0
1587,0.0
1588,0.0
1589,0.0
1590,0.0
1591,0.0
1592,0.0
1593,0.0
1594,0.0
1595,0.0
1596,0.0
1597,0.0
1598,0.0
1599,0.0
1600,0.0
1601,0.0
1602,0.0
1603,0.0
1604,0.0
1605,0.0
1606,0.0
1607,0.0
1608,0.0
1609,0.0
1610,0.0
1611,0.0
1612,0.0
1613,0.0
1614,0.0
1615,0.0
1616,0.0
1617,0.0
1618,0.0
1619,0.0
1620,0.0
1621,0.0
1622,0.0
1623,0.0
1624,0.0
1625,0.0
1626,0.0
1627,0.0
1628,0.0
1629,0.0
1630,0.0
1631,0.0
1632,0.0
1633,0.0
1634,0.0
1635,0.0
1636,0.0
1637,0.0
1638,0.0
1639,0.0
1640,0.0
1641,0.0
1642,0.0
1643,0.0
1644,0.0
1645,0.0
1646,0.0
1647,0.0
1648,0.0
1649,0.0
1650,0.0
1651,0.0
1652,0.0
1653,0.0
1654,0.0
1655,0.0
1656,0.0
1657,0.0
1658,0.0
1659,0.0
1660,0.0
1661,0.0
