,0
0,0.4220367968082428
1,0.32754188776016235
2,-0.8018856048583984
3,0.9998918771743774
4,0.44800668954849243
5,0.27129533886909485
6,-0.7388933897018433
7,0.9997806549072266
8,0.4632777273654938
9,0.27189743518829346
10,-0.7389441728591919
11,0.9998267889022827
12,0.47638067603111267
13,0.27217069268226624
14,-0.7384545803070068
15,0.9997425675392151
16,0.394380658864975
17,0.2745530903339386
18,-0.7364541292190552
19,0.999791145324707
20,0.3768581748008728
21,0.2761716842651367
22,-0.7360769510269165
23,0.999832808971405
24,0.3604901432991028
25,0.2776685953140259
26,-0.7365068793296814
27,0.9998010993003845
28,0.4964856207370758
29,0.30338814854621887
30,-0.327655166387558
31,0.999775230884552
32,0.3385888934135437
33,0.30676791071891785
34,-0.2961372137069702
35,0.9998607635498047
36,0.4554886221885681
37,0.39251214265823364
38,-0.6533291935920715
39,0.9998106956481934
40,0.3926796317100525
41,0.394692599773407
42,-0.647242546081543
43,0.9998436570167542
44,0.6324371099472046
45,0.6318594813346863
46,-0.13688918948173523
47,0.9981174468994141
48,0.2361176460981369
49,0.6223886013031006
50,-0.13144615292549133
51,0.9987039566040039
52,0.7085563540458679
53,1.0014121532440186
54,-0.6363731026649475
55,0.6642704606056213
56,0.11463389545679092
57,1.0199633836746216
58,-0.6538218855857849
59,0.7844810485839844
60,0.5478677153587341
61,0.77349454164505
62,-1.318098783493042
63,0.7567598223686218
64,0.2554265558719635
65,0.7212662100791931
66,-1.4628242254257202
67,0.7980830669403076
68,0.5083867311477661
69,0.6662892699241638
70,-1.4451526403427124
71,0.7498612403869629
72,0.309042751789093
73,0.6270462274551392
74,-1.6177194118499756
75,0.7821756601333618
76,0.5101573467254639
77,0.6027101874351501
78,-1.3569741249084473
79,0.7726226449012756
80,0.3101060092449188
81,0.5924924612045288
82,-1.5365089178085327
83,0.8013705611228943
84,0.5116309523582458
85,0.6339316964149475
86,-1.302915334701538
87,0.7583466172218323
88,0.3060355484485626
89,0.6122587323188782
90,-1.4653100967407227
91,0.7924181222915649
92,0.5604196786880493
93,1.343248724937439
94,-0.0171290785074234
95,0.004477950278669596
96,0.2801312804222107
97,1.342471957206726
98,0.021110206842422485
99,0.005205268505960703
100,0.5505616068840027
101,1.9450432062149048
102,-0.008544208481907845
103,0.0013286920730024576
104,0.2872443199157715
105,1.9312958717346191
106,-0.094199039041996
107,0.0007406522054225206
108,0.563754677772522
109,2.462449789047241
110,0.4879983365535736
111,0.00018128930241800845
112,0.3171447217464447
113,2.4544036388397217
114,0.2237464189529419
115,2.820633744704537e-05
116,0.5741316676139832
117,2.5331227779388428
118,0.5032674670219421
119,0.00013746850891038775
120,0.31250396370887756
121,2.5242340564727783
122,0.23608043789863586
123,6.197380571393296e-05
124,0.5311034321784973
125,2.6229355335235596
126,-0.0750274807214737
127,0.00019865874492097646
128,0.3543977439403534
129,2.6225333213806152
130,-0.3852309286594391
131,0.00015320781676564366
132,0.40887942910194397
133,0.3773978650569916
134,-0.029375653713941574
135,0.4073845148086548
136,0.3334004282951355
137,-0.04742367938160896
138,0.40806394815444946
139,0.347947895526886
140,-0.027140822261571884
141,0.3998472988605499
142,0.29769188165664673
143,-0.03305672109127045
144,0.4072129726409912
145,0.3213441073894501
146,-0.049495793879032135
147,0.4071914553642273
148,0.30695587396621704
149,-0.04498092457652092
150,0.40737268328666687
151,0.2734989821910858
152,-0.018895341083407402
153,0.3483596742153168
154,0.27656906843185425
155,0.015494361519813538
156,0.40759900212287903
157,0.24777427315711975
158,-0.01127017755061388
159,0.4077432155609131
160,0.2326289266347885
161,-0.011631472036242485
162,0.40816473960876465
163,0.17809346318244934
164,0.0031631190795451403
165,0.40896838903427124
166,0.3839028775691986
167,-0.02859133668243885
168,0.4089854955673218
169,0.3896542191505432
170,-0.026038827374577522
171,0.40899762511253357
172,0.3925863802433014
173,-0.022441091015934944
174,0.4089246392250061
175,0.40909457206726074
176,-0.01754976250231266
177,0.40897998213768005
178,0.41537314653396606
179,-0.019190210849046707
180,0.4089980125427246
181,0.4228289723396301
182,-0.021112194284796715
183,0.4089672267436981
184,0.43019387125968933
185,-0.019670257344841957
186,0.40881243348121643
187,0.4373624920845032
188,-0.011919111013412476
189,0.40757882595062256
190,0.3400486409664154
191,-0.04352281987667084
192,0.3992948532104492
193,0.3408750295639038
194,-0.0319720096886158
195,0.32318657636642456
196,0.23869208991527557
197,0.05986488610506058
198,0.3715546727180481
199,0.2857495844364166
200,0.006139471661299467
201,0.3634728491306305
202,0.28705328702926636
203,0.006586098112165928
204,0.3557489812374115
205,0.28681784868240356
206,0.008868210949003696
207,0.34562182426452637
208,0.2810560464859009
209,0.016300024464726448
210,0.37845379114151
211,0.28235113620758057
212,0.0069168382324278355
213,0.36055490374565125
214,0.2550857365131378
215,0.00443267310038209
216,0.36976420879364014
217,0.25574854016304016
218,0.004639337304979563
219,0.35209470987319946
220,0.25722551345825195
221,0.007019198499619961
222,0.34665921330451965
223,0.2617149353027344
224,0.01039764005690813
225,0.3395874500274658
226,0.28944531083106995
227,0.019966619089245796
228,0.3767614960670471
229,0.44647347927093506
230,-0.003335503628477454
231,0.34560516476631165
232,0.2738405466079712
233,0.018447738140821457
234,0.31895291805267334
235,0.2874068021774292
236,0.058541689068078995
237,0.3311590850353241
238,0.2825324535369873
239,0.029323028400540352
240,0.3657332956790924
241,0.3319888710975647
242,-0.0060834805481135845
243,0.39739471673965454
244,0.37603411078453064
245,-0.027984872460365295
246,0.39950311183929443
247,0.39039283990859985
248,-0.02467704936861992
249,0.3859845995903015
250,0.38241568207740784
251,-0.022962886840105057
252,0.3794828951358795
253,0.39010316133499146
254,-0.016140272840857506
255,0.39142906665802
256,0.3928664028644562
257,-0.02091260999441147
258,0.3855530917644501
259,0.3962953984737396
260,-0.014613010920584202
261,0.3688679039478302
262,0.4133537709712982
263,-0.0023419195786118507
264,0.4001145362854004
265,0.33340346813201904
266,-0.04665135219693184
267,0.39867836236953735
268,0.32213976979255676
269,-0.04848644882440567
270,0.3351690471172333
271,0.251964271068573
272,0.013956197537481785
273,0.38178521394729614
274,0.30211374163627625
275,-0.005303317215293646
276,0.37892499566078186
277,0.3344630002975464
278,-0.02536954917013645
279,0.378233939409256
280,0.32895272970199585
281,-0.022291824221611023
282,0.3429113030433655
283,0.3330214023590088
284,0.004898015409708023
285,0.3991897702217102
286,0.30863526463508606
287,-0.04231274500489235
288,0.3537198007106781
289,0.23832635581493378
290,-0.00023604402667842805
291,0.3425036072731018
292,0.2429317831993103
293,0.006213443819433451
294,0.32971832156181335
295,0.21683083474636078
296,0.044878363609313965
297,0.3898372948169708
298,0.24617786705493927
299,-0.00831097923219204
300,0.37764450907707214
301,0.2595313489437103
302,0.006976994685828686
303,0.36348894238471985
304,0.4008937180042267
305,-0.00011100954725407064
306,0.3292136788368225
307,0.3940645754337311
308,0.07173938304185867
309,0.3855830729007721
310,0.3406360447406769
311,-0.0222985427826643
312,0.3931206166744232
313,0.34423062205314636
314,-0.02405655011534691
315,0.3718300461769104
316,0.4038975238800049
317,-0.0013236970407888293
318,0.3764088749885559
319,0.4032421410083771
320,-0.0037939816247671843
321,0.33848249912261963
322,0.2360745370388031
323,0.011285999789834023
324,0.3787946105003357
325,0.34074559807777405
326,-0.021062398329377174
327,0.3691403269767761
328,0.23859897255897522
329,-0.005264522973448038
330,0.3677372336387634
331,0.2292896807193756
332,-0.00624564103782177
333,0.36056169867515564
334,0.18611128628253937
335,0.013825242407619953
336,0.33436670899391174
337,0.22586464881896973
338,0.02598864585161209
339,0.36506733298301697
340,0.2065172791481018
341,0.003541261190548539
342,0.33108192682266235
343,0.24787786602973938
344,0.022050831466913223
345,0.32719480991363525
346,0.24357953667640686
347,0.0401427298784256
348,0.3983120322227478
349,0.3839432895183563
350,-0.027319148182868958
351,0.38891395926475525
352,0.38851940631866455
353,-0.022391049191355705
354,0.3824373483657837
355,0.39330777525901794
356,-0.01617508940398693
357,0.3879229724407196
358,0.343148797750473
359,-0.021013906225562096
360,0.3741220235824585
361,0.40396395325660706
362,-0.0026907518040388823
363,0.3771187961101532
364,0.4081399440765381
365,-0.007486660033464432
366,0.3777616322040558
367,0.4020564556121826
368,-0.0040992991998791695
369,0.3902812600135803
370,0.33448684215545654
371,-0.033989306539297104
372,0.3876646161079407
373,0.3960014581680298
374,-0.013429777696728706
375,0.3935450315475464
376,0.3940461277961731
377,-0.017847148701548576
378,0.40081748366355896
379,0.39294034242630005
380,-0.021295800805091858
381,0.39638271927833557
382,0.43691521883010864
383,-0.011670209467411041
384,0.3965827226638794
385,0.42915821075439453
386,-0.01918954588472843
387,0.3974737823009491
388,0.4217100739479065
389,-0.020238354802131653
390,0.39860907196998596
391,0.41388916969299316
392,-0.018143774941563606
393,0.399712473154068
394,0.40871095657348633
395,-0.01654493808746338
396,0.385858952999115
397,0.40665698051452637
398,-0.010243802331387997
399,0.38406631350517273
400,0.40872621536254883
401,-0.011739848181605339
402,0.381214439868927
403,0.4124569296836853
404,-0.013096073642373085
405,0.3788524568080902
406,0.41626277565956116
407,-0.011770985089242458
408,0.3726945221424103
409,0.3755143880844116
410,-0.012883928604424
411,0.32071197032928467
412,0.33902817964553833
413,0.0890045315027237
414,0.4078117311000824
415,0.34324702620506287
416,-0.03268824890255928
417,0.38216838240623474
418,0.40536999702453613
419,-0.006504252087324858
420,0.37978577613830566
421,0.40652936697006226
422,-0.007446506060659885
423,0.3961443305015564
424,0.34935903549194336
425,-0.024889357388019562
426,0.382176011800766
427,0.34860700368881226
428,-0.015480807982385159
429,0.39469388127326965
430,0.34690752625465393
431,-0.02464134618639946
432,0.3731626570224762
433,0.30965644121170044
434,-0.002916368655860424
435,0.3605911135673523
436,0.31814849376678467
437,-0.000912186224013567
438,0.37705501914024353
439,0.335089772939682
440,-0.017857501283288002
441,0.34132739901542664
442,0.19887617230415344
443,0.028339659795165062
444,0.3462182283401489
445,0.21303319931030273
446,0.014188955537974834
447,0.35099321603775024
448,0.22937774658203125
449,0.002392409835010767
450,0.37577196955680847
451,0.4215082824230194
452,-0.0063452995382249355
453,0.38727739453315735
454,0.2311718463897705
455,-0.010525976307690144
456,0.3849795460700989
457,0.20468801259994507
458,-0.0027393142227083445
459,0.3821471929550171
460,0.17985562980175018
461,0.00533861992880702
462,0.34925755858421326
463,0.28506141901016235
464,0.012659796513617039
465,0.3314361572265625
466,0.29829689860343933
467,0.024314872920513153
468,0.3830380439758301
469,0.2789105772972107
470,0.008269565179944038
471,0.3387256860733032
472,0.2667902112007141
473,0.017939534038305283
474,0.38781240582466125
475,0.29387184977531433
476,-0.007943826727569103
477,0.3843235373497009
478,0.3282237946987152
479,-0.033370066434144974
480,0.3237026631832123
481,0.3069252073764801
482,0.03289185091853142
483,0.33643385767936707
484,0.3056967258453369
485,0.01584731973707676
486,0.3465062975883484
487,0.3089682161808014
488,0.007696926593780518
489,0.3617934286594391
490,0.30610111355781555
491,0.0036920804996043444
492,0.37288299202919006
493,0.30056148767471313
494,0.002156629925593734
495,0.38155174255371094
496,0.29438504576683044
497,0.0001741729793138802
498,0.39915987849235535
499,0.27697089314460754
500,-0.015664739534258842
501,0.3250775933265686
502,0.330740362405777
503,0.028607483953237534
504,0.3327277600765228
505,0.26609447598457336
506,0.022293414920568466
507,0.40317559242248535
508,0.3398849368095398
509,-0.04298492148518562
510,0.382024347782135
511,0.31255456805229187
512,-0.009957055561244488
513,0.31867504119873047
514,0.2888771593570709
515,0.08701681345701218
516,0.38809075951576233
517,0.28749367594718933
518,-0.0007199168903753161
519,0.37667471170425415
520,0.33671116828918457
521,-0.009245134890079498
522,0.3427796959877014
523,0.27447745203971863
524,0.020015984773635864
525,0.3837710916996002
526,0.32170355319976807
527,-0.02956613525748253
528,0.323182612657547
529,0.365679532289505
530,0.08275586366653442
531,0.3832073211669922
532,0.2746596932411194
533,0.010967589914798737
534,0.3913743495941162
535,0.3138120770454407
536,-0.03743606060743332
537,0.3445754051208496
538,0.41973042488098145
539,0.027538487687706947
540,0.3454590439796448
541,0.43283897638320923
542,0.04050370305776596
543,0.31882914900779724
544,0.33518412709236145
545,0.05865766853094101
546,0.3355996906757355
547,0.4044596552848816
548,0.03806031495332718
549,0.3230544626712799
550,0.26393353939056396
551,0.05187228322029114
552,0.3751828074455261
553,0.4570712447166443
554,0.0003815906820818782
555,0.40426111221313477
556,0.3430009186267853
557,-0.03215603902935982
558,0.374823659658432
559,0.32213094830513
560,-0.007369527593255043
561,0.32498934864997864
562,0.2854435443878174
563,0.037800926715135574
564,0.35619622468948364
565,0.27997276186943054
566,0.010225667618215084
567,0.36327677965164185
568,0.2806706428527832
569,0.00807428639382124
570,0.3745211958885193
571,0.4099194407463074
572,-0.00622772378847003
573,0.327473908662796
574,0.3537708818912506
575,0.029499037191271782
576,0.39016857743263245
577,0.4733734130859375
578,0.0012640317436307669
579,0.36575841903686523
580,0.4575043022632599
581,0.018349502235651016
582,0.35613465309143066
583,0.4472924470901489
584,0.02809758298099041
585,0.40799492597579956
586,0.20456622540950775
587,-0.004662534687668085
588,0.4080902338027954
589,0.47563838958740234
590,-0.0012579344911500812
591,0.3702288866043091
592,0.27972039580345154
593,0.007725836709141731
594,0.3767383098602295
595,0.2776150405406952
596,0.008901135064661503
597,0.38100799918174744
598,0.27612578868865967
599,0.010772024281322956
600,0.3278031051158905
601,0.2648371458053589
602,0.03117068111896515
603,0.3763696253299713
604,0.26780423521995544
605,0.008337772451341152
606,0.3693002462387085
607,0.26546767354011536
608,0.006866087205708027
609,0.36227020621299744
610,0.2650846242904663
611,0.007330233696848154
612,0.35511693358421326
613,0.26690739393234253
614,0.009306518360972404
615,0.3505513668060303
616,0.269753634929657
617,0.012043321505188942
618,0.31979766488075256
619,0.2612660527229309
620,0.0755467414855957
621,0.3515123128890991
622,0.27834048867225647
623,0.01296301931142807
624,0.40834787487983704
625,0.35758018493652344
626,-0.025796767324209213
627,0.37907204031944275
628,0.366751104593277
629,-0.017452195286750793
630,0.38534313440322876
631,0.3381113111972809
632,-0.025373928248882294
633,0.3956056833267212
634,0.3601328730583191
635,-0.02503030188381672
636,0.4075148403644562
637,0.2609010338783264
638,-0.011694086715579033
639,0.3540957272052765
640,0.4345184862613678
641,0.01889578066766262
642,0.3640326261520386
643,0.4456035792827606
644,0.01004871167242527
645,0.38977664709091187
646,0.4656548500061035
647,-0.007995209656655788
648,0.33703356981277466
649,0.4166713356971741
650,0.05622515454888344
651,0.38109156489372253
652,0.27181416749954224
653,0.009923983365297318
654,0.39331936836242676
655,0.29478850960731506
656,-0.019743314012885094
657,0.4080840051174164
658,0.46769142150878906
659,-0.010078946128487587
660,0.37669920921325684
661,0.46667689085006714
662,0.008158566430211067
663,0.32183539867401123
664,0.3602485656738281
665,0.05546077713370323
666,0.39206475019454956
667,0.4077288508415222
668,-0.013731186278164387
669,0.39022132754325867
670,0.4115663170814514
671,-0.01525667030364275
672,0.3879939913749695
673,0.41742706298828125
674,-0.016799509525299072
675,0.3863292336463928
676,0.4238119125366211
677,-0.015809183940291405
678,0.3843238353729248
679,0.43022769689559937
680,-0.010200527496635914
681,0.38031184673309326
682,0.39965057373046875
683,-0.008900479413568974
684,0.37720799446105957
685,0.39865642786026
686,-0.008806494064629078
687,0.37449967861175537
688,0.3967445492744446
689,-0.008668399415910244
690,0.3672720491886139
691,0.3873865008354187
692,-0.006366433575749397
693,0.3381931185722351
694,0.35867661237716675
695,0.012292011640965939
696,0.3935980498790741
697,0.2846129834651947
698,-0.011146587319672108
699,0.38963279128074646
700,0.26557767391204834
701,0.005324000958353281
702,0.3846595883369446
703,0.2675834000110626
704,0.008416333235800266
705,0.38266521692276
706,0.39798301458358765
707,-0.008229924365878105
708,0.3383522927761078
709,0.3874606490135193
710,0.023554686456918716
711,0.3966881036758423
712,0.2636485695838928
713,-0.005819754209369421
714,0.3803948760032654
715,0.43727365136146545
716,-0.006122601684182882
717,0.4072369337081909
718,0.2954178750514984
719,-0.0358848012983799
720,0.39932745695114136
721,0.2878792881965637
722,-0.02499072253704071
723,0.4073353707790375
724,0.28483694791793823
725,-0.026913035660982132
726,0.38674116134643555
727,0.3128962516784668
728,-0.021094921976327896
729,0.40822556614875793
730,0.4569632411003113
731,-0.013339269906282425
732,0.4084874093532562
733,0.4458525776863098
734,-0.012300134636461735
735,0.39384725689888
736,0.4448826313018799
737,-0.010588718578219414
738,0.36192741990089417
739,0.41516950726509094
740,0.0025962465442717075
741,0.3708277940750122
742,0.34718620777130127
743,-0.007608361542224884
744,0.36995986104011536
745,0.42747268080711365
746,-0.0015289461007341743
747,0.3545084595680237
748,0.3468862473964691
749,-0.0031995833851397038
750,0.364871621131897
751,0.35999763011932373
752,-0.0065569086000323296
753,0.34896475076675415
754,0.3668406903743744
755,0.0028303859289735556
756,0.3910813331604004
757,0.45542871952056885
758,-0.01100170612335205
759,0.38142281770706177
760,0.32058170437812805
761,-0.015572994947433472
762,0.35578611493110657
763,0.4224295914173126
764,0.010042165406048298
765,0.36588943004608154
766,0.4348914623260498
767,0.004323799163103104
768,0.35620826482772827
769,0.4001428484916687
770,0.003959092777222395
771,0.33045488595962524
772,0.3735346794128418
773,0.03133149445056915
774,0.347310870885849
775,0.4008026421070099
776,0.012261593714356422
777,0.32692214846611023
778,0.3834356963634491
779,0.0500587560236454
780,0.3597409129142761
781,0.37723666429519653
782,-0.002843291498720646
783,0.387762188911438
784,0.303510457277298
785,-0.014442361891269684
786,0.38736167550086975
787,0.332739919424057
788,-0.03548732027411461
789,0.3816782534122467
790,0.33762675523757935
791,-0.02664189226925373
792,0.3911508023738861
793,0.32432425022125244
794,-0.0413011759519577
795,0.38325491547584534
796,0.2559208869934082
797,0.003439930034801364
798,0.3696625232696533
799,0.24967420101165771
800,0.0021035559475421906
801,0.3576868772506714
802,0.24876871705055237
803,0.002525107003748417
804,0.3479722738265991
805,0.251348614692688
806,0.005913673434406519
807,0.34157800674438477
808,0.2571861147880554
809,0.011130817234516144
810,0.337863951921463
811,0.27843979001045227
812,0.02335699275135994
813,0.31772613525390625
814,0.3110189437866211
815,0.05904321372509003
816,0.3435608744621277
817,0.2938457429409027
818,0.015280403196811676
819,0.3516315519809723
820,0.2964315712451935
821,0.00985433254390955
822,0.3622416853904724
823,0.2958463728427887
824,0.006207488477230072
825,0.37241682410240173
826,0.2925722599029541
827,0.005005755927413702
828,0.3805182874202728
829,0.28814420104026794
830,0.004681708291172981
831,0.38618916273117065
832,0.283777117729187
833,0.004479952156543732
834,0.31970730423927307
835,0.31409141421318054
836,0.09096374362707138
837,0.382066011428833
838,0.34169769287109375
839,-0.02263808809220791
840,0.39305150508880615
841,0.30397146940231323
842,-0.0274219810962677
843,0.3938385546207428
844,0.33224958181381226
845,-0.04228118434548378
846,0.39885637164115906
847,0.33855465054512024
848,-0.039448246359825134
849,0.39388516545295715
850,0.3345929980278015
851,-0.038289427757263184
852,0.3847120702266693
853,0.3457922637462616
854,-0.020003223791718483
855,0.40048182010650635
856,0.3393329679965973
857,-0.041785828769207
858,0.40131381154060364
859,0.34253498911857605
860,-0.03204808384180069
861,0.3861617147922516
862,0.27485254406929016
863,0.009477314539253712
864,0.3906567394733429
865,0.27698442339897156
866,0.003963579423725605
867,0.3931267261505127
868,0.27799543738365173
869,-0.0024331086315214634
870,0.3477731943130493
871,0.27184242010116577
872,0.01480132807046175
873,0.34294044971466064
874,0.2671146094799042
875,0.015339038334786892
876,0.4147978723049164
877,0.2974975109100342
878,-0.03307550027966499
879,0.4686431288719177
880,0.275672048330307
881,0.015232054516673088
882,0.4162503480911255
883,0.34039178490638733
884,-0.03200656175613403
885,0.49575871229171753
886,0.23658387362957
887,0.05956234782934189
888,0.44481945037841797
889,0.2851276993751526
890,0.005863791331648827
891,0.45314258337020874
892,0.28623631596565247
893,0.006345060653984547
894,0.46111950278282166
895,0.28580525517463684
896,0.008551275357604027
897,0.47157061100006104
898,0.2799380421638489
899,0.01607031747698784
900,0.4376950263977051
901,0.2819454073905945
902,0.0067968894727528095
903,0.4561425745487213
904,0.25433647632598877
905,0.004220770671963692
906,0.4468388855457306
907,0.255126953125
908,0.004493245854973793
909,0.46480250358581543
910,0.25625118613243103
911,0.006795222871005535
912,0.47040897607803345
913,0.26073703169822693
914,0.010157467797398567
915,0.47784262895584106
916,0.2878015637397766
917,0.0197135116904974
918,0.4398229122161865
919,0.4451952278614044
920,-0.0034802022855728865
921,0.47146812081336975
922,0.27289095520973206
923,0.018196122720837593
924,0.4995270371437073
925,0.28490185737609863
926,0.058259036391973495
927,0.48652493953704834
928,0.2805619239807129
929,0.029010746628046036
930,0.45086732506752014
931,0.33022236824035645
932,-0.006361577659845352
933,0.42014139890670776
934,0.37503781914711
935,-0.027882788330316544
936,0.4184059500694275
937,0.3894391357898712
938,-0.024633178487420082
939,0.43168407678604126
940,0.3801133632659912
941,-0.02275138348340988
942,0.43822726607322693
943,0.3868701457977295
944,-0.01591385155916214
945,0.4265266954898834
946,0.3909390866756439
947,-0.020872490480542183
948,0.43226367235183716
949,0.3936082720756531
950,-0.014458877965807915
951,0.44835731387138367
952,0.40989765524864197
953,-0.0022316223476082087
954,0.414688378572464
955,0.33303266763687134
956,-0.046694062650203705
957,0.4158315360546112
958,0.3218558132648468
959,-0.048470016568899155
960,0.4822540581226349
961,0.2503819465637207
962,0.013726516626775265
963,0.4342105984687805
964,0.30130645632743835
965,-0.005461830645799637
966,0.4366946816444397
967,0.33288976550102234
968,-0.02538013644516468
969,0.43746334314346313
970,0.32741808891296387
971,-0.022349771112203598
972,0.4742341637611389
973,0.3306753933429718
974,0.004568026401102543
975,0.4153572618961334
976,0.3083888590335846
977,-0.042337220162153244
978,0.4630090594291687
979,0.237275168299675
980,-0.0005820912774652243
981,0.474514365196228
982,0.24152439832687378
983,0.005729887634515762
984,0.48884081840515137
985,0.21488714218139648
986,0.04447786882519722
987,0.42592477798461914
988,0.2459951937198639
989,-0.008375599049031734
990,0.4388332664966583
991,0.2591429352760315
992,0.006851903162896633
993,0.45366495847702026
994,0.3970109820365906
995,-6.062524698791094e-05
996,0.4886144697666168
997,0.39152705669403076
998,0.07144328951835632
999,0.43025171756744385
1000,0.33924728631973267
1001,-0.022615717723965645
1002,0.42287641763687134
1003,0.34325358271598816
1004,-0.02417948469519615
1005,0.4455535113811493
1006,0.3996190130710602
1007,-0.0011434742482379079
1008,0.4409712851047516
1009,0.399295449256897
1010,-0.003464325563982129
1011,0.47878825664520264
1012,0.23457187414169312
1013,0.010933367535471916
1014,0.4371107518672943
1015,0.3389832377433777
1016,-0.02116517908871174
1017,0.44716259837150574
1018,0.23798462748527527
1019,-0.005535881035029888
1020,0.448629766702652
1021,0.22846952080726624
1022,-0.006434654351323843
1023,0.4567622244358063
1024,0.18492458760738373
1025,0.01368824951350689
1026,0.48354125022888184
1027,0.22416174411773682
1028,0.025647863745689392
1029,0.451773464679718
1030,0.20561350882053375
1031,0.003274101996794343
1032,0.48664575815200806
1033,0.24601441621780396
1034,0.02170599065721035
1035,0.4911787211894989
1036,0.2417072057723999
1037,0.039835743606090546
1038,0.41951870918273926
1039,0.3829101622104645
1040,-0.027286235243082047
1041,0.42896580696105957
1042,0.38635849952697754
1043,-0.02227039448916912
1044,0.43537479639053345
1045,0.3903079926967621
1046,-0.01599838025867939
1047,0.42805951833724976
1048,0.3418649435043335
1049,-0.021123535931110382
1050,0.4432530999183655
1051,0.3997841775417328
1052,-0.002506486140191555
1053,0.44032052159309387
1054,0.4045889973640442
1055,-0.007120806723833084
1056,0.43964698910713196
1057,0.3984188437461853
1058,-0.0037399407010525465
1059,0.4249916672706604
1060,0.33364781737327576
1061,-0.034067582339048386
1062,0.4301842451095581
1063,0.3933982849121094
1064,-0.013217413797974586
1065,0.42439234256744385
1066,0.3923252820968628
1067,-0.01775672286748886
1068,0.4171768128871918
1069,0.392067015171051
1070,-0.02125045470893383
1071,0.42120009660720825
1072,0.43622276186943054
1073,-0.011649408377707005
1074,0.42124059796333313
1075,0.428219199180603
1076,-0.01903563179075718
1077,0.42045509815216064
1078,0.4208129048347473
1079,-0.02007593959569931
1080,0.4192393124103546
1081,0.41300249099731445
1082,-0.01791137084364891
1083,0.4181055426597595
1084,0.4078206419944763
1085,-0.01629704050719738
1086,0.431712806224823
1087,0.4040924608707428
1088,-0.009873284958302975
1089,0.4335005581378937
1090,0.40602365136146545
1091,-0.011399570852518082
1092,0.4363020062446594
1093,0.4096106290817261
1094,-0.01261346135288477
1095,0.4385751783847809
1096,0.413412481546402
1097,-0.011327085085213184
1098,0.44430825114250183
1099,0.3729083240032196
1100,-0.01262765284627676
1101,0.4981195032596588
1102,0.3364485800266266
1103,0.0886027067899704
1104,0.435263991355896
1105,0.4023319184780121
1106,-0.006087397690862417
1107,0.4376552999019623
1108,0.40322232246398926
1109,-0.0070594619028270245
1110,0.419968843460083
1111,0.3484840989112854
1112,-0.024976395070552826
1113,0.43407464027404785
1114,0.34685713052749634
1115,-0.015509075485169888
1116,0.4213298559188843
1117,0.34595251083374023
1118,-0.024773310869932175
1119,0.44316744804382324
1120,0.3084413409233093
1121,-0.0031172691378742456
1122,0.4560854136943817
1123,0.31651005148887634
1124,-0.0011857831850647926
1125,0.4388291835784912
1126,0.3333558440208435
1127,-0.017943307757377625
1128,0.4766604006290436
1129,0.19718831777572632
1130,0.0280131958425045
1131,0.4712708294391632
1132,0.21162432432174683
1133,0.013817665167152882
1134,0.46583080291748047
1135,0.22823867201805115
1136,0.0021058509591966867
1137,0.4414680600166321
1138,0.4190512001514435
1139,-0.006118174642324448
1140,0.4287782311439514
1141,0.23075738549232483
1142,-0.010670226067304611
1143,0.4314538538455963
1144,0.20421776175498962
1145,-0.0028578259516507387
1146,0.4346238374710083
1147,0.17920081317424774
1148,0.005178959108889103
1149,0.4678099751472473
1150,0.2839488387107849
1151,0.01233830489218235
1152,0.48613640666007996
1153,0.2961651682853699
1154,0.023982804268598557
1155,0.43311989307403564
1156,0.2786906957626343
1157,0.00818194355815649
1158,0.47866618633270264
1159,0.26539140939712524
1160,0.017707815393805504
1161,0.4279034733772278
1162,0.29335087537765503
1163,-0.008136296644806862
1164,0.4308474063873291
1165,0.3272292912006378
1166,-0.03342854976654053
1167,0.494087815284729
1168,0.3044464588165283
1169,0.03260388597846031
1170,0.4807862639427185
1171,0.30362436175346375
1172,0.015565406531095505
1173,0.47045624256134033
1174,0.3069911003112793
1175,0.0074117169715464115
1176,0.4548691511154175
1177,0.30464696884155273
1178,0.003510642796754837
1179,0.4434165060520172
1180,0.29954320192337036
1181,0.002018192084506154
1182,0.43451762199401855
1183,0.2938045263290405
1184,-2.1709498469135724e-05
1185,0.41581928730010986
1186,0.2768191993236542
1187,-0.01576365903019905
1188,0.4924585819244385
1189,0.3280407786369324
1190,0.028318170458078384
1191,0.48490291833877563
1192,0.2643676996231079
1193,0.021959958598017693
1194,0.41201499104499817
1195,0.3396453559398651
1196,-0.04302176460623741
1197,0.43387359380722046
1198,0.31157395243644714
1199,-0.009962832555174828
1200,0.5004650354385376
1201,0.2864222824573517
1202,0.08669201284646988
1203,0.42776474356651306
1204,0.2871307134628296
1205,-0.0008584082243032753
1206,0.4394429624080658
1207,0.3349744975566864
1208,-0.009110425598919392
1209,0.4744403660297394
1210,0.27328699827194214
1211,0.019704563543200493
1212,0.4314677119255066
1213,0.32063132524490356
1214,-0.029613465070724487
1215,0.49531903862953186
1216,0.36301252245903015
1217,0.08243684470653534
1218,0.43301308155059814
1219,0.27454233169555664
1220,0.010901220142841339
1221,0.4234001040458679
1222,0.31316661834716797
1223,-0.03754674643278122
1224,0.4719971716403961
1225,0.4171014726161957
1226,0.027151979506015778
1227,0.4713020622730255
1228,0.4303997755050659
1229,0.04020891711115837
1230,0.4993167519569397
1231,0.33242157101631165
1232,0.05841552093625069
1233,0.48121440410614014
1234,0.4017910957336426
1235,0.03782527521252632
1236,0.49544310569763184
1237,0.2617526054382324
1238,0.05162947252392769
1239,0.44117245078086853
1240,0.45577386021614075
1241,0.00021298967476468533
1242,0.41136807203292847
1243,0.3427898585796356
1244,-0.03216002881526947
1245,0.4414876699447632
1246,0.32067441940307617
1247,-0.007466990500688553
1248,0.49294209480285645
1249,0.2832634150981903
1250,0.03756493330001831
1251,0.4605860710144043
1252,0.27920275926589966
1253,0.009988938458263874
1254,0.45330750942230225
1255,0.2800524830818176
1256,0.00787306297570467
1257,0.44285035133361816
1258,0.4062393605709076
1259,-0.0059105101972818375
1260,0.4899529218673706
1261,0.3509295880794525
1262,0.029187731444835663
1263,0.42609521746635437
1264,0.47275927662849426
1265,0.001130286487750709
1266,0.4507107734680176
1267,0.45583730936050415
1268,0.018112387508153915
1269,0.460369348526001
1270,0.4451969563961029
1271,0.027850013226270676
1272,0.4461728632450104
1273,0.27926674485206604
1274,0.007524323184043169
1275,0.439552903175354
1276,0.2771950662136078
1277,0.008750928565859795
1278,0.4352824091911316
1279,0.275908499956131
1280,0.010602579452097416
1281,0.49016058444976807
1282,0.26275429129600525
1283,0.030891237780451775
1284,0.4400283396244049
1285,0.2676236629486084
1286,0.008039603941142559
1287,0.44723793864250183
1288,0.26520028710365295
1289,0.006596065126359463
1290,0.4544723331928253
1291,0.26467692852020264
1292,0.007019812241196632
1293,0.4617525041103363
1294,0.26630592346191406
1295,0.009029658511281013
1296,0.4663982689380646
1297,0.2689380645751953
1298,0.011796030215919018
1299,0.4993480443954468
1300,0.25901222229003906
1301,0.07528433948755264
1302,0.46537142992019653
1303,0.2775220274925232
1304,0.0127850491553545
1305,0.4376843571662903
1306,0.3646765649318695
1307,-0.017376162111759186
1308,0.4303041398525238
1309,0.3368528485298157
1310,-0.025494711473584175
1311,0.42106905579566956
1312,0.3591136932373047
1313,-0.025076361373066902
1314,0.4624326825141907
1315,0.43216365575790405
1316,0.018600676208734512
1317,0.4523034989833832
1318,0.44372355937957764
1319,0.009877022355794907
1320,0.4264945983886719
1321,0.4650433659553528
1322,-0.00814600009471178
1323,0.4800871014595032
1324,0.41422736644744873
1325,0.055936772376298904
1326,0.4351311922073364
1327,0.27166616916656494
1328,0.009755073115229607
1329,0.4218389391899109
1330,0.2944542169570923
1331,-0.019853513687849045
1332,0.4396333694458008
1333,0.4654190242290497
1334,0.007950684987008572
1335,0.4959653317928314
1336,0.35753199458122253
1337,0.05515854060649872
1338,0.4256420135498047
1339,0.4060143530368805
1340,-0.013444248586893082
1341,0.4274808466434479
1342,0.4097847640514374
1343,-0.014918397180736065
1344,0.42967602610588074
1345,0.4155274033546448
1346,-0.01644447259604931
1347,0.43127578496932983
1348,0.421947181224823
1349,-0.015410742722451687
1350,0.43292778730392456
1351,0.42861583828926086
1352,-0.009949274361133575
1353,0.4373597204685211
1354,0.3962322771549225
1355,-0.00878173392266035
1356,0.4404025971889496
1357,0.3949509263038635
1358,-0.008694983087480068
1359,0.4430961608886719
1360,0.3928294777870178
1361,-0.008480641059577465
1362,0.4499039947986603
1363,0.3840763568878174
1364,-0.006174055859446526
1365,0.4790600836277008
1366,0.3560184836387634
1367,0.01189054548740387
1368,0.4217018485069275
1369,0.2843019962310791
1370,-0.011348743923008442
1371,0.4263226091861725
1372,0.26546430587768555
1373,0.005146409384906292
1374,0.43148258328437805
1375,0.26742565631866455
1376,0.008453571237623692
1377,0.4349304437637329
1378,0.39485955238342285
1379,-0.008003950119018555
1380,0.4786461293697357
1381,0.38474729657173157
1382,0.023217488080263138
1383,0.41872307658195496
1384,0.2635667324066162
1385,-0.0057948254980146885
1386,0.4363989531993866
1387,0.43572932481765747
1388,-0.0060959551483392715
1389,0.4154684543609619
1390,0.2876713275909424
1391,-0.025049405172467232
1392,0.42859217524528503
1393,0.31210288405418396
1394,-0.021112771704792976
1395,0.42313244938850403
1396,0.4441797733306885
1397,-0.010746076703071594
1398,0.45498529076576233
1399,0.41237950325012207
1400,0.0026731861289590597
1401,0.4457123577594757
1402,0.34516823291778564
1403,-0.007663146127015352
1404,0.4469482898712158
1405,0.4251614212989807
1406,-0.001446448266506195
1407,0.4623833894729614
1408,0.34476152062416077
1409,-0.0036338709760457277
1410,0.45198825001716614
1411,0.3578350841999054
1412,-0.006600912194699049
1413,0.46817660331726074
1414,0.36434727907180786
1415,0.002551442012190819
1416,0.4254647195339203
1417,0.4548090994358063
1418,-0.011204021982848644
1419,0.4342958331108093
1420,0.3194056451320648
1421,-0.01562587544322014
1422,0.46087759733200073
1423,0.41993433237075806
1424,0.009961951524019241
1425,0.4506615102291107
1426,0.4328884482383728
1427,0.004233855288475752
1428,0.46072086691856384
1429,0.39700883626937866
1430,0.0038734464906156063
1431,0.48668646812438965
1432,0.3707449436187744
1433,0.031038567423820496
1434,0.46953728795051575
1435,0.39797431230545044
1436,0.011986013501882553
1437,0.49041280150413513
1438,0.38068830966949463
1439,0.04981004074215889
1440,0.4571884274482727
1441,0.3745068311691284
1442,-0.003014375688508153
1443,0.4277140498161316
1444,0.30283039808273315
1445,-0.01451612077653408
1446,0.4278355538845062
1447,0.33179333806037903
1448,-0.0355914831161499
1449,0.4339820146560669
1450,0.33627623319625854
1451,-0.02671853080391884
1452,0.4236721098423004
1453,0.32371821999549866
1454,-0.04162002354860306
1455,0.4329760670661926
1456,0.255626916885376
1457,0.003300905227661133
1458,0.44683653116226196
1459,0.24905909597873688
1460,0.001957087079063058
1461,0.45893755555152893
1462,0.24790611863136292
1463,0.0023575618397444487
1464,0.46890541911125183
1465,0.2502024173736572
1466,0.005604273173958063
1467,0.4756457209587097
1468,0.2558494508266449
1469,0.010867740027606487
1470,0.4796498119831085
1471,0.2769404351711273
1472,0.022975536063313484
1473,0.5005798935890198
1474,0.3083781599998474
1475,0.0587836354970932
1476,0.4736323654651642
1477,0.292218953371048
1478,0.015056079253554344
1479,0.4652195870876312
1480,0.2950129210948944
1481,0.009590388275682926
1482,0.45439058542251587
1483,0.29472747445106506
1484,0.005993060767650604
1485,0.4439156949520111
1486,0.2917434275150299
1487,0.004853053949773312
1488,0.4356158971786499
1489,0.28762760758399963
1490,0.004553214181214571
1491,0.42983365058898926
1492,0.28349292278289795
1493,0.004343212582170963
1494,0.49932944774627686
1495,0.3115115463733673
1496,0.09063923358917236
1497,0.4338306486606598
1498,0.34010908007621765
1499,-0.022664034739136696
1500,0.42184528708457947
1501,0.3034837543964386
1502,-0.027497949078679085
1503,0.4211438000202179
1504,0.3316577970981598
1505,-0.04237557575106621
1506,0.416467547416687
1507,0.3380548357963562
1508,-0.039462074637413025
1509,0.42130088806152344
1510,0.3339231610298157
1511,-0.03837483003735542
1512,0.43134790658950806
1513,0.3443041443824768
1514,-0.020091112703084946
1515,0.41480162739753723
1516,0.33893346786499023
1517,-0.04177651181817055
1518,0.4142666161060333
1519,0.34209102392196655
1520,-0.03206334635615349
1521,0.42993149161338806
1522,0.27470773458480835
1523,0.00933170411735773
1524,0.425179660320282
1525,0.2768566906452179
1526,0.003876107046380639
1527,0.4225272238254547
1528,0.27785080671310425
1529,-0.002594787161797285
1530,0.4692053198814392
1531,0.2710590958595276
1532,0.014548681676387787
1533,0.47422492504119873
1534,0.26591503620147705
1535,0.014943419955670834
1536,0.549364447593689
1537,0.7623327374458313
1538,-3.2426591189960163e-08
1539,0.5702841281890869
1540,0.695840060710907
1541,0.021180005744099617
1542,0.5628353357315063
1543,0.6339426040649414
1544,0.03163505718111992
1545,0.5483126640319824
1546,0.585802435874939
1547,0.038952529430389404
1548,0.5366525053977966
1549,0.5527136325836182
1550,0.044783707708120346
1551,0.5340818166732788
1552,0.5850321650505066
1553,0.011515310034155846
1554,0.4965446889400482
1555,0.526435136795044
1556,0.012092061340808868
1557,0.47210922837257385
1558,0.5004565119743347
1559,0.013861333020031452
1560,0.4525330364704132
1561,0.4864060878753662
1562,0.01563764363527298
1563,0.5067141056060791
1564,0.5982829928398132
1565,-0.0004318996798247099
1566,0.4682730436325073
1567,0.5285652875900269
1568,-0.001815237570554018
1569,0.4432939887046814
1570,0.49449828267097473
1571,-0.0005943241994827986
1572,0.42280352115631104
1573,0.47280657291412354
1574,0.0011321810306981206
1575,0.4801703691482544
1576,0.6222560405731201
1577,-0.010327231138944626
1578,0.446320116519928
1579,0.5532522797584534
1580,-0.011961896903812885
1581,0.4253072142601013
1582,0.5174068808555603
1583,-0.011587386019527912
1584,0.40778762102127075
1585,0.4926815629005432
1586,-0.010765443556010723
1587,0.45590826869010925
1588,0.6550219058990479
1589,-0.017717665061354637
1590,0.42842796444892883
1591,0.5909273028373718
1592,-0.020825831219553947
1593,0.41241976618766785
1594,0.5580737590789795
1595,-0.01931634172797203
1596,0.39915913343429565
1597,0.5318714380264282
1598,-0.01668783649802208
1599,0.2197262942790985
1600,0.7316421866416931
1601,3.018884058292315e-07
1602,0.2082156240940094
1603,0.6645879149436951
1604,0.0024654387962073088
1605,0.22008183598518372
1606,0.5973735451698303
1607,3.087757431785576e-05
1608,0.23684339225292206
1609,0.5476730465888977
1610,-0.0033268118277192116
1611,0.2513343393802643
1612,0.5122283697128296
1613,-0.0066823577508330345
1614,0.25585687160491943
1615,0.569013774394989
1616,-0.007365366909652948
1617,0.30664604902267456
1618,0.5163483619689941
1619,-0.016561729833483696
1620,0.3393360376358032
1621,0.4925432503223419
1622,-0.02126905880868435
1623,0.3628084659576416
1624,0.4802643060684204
1625,-0.02222570776939392
1626,0.2782370150089264
1627,0.5914716720581055
1628,-0.013990584760904312
1629,0.33043962717056274
1630,0.5317424535751343
1631,-0.01780102401971817
1632,0.36304616928100586
1633,0.5041589140892029
1634,-0.01851048320531845
1635,0.38737350702285767
1636,0.48737743496894836
1637,-0.01845627836883068
1638,0.29842138290405273
1639,0.6199477910995483
1640,-0.020304860547184944
1641,0.34444186091423035
1642,0.5589737892150879
1643,-0.021545203402638435
1644,0.37331193685531616
1645,0.5293534398078918
1646,-0.018647918477654457
1647,0.395107239484787
1648,0.5102066397666931
1649,-0.01662866398692131
1650,0.3150641620159149
1651,0.6518594622612
1652,-0.026718778535723686
1653,0.34825849533081055
1654,0.5971474051475525
1655,-0.025927525013685226
1656,0.36882483959198
1657,0.5689308047294617
1658,-0.020433645695447922
1659,0.385946661233902
1660,0.5484915971755981
1661,-0.015452435240149498
