,0
0,0.41540294885635376
1,0.5157516598701477
2,-1.1738872528076172
3,0.9985170960426331
4,0.45861226320266724
5,0.4445303678512573
6,-1.0972440242767334
7,0.9967976212501526
8,0.483151376247406
9,0.44805142283439636
10,-1.0975215435028076
11,0.9976292848587036
12,0.5014517307281494
13,0.45226067304611206
14,-1.0979365110397339
15,0.9969444870948792
16,0.38891246914863586
17,0.43933650851249695
18,-1.0859606266021729
19,0.9967281818389893
20,0.37043100595474243
21,0.4406539499759674
22,-1.0850188732147217
23,0.9972575306892395
24,0.3528192341327667
25,0.4436810612678528
26,-1.085619330406189
27,0.9967223405838013
28,0.5330621004104614
29,0.4912642538547516
30,-0.6091986894607544
31,0.9977142214775085
32,0.3481222987174988
33,0.4832558035850525
34,-0.5351963043212891
35,0.9978888034820557
36,0.462848037481308
37,0.6013547778129578
38,-0.9958325624465942
39,0.9987620115280151
40,0.3815004229545593
41,0.6015505194664001
42,-0.9747637510299683
43,0.9987659454345703
44,0.7021210193634033
45,0.9172594547271729
46,-0.28333181142807007
47,0.9928076863288879
48,0.188701793551445
49,0.9219616055488586
50,-0.3074956238269806
51,0.9964002370834351
52,0.8069160580635071
53,1.3489757776260376
54,-0.19516783952713013
55,0.0957249328494072
56,0.0633881464600563
57,1.333944320678711
58,-0.2921936511993408
59,0.26391223073005676
60,0.8383271098136902
61,1.745513916015625
62,-0.5889901518821716
63,0.02046455629169941
64,0.052680451422929764
65,1.6954312324523926
66,-0.8604854345321655
67,0.06676508486270905
68,0.8794596791267395
69,1.8681572675704956
70,-0.6980053186416626
71,0.02926076203584671
72,0.0075536491349339485
73,1.8141510486602783
74,-1.0319010019302368
75,0.07467915862798691
76,0.8379077911376953
77,1.878340482711792
78,-0.8079041242599487
79,0.0492415577173233
80,0.05556851625442505
81,1.813843846321106
82,-1.1298432350158691
83,0.1190638616681099
84,0.8103400468826294
85,1.8334323167800903
86,-0.661439061164856
87,0.05043560639023781
88,0.08107804507017136
89,1.771503210067749
90,-0.9292618036270142
91,0.11171004921197891
92,0.6212092638015747
93,1.8058264255523682
94,-0.07970365136861801
95,0.00042687702807597816
96,0.2766723930835724
97,1.7968107461929321
98,0.0854230746626854
99,0.00045076431706547737
100,0.6134485006332397
101,2.6269333362579346
102,-0.39424675703048706
103,0.0005601967568509281
104,0.2896447479724884
105,2.6127498149871826
106,-0.11132000386714935
107,0.00034259207313880324
108,0.6327753067016602
109,3.3911094665527344
110,0.15433534979820251
111,0.00011429539881646633
112,0.31299546360969543
113,3.386044502258301
114,0.12061502784490585
115,1.5285888366634026e-05
116,0.6480399370193481
117,3.504227638244629
118,0.16548822820186615
119,0.00011233240365982056
120,0.30923527479171753
121,3.500669240951538
122,0.11631711572408676
123,5.313728252076544e-05
124,0.5709201693534851
125,3.594424247741699
126,-0.6445435285568237
127,9.212453733198345e-05
128,0.35093826055526733
129,3.5922889709472656
130,-0.7259769439697266
131,9.203485387843102e-05
132,0.4034402668476105
133,0.5558091402053833
134,-0.04050441086292267
135,0.3962826430797577
136,0.5088435411453247
137,-0.05388998985290527
138,0.4015883803367615
139,0.5286797881126404
140,-0.03612692281603813
141,0.3899642825126648
142,0.47539836168289185
143,-0.02975565567612648
144,0.3954530656337738
145,0.49556583166122437
146,-0.054115455597639084
147,0.3962467312812805
148,0.4816056191921234
149,-0.046563781797885895
150,0.3999355137348175
151,0.4521520435810089
152,-0.009764234535396099
153,0.343576580286026
154,0.47552070021629333
155,0.03796306625008583
156,0.4005780816078186
157,0.42537012696266174
158,0.0057911318726837635
159,0.3999336361885071
160,0.4088187515735626
161,0.009824142791330814
162,0.4003390371799469
163,0.360801637172699
164,0.03770019859075546
165,0.40402349829673767
166,0.562170684337616
167,-0.04050534591078758
168,0.40498119592666626
169,0.5676623582839966
170,-0.038859669119119644
171,0.4059574604034424
172,0.5702633857727051
173,-0.03598472848534584
174,0.4087824821472168
175,0.6031513214111328
176,-0.031129883602261543
177,0.408710777759552
178,0.6082097291946411
179,-0.03402940556406975
180,0.4088733196258545
181,0.6148718595504761
182,-0.037927642464637756
183,0.40950238704681396
184,0.6231318116188049
185,-0.03851063922047615
186,0.41114580631256104
187,0.6375490427017212
188,-0.03498596325516701
189,0.39797788858413696
190,0.5177866220474243
191,-0.05080872401595116
192,0.39031553268432617
193,0.5218102335929871
194,-0.03812369331717491
195,0.3240683674812317
196,0.44985151290893555
197,0.10150659084320068
198,0.36709511280059814
199,0.47748002409935
200,0.02302151918411255
201,0.35893288254737854
202,0.48044317960739136
203,0.0247988011687994
204,0.35110706090927124
205,0.4820325970649719
206,0.02856873720884323
207,0.340606153011322
208,0.48075300455093384
209,0.0385931134223938
210,0.3738963007926941
211,0.4727974832057953
212,0.023181980475783348
213,0.35392463207244873
214,0.44758492708206177
215,0.02735874243080616
216,0.36293596029281616
217,0.4466940760612488
218,0.026556547731161118
219,0.34570395946502686
220,0.4516366124153137
221,0.03094540350139141
222,0.34064146876335144
223,0.4583510160446167
224,0.03487798199057579
225,0.33512383699417114
226,0.4894881248474121
227,0.04198389872908592
228,0.3753805458545685
229,0.6585000157356262
230,-0.022426890209317207
231,0.34093284606933594
232,0.4746224284172058
233,0.042014230042696
234,0.3201843500137329
235,0.4998283088207245
236,0.08824971318244934
237,0.3280574679374695
238,0.48533305525779724
239,0.05508334934711456
240,0.3563042879104614
241,0.5207760334014893
242,-0.001494153868407011
243,0.3882102966308594
244,0.5568144917488098
245,-0.03709287941455841
246,0.3917348086833954
247,0.5704571008682251
248,-0.0352926068007946
249,0.37420570850372314
250,0.5650414824485779
251,-0.029492799192667007
252,0.3670363128185272
253,0.5741724371910095
254,-0.01918313466012478
255,0.38150396943092346
256,0.5744988918304443
257,-0.028385775163769722
258,0.37475278973579407
259,0.57951420545578
260,-0.019221948459744453
261,0.361668199300766
262,0.6077785491943359
263,-0.006308675743639469
264,0.38841691613197327
265,0.5105729103088379
266,-0.051974646747112274
267,0.38659054040908813
268,0.498174250125885
269,-0.051798854023218155
270,0.3296889066696167
271,0.448025643825531
272,0.044083088636398315
273,0.3748694658279419
274,0.4887087643146515
275,0.003952422644942999
276,0.3673108220100403
277,0.5173625349998474
278,-0.0261814147233963
279,0.36721545457839966
280,0.512248158454895
281,-0.021706361323595047
282,0.33276116847991943
283,0.527276873588562
284,0.016080740839242935
285,0.38791412115097046
286,0.4850400984287262
287,-0.04237785190343857
288,0.345525324344635
289,0.42525964975357056
290,0.02832641266286373
291,0.33551740646362305
292,0.43430015444755554
293,0.036557361483573914
294,0.3283109664916992
295,0.42275506258010864
296,0.08887679129838943
297,0.3816378116607666
298,0.42597466707229614
299,0.012009933590888977
300,0.37129712104797363
301,0.44926390051841736
302,0.027149809524416924
303,0.3538611829280853
304,0.5922017097473145
305,-0.0006265651318244636
306,0.3343624174594879
307,0.6203283071517944
308,0.0736425518989563
309,0.37518733739852905
310,0.5233950018882751
311,-0.025534644722938538
312,0.38411828875541687
313,0.5266477465629578
314,-0.029956845566630363
315,0.3606336712837219
316,0.5923019647598267
317,-0.0014725513756275177
318,0.36601197719573975
319,0.5917235016822815
320,-0.004442127421498299
321,0.3319026231765747
322,0.4287220239639282
323,0.04439053311944008
324,0.3679123818874359
325,0.5244134068489075
326,-0.022873951122164726
327,0.3602278232574463
328,0.42135655879974365
329,0.01980837993323803
330,0.35838431119918823
331,0.41183775663375854
332,0.021253356710076332
333,0.3541761636734009
334,0.37958747148513794
335,0.0559958815574646
336,0.329914927482605
337,0.42521488666534424
338,0.06453172117471695
339,0.35681819915771484
340,0.394131064414978
341,0.03917593136429787
342,0.3264094293117523
343,0.4461156129837036
344,0.05467884987592697
345,0.3251732885837555
346,0.44858741760253906
347,0.07763012498617172
348,0.38957566022872925
349,0.5644887685775757
350,-0.03692566603422165
351,0.3778930902481079
352,0.5704630017280579
353,-0.02922746352851391
354,0.3706178367137909
355,0.576707124710083
356,-0.019909629598259926
357,0.37806031107902527
358,0.5258579254150391
359,-0.02486783266067505
360,0.3630917966365814
361,0.5921429395675659
362,-0.003077707253396511
363,0.3681357204914093
364,0.6001827716827393
365,-0.010002681985497475
366,0.36814364790916443
367,0.5913576483726501
368,-0.004897053353488445
369,0.379274845123291
370,0.5158674120903015
371,-0.036630477756261826
372,0.3775489330291748
373,0.5787167549133301
374,-0.018580036237835884
375,0.3844805955886841
376,0.5748798251152039
377,-0.025986207649111748
378,0.39398762583732605
379,0.572377622127533
380,-0.03236456215381622
381,0.39529573917388916
382,0.6375219225883484
383,-0.031988296657800674
384,0.39407026767730713
385,0.6231844425201416
386,-0.03485165908932686
387,0.39424851536750793
388,0.6152908205986023
389,-0.03370431810617447
390,0.39506691694259644
391,0.6083932518959045
392,-0.02964049018919468
393,0.3963807225227356
394,0.603895902633667
395,-0.02721865475177765
396,0.3790486752986908
397,0.6010909676551819
398,-0.015081635676324368
399,0.3769574761390686
400,0.6027877330780029
401,-0.017135128378868103
402,0.3740801513195038
403,0.6063350439071655
404,-0.01936674676835537
405,0.37204813957214355
406,0.6106870174407959
407,-0.018217820674180984
408,0.3609381914138794
409,0.563049852848053
410,-0.013789065182209015
411,0.32649296522140503
412,0.5620619058609009
413,0.10668680816888809
414,0.3997793197631836
415,0.5230602025985718
416,-0.04073717072606087
417,0.37441545724868774
418,0.5984739661216736
419,-0.008586046285927296
420,0.3710295855998993
421,0.5987057685852051
422,-0.009922436438500881
423,0.3876406252384186
424,0.5319063067436218
425,-0.032344285398721695
426,0.3720276653766632
427,0.5325583219528198
428,-0.01936246082186699
429,0.3859434127807617
430,0.5293945670127869
431,-0.03123069740831852
432,0.36556828022003174
433,0.49773383140563965
434,0.006259833462536335
435,0.35190218687057495
436,0.5078833699226379
437,0.00902464147657156
438,0.3664790689945221
439,0.5193551182746887
440,-0.01787346601486206
441,0.33747750520706177
442,0.39899539947509766
443,0.07240119576454163
444,0.33974242210388184
445,0.4066880941390991
446,0.051814544945955276
447,0.34269285202026367
448,0.4172038733959198
449,0.033844754099845886
450,0.3700467348098755
451,0.6193789839744568
452,-0.014385712333023548
453,0.3781871795654297
454,0.40986168384552
455,0.013668269850313663
456,0.3763745129108429
457,0.3883171081542969
458,0.029826423153281212
459,0.3744608759880066
460,0.3680229187011719
461,0.043754272162914276
462,0.3443441689014435
463,0.48259636759757996
464,0.033684879541397095
465,0.3273036777973175
466,0.4996059536933899
467,0.046295054256916046
468,0.3782041072845459
469,0.46819788217544556
470,0.024522611871361732
471,0.3338795304298401
472,0.4661024510860443
473,0.04450741782784462
474,0.3812065124511719
475,0.4790154993534088
476,0.0015735817141830921
477,0.3726043701171875
478,0.5095310211181641
479,-0.034507956355810165
480,0.32027673721313477
481,0.5124503374099731
482,0.0551510825753212
483,0.3309051990509033
484,0.5032770037651062
485,0.034849319607019424
486,0.3396757245063782
487,0.5024141073226929
488,0.023633871227502823
489,0.355101615190506
490,0.49701642990112305
491,0.017180198803544044
492,0.3669489622116089
493,0.4901709258556366
494,0.014425519853830338
495,0.37612608075141907
496,0.48235946893692017
497,0.01208234578371048
498,0.3917797803878784
499,0.457781046628952
500,-0.005116867832839489
501,0.31872254610061646
502,0.5352531671524048
503,0.04544428735971451
504,0.3286534547805786
505,0.46629831194877625
506,0.050766706466674805
507,0.39315861463546753
508,0.5184417366981506
509,-0.049458928406238556
510,0.37346333265304565
511,0.4979015588760376
512,-0.004407278262078762
513,0.32395392656326294
514,0.5076677203178406
515,0.11806011199951172
516,0.3825799226760864
517,0.47375184297561646
518,0.011678864248096943
519,0.3667055070400238
520,0.5221331715583801
521,-0.008725892752408981
522,0.3379193842411041
523,0.475273072719574
524,0.044133223593235016
525,0.37269359827041626
526,0.5032799243927002
527,-0.029091456905007362
528,0.328807532787323
529,0.5904406309127808
530,0.09266993403434753
531,0.37830570340156555
532,0.4647897183895111
533,0.02864767611026764
534,0.38040924072265625
535,0.49285802245140076
536,-0.03705226629972458
537,0.3426269292831421
538,0.6356678605079651
539,0.02159399911761284
540,0.34793567657470703
541,0.6574059724807739
542,0.030272498726844788
543,0.31799831986427307
544,0.5500615239143372
545,0.0767275020480156
546,0.33371445536613464
547,0.6222224235534668
548,0.03648586943745613
549,0.3229781687259674
550,0.4731111228466034
551,0.08620242029428482
552,0.3752628564834595
553,0.6760237812995911
554,-0.021764811128377914
555,0.3957611322402954
556,0.5234063863754272
557,-0.03966235741972923
558,0.3659250736236572
559,0.5089656114578247
560,-0.002647086977958679
561,0.3232835531234741
562,0.4914672374725342
563,0.06501882523298264
564,0.35144710540771484
565,0.47512295842170715
566,0.030676381662487984
567,0.3586791157722473
568,0.47393375635147095
569,0.02737540937960148
570,0.3656366765499115
571,0.602157711982727
572,-0.008727708831429482
573,0.3200197219848633
574,0.5608688592910767
575,0.0404471792280674
576,0.3940238952636719
577,0.6979981660842896
578,-0.02869848720729351
579,0.36750853061676025
580,0.6820196509361267
581,-0.0011259738821536303
582,0.3580319881439209
583,0.6714869141578674
584,0.013366099447011948
585,0.39985373616218567
586,0.3841381072998047
587,0.023957250639796257
588,0.41553109884262085
589,0.6989860534667969
590,-0.03499317914247513
591,0.36552104353904724
592,0.47173380851745605
593,0.026204897090792656
594,0.37196478247642517
595,0.4686691462993622
596,0.02679912932217121
597,0.3761068880558014
598,0.4664252698421478
599,0.028644317761063576
600,0.32506033778190613
601,0.46776282787323
602,0.061804912984371185
603,0.37122222781181335
604,0.46263155341148376
605,0.027982231229543686
606,0.3640980124473572
607,0.4634961783885956
608,0.027711089700460434
609,0.357468843460083
610,0.46451565623283386
611,0.029188673943281174
612,0.35071301460266113
613,0.46711474657058716
614,0.03204686939716339
615,0.3460618853569031
616,0.4702610373497009
617,0.03506183996796608
618,0.3228919506072998
619,0.4764479696750641
620,0.1127902939915657
621,0.34676143527030945
622,0.4755641520023346
623,0.03445497900247574
624,0.40256670117378235
625,0.5382736921310425
626,-0.035851992666721344
627,0.3680466115474701
628,0.552108883857727
629,-0.021434346213936806
630,0.3745475113391876
631,0.5207036137580872
632,-0.027804644778370857
633,0.3870483636856079
634,0.5423041582107544
635,-0.03311138227581978
636,0.40103617310523987
637,0.4405001401901245
638,0.0014626363990828395
639,0.35307422280311584
640,0.6509626507759094
641,0.007738540414720774
642,0.3636799454689026
643,0.6631882190704346
644,-0.006708749104291201
645,0.39168187975883484
646,0.6837950944900513
647,-0.03545590117573738
648,0.34094762802124023
649,0.6425696611404419
650,0.0512288473546505
651,0.3760423958301544
652,0.463451087474823
653,0.02865038439631462
654,0.3849429488182068
655,0.4763207733631134
656,-0.012959517538547516
657,0.4134213924407959
658,0.6851694583892822
659,-0.04130448028445244
660,0.3787711262702942
661,0.6914665102958679
662,-0.016363412141799927
663,0.32064270973205566
664,0.5774170160293579
665,0.06658845394849777
666,0.38656485080718994
667,0.603017270565033
668,-0.021376773715019226
669,0.3844784200191498
670,0.6062851548194885
671,-0.02345304749906063
672,0.38253578543663025
673,0.6117408275604248
674,-0.0261300690472126
675,0.3814605474472046
676,0.6188105344772339
677,-0.026142092421650887
678,0.380466103553772
679,0.6303794980049133
680,-0.023421786725521088
681,0.3690766394138336
682,0.5850715041160583
683,-0.010859337635338306
684,0.36530575156211853
685,0.5841298699378967
686,-0.00976851861923933
687,0.3622024953365326
688,0.5825796127319336
689,-0.009089128114283085
690,0.3555433750152588
691,0.5762114524841309
692,-0.0051762876100838184
693,0.3278748393058777
694,0.5594317317008972
695,0.01957283727824688
696,0.38682693243026733
697,0.46770548820495605
698,-0.0010089371353387833
699,0.384044885635376
700,0.4512712359428406
701,0.022432764992117882
702,0.3794681131839752
703,0.4560171365737915
704,0.027329053729772568
705,0.37230178713798523
706,0.583151638507843
707,-0.010788851417601109
708,0.3312276005744934
709,0.5959622263908386
710,0.0254657045006752
711,0.3902016580104828
712,0.4460253119468689
713,0.009156965650618076
714,0.3779662847518921
715,0.6427313089370728
716,-0.02275206707417965
717,0.39756882190704346
718,0.4714648127555847
719,-0.033881187438964844
720,0.39066508412361145
721,0.4670940339565277
722,-0.017945947125554085
723,0.39875638484954834
724,0.4622993469238281
725,-0.021021656692028046
726,0.3772381842136383
727,0.4953725039958954
728,-0.01780708134174347
729,0.4119728207588196
730,0.6680265069007874
731,-0.041560761630535126
732,0.4114460051059723
733,0.6507588028907776
734,-0.03796771168708801
735,0.39354974031448364
736,0.6504683494567871
737,-0.03332529589533806
738,0.3567350506782532
739,0.6150190234184265
740,-0.0024061640724539757
741,0.36132991313934326
742,0.5347161889076233
743,-0.006800072267651558
744,0.36635321378707886
745,0.630677342414856
746,-0.012493053451180458
747,0.34359684586524963
748,0.5391557812690735
749,0.0011010197922587395
750,0.35468801856040955
751,0.5499129295349121
752,-0.005121076945215464
753,0.33825698494911194
754,0.5632175803184509
755,0.006263612769544125
756,0.39154836535453796
757,0.6669977307319641
758,-0.035624708980321884
759,0.3718077838420868
760,0.5049198865890503
761,-0.012824257835745811
762,0.3523419499397278
763,0.6303223967552185
764,0.002629621885716915
765,0.36378514766693115
766,0.6451017260551453
767,-0.009518931619822979
768,0.3486137092113495
769,0.5968716144561768
770,0.003035998670384288
771,0.32380208373069763
772,0.5839480757713318
773,0.03725237026810646
774,0.34049367904663086
775,0.6054431200027466
776,0.01127650123089552
777,0.3258509039878845
778,0.6022878885269165
779,0.05464119091629982
780,0.3492140769958496
781,0.5688184499740601
782,-0.000986533472314477
783,0.3794522285461426
784,0.4871039092540741
785,-0.008222189731895924
786,0.3757631778717041
787,0.5139424204826355
788,-0.037524085491895676
789,0.37027767300605774
790,0.52040696144104
791,-0.028889132663607597
792,0.3791314959526062
793,0.5031540989875793
794,-0.04327896982431412
795,0.37640735507011414
796,0.4411071240901947
797,0.023905664682388306
798,0.3621242642402649
799,0.43657198548316956
800,0.025781599804759026
801,0.35040518641471863
802,0.43801718950271606
803,0.028014035895466805
804,0.3412410020828247
805,0.4437301456928253
806,0.03277119621634483
807,0.3355342745780945
808,0.453074187040329
809,0.038631077855825424
810,0.3338724374771118
811,0.479740172624588
812,0.0480307899415493
813,0.3181025981903076
814,0.5247626900672913
815,0.0833858996629715
816,0.33847808837890625
817,0.4918264150619507
818,0.03537791967391968
819,0.3463158905506134
820,0.4912453889846802
821,0.027970831841230392
822,0.35696059465408325
823,0.48854053020477295
824,0.022350359708070755
825,0.3675464391708374
826,0.4836616814136505
827,0.019548557698726654
828,0.3758600652217865
829,0.47758615016937256
830,0.01885269209742546
831,0.3814438581466675
832,0.47177398204803467
833,0.018235955387353897
834,0.32568269968032837
835,0.5351914763450623
836,0.11582247167825699
837,0.37133026123046875
838,0.5247400999069214
839,-0.02535546012222767
840,0.383390337228775
841,0.48405423760414124
842,-0.023776104673743248
843,0.38214826583862305
844,0.5114025473594666
845,-0.04601812735199928
846,0.3890313506126404
847,0.5186589956283569
848,-0.04511654004454613
849,0.38301336765289307
850,0.514915943145752
851,-0.04208759218454361
852,0.37458404898643494
853,0.5290675759315491
854,-0.02394404448568821
855,0.3903752863407135
856,0.5187460780143738
857,-0.04801863431930542
858,0.3925766348838806
859,0.5233215093612671
860,-0.03888976573944092
861,0.38125792145729065
862,0.4631732702255249
863,0.02600058726966381
864,0.38558319211006165
865,0.46343886852264404
866,0.01850484311580658
867,0.38737738132476807
868,0.46277156472206116
869,0.010395383462309837
870,0.34310635924339294
871,0.47263967990875244
872,0.03810656815767288
873,0.33748936653137207
874,0.46614813804626465
875,0.039849668741226196
876,0.40624040365219116
877,0.472751259803772
878,-0.032701633870601654
879,0.4732580780982971
880,0.4538511037826538
881,0.01642209105193615
882,0.41032567620277405
883,0.5184357166290283
884,-0.040348440408706665
885,0.5089080333709717
886,0.4171779155731201
887,0.06867579370737076
888,0.44598445296287537
889,0.4638620913028717
890,0.009094934910535812
891,0.4551330804824829
892,0.46398746967315674
893,0.008112307637929916
894,0.464417427778244
895,0.46288934350013733
896,0.009233743883669376
897,0.478249728679657
898,0.4578033983707428
899,0.01582401990890503
900,0.43841859698295593
901,0.4616452157497406
902,0.012184727936983109
903,0.4559343159198761
904,0.4305540919303894
905,0.010127106681466103
906,0.44636526703834534
907,0.43256598711013794
908,0.012933168560266495
909,0.4659649431705475
910,0.4315052032470703
911,0.011072256602346897
912,0.4733657240867615
913,0.4361414909362793
914,0.013284732587635517
915,0.48587292432785034
916,0.46419528126716614
917,0.017371390014886856
918,0.45345330238342285
919,0.6485909819602966
920,-0.0330343022942543
921,0.4769112169742584
922,0.4520340859889984
923,0.019582023844122887
924,0.5172114968299866
925,0.46737417578697205
926,0.05459987744688988
927,0.49656397104263306
928,0.4574550986289978
929,0.027498286217451096
930,0.4558941125869751
931,0.5040987133979797
932,-0.015979407355189323
933,0.41989853978157043
934,0.5512158870697021
935,-0.0410543717443943
936,0.41989800333976746
937,0.5654829144477844
938,-0.039028529077768326
939,0.4380556046962738
940,0.5540565252304077
941,-0.037469249218702316
942,0.44964802265167236
943,0.5596319437026978
944,-0.030280286446213722
945,0.4331233501434326
946,0.5655524134635925
947,-0.03568010404706001
948,0.4432411789894104
949,0.5674843788146973
950,-0.028856543824076653
951,0.4646584987640381
952,0.5908265709877014
953,-0.020560473203659058
954,0.40507104992866516
955,0.5077107548713684
956,-0.05392106622457504
957,0.40552645921707153
958,0.49493008852005005
959,-0.05410683900117874
960,0.4865502119064331
961,0.4223754405975342
962,0.01846710965037346
963,0.4337100386619568
964,0.4788963496685028
965,-0.005274659022688866
966,0.43619272112846375
967,0.5056235194206238
968,-0.03476668521761894
969,0.43711358308792114
970,0.5004115104675293
971,-0.030608084052801132
972,0.485872358083725
973,0.5019407272338867
974,-0.007952583953738213
975,0.4057302176952362
976,0.4821723401546478
977,-0.045344509184360504
978,0.4616974890232086
979,0.4070703983306885
980,0.010188234969973564
981,0.4757363200187683
982,0.4119250774383545
983,0.014102228917181492
984,0.49612319469451904
985,0.39215630292892456
986,0.059607695788145065
987,0.42104220390319824
988,0.42018020153045654
989,0.006135283969342709
990,0.4384499788284302
991,0.43787363171577454
992,0.016175681725144386
993,0.4713738262653351
994,0.5724424719810486
995,-0.017855199053883553
996,0.5216128826141357
997,0.5944464206695557
998,0.042419031262397766
999,0.4295157194137573
1000,0.514046311378479
1001,-0.0319572389125824
1002,0.4204859733581543
1003,0.5204818844795227
1004,-0.033146295696496964
1005,0.4641512334346771
1006,0.5740749835968018
1007,-0.01634770818054676
1008,0.4589645266532898
1009,0.5752966403961182
1010,-0.017564639449119568
1011,0.4809166193008423
1012,0.40475285053253174
1013,0.020518384873867035
1014,0.4385855495929718
1015,0.5123990178108215
1016,-0.03141230717301369
1017,0.4438881576061249
1018,0.4084554612636566
1019,0.00747409462928772
1020,0.444807231426239
1021,0.398191899061203
1022,0.008642533794045448
1023,0.45389267802238464
1024,0.3605888783931732
1025,0.03928207606077194
1026,0.48803237080574036
1027,0.3977818489074707
1028,0.03843216598033905
1029,0.44803333282470703
1030,0.3780719041824341
1031,0.024636603891849518
1032,0.4924877882003784
1033,0.41862091422080994
1034,0.027091410011053085
1035,0.5003476738929749
1036,0.4185523986816406
1037,0.04786244407296181
1038,0.4201778769493103
1039,0.559126615524292
1040,-0.040937941521406174
1041,0.43532484769821167
1042,0.5605149865150452
1043,-0.036928340792655945
1044,0.4463573694229126
1045,0.5634487271308899
1046,-0.030322812497615814
1047,0.42750298976898193
1048,0.5174757838249207
1049,-0.030108418315649033
1050,0.4616226553916931
1051,0.5746123790740967
1052,-0.016948657110333443
1053,0.45612072944641113
1054,0.5847932696342468
1055,-0.021743113175034523
1056,0.45726725459098816
1057,0.5758267045021057
1058,-0.01764628291130066
1059,0.42035114765167236
1060,0.508629560470581
1061,-0.04252094402909279
1062,0.4415597915649414
1063,0.567561686038971
1064,-0.027719654142856598
1065,0.4314042031764984
1066,0.5667794346809387
1067,-0.03277843818068504
1068,0.4194740056991577
1069,0.5678731203079224
1070,-0.03621762990951538
1071,0.4279145896434784
1072,0.6327157020568848
1073,-0.035855550318956375
1074,0.42596545815467834
1075,0.6181769967079163
1076,-0.03903388977050781
1077,0.4246774911880493
1078,0.6103687286376953
1079,-0.03812479227781296
1080,0.42339664697647095
1081,0.6037834882736206
1082,-0.033968981355428696
1083,0.4223513901233673
1084,0.599618136882782
1085,-0.03131580725312233
1086,0.4437845051288605
1087,0.5898858308792114
1088,-0.024190492928028107
1089,0.4456769824028015
1090,0.5909106135368347
1091,-0.026285728439688683
1092,0.4486852288246155
1093,0.5934967398643494
1094,-0.028795704245567322
1095,0.45133334398269653
1096,0.5973566770553589
1097,-0.02843002788722515
1098,0.4550308883190155
1099,0.5472279787063599
1100,-0.026317330077290535
1101,0.5277745723724365
1102,0.5314894318580627
1103,0.0719536542892456
1104,0.45007991790771484
1105,0.5853660702705383
1106,-0.01970037631690502
1107,0.45304933190345764
1108,0.5844365954399109
1109,-0.021137071773409843
1110,0.417306125164032
1111,0.5270180106163025
1112,-0.035518597811460495
1113,0.43693605065345764
1114,0.5217195153236389
1115,-0.02634316124022007
1116,0.41872599720954895
1117,0.5238965749740601
1118,-0.0342707522213459
1119,0.44500216841697693
1120,0.48438218235969543
1121,-0.0061943684704601765
1122,0.4610547125339508
1123,0.4894760847091675
1124,-0.00807445403188467
1125,0.44037729501724243
1126,0.5068520307540894
1127,-0.02719276398420334
1128,0.47870975732803345
1129,0.37253329157829285
1130,0.048642054200172424
1131,0.47165343165397644
1132,0.38370776176452637
1133,0.030790233984589577
1134,0.4647780656814575
1135,0.39762961864471436
1136,0.01481118518859148
1137,0.45559051632881165
1138,0.6061291098594666
1139,-0.02616485022008419
1140,0.4227277338504791
1141,0.40305665135383606
1142,0.007218188140541315
1143,0.4251214563846588
1144,0.37950146198272705
1145,0.022259855642914772
1146,0.42865413427352905
1147,0.35745126008987427
1148,0.03530711308121681
1149,0.47310400009155273
1150,0.4609682559967041
1151,0.01222971547394991
1152,0.49665161967277527
1153,0.47137653827667236
1154,0.018891118466854095
1155,0.4335748255252838
1156,0.4587700366973877
1157,0.014726837165653706
1158,0.48456940054893494
1159,0.4412288963794708
1160,0.019692691043019295
1161,0.42538782954216003
1162,0.4716153144836426
1163,-0.00580725958570838
1164,0.4267450273036957
1165,0.5002989768981934
1166,-0.041411012411117554
1167,0.508758008480072
1168,0.4815959334373474
1169,0.024010922759771347
1170,0.4896584153175354
1171,0.47658610343933105
1172,0.009057614952325821
1173,0.4769116938114166
1174,0.47914060950279236
1175,0.0014514066278934479
1176,0.4584786593914032
1177,0.4794861376285553
1178,0.00021891742653679103
1179,0.4448898732662201
1180,0.4769555330276489
1181,0.001553678303025663
1182,0.43410006165504456
1183,0.47257640957832336
1184,0.0024687640834599733
1185,0.40966665744781494
1186,0.4548676609992981
1187,-0.008302683010697365
1188,0.5102200508117676
1189,0.5044121742248535
1190,0.014296556822955608
1191,0.4922005832195282
1192,0.4393507242202759
1193,0.023819588124752045
1194,0.4032060205936432
1195,0.5165798664093018
1196,-0.05097227543592453
1197,0.43374207615852356
1198,0.4879048466682434
1199,-0.013246270827949047
1200,0.5238276720046997
1201,0.47495877742767334
1202,0.08239033073186874
1203,0.4259537160396576
1204,0.46644192934036255
1205,0.0042062317952513695
1206,0.4427086412906647
1207,0.5092830657958984
1208,-0.018066249787807465
1209,0.4812198579311371
1210,0.451415479183197
1211,0.020533008500933647
1212,0.42790016531944275
1213,0.4940646290779114
1214,-0.03616339713335037
1215,0.5270660519599915
1216,0.5616309642791748
1217,0.059482768177986145
1218,0.43405821919441223
1219,0.45549649000167847
1220,0.018506914377212524
1221,0.41622886061668396
1222,0.48692968487739563
1223,-0.04221101105213165
1224,0.49814698100090027
1225,0.6152545809745789
1226,-0.0020779294427484274
1227,0.5008171200752258
1228,0.6389235854148865
1229,0.006418752949684858
1230,0.5232917666435242
1231,0.5181673169136047
1232,0.04288562387228012
1233,0.5100024938583374
1234,0.5980046987533569
1235,0.008981204591691494
1236,0.508938729763031
1237,0.44167447090148926
1238,0.054265089333057404
1239,0.45653146505355835
1240,0.6665934920310974
1241,-0.03321244195103645
1242,0.40403085947036743
1243,0.5219132304191589
1244,-0.0405593179166317
1245,0.4439074993133545
1246,0.49587738513946533
1247,-0.013652761466801167
1248,0.5056359767913818
1249,0.4614494740962982
1250,0.034755367785692215
1251,0.46300607919692993
1252,0.4562414288520813
1253,0.011821283027529716
1254,0.454631507396698
1255,0.4573339819908142
1256,0.01070049311965704
1257,0.45907077193260193
1258,0.5858465433120728
1259,-0.02123766392469406
1260,0.5124320983886719
1261,0.5309011936187744
1262,0.010123943910002708
1263,0.4384467899799347
1264,0.6933178901672363
1265,-0.03514234349131584
1266,0.4721689224243164
1267,0.6706008911132812
1268,-0.016756316646933556
1269,0.48580753803253174
1270,0.656943678855896
1271,-0.006095512304455042
1272,0.4470866322517395
1273,0.45754769444465637
1274,0.011809315532445908
1275,0.44048652052879333
1276,0.4567313492298126
1277,0.014537259005010128
1278,0.43633949756622314
1279,0.4562060534954071
1280,0.017674289643764496
1281,0.49950218200683594
1282,0.438665509223938
1283,0.03246709331870079
1284,0.441060870885849
1285,0.45120495557785034
1286,0.015479362569749355
1287,0.448347806930542
1288,0.4497026801109314
1289,0.013090557418763638
1290,0.45514607429504395
1291,0.4486037492752075
1292,0.012218097224831581
1293,0.4630742371082306
1294,0.4488171339035034
1295,0.012716447003185749
1296,0.46913599967956543
1297,0.4500008523464203
1298,0.014373627491295338
1299,0.5177237391471863
1300,0.4431511461734772
1301,0.07804715633392334
1302,0.4688781797885895
1303,0.4549996554851532
1304,0.013973657041788101
1305,0.44396263360977173
1306,0.5394840240478516
1307,-0.0308441910892725
1308,0.42863282561302185
1309,0.5112394690513611
1310,-0.03385885804891586
1311,0.4196731448173523
1312,0.5368293523788452
1313,-0.03701525554060936
1314,0.4851025342941284
1315,0.6342694759368896
1316,-0.011313348077237606
1317,0.4718126058578491
1318,0.6504205465316772
1319,-0.0219883993268013
1320,0.43651819229125977
1321,0.678681492805481
1322,-0.04178614541888237
1323,0.5120527148246765
1324,0.620454728603363
1325,0.023231949657201767
1326,0.4361265003681183
1327,0.45355841517448425
1328,0.017434418201446533
1329,0.416469544172287
1330,0.47110456228256226
1331,-0.017842231318354607
1332,0.45670682191848755
1333,0.6830324530601501
1334,-0.02803192473948002
1335,0.5235379338264465
1336,0.5470612049102783
1337,0.033983632922172546
1338,0.43400585651397705
1339,0.5948887467384338
1340,-0.028341732919216156
1341,0.4359619617462158
1342,0.5976128578186035
1343,-0.030614066869020462
1344,0.4380926787853241
1345,0.6024153232574463
1346,-0.033716682344675064
1347,0.44010427594184875
1348,0.6092429161071777
1349,-0.034034352749586105
1350,0.4440576136112213
1351,0.6207950115203857
1352,-0.032254625111818314
1353,0.45280492305755615
1354,0.5702927708625793
1355,-0.022662775591015816
1356,0.45590686798095703
1357,0.5681455731391907
1358,-0.022669648751616478
1359,0.45881906151771545
1360,0.565494179725647
1361,-0.022646907716989517
1362,0.4649476706981659
1363,0.5577074289321899
1364,-0.020840974524617195
1365,0.49806350469589233
1366,0.532486617565155
1367,-0.006485539022833109
1368,0.4172353148460388
1369,0.4626559615135193
1370,-0.006250943057239056
1371,0.4245607256889343
1372,0.4448174238204956
1373,0.01617683656513691
1374,0.4310000240802765
1375,0.44749903678894043
1376,0.0180075541138649
1377,0.4502218961715698
1378,0.5696080327033997
1379,-0.02216634713113308
1380,0.5034019351005554
1381,0.5703967213630676
1382,-0.0008607303607277572
1383,0.41438359022140503
1384,0.44232821464538574
1385,0.005363508593291044
1386,0.44889283180236816
1387,0.633082389831543
1388,-0.03233534097671509
1389,0.4080136716365814
1390,0.4642721116542816
1391,-0.020568720996379852
1392,0.42528676986694336
1393,0.4874596893787384
1394,-0.024213489145040512
1395,0.4307359457015991
1396,0.6456083655357361
1397,-0.037882525473833084
1398,0.47177740931510925
1399,0.597695529460907
1400,-0.01879744417965412
1401,0.4513604938983917
1402,0.5197620987892151
1403,-0.018686262890696526
1404,0.4621141254901886
1405,0.6171213388442993
1406,-0.025449136272072792
1407,0.47292178869247437
1408,0.5178318023681641
1409,-0.017837191000580788
1410,0.4613928496837616
1411,0.5324088931083679
1412,-0.020135313272476196
1413,0.48420020937919617
1414,0.5399511456489563
1415,-0.015401303768157959
1416,0.43396204710006714
1417,0.6617324352264404
1418,-0.041672416031360626
1419,0.43402165174484253
1420,0.49458375573158264
1421,-0.020943745970726013
1422,0.48029229044914246
1423,0.6126202344894409
1424,-0.015797754749655724
1425,0.4676659405231476
1426,0.6316012740135193
1427,-0.02379130758345127
1428,0.4784129858016968
1429,0.5764610171318054
1430,-0.016678258776664734
1431,0.5123199224472046
1432,0.5555258393287659
1433,0.008016470819711685
1434,0.4911562204360962
1435,0.5832429528236389
1436,-0.011183231137692928
1437,0.5196022987365723
1438,0.5742951035499573
1439,0.023585468530654907
1440,0.4717652201652527
1441,0.5487159490585327
1442,-0.019063159823417664
1443,0.4248681366443634
1444,0.47962087392807007
1445,-0.015126623213291168
1446,0.4233682155609131
1447,0.5056411027908325
1448,-0.043856181204319
1449,0.4330846071243286
1450,0.5096369385719299
1451,-0.036219414323568344
1452,0.4161210358142853
1453,0.4969150424003601
1454,-0.0482582189142704
1455,0.4310692250728607
1456,0.43239277601242065
1457,0.015261982567608356
1458,0.44522804021835327
1459,0.42303213477134705
1460,0.01283530704677105
1461,0.4581202268600464
1462,0.4202980399131775
1463,0.010839546099305153
1464,0.4698864817619324
1465,0.4224538207054138
1466,0.011770299635827541
1467,0.47908151149749756
1468,0.42941349744796753
1469,0.015419228933751583
1470,0.4876842498779297
1471,0.4542805254459381
1472,0.022825822234153748
1473,0.5211617350578308
1474,0.4922639727592468
1475,0.04877399280667305
1476,0.4805111587047577
1477,0.46784669160842896
1478,0.012244789861142635
1479,0.46998074650764465
1480,0.4703539311885834
1481,0.007676111999899149
1482,0.4572864770889282
1483,0.4715053141117096
1484,0.005581190809607506
1485,0.44525444507598877
1486,0.47030144929885864
1487,0.006302968133240938
1488,0.4358895421028137
1489,0.4673478305339813
1490,0.008883502334356308
1491,0.4292614758014679
1492,0.46357661485671997
1493,0.01014814991503954
1494,0.5261945724487305
1495,0.5036009550094604
1496,0.08022603392601013
1497,0.43420201539993286
1498,0.5140079855918884
1499,-0.032486747950315475
1500,0.41548648476600647
1501,0.4787733554840088
1502,-0.02886301651597023
1503,0.41349902749061584
1504,0.5059792399406433
1505,-0.050079092383384705
1506,0.40938231348991394
1507,0.5151013731956482
1508,-0.0474373996257782
1509,0.41491276025772095
1510,0.5093291401863098
1511,-0.04623037204146385
1512,0.432510107755661
1513,0.5193505883216858
1514,-0.03008779138326645
1515,0.40681999921798706
1516,0.5157954096794128
1517,-0.04988740757107735
1518,0.40770238637924194
1519,0.5207381844520569
1520,-0.04044845327734947
1521,0.4299143850803375
1522,0.45499953627586365
1523,0.01740998588502407
1524,0.4238981306552887
1525,0.4570373296737671
1526,0.012169661931693554
1527,0.4197009205818176
1528,0.45738649368286133
1529,0.005157150328159332
1530,0.47334128618240356
1531,0.45116496086120605
1532,0.016417179256677628
1533,0.4793808162212372
1534,0.44253775477409363
1535,0.01699483022093773
1536,0.0
1537,0.0
1538,0.0
1539,0.0
1540,0.0
1541,0.0
1542,0.0
1543,0.0
1544,0.0
1545,0.0
1546,0.0
1547,0.0
1548,0.0
1549,0.0
1550,0.0
1551,0.0
1552,0.0
1553,0.0
1554,0.0
1555,0.0
1556,0.0
1557,0.0
1558,0.0
1559,0.0
1560,0.0
1561,0.0
1562,0.0
1563,0.0
1564,0.0
1565,0.0
1566,0.0
1567,0.0
1568,0.0
1569,0.0
1570,0.0
1571,0.0
1572,0.0
1573,0.0
1574,0.0
1575,0.0
1576,0.0
1577,0.0
1578,0.0
1579,0.0
1580,0.0
1581,0.0
1582,0.0
1583,0.0
1584,0.0
1585,0.0
1586,0.0
1587,0.0
1588,0.0
1589,0.0
1590,0.0
1591,0.0
1592,0.0
1593,0.0
1594,0.0
1595,0.0
1596,0.0
1597,0.0
1598,0.0
1599,0.0
1600,0.0
1601,0.0
1602,0.0
1603,0.0
1604,0.0
1605,0.0
1606,0.0
1607,0.0
1608,0.0
1609,0.0
1610,0.0
1611,0.0
1612,0.0
1613,0.0
1614,0.0
1615,0.0
1616,0.0
1617,0.0
1618,0.0
1619,0.0
1620,0.0
1621,0.0
1622,0.0
1623,0.0
1624,0.0
1625,0.0
1626,0.0
1627,0.0
1628,0.0
1629,0.0
1630,0.0
1631,0.0
1632,0.0
1633,0.0
1634,0.0
1635,0.0
1636,0.0
1637,0.0
1638,0.0
1639,0.0
1640,0.0
1641,0.0
1642,0.0
1643,0.0
1644,0.0
1645,0.0
1646,0.0
1647,0.0
1648,0.0
1649,0.0
1650,0.0
1651,0.0
1652,0.0
1653,0.0
1654,0.0
1655,0.0
1656,0.0
1657,0.0
1658,0.0
1659,0.0
1660,0.0
1661,0.0
