,0
0,0.44381704926490784
1,0.3365819752216339
2,-0.8797489404678345
3,0.9999746680259705
4,0.47016677260398865
5,0.27663400769233704
6,-0.8080756068229675
7,0.9999585151672363
8,0.4874638617038727
9,0.27768605947494507
10,-0.8078176379203796
11,0.9999472498893738
12,0.5006273984909058
13,0.27919065952301025
14,-0.8080152273178101
15,0.9999547600746155
16,0.41493767499923706
17,0.27953603863716125
18,-0.8038519024848938
19,0.9999554753303528
20,0.3945676386356354
21,0.2818721532821655
22,-0.8033369183540344
23,0.9999500513076782
24,0.37751829624176025
25,0.2849002778530121
26,-0.8034849166870117
27,0.9999583959579468
28,0.5206650495529175
29,0.31618815660476685
30,-0.37753263115882874
31,0.9999494552612305
32,0.35826626420021057
33,0.3187885284423828
34,-0.3388466238975525
35,0.9999603033065796
36,0.48170119524002075
37,0.40797221660614014
38,-0.729763388633728
39,0.9999797344207764
40,0.40801161527633667
41,0.40922287106513977
42,-0.7213350534439087
43,0.9999772310256958
44,0.6716585755348206
45,0.6750819683074951
46,-0.17780543863773346
47,0.9996659755706787
48,0.23470759391784668
49,0.6464135646820068
50,-0.2057987004518509
51,0.9995030164718628
52,0.7674721479415894
53,1.0403705835342407
54,-0.1529543101787567
55,0.5573865175247192
56,-0.0065480791963636875
57,0.7960444688796997
58,-0.8693838119506836
59,0.761875569820404
60,0.7954889535903931
61,1.4783461093902588
62,-0.23229721188545227
63,0.2169964462518692
64,0.21175196766853333
65,0.39098769426345825
66,-1.56266450881958
67,0.5900151133537292
68,0.8205674886703491
69,1.5884318351745605
70,-0.2882096767425537
71,0.19879578053951263
72,0.26488009095191956
73,0.27809685468673706
74,-1.7430713176727295
75,0.5333800315856934
76,0.7690155506134033
77,1.580897569656372
78,-0.32014527916908264
79,0.2802831828594208
80,0.285908967256546
81,0.27655524015426636
82,-1.623602271080017
83,0.5770567655563354
84,0.7458370923995972
85,1.5457432270050049
86,-0.25971731543540955
87,0.2704218626022339
88,0.2856862246990204
89,0.32198068499565125
90,-1.5421005487442017
91,0.5724101662635803
92,0.5825718641281128
93,1.4903086423873901
94,-0.08352617174386978
95,0.0022899112664163113
96,0.2797749638557434
97,1.4829881191253662
98,0.08825372159481049
99,0.0024250864516943693
100,0.5664307475090027
101,2.16984486579895
102,-0.2678205072879791
103,0.0008174671675078571
104,0.288944274187088
105,2.1669070720672607
106,0.009856593795120716
107,0.0004289580974727869
108,0.5455909371376038
109,2.790074586868286
110,0.24944698810577393
111,9.820925333769992e-05
112,0.2808590531349182
113,2.7769038677215576
114,0.31166064739227295
115,1.246814281330444e-05
116,0.5524552464485168
117,2.8743765354156494
118,0.2608132064342499
119,5.634890840156004e-05
120,0.2721647024154663
121,2.858529806137085
122,0.3268910050392151
123,3.1805124308448285e-05
124,0.4964492917060852
125,2.9785547256469727
126,-0.39675143361091614
127,5.194239929551259e-05
128,0.3050857484340668
129,2.9834485054016113
130,-0.37381711602211
131,5.07783806824591e-05
132,0.44338667392730713
133,0.4026013910770416
134,-0.027147633954882622
135,0.4410845935344696
136,0.36131617426872253
137,-0.04841335862874985
138,0.4417017996311188
139,0.3743421137332916
140,-0.02684730663895607
141,0.4319215714931488
142,0.3220987617969513
143,-0.036023370921611786
144,0.4404928386211395
145,0.3484329283237457
146,-0.05097367987036705
147,0.439720094203949
148,0.33241966366767883
149,-0.047137532383203506
150,0.43785929679870605
151,0.29523158073425293
152,-0.023261701688170433
153,0.3775334358215332
154,0.29711204767227173
155,0.009655986912548542
156,0.43669965863227844
157,0.2690286338329315
158,-0.01721791736781597
159,0.4361463189125061
160,0.253505676984787
161,-0.018455645069479942
162,0.43348538875579834
163,0.1939440369606018
164,-0.007421383634209633
165,0.44372791051864624
166,0.4087802469730377
167,-0.02650538459420204
168,0.44395819306373596
169,0.41381189227104187
170,-0.024101845920085907
171,0.4440370202064514
172,0.4160569906234741
173,-0.020554669201374054
174,0.4452356994152069
175,0.4551508128643036
176,-0.009504584595561028
177,0.4455753266811371
178,0.46226099133491516
179,-0.0107632577419281
180,0.4460034668445587
181,0.47014057636260986
182,-0.011609832756221294
183,0.44636040925979614
184,0.47790175676345825
185,-0.00802703108638525
186,0.44663119316101074
187,0.4842934012413025
188,0.0019880973268300295
189,0.44138363003730774
190,0.3679875433444977
191,-0.04431183263659477
192,0.4329564869403839
193,0.36789724230766296
194,-0.03274931386113167
195,0.347476989030838
196,0.2585054039955139
197,0.04913182184100151
198,0.40210387110710144
199,0.3053969442844391
200,0.0014301753835752606
201,0.3941190242767334
202,0.30720409750938416
203,0.001669222954660654
204,0.38611313700675964
205,0.3076120615005493
206,0.003694309387356043
207,0.3744947016239166
208,0.30187395215034485
209,0.01046721450984478
210,0.4085797965526581
211,0.3016431927680969
212,0.002267962321639061
213,0.3890917897224426
214,0.27570563554763794
215,-0.0014269108651205897
216,0.39837148785591125
217,0.27596157789230347
218,-0.0010421589249745011
219,0.3805670738220215
220,0.27814963459968567
221,0.0009652365697547793
222,0.37503838539123535
223,0.28281286358833313
224,0.004307508002966642
225,0.3689175844192505
226,0.31130918860435486
227,0.014143691398203373
228,0.414462685585022
229,0.48933976888656616
230,0.009610853157937527
231,0.3741961717605591
232,0.2944730520248413
233,0.012267748825252056
234,0.34570568799972534
235,0.309889018535614
236,0.050946466624736786
237,0.35964784026145935
238,0.3049183785915375
239,0.02250504121184349
240,0.39803314208984375
241,0.35596004128456116
242,-0.007787788286805153
243,0.4313693344593048
244,0.4016208052635193
245,-0.02587960846722126
246,0.4341273009777069
247,0.4148211181163788
248,-0.02280813455581665
249,0.4200974702835083
250,0.40732643008232117
251,-0.02081424370408058
252,0.4142419993877411
253,0.41464781761169434
254,-0.012905021198093891
255,0.4262412190437317
256,0.41728681325912476
257,-0.018762027844786644
258,0.4208347797393799
259,0.4207647442817688
260,-0.011554941534996033
261,0.40521833300590515
262,0.4447421431541443
263,0.005365584511309862
264,0.43387725949287415
265,0.36146000027656555
266,-0.04779196158051491
267,0.4322420060634613
268,0.3492274880409241
269,-0.050150830298662186
270,0.3630289137363434
271,0.2738233506679535
272,0.006146843545138836
273,0.4132005274295807
274,0.3241841197013855
275,-0.008708933368325233
276,0.4129132330417633
277,0.35951948165893555
278,-0.027139030396938324
279,0.41192394495010376
280,0.3534180819988251
281,-0.024319594725966454
282,0.37433376908302307
283,0.357361376285553
284,0.0015635726740583777
285,0.43198928236961365
286,0.33432871103286743
287,-0.044640421867370605
288,0.3823196291923523
289,0.2598875164985657
290,-0.007999453693628311
291,0.37066853046417236
292,0.2645726799964905
293,-0.0018901476869359612
294,0.3543594777584076
295,0.23602449893951416
296,0.033512216061353683
297,0.4192919135093689
298,0.26778340339660645
299,-0.014749566093087196
300,0.4064546525478363
301,0.2793773114681244
302,0.0015988775994628668
303,0.39948126673698425
304,0.42785876989364624
305,0.005173661280423403
306,0.3614484667778015
307,0.4243415892124176
308,0.07074404507875443
309,0.4196215867996216
310,0.3658744692802429
311,-0.023523177951574326
312,0.42704659700393677
313,0.369739294052124
314,-0.024694038555026054
315,0.40737611055374146
316,0.4310121536254883
317,0.004069725051522255
318,0.41222599148750305
319,0.43071502447128296
320,0.0018642439972609282
321,0.3659910559654236
322,0.2575516402721405
323,0.002548186108469963
324,0.4129427671432495
325,0.3651510775089264
326,-0.022431226447224617
327,0.39832693338394165
328,0.2602185606956482
329,-0.012409811839461327
330,0.396476149559021
331,0.25064948201179504
332,-0.014040791429579258
333,0.3859257996082306
334,0.20390692353248596
335,0.002516312524676323
336,0.3604743778705597
337,0.24630235135555267
338,0.016146501526236534
339,0.3920842111110687
340,0.22590163350105286
341,-0.006109000649303198
342,0.35825225710868835
343,0.2695065438747406
344,0.013579285703599453
345,0.35296934843063354
346,0.2644861936569214
347,0.030664334073662758
348,0.4326206147670746
349,0.40917113423347473
350,-0.02528461627662182
351,0.4233724772930145
352,0.4132307767868042
353,-0.020113550126552582
354,0.41738268733024597
355,0.4177626669406891
356,-0.0128865297883749
357,0.4219169020652771
358,0.3681355118751526
359,-0.022008689120411873
360,0.4097220003604889
361,0.4312320649623871
362,0.0027721442747861147
363,0.4130082428455353
364,0.44176098704338074
365,0.00024739332729950547
366,0.4137080907821655
367,0.4296610653400421
368,0.0017288827802985907
369,0.4240768551826477
370,0.3615802824497223
371,-0.03556303679943085
372,0.4228824973106384
373,0.41993993520736694
374,-0.010437293909490108
375,0.42833182215690613
376,0.41778579354286194
377,-0.015703823417425156
378,0.4354279041290283
379,0.4166666865348816
380,-0.019465778023004532
381,0.4327530264854431
382,0.48270443081855774
383,0.0018659670604392886
384,0.4326835572719574
385,0.4758506417274475
386,-0.007704796735197306
387,0.43340060114860535
388,0.46849554777145386
389,-0.010336698032915592
390,0.43439942598342896
391,0.46016889810562134
392,-0.009512891992926598
393,0.43548089265823364
394,0.4542611539363861
395,-0.008449077606201172
396,0.4221906363964081
397,0.44557467103004456
398,-0.002345262560993433
399,0.4201848804950714
400,0.4477984607219696
401,-0.003189613576978445
402,0.4172031879425049
403,0.4514031410217285
404,-0.0037144978996366262
405,0.4148259460926056
406,0.45488864183425903
407,-0.0021076754201203585
408,0.4069596827030182
409,0.40114131569862366
410,-0.010440416634082794
411,0.34890809655189514
412,0.36396583914756775
413,0.08363400399684906
414,0.44147753715515137
415,0.37058883905410767
416,-0.033080093562603
417,0.41852375864982605
418,0.4400408864021301
419,0.0007697178516536951
420,0.4156978130340576
421,0.4408004879951477
422,0.00022413941042032093
423,0.4301929473876953
424,0.37516534328460693
425,-0.02464189939200878
426,0.41618743538856506
427,0.37278497219085693
428,-0.01596539095044136
429,0.4286858141422272
430,0.3725666403770447
431,-0.025005189701914787
432,0.4047912061214447
433,0.3317306339740753
434,-0.00616102572530508
435,0.39201027154922485
436,0.3409346342086792
437,-0.004276757128536701
438,0.41074344515800476
439,0.359219491481781
440,-0.019479094073176384
441,0.3664090037345886
442,0.21743251383304596
443,0.016930678859353065
444,0.3728066682815552
445,0.2329222857952118
446,0.004236558917909861
447,0.3791382908821106
448,0.2507803440093994
449,-0.006098833866417408
450,0.4115614891052246
451,0.4585970938205719
452,0.0036930127535015345
453,0.4161164164543152
454,0.25242936611175537
455,-0.01772339828312397
456,0.41206905245780945
457,0.2234296351671219
458,-0.011862535029649734
459,0.40755897760391235
460,0.19674931466579437
461,-0.005589653272181749
462,0.37890058755874634
463,0.30598920583724976
464,0.007174081634730101
465,0.3609331250190735
466,0.32096078991889954
467,0.018422408029437065
468,0.4127376079559326
469,0.29802829027175903
470,0.003524054540321231
471,0.36695224046707153
472,0.2884211540222168
473,0.011261671781539917
474,0.4189545214176178
475,0.31599485874176025
476,-0.011624631471931934
477,0.41815680265426636
478,0.3544604480266571
479,-0.035318970680236816
480,0.3528778851032257
481,0.3304511308670044
482,0.02703501097857952
483,0.36681297421455383
484,0.3282066881656647
485,0.010834140703082085
486,0.37750178575515747
487,0.33131179213523865
488,0.0034702715929597616
489,0.3929866850376129
490,0.3279024064540863
491,-0.00021441029093693942
492,0.40422460436820984
493,0.3219160735607147
494,-0.0015928240027278662
495,0.4125882685184479
496,0.3155423402786255
497,-0.0036894450895488262
498,0.4298502802848816
499,0.29904600977897644
500,-0.020145850256085396
501,0.3553222417831421
502,0.3553243577480316
503,0.02404503896832466
504,0.3607616424560547
505,0.2881084680557251
506,0.015011798590421677
507,0.43691566586494446
508,0.3678600490093231
509,-0.04388333484530449
510,0.4140545427799225
511,0.33553922176361084
512,-0.012753560207784176
513,0.34411585330963135
514,0.31062036752700806
515,0.07846858352422714
516,0.4187505841255188
517,0.30853739380836487
518,-0.00485606212168932
519,0.40998563170433044
520,0.3603426218032837
521,-0.010535822249948978
522,0.37115001678466797
523,0.295337438583374
524,0.013708882965147495
525,0.41728073358535767
526,0.3468904197216034
527,-0.03181290253996849
528,0.3529473543167114
529,0.3927925229072571
530,0.0792509987950325
531,0.4123769998550415
532,0.2936563491821289
533,0.006030571646988392
534,0.42447957396507263
535,0.33937931060791016
536,-0.03979151323437691
537,0.38047513365745544
538,0.4545547366142273
539,0.032923098653554916
540,0.3809962868690491
541,0.46935033798217773
542,0.045237522572278976
543,0.3476196527481079
544,0.3606242835521698
545,0.05366937071084976
546,0.37033069133758545
547,0.4369845688343048
548,0.04018913209438324
549,0.3490520119667053
550,0.28543269634246826
551,0.04317767918109894
552,0.4133659601211548
553,0.502233624458313
554,0.013490643352270126
555,0.4379551410675049
556,0.3704104721546173
557,-0.032626889646053314
558,0.407006174325943
559,0.345109224319458
560,-0.00972052477300167
561,0.35310161113739014
562,0.30822497606277466
563,0.03071570210158825
564,0.3863610327243805
565,0.30001792311668396
566,0.004802873358130455
567,0.39362600445747375
568,0.30021727085113525
569,0.002821275033056736
570,0.410436749458313
571,0.4426482319831848
572,0.0012826932361349463
573,0.35862812399864197
574,0.3802157938480377
575,0.026680538430809975
576,0.42906883358955383
577,0.5224576592445374
578,0.015573070384562016
579,0.40266746282577515
580,0.5006360411643982
581,0.028775127604603767
582,0.39239540696144104
583,0.4871536195278168
584,0.036015089601278305
585,0.43484488129615784
586,0.22242411971092224
587,-0.013336913660168648
588,0.4482417702674866
589,0.5251800417900085
590,0.013931872323155403
591,0.40035438537597656
592,0.2988596558570862
593,0.002639154205098748
594,0.406548410654068
595,0.2964571416378021
596,0.003901401301845908
597,0.41047823429107666
598,0.2949034571647644
599,0.005742639768868685
600,0.3551928400993347
601,0.28683942556381226
602,0.023381246253848076
603,0.40524378418922424
604,0.28743448853492737
605,0.003089301288127899
606,0.3981466293334961
607,0.28543490171432495
608,0.001363294548355043
609,0.39110085368156433
610,0.2853046655654907
611,0.0016217767260968685
612,0.3838824927806854
613,0.2874584197998047
614,0.003484650980681181
615,0.3792468011379242
616,0.2904842793941498
617,0.006142990663647652
618,0.3442610502243042
619,0.28178611397743225
620,0.06563349068164825
621,0.3812798857688904
622,0.2987455427646637
623,0.007321312557905912
624,0.44224095344543457
625,0.3835499882698059
626,-0.024487772956490517
627,0.41315802931785583
628,0.39194172620773315
629,-0.015901602804660797
630,0.41933590173721313
631,0.36386188864707947
632,-0.026914646849036217
633,0.4295639395713806
634,0.3858373761177063
635,-0.023459479212760925
636,0.4371790885925293
637,0.28191012144088745
638,-0.016828304156661034
639,0.3907942771911621
640,0.47227343916893005
641,0.027503537014126778
642,0.40148693323135376
643,0.48680540919303894
644,0.02116541564464569
645,0.42891207337379456
646,0.5134246945381165
647,0.006996578071266413
648,0.37143784761428833
649,0.4502611756324768
650,0.05762831121683121
651,0.4100697934627533
652,0.29104068875312805
653,0.004779010079801083
654,0.424960196018219
655,0.31814783811569214
656,-0.023220667615532875
657,0.44809138774871826
658,0.5165978670120239
659,0.005833552684634924
660,0.4144943952560425
661,0.5132628083229065
662,0.020751480013132095
663,0.35202622413635254
664,0.3878262937068939
665,0.05229796841740608
666,0.4279950261116028
667,0.45071226358413696
668,-0.005744593217968941
669,0.42605897784233093
670,0.4549342095851898
671,-0.00654106680303812
672,0.4237459599971771
673,0.46104884147644043
674,-0.006840726360678673
675,0.4220595359802246
676,0.4675176441669464
677,-0.004910651594400406
678,0.4200713634490967
679,0.4724639058113098
680,0.0018433844670653343
681,0.4159373939037323
682,0.42466288805007935
683,-0.004713537637144327
684,0.4127230942249298
685,0.4234880805015564
686,-0.0045332699082791805
687,0.4099012017250061
688,0.42150261998176575
689,-0.004589133430272341
690,0.40236252546310425
691,0.4131965637207031
692,-0.0028230014722794294
693,0.3706558644771576
694,0.3853621780872345
695,0.01079911831766367
696,0.4245361089706421
697,0.3067159950733185
698,-0.015238343738019466
699,0.4190347492694855
700,0.28551915287971497
701,3.6490546335699037e-06
702,0.41370880603790283
703,0.287005215883255
704,0.00316421827301383
705,0.4182189702987671
706,0.42265862226486206
707,-0.003922032658010721
708,0.372373104095459
709,0.4173784852027893
710,0.02479543350636959
711,0.42640942335128784
712,0.28469839692115784
713,-0.01098217349499464
714,0.417170912027359
715,0.47865167260169983
716,0.006703333463519812
717,0.43911924958229065
718,0.31957653164863586
719,-0.03868123143911362
720,0.43080395460128784
721,0.311137855052948
722,-0.02867821790277958
723,0.438495397567749
724,0.3078588843345642
725,-0.030514325946569443
726,0.41932398080825806
727,0.3370433747768402
728,-0.023798566311597824
729,0.4477092921733856
730,0.5044581890106201
731,0.0026473135221749544
732,0.44710773229599
733,0.49239975214004517
734,0.0029853947926312685
735,0.4313861131668091
736,0.48984742164611816
737,0.004184052813798189
738,0.39845162630081177
739,0.4472809135913849
740,0.01054476760327816
741,0.40442028641700745
742,0.37147238850593567
743,-0.007868996821343899
744,0.40651819109916687
745,0.464184433221817
746,0.009197158738970757
747,0.3872362971305847
748,0.3725985884666443
749,-0.003919446375221014
750,0.39879274368286133
751,0.3856712877750397
752,-0.00547330966219306
753,0.38289782404899597
754,0.3938470780849457
755,0.0036250906996428967
756,0.4297245442867279
757,0.5013068914413452
758,0.003997914958745241
759,0.41424068808555603
760,0.34434428811073303
761,-0.01792258583009243
762,0.392423152923584
763,0.4574689269065857
764,0.018142493441700935
765,0.40311548113822937
766,0.4737207591533661
767,0.015229240991175175
768,0.3924045264720917
769,0.428842693567276
770,0.008970284834504128
771,0.36292755603790283
772,0.4019244909286499
773,0.030307050794363022
774,0.38278988003730774
775,0.43186861276626587
776,0.016497867181897163
777,0.35940462350845337
778,0.4133487641811371
779,0.049085717648267746
780,0.3946301341056824
781,0.40331992506980896
782,-0.0005603371537290514
783,0.41961535811424255
784,0.3267635107040405
785,-0.017550090327858925
786,0.4212475121021271
787,0.3596864938735962
788,-0.03721863776445389
789,0.4157666862010956
790,0.36313772201538086
791,-0.028130456805229187
792,0.42481541633605957
793,0.3513292670249939
794,-0.04327142611145973
795,0.4124715030193329
796,0.27623021602630615
797,-0.0023144010920077562
798,0.3986712098121643
799,0.2704847753047943
800,-0.004201239440590143
801,0.38646528124809265
802,0.2698025405406952
803,-0.0040755802765488625
804,0.37643152475357056
805,0.27261850237846375
806,-0.0008458073134534061
807,0.36982405185699463
808,0.27862364053726196
809,0.004265979863703251
810,0.36642321944236755
811,0.3001064360141754
812,0.016830021515488625
813,0.3455413579940796
814,0.3348967134952545
815,0.05266878008842468
816,0.37353911995887756
817,0.31558123230934143
818,0.010030447505414486
819,0.38229987025260925
820,0.31820690631866455
821,0.005136373918503523
822,0.3931899964809418
823,0.3169712424278259
824,0.0018522858154028654
825,0.4033297300338745
826,0.3132157027721405
827,0.0009052121313288808
828,0.4110676050186157
829,0.3083341121673584
830,0.00042705886880867183
831,0.4163682460784912
832,0.303886741399765
833,0.0001497400808148086
834,0.3464471697807312
835,0.3372986614704132
836,0.08389583230018616
837,0.41622868180274963
838,0.3665713667869568
839,-0.023900363594293594
840,0.4253321588039398
841,0.32840779423713684
842,-0.030351627618074417
843,0.4275793433189392
844,0.36006659269332886
845,-0.04378892853856087
846,0.4324833154678345
847,0.36615869402885437
848,-0.040442463010549545
849,0.42757776379585266
850,0.3621758818626404
851,-0.03962795063853264
852,0.4187822937965393
853,0.3703552186489105
854,-0.02086694911122322
855,0.43413326144218445
856,0.3672405481338501
857,-0.04272576794028282
858,0.43502235412597656
859,0.3697848320007324
860,-0.032640643417835236
861,0.4155227541923523
862,0.2939872741699219
863,0.004554221872240305
864,0.42049092054367065
865,0.2970123887062073
866,-0.0008358721970580518
867,0.42328378558158875
868,0.29890912771224976
869,-0.007048758212476969
870,0.3764619529247284
871,0.29266417026519775
872,0.008873886428773403
873,0.3712031841278076
874,0.2882072925567627
875,0.00911414623260498
876,0.44642677903175354
877,0.32120099663734436
878,-0.035684239119291306
879,0.4970547556877136
880,0.29176831245422363
881,0.011873613111674786
882,0.44946399331092834
883,0.36672794818878174
884,-0.03248823061585426
885,0.5219795107841492
886,0.2481991946697235
887,0.05297797545790672
888,0.47339382767677307
889,0.3022575378417969
890,0.002666487591341138
891,0.48158758878707886
892,0.3030247390270233
893,0.0032109906896948814
894,0.48958417773246765
895,0.3023103177547455
896,0.005503202322870493
897,0.5003002882003784
898,0.2958323061466217
899,0.012939992360770702
900,0.46651333570480347
901,0.29928699135780334
902,0.0032490405719727278
903,0.483940064907074
904,0.271604061126709
905,0.0002934728399850428
906,0.47482872009277344
907,0.2727496325969696
908,0.0002992733789142221
909,0.49247825145721436
910,0.2731530964374542
911,0.00308917835354805
912,0.49820372462272644
913,0.27719470858573914
914,0.006564855109900236
915,0.5064111948013306
916,0.30356642603874207
917,0.016636360436677933
918,0.47903329133987427
919,0.48498106002807617
920,0.01058496255427599
921,0.4999980926513672
922,0.2890409529209137
923,0.014687133021652699
924,0.5281131267547607
925,0.2987874150276184
926,0.054834701120853424
927,0.5146792531013489
928,0.2959732711315155
929,0.02553480677306652
930,0.4825022518634796
931,0.35012421011924744
932,-0.006631998345255852
933,0.45533356070518494
934,0.39962509274482727
935,-0.02554178051650524
936,0.4538552761077881
937,0.4131010174751282
938,-0.022495785728096962
939,0.46709689497947693
940,0.40340572595596313
941,-0.019964084029197693
942,0.47360479831695557
943,0.40930575132369995
944,-0.0118429996073246
945,0.4618628919124603
946,0.41406500339508057
947,-0.01822746731340885
948,0.46742838621139526
949,0.41631147265434265
950,-0.01076715812087059
951,0.48453110456466675
952,0.43804943561553955
953,0.006577072665095329
954,0.44822967052459717
955,0.3604871332645416
956,-0.04756835103034973
957,0.44875669479370117
958,0.34814953804016113
959,-0.04982474073767662
960,0.5091673135757446
961,0.2663663625717163
962,0.009107743389904499
963,0.46437153220176697
964,0.32107508182525635
965,-0.007909886538982391
966,0.4681873619556427
967,0.3557172417640686
968,-0.026126069948077202
969,0.468492716550827
970,0.34942901134490967
971,-0.02330772951245308
972,0.5056446194648743
973,0.34837114810943604
974,0.0037123775109648705
975,0.44755712151527405
976,0.3333221971988678
977,-0.04430139809846878
978,0.4896349310874939
979,0.25509005784988403
980,-0.006165686063468456
981,0.501198410987854
982,0.25838497281074524
983,0.00047951177111826837
984,0.5140169262886047
985,0.2268235832452774
986,0.03692371025681496
987,0.4539892375469208
988,0.26629483699798584
989,-0.01415796484798193
990,0.46721625328063965
991,0.27684286236763
992,0.0026241864543408155
993,0.4887377917766571
994,0.4203798770904541
995,0.006663476582616568
996,0.522304892539978
997,0.4141802191734314
998,0.07456755638122559
999,0.46220719814300537
1000,0.3629196584224701
1001,-0.023082520812749863
1002,0.45536214113235474
1003,0.36762741208076477
1004,-0.024464357644319534
1005,0.4814284145832062
1006,0.4240655303001404
1007,0.005343827418982983
1008,0.4764416813850403
1009,0.4245101809501648
1010,0.0029862397350370884
1011,0.5050522089004517
1012,0.2507556676864624
1013,0.00517677329480648
1014,0.4686919152736664
1015,0.36118701100349426
1016,-0.021567560732364655
1017,0.4741467535495758
1018,0.2568938434123993
1019,-0.011195599101483822
1020,0.4753011167049408
1021,0.24700838327407837
1022,-0.012700536288321018
1023,0.4812968373298645
1024,0.198392853140831
1025,0.004413244780153036
1026,0.5092542171478271
1027,0.23814550042152405
1028,0.01917538233101368
1029,0.47739362716674805
1030,0.22143293917179108
1031,-0.004489290527999401
1032,0.5133408308029175
1033,0.2611824572086334
1034,0.016718244180083275
1035,0.5176800489425659
1036,0.2551480829715729
1037,0.0341026708483696
1038,0.45491868257522583
1039,0.40725812315940857
1040,-0.025000646710395813
1041,0.4644843339920044
1042,0.40963226556777954
1043,-0.019427109509706497
1044,0.4707576334476471
1045,0.4128919243812561
1046,-0.011985578574240208
1047,0.4601922333240509
1048,0.365449458360672
1049,-0.021535122767090797
1050,0.47908714413642883
1051,0.4245710074901581
1052,0.003951448015868664
1053,0.47664332389831543
1054,0.43583944439888
1055,0.001329589867964387
1056,0.47473710775375366
1057,0.4238331913948059
1058,0.002834666520357132
1059,0.45756107568740845
1060,0.35946905612945557
1061,-0.034915756434202194
1062,0.46516647934913635
1063,0.4158199429512024
1064,-0.009659528732299805
1065,0.45971375703811646
1066,0.4148748219013214
1067,-0.015255005098879337
1068,0.4526463747024536
1069,0.4150840640068054
1070,-0.01920388452708721
1071,0.46023279428482056
1072,0.48067426681518555
1073,0.0021330448798835278
1074,0.45982176065444946
1075,0.4737377464771271
1076,-0.007448103744536638
1077,0.45848968625068665
1078,0.4665091931819916
1079,-0.010081905871629715
1080,0.4566957950592041
1081,0.45832645893096924
1082,-0.009117696434259415
1083,0.4550909399986267
1084,0.4526086747646332
1085,-0.008077829144895077
1086,0.4676308035850525
1087,0.4411625862121582
1088,-0.0014839734649285674
1089,0.46992751955986023
1090,0.44309180974960327
1091,-0.0024218771141022444
1092,0.4732097089290619
1093,0.4463173747062683
1094,-0.002819293411448598
1095,0.4759054481983185
1096,0.4495241045951843
1097,-0.0010587850119918585
1098,0.4787776470184326
1099,0.3953350782394409
1100,-0.009165485389530659
1101,0.5289192199707031
1102,0.3526659607887268
1103,0.08762669563293457
1104,0.4708482027053833
1105,0.43502047657966614
1106,0.001793988049030304
1107,0.47380331158638
1108,0.43534255027770996
1109,0.001186962821520865
1110,0.4530491232872009
1111,0.3733682632446289
1112,-0.024324018508195877
1113,0.46621352434158325
1114,0.3689947724342346
1115,-0.015243720263242722
1116,0.454106867313385
1117,0.3706129491329193
1118,-0.024734225124120712
1119,0.4733610451221466
1120,0.32734978199005127
1121,-0.005151304416358471
1122,0.4868645966053009
1123,0.33464446663856506
1124,-0.0029917529318481684
1125,0.4701601564884186
1126,0.3549502491950989
1127,-0.018612023442983627
1128,0.5011700987815857
1129,0.20962481200695038
1130,0.019582392647862434
1131,0.49655646085739136
1132,0.22633281350135803
1133,0.0066605922766029835
1134,0.491965651512146
1135,0.24552606046199799
1136,-0.004050398711115122
1137,0.47948169708251953
1138,0.45321670174598694
1139,0.004725017584860325
1140,0.4561721384525299
1141,0.2505813539028168
1142,-0.017078375443816185
1143,0.4576491117477417
1144,0.22098222374916077
1145,-0.010990436188876629
1146,0.45950567722320557
1147,0.1937466412782669
1148,-0.0047370935790240765
1149,0.49642184376716614
1150,0.3000519275665283
1151,0.009229617193341255
1152,0.5149139761924744
1153,0.3115094304084778
1154,0.021310484036803246
1155,0.4620976746082306
1156,0.2962227761745453
1157,0.004393786657601595
1158,0.5064855813980103
1159,0.2814759910106659
1160,0.01396791823208332
1161,0.4581174850463867
1162,0.31362900137901306
1163,-0.010976306162774563
1164,0.4627361297607422
1165,0.35154396295547485
1166,-0.03448313847184181
1167,0.5232999324798584
1168,0.31969156861305237
1169,0.030441230162978172
1170,0.5099079012870789
1171,0.3191859722137451
1172,0.013504371047019958
1173,0.5000141859054565
1174,0.32337966561317444
1175,0.005488079972565174
1176,0.4845768213272095
1177,0.32219183444976807
1178,0.0012409979244694114
1179,0.4729066789150238
1180,0.3178664445877075
1181,-0.0005028961459174752
1182,0.46408140659332275
1183,0.3126913607120514
1184,-0.002903693588450551
1185,0.4461730718612671
1186,0.2981630563735962
1187,-0.01990005001425743
1188,0.5231292247772217
1189,0.34434911608695984
1190,0.027439119294285774
1191,0.5124145746231079
1192,0.2799002528190613
1193,0.018050748854875565
1194,0.4457448422908783
1195,0.3672584593296051
1196,-0.043667376041412354
1197,0.4646413028240204
1198,0.3322601318359375
1199,-0.011850410141050816
1200,0.5290464162826538
1201,0.29931753873825073
1202,0.08258122205734253
1203,0.457482248544693
1204,0.3065457046031952
1205,-0.00420357333496213
1206,0.47085055708885193
1207,0.3559253215789795
1208,-0.00945934746414423
1209,0.502967357635498
1210,0.28931695222854614
1211,0.01619052141904831
1212,0.46277084946632385
1213,0.34390103816986084
1214,-0.031038865447044373
1215,0.527625322341919
1216,0.3818606436252594
1217,0.08325129747390747
1218,0.46218493580818176
1219,0.292037695646286
1220,0.006925428751856089
1221,0.45525482296943665
1222,0.33738651871681213
1223,-0.0392657145857811
1224,0.5084958076477051
1225,0.4463927745819092
1226,0.03538370132446289
1227,0.5085642337799072
1228,0.46154001355171204
1229,0.04793410375714302
1230,0.5305106043815613
1231,0.348935067653656
1232,0.057464346289634705
1233,0.5161561965942383
1234,0.42774441838264465
1235,0.04328931123018265
1236,0.5229440927505493
1237,0.2751573324203491
1238,0.046977754682302475
1239,0.4811936616897583
1240,0.49782341718673706
1241,0.014742051251232624
1242,0.444965124130249
1243,0.36987680196762085
1244,-0.03251923620700836
1245,0.4725109040737152
1246,0.3405648171901703
1247,-0.008744489401578903
1248,0.5212411880493164
1249,0.2982507348060608
1250,0.03418083116412163
1251,0.4887092113494873
1252,0.2953735589981079
1253,0.006738872267305851
1254,0.4814515709877014
1255,0.2964358925819397
1256,0.004473893437534571
1257,0.47931742668151855
1258,0.4363851249217987
1259,0.0023962550330907106
1260,0.5221933722496033
1261,0.3693351149559021
1262,0.02975698746740818
1263,0.4670136570930481
1264,0.5200088620185852
1265,0.016223784536123276
1266,0.49084699153900146
1267,0.49514806270599365
1268,0.030538301914930344
1269,0.4995199143886566
1270,0.4805576801300049
1271,0.03823721036314964
1272,0.47452884912490845
1273,0.29591691493988037
1274,0.0038800828624516726
1275,0.46808385848999023
1276,0.2940361499786377
1277,0.004942651838064194
1278,0.4641032814979553
1279,0.2930406332015991
1280,0.006666678003966808
1281,0.5175538063049316
1282,0.27759620547294617
1283,0.02672404609620571
1284,0.4689212441444397
1285,0.28510814905166626
1286,0.004137411247938871
1287,0.47575312852859497
1288,0.2824932038784027
1289,0.0025531232822686434
1290,0.48276403546333313
1291,0.2816880941390991
1292,0.0031133119482547045
1293,0.49000227451324463
1294,0.2830840051174164
1295,0.0053047118708491325
1296,0.49475690722465515
1297,0.28560757637023926
1298,0.008208971470594406
1299,0.5267601609230042
1300,0.27082785964012146
1301,0.06971815973520279
1302,0.4935988187789917
1303,0.29366379976272583
1304,0.009465552866458893
1305,0.47154128551483154
1306,0.38732367753982544
1307,-0.015003490261733532
1308,0.46233439445495605
1309,0.36100032925605774
1310,-0.02620675414800644
1311,0.45509573817253113
1312,0.38378268480300903
1313,-0.02311527356505394
1314,0.5003182291984558
1315,0.4652143120765686
1316,0.029506554827094078
1317,0.491313636302948
1318,0.4810788631439209
1319,0.022748509421944618
1320,0.46679091453552246
1321,0.510927677154541
1322,0.007595582399517298
1323,0.5154439210891724
1324,0.4413220286369324
1325,0.06095845624804497
1326,0.46426263451576233
1327,0.2891721725463867
1328,0.005760332103818655
1329,0.45273613929748535
1330,0.3164863586425781
1331,-0.022731589153409004
1332,0.48049691319465637
1333,0.509048581123352
1334,0.02205817960202694
1335,0.5286673903465271
1336,0.37654808163642883
1337,0.05602976679801941
1338,0.4622815251350403
1339,0.44756779074668884
1340,-0.005154975224286318
1341,0.4646140933036804
1342,0.45152461528778076
1343,-0.0058464957401156425
1344,0.46744728088378906
1345,0.4572976529598236
1346,-0.006206080317497253
1347,0.4697381854057312
1348,0.4636197090148926
1349,-0.004132464993745089
1350,0.47205913066864014
1351,0.468500554561615
1352,0.0025352451484650373
1353,0.47252336144447327
1354,0.41923266649246216
1355,-0.0037656358908861876
1356,0.475694864988327
1357,0.4175994396209717
1358,-0.0035376418381929398
1359,0.478315144777298
1360,0.4151928722858429
1361,-0.003346123034134507
1362,0.4845834970474243
1363,0.40630972385406494
1364,-0.0013115350157022476
1365,0.5116682648658752
1366,0.37567824125289917
1367,0.013063477352261543
1368,0.45197027921676636
1369,0.3051835000514984
1370,-0.014924637041985989
1371,0.45522305369377136
1372,0.28419142961502075
1373,0.0005822234670631588
1374,0.46040958166122437
1375,0.2852427065372467
1376,0.004181724041700363
1377,0.46994948387145996
1378,0.4176443815231323
1379,-0.0030103910248726606
1380,0.5129546523094177
1381,0.4080076813697815
1382,0.02729947865009308
1383,0.44808220863342285
1384,0.28371429443359375
1385,-0.010582946240901947
1386,0.4754694998264313
1387,0.4744582176208496
1388,0.0075869085267186165
1389,0.44646739959716797
1390,0.3101958930492401
1391,-0.02842741832137108
1392,0.4597577750682831
1393,0.33437734842300415
1394,-0.023091599345207214
1395,0.46241262555122375
1396,0.4876422882080078
1397,0.004532265476882458
1398,0.49112075567245483
1399,0.4404408931732178
1400,0.012063180096447468
1401,0.47764986753463745
1402,0.3660857677459717
1403,-0.006802807096391916
1404,0.4847736060619354
1405,0.45851820707321167
1406,0.010412884876132011
1407,0.49476656317710876
1408,0.36502233147621155
1409,-0.0024910802021622658
1410,0.4848400056362152
1411,0.37933579087257385
1412,-0.004215859342366457
1413,0.5010126233100891
1414,0.3855188190937042
1415,0.005396030377596617
1416,0.4651356637477875
1417,0.498893678188324
1418,0.004499893169850111
1419,0.4652079939842224
1420,0.34089258313179016
1421,-0.017066730186343193
1422,0.49767130613327026
1423,0.45021334290504456
1424,0.01989843137562275
1425,0.48892921209335327
1426,0.46795427799224854
1427,0.016651509329676628
1428,0.4954392910003662
1429,0.4210222661495209
1430,0.010551785118877888
1431,0.5201590061187744
1432,0.3915320336818695
1433,0.03331661969423294
1434,0.5046266913414001
1435,0.42352616786956787
1436,0.01841873489320278
1437,0.5240394473075867
1438,0.40283626317977905
1439,0.05272122099995613
1440,0.4907694458961487
1441,0.39595645666122437
1442,0.0008423517574556172
1443,0.45851075649261475
1444,0.32425278425216675
1445,-0.016878630965948105
1446,0.4602062702178955
1447,0.35719531774520874
1448,-0.03648470342159271
1449,0.4657961130142212
1450,0.3597996234893799
1451,-0.027327721938490868
1452,0.45611321926116943
1453,0.34929534792900085
1454,-0.04287299886345863
1455,0.4611590504646301
1456,0.27428391575813293
1457,-0.0015743288677185774
1458,0.47435638308525085
1459,0.2672507166862488
1460,-0.002906301524490118
1461,0.48625338077545166
1462,0.26547402143478394
1463,-0.0022704675793647766
1464,0.49621570110321045
1465,0.26709669828414917
1466,0.0013461026828736067
1467,0.5030617117881775
1468,0.27225810289382935
1469,0.006850192788988352
1470,0.5079249739646912
1471,0.2927125096321106
1472,0.01942930556833744
1473,0.5302719473838806
1474,0.32348525524139404
1475,0.05662286654114723
1476,0.5023961067199707
1477,0.3082409203052521
1478,0.012311432510614395
1479,0.4940803050994873
1480,0.31159767508506775
1481,0.006997427903115749
1482,0.48333197832107544
1483,0.31194987893104553
1484,0.003304962534457445
1485,0.47287359833717346
1486,0.3094940185546875
1487,0.0020882408134639263
1488,0.4648129940032959
1489,0.3057102859020233
1490,0.0013108678394928575
1491,0.4592052102088928
1492,0.30195772647857666
1493,0.0009029708453454077
1494,0.528938353061676
1495,0.325939804315567
1496,0.08802436292171478
1497,0.46560683846473694
1498,0.36307114362716675
1499,-0.02314082905650139
1500,0.4533268213272095
1501,0.32659026980400085
1502,-0.02983095683157444
1503,0.4541657567024231
1504,0.3583565950393677
1505,-0.04329744353890419
1506,0.4498714804649353
1507,0.364878386259079
1508,-0.04018285870552063
1509,0.454263299703598
1510,0.36040031909942627
1511,-0.03920414298772812
1512,0.4634926915168762
1513,0.3671291172504425
1514,-0.02021961100399494
1515,0.44839510321617126
1516,0.36615294218063354
1517,-0.042499296367168427
1518,0.44768571853637695
1519,0.3688284158706665
1520,-0.03243566304445267
1521,0.459074467420578
1522,0.2925770878791809
1523,0.005300477147102356
1524,0.45464614033699036
1525,0.29569685459136963
1526,-0.0001546735584270209
1527,0.452318012714386
1528,0.29753589630126953
1529,-0.006605625152587891
1530,0.4976955056190491
1531,0.28756430745124817
1532,0.01103578507900238
1533,0.5022977590560913
1534,0.282198965549469
1535,0.011476965621113777
1536,0.0
1537,0.0
1538,0.0
1539,0.0
1540,0.0
1541,0.0
1542,0.0
1543,0.0
1544,0.0
1545,0.0
1546,0.0
1547,0.0
1548,0.0
1549,0.0
1550,0.0
1551,0.0
1552,0.0
1553,0.0
1554,0.0
1555,0.0
1556,0.0
1557,0.0
1558,0.0
1559,0.0
1560,0.0
1561,0.0
1562,0.0
1563,0.0
1564,0.0
1565,0.0
1566,0.0
1567,0.0
1568,0.0
1569,0.0
1570,0.0
1571,0.0
1572,0.0
1573,0.0
1574,0.0
1575,0.0
1576,0.0
1577,0.0
1578,0.0
1579,0.0
1580,0.0
1581,0.0
1582,0.0
1583,0.0
1584,0.0
1585,0.0
1586,0.0
1587,0.0
1588,0.0
1589,0.0
1590,0.0
1591,0.0
1592,0.0
1593,0.0
1594,0.0
1595,0.0
1596,0.0
1597,0.0
1598,0.0
1599,0.2198396623134613
1600,0.4300362169742584
1601,3.8359019072231604e-08
1602,0.2663370668888092
1603,0.4271928668022156
1604,-0.0015591487754136324
1605,0.2979934513568878
1606,0.395588755607605
1607,0.0001652944483794272
1608,0.3169460892677307
1609,0.36529213190078735
1610,-0.0014226766070351005
1611,0.33205416798591614
1612,0.34222424030303955
1613,-0.003228261135518551
1614,0.3037245571613312
1615,0.311515748500824
1616,0.01617024838924408
1617,0.32778283953666687
1618,0.266761839389801
1619,0.009207874536514282
1620,0.3424766957759857
1621,0.2396959811449051
1622,0.00026617260300554335
1623,0.35451409220695496
1624,0.213800311088562
1625,-0.006562970578670502
1626,0.29250669479370117
1627,0.29244834184646606
1628,0.00833081640303135
1629,0.3191182017326355
1630,0.24084118008613586
1631,0.0036915296223014593
1632,0.3363761901855469
1633,0.21117368340492249
1634,-0.0035163445863872766
1635,0.35224616527557373
1636,0.18424656987190247
1637,-0.009508962742984295
1638,0.27697211503982544
1639,0.27947428822517395
1640,-0.0024400162510573864
1641,0.30288809537887573
1642,0.2289854884147644
1643,-0.007877533324062824
1644,0.32031822204589844
1645,0.19922161102294922
1646,-0.012721207924187183
1647,0.3368949294090271
1648,0.17218884825706482
1649,-0.016699062660336494
1650,0.2558804750442505
1651,0.2719830870628357
1652,-0.01448262669146061
1653,0.2727736234664917
1654,0.22745607793331146
1655,-0.017903530970215797
1656,0.28676944971084595
1657,0.20236104726791382
1658,-0.017712794244289398
1659,0.30115991830825806
1660,0.1808088719844818
1661,-0.018192805349826813
