,0
0,0.43316954374313354
1,0.3514508605003357
2,-0.6620534658432007
3,0.9999862313270569
4,0.45962825417518616
5,0.300910621881485
6,-0.6039547920227051
7,0.9999763369560242
8,0.4736000895500183
9,0.30344158411026
10,-0.6034113168716431
11,0.9999777674674988
12,0.48901477456092834
13,0.30666524171829224
14,-0.6028505563735962
15,0.999976396560669
16,0.4090023636817932
17,0.2959604859352112
18,-0.6084409952163696
19,0.9999765157699585
20,0.38937056064605713
21,0.29619458317756653
22,-0.6073901653289795
23,0.9999765157699585
24,0.3725675046443939
25,0.2972308397293091
26,-0.6074198484420776
27,0.9999749064445496
28,0.5070057511329651
29,0.34229812026023865
30,-0.2639639973640442
31,0.999973714351654
32,0.344686895608902
33,0.32734414935112
34,-0.2840309739112854
35,0.9999805092811584
36,0.4593592584133148
37,0.4231365919113159
38,-0.5410107374191284
39,0.999984860420227
40,0.39557555317878723
41,0.414360910654068
42,-0.5480819940567017
43,0.9999865889549255
44,0.6242262721061707
45,0.6732155680656433
46,-0.150933176279068
47,0.9998229146003723
48,0.20944932103157043
49,0.6850689053535461
50,-0.12876449525356293
51,0.9995866417884827
52,0.7508155703544617
53,1.0120465755462646
54,-0.518438994884491
55,0.730137050151825
56,0.11486256122589111
57,0.986187756061554
58,-0.2402237355709076
59,0.3749328553676605
60,0.7141250371932983
61,0.6538233160972595
62,-0.9105830192565918
63,0.7041572332382202
64,0.13000668585300446
65,1.393355131149292
66,-0.7353043556213379
67,0.1891571432352066
68,0.6880891919136047
69,0.5159422755241394
70,-1.0211553573608398
71,0.6974295377731323
72,0.10608287900686264
73,1.4997714757919312
74,-0.8048783540725708
75,0.22236225008964539
76,0.6603530049324036
77,0.4760972261428833
78,-0.9333979487419128
79,0.7176744937896729
80,0.13586761057376862
81,1.48468816280365
82,-0.87188720703125
83,0.31091612577438354
84,0.6517530083656311
85,0.5221007466316223
86,-0.8886704444885254
87,0.7130267024040222
88,0.1558500975370407
89,1.449029803276062
90,-0.7838761806488037
91,0.3190077841281891
92,0.5618751645088196
93,1.4634994268417358
94,-0.06479667127132416
95,0.003749128896743059
96,0.2799578607082367
97,1.461641788482666
98,0.07059016078710556
99,0.0025247521698474884
100,0.5485783815383911
101,2.116079568862915
102,-0.2381981909275055
103,0.0005669688107445836
104,0.28777310252189636
105,2.1070830821990967
106,0.1250675916671753
107,0.00018250857829116285
108,0.5347203612327576
109,2.6987435817718506
110,0.1258961707353592
111,4.461946809897199e-05
112,0.2876472771167755
113,2.680817127227783
114,0.4121806025505066
115,6.520228453155141e-06
116,0.5416193604469299
117,2.781266689300537
118,0.1328839212656021
119,4.159331365372054e-05
120,0.2779148519039154
121,2.765385627746582
122,0.42780837416648865
123,1.8352420738665387e-05
124,0.4850561022758484
125,2.879967212677002
126,-0.4080856740474701
127,7.477217877749354e-05
128,0.3263026773929596
129,2.858398675918579
130,-0.12969748675823212
131,3.6546101910062134e-05
132,0.429835706949234
133,0.4020828902721405
134,-0.026057710871100426
135,0.4321437180042267
136,0.36077016592025757
137,-0.045184750109910965
138,0.43075770139694214
139,0.37377220392227173
140,-0.02452518418431282
141,0.42585790157318115
142,0.32239753007888794
143,-0.03348277509212494
144,0.43272140622138977
145,0.3484894633293152
146,-0.04767521843314171
147,0.4330332279205322
148,0.3332713544368744
149,-0.04388386011123657
150,0.43331560492515564
151,0.2981797754764557
152,-0.020816635340452194
153,0.37302103638648987
154,0.2903989255428314
155,0.008894028142094612
156,0.43407753109931946
157,0.27359870076179504
158,-0.01503580529242754
159,0.4349302053451538
160,0.2587261199951172
161,-0.016355328261852264
162,0.4373061954975128
163,0.19977843761444092
164,-0.004901097156107426
165,0.4295443594455719
166,0.40832915902137756
167,-0.02541751228272915
168,0.4290611147880554
169,0.4136243760585785
170,-0.022876352071762085
171,0.42870843410491943
172,0.41628196835517883
173,-0.019259555265307426
174,0.427207887172699
175,0.43634146451950073
176,-0.014519809745252132
177,0.42698636651039124
178,0.4429514706134796
179,-0.015769166871905327
180,0.42665350437164307
181,0.4507417678833008
182,-0.01690204255282879
183,0.42618685960769653
184,0.45864996314048767
185,-0.014187488704919815
186,0.4253849387168884
187,0.4677944779396057
188,-0.004491608589887619
189,0.4316275119781494
190,0.367093563079834
191,-0.04120101407170296
192,0.4234858453273773
193,0.3659404218196869
194,-0.030299467965960503
195,0.3457705080509186
196,0.24782082438468933
197,0.0468183271586895
198,0.39597105979919434
199,0.30249595642089844
200,0.0015838805120438337
201,0.38799798488616943
202,0.30292871594429016
203,0.0015248304698616266
204,0.3802793025970459
205,0.3019750714302063
206,0.0032807993702590466
207,0.3696737587451935
208,0.2946660816669464
209,0.009602623991668224
210,0.4027906656265259
211,0.3000037968158722
212,0.0027353556361049414
213,0.3868330121040344
214,0.27273547649383545
215,-0.0016345484182238579
216,0.3956415355205536
217,0.274422287940979
218,-0.000939071353059262
219,0.3784460723400116
220,0.2735636830329895
221,0.0003950594109483063
222,0.37263381481170654
223,0.2768906354904175
224,0.003465845249593258
225,0.3630717694759369
226,0.3026830852031708
227,0.013111687265336514
228,0.393146812915802
229,0.4750590920448303
230,0.0021143732592463493
231,0.3701505661010742
232,0.28725236654281616
233,0.01137105654925108
234,0.3392155170440674
235,0.29726582765579224
236,0.04814646765589714
237,0.35422825813293457
238,0.2948372960090637
239,0.020969992503523827
240,0.38916218280792236
241,0.35058677196502686
242,-0.007691891398280859
243,0.41939353942871094
244,0.399484246969223
245,-0.025375330820679665
246,0.4203784763813019
247,0.4133199155330658
248,-0.022184986621141434
249,0.40850284695625305
250,0.403743177652359
251,-0.021361447870731354
252,0.4018889367580414
253,0.41011714935302734
254,-0.015390448272228241
255,0.4128649830818176
256,0.4145453870296478
257,-0.019304411485791206
258,0.4072636365890503
259,0.41698572039604187
260,-0.013642837293446064
261,0.3896872401237488
262,0.4336399734020233
263,-0.0012097301660105586
264,0.42520198225975037
265,0.3598254919052124
266,-0.04480704292654991
267,0.42458242177963257
268,0.34800320863723755
269,-0.04710802808403969
270,0.3609410226345062
271,0.26563239097595215
272,0.005239228252321482
273,0.406211793422699
274,0.32221585512161255
275,-0.007904473692178726
276,0.40442776679992676
277,0.3557891845703125
278,-0.025469958782196045
279,0.40376099944114685
280,0.3498948812484741
281,-0.022746184840798378
282,0.36510545015335083
283,0.34870725870132446
284,0.0007871517445892096
285,0.4253082871437073
286,0.3339095115661621
287,-0.04176950082182884
288,0.3816744089126587
289,0.25576311349868774
290,-0.007778850384056568
291,0.3695470690727234
292,0.25817427039146423
293,-0.002235364867374301
294,0.35504376888275146
295,0.22712840139865875
296,0.031853966414928436
297,0.4172379672527313
298,0.2696295976638794
299,-0.01309204287827015
300,0.40301769971847534
301,0.27882054448127747
302,0.0018949430668726563
303,0.3851788640022278
304,0.41938114166259766
305,-0.000489143596496433
306,0.3424765467643738
307,0.40912288427352905
308,0.06697981059551239
309,0.4104274809360504
310,0.36283421516418457
311,-0.021801337599754333
312,0.41747233271598816
313,0.36742785573005676
314,-0.022615380585193634
315,0.3939787447452545
316,0.42272675037384033
317,-0.0015706763369962573
318,0.3984820544719696
319,0.42257484793663025
320,-0.00360522186383605
321,0.3654129207134247
322,0.2504079341888428
323,0.001985326409339905
324,0.4039013385772705
325,0.3615151345729828
326,-0.020944850519299507
327,0.39745721220970154
328,0.25895094871520996
329,-0.011561957187950611
330,0.39657649397850037
331,0.2492830753326416
332,-0.013127702288329601
333,0.38985663652420044
334,0.20138615369796753
335,0.00289462530054152
336,0.36066240072250366
337,0.23815876245498657
338,0.014890690334141254
339,0.39431232213974
340,0.22396814823150635
341,-0.005577215924859047
342,0.3563297986984253
343,0.2606549561023712
344,0.012382680550217628
345,0.35126447677612305
346,0.2545557916164398
347,0.0287703238427639
348,0.4197668433189392
349,0.4072290062904358
350,-0.024807970970869064
351,0.4108636975288391
352,0.41004258394241333
353,-0.020786060020327568
354,0.4045439064502716
355,0.41364964842796326
356,-0.015227564610540867
357,0.41253647208213806
358,0.36538374423980713
359,-0.020241227000951767
360,0.3962197005748749
361,0.4230116903781891
362,-0.002702210796996951
363,0.3987155556678772
364,0.4286919832229614
365,-0.006310803350061178
366,0.3996618688106537
367,0.42157745361328125
368,-0.003781585954129696
369,0.41530194878578186
370,0.35869187116622925
371,-0.03333040699362755
372,0.4090692102909088
373,0.416728138923645
374,-0.012427914887666702
375,0.41452300548553467
376,0.41577863693237305
377,-0.016166826710104942
378,0.4211486577987671
379,0.4157430827617645
380,-0.0188667681068182
381,0.41343432664871216
382,0.4650173783302307
383,-0.004990437533706427
384,0.41471442580223083
385,0.4556128680706024
386,-0.01436946913599968
387,0.4160892069339752
388,0.4480036795139313
389,-0.016451183706521988
390,0.4176058769226074
391,0.44000062346458435
392,-0.015304166823625565
393,0.41885611414909363
394,0.43480128049850464
395,-0.014073608443140984
396,0.40672147274017334
397,0.42945313453674316
398,-0.008667807094752789
399,0.4049282968044281
400,0.43135547637939453
401,-0.009810639545321465
402,0.4021221101284027
403,0.4347321093082428
404,-0.01062681246548891
405,0.39964941143989563
406,0.4384588897228241
407,-0.009119019843637943
408,0.39528152346611023
409,0.395207017660141
410,-0.012589522637426853
411,0.33579733967781067
412,0.349744975566864
413,0.08003024011850357
414,0.43122929334640503
415,0.3696945011615753
416,-0.03038286231458187
417,0.4034615755081177
418,0.4268045425415039
419,-0.00546495895832777
420,0.4012393653392792
421,0.4275161623954773
422,-0.006226253695785999
423,0.4200980067253113
424,0.3730803430080414
425,-0.022848986089229584
426,0.40653517842292786
427,0.3695661723613739
428,-0.014731666073203087
429,0.4188399612903595
430,0.3703952431678772
431,-0.022989002987742424
432,0.3972712755203247
433,0.3284261226654053
434,-0.005628950893878937
435,0.3840797245502472
436,0.3355486989021301
437,-0.0040872241370379925
438,0.4021148979663849
439,0.3555111289024353
440,-0.018204882740974426
441,0.36904168128967285
442,0.21117106080055237
443,0.016163449734449387
444,0.3743473291397095
445,0.2273518145084381
446,0.0038779573515057564
447,0.37930479645729065
448,0.2462214231491089
449,-0.006031086668372154
450,0.39508914947509766
451,0.44456005096435547
452,-0.003418188076466322
453,0.4155708849430084
454,0.25427553057670593
455,-0.016175132244825363
456,0.4141993522644043
457,0.22493772208690643
458,-0.010534387081861496
459,0.41187289357185364
460,0.19816672801971436
461,-0.004094253294169903
462,0.37349754571914673
463,0.2993167042732239
464,0.006449263542890549
465,0.3541567921638489
466,0.3108242452144623
467,0.017007308080792427
468,0.407322496175766
469,0.2972341775894165
470,0.004144591279327869
471,0.36353927850723267
472,0.2803170680999756
473,0.010083149187266827
474,0.41265320777893066
475,0.315047949552536
476,-0.010464243590831757
477,0.4100618362426758
478,0.3513118028640747
479,-0.033167216926813126
480,0.34513983130455017
481,0.318639874458313
482,0.02499520406126976
483,0.3595086932182312
484,0.31916072964668274
485,0.009685654193162918
486,0.3700396418571472
487,0.32406342029571533
488,0.002771433675661683
489,0.3856591284275055
490,0.32306504249572754
491,-0.000321047700708732
492,0.39712706208229065
493,0.31883504986763
494,-0.0013303016312420368
495,0.4059569537639618
496,0.3139286935329437
497,-0.003066185861825943
498,0.4250721335411072
499,0.3004682958126068
500,-0.018131215125322342
501,0.3457070589065552
502,0.34345903992652893
503,0.02187824621796608
504,0.35712000727653503
505,0.278936505317688
506,0.013588245026767254
507,0.42743855714797974
508,0.3662894666194916
509,-0.0409514494240284
510,0.406571626663208
511,0.33319395780563354
512,-0.011680654250085354
513,0.3365604281425476
514,0.29767853021621704
515,0.0752357691526413
516,0.4127524197101593
517,0.30805814266204834
518,-0.003895672271028161
519,0.4010923504829407
520,0.3567163348197937
521,-0.009722479619085789
522,0.36715468764305115
523,0.28790149092674255
524,0.012658149935305119
525,0.4095953106880188
526,0.34418150782585144
527,-0.02979336678981781
528,0.3372626304626465
529,0.3781220316886902
530,0.07566851377487183
531,0.40746331214904785
532,0.2928217351436615
533,0.006473033223301172
534,0.41740497946739197
535,0.33775895833969116
536,-0.0372784398496151
537,0.3599478006362915
538,0.44031205773353577
539,0.027099378407001495
540,0.3584381937980652
541,0.4541221857070923
542,0.04027523100376129
543,0.3368006646633148
544,0.34661567211151123
545,0.05057530477643013
546,0.35110291838645935
547,0.42226967215538025
548,0.03554566204547882
549,0.3451552987098694
550,0.27418220043182373
551,0.04073626548051834
552,0.39040279388427734
553,0.4875486493110657
554,0.006180229596793652
555,0.42799508571624756
556,0.36898577213287354
557,-0.02998906560242176
558,0.39888083934783936
559,0.3416035771369934
560,-0.008983698673546314
561,0.3471817374229431
562,0.29689735174179077
563,0.028703641146421432
564,0.3811418414115906
565,0.2946275770664215
566,0.004427845124155283
567,0.3881479799747467
568,0.2960689067840576
569,0.002726680366322398
570,0.396129310131073
571,0.4301185607910156
572,-0.005181571468710899
573,0.3467135727405548
574,0.3677324950695038
575,0.024109048768877983
576,0.4041496515274048
577,0.5081937909126282
578,0.008898284286260605
579,0.3791961669921875
580,0.48565393686294556
581,0.02220883034169674
582,0.36924025416374207
583,0.47220587730407715
584,0.030030876398086548
585,0.4363747239112854
586,0.2277900129556656
587,-0.011089833453297615
588,0.42228105664253235
589,0.5131611824035645
590,0.007707203272730112
591,0.3948591947555542
592,0.29587599635124207
593,0.0028077319730073214
594,0.4011954367160797
595,0.2946196496486664
596,0.004241638816893101
597,0.40533480048179626
598,0.29382309317588806
599,0.006180012132972479
600,0.35144832730293274
601,0.2767738103866577
602,0.02158118598163128
603,0.40099868178367615
604,0.2850850522518158
605,0.0032293677795678377
606,0.39428913593292236
607,0.2816949486732483
608,0.001389667042531073
609,0.38749396800994873
610,0.28034085035324097
611,0.0014100982807576656
612,0.3802948594093323
613,0.281358540058136
614,0.003008477622643113
615,0.3755328059196472
616,0.28379306197166443
617,0.005496499594300985
618,0.3400600552558899
619,0.26990315318107605
620,0.06283639371395111
621,0.3763618469238281
622,0.2925151586532593
623,0.006730053573846817
624,0.43039175868034363
625,0.3829043507575989
626,-0.022687820717692375
627,0.4024084508419037
628,0.38728049397468567
629,-0.016267038881778717
630,0.4103553593158722
631,0.36062195897102356
632,-0.025001943111419678
633,0.41870546340942383
634,0.38333505392074585
635,-0.022517843171954155
636,0.4334445297718048
637,0.2855938971042633
638,-0.014534642919898033
639,0.3693518340587616
640,0.45805031061172485
641,0.02059839479625225
642,0.37924903631210327
643,0.4725493788719177
644,0.013863831758499146
645,0.40502506494522095
646,0.4991401731967926
647,-0.00028864407795481384
648,0.35007810592651367
649,0.434755802154541
650,0.05369852855801582
651,0.4055051803588867
652,0.2897048592567444
653,0.005094942171126604
654,0.41888460516929626
655,0.31774377822875977
656,-0.021397031843662262
657,0.42331695556640625
658,0.5044410824775696
659,-0.0010377116268500686
660,0.3904843032360077
661,0.49827247858047485
662,0.013947483152151108
663,0.33860644698143005
664,0.3731772005558014
665,0.04904557764530182
666,0.4121006429195404
667,0.4322226047515869
668,-0.011754176579415798
669,0.4102098345756531
670,0.43593505024909973
671,-0.012946058996021748
672,0.40781697630882263
673,0.4416710138320923
674,-0.013690597377717495
675,0.40576910972595215
676,0.4483015537261963
677,-0.012046041898429394
678,0.40253156423568726
679,0.4558635354042053
680,-0.00541273457929492
681,0.40232178568840027
682,0.4193195700645447
683,-0.008512095548212528
684,0.39949658513069153
685,0.4179302752017975
686,-0.008645434863865376
687,0.39693889021873474
688,0.4157193601131439
689,-0.008760177530348301
690,0.38932088017463684
691,0.4061546325683594
692,-0.006964405532926321
693,0.3584792912006378
694,0.374627023935318
695,0.008633999153971672
696,0.4190305471420288
697,0.30694136023521423
698,-0.013665894977748394
699,0.4149569272994995
700,0.28629544377326965
701,0.0009540668106637895
702,0.40946894884109497
703,0.2870163023471832
704,0.0036879146937280893
705,0.404418021440506
706,0.41774725914001465
707,-0.007652229629456997
708,0.3562559485435486
709,0.4046308696269989
710,0.02079819329082966
711,0.4225916862487793
712,0.2865530848503113
713,-0.009298776276409626
714,0.3976469039916992
715,0.464128315448761
716,-0.0007058808696456254
717,0.4331337511539459
718,0.321109414100647
719,-0.035778433084487915
720,0.42532509565353394
721,0.31196868419647217
722,-0.026424596086144447
723,0.43322041630744934
724,0.31001079082489014
725,-0.027906101197004318
726,0.41198158264160156
727,0.3351389169692993
728,-0.02208111807703972
729,0.424254447221756
730,0.49198025465011597
731,-0.004708947613835335
732,0.4248829185962677
733,0.4784177541732788
734,-0.004167253617197275
735,0.41054144501686096
736,0.4745585024356842
737,-0.003376167733222246
738,0.381272554397583
739,0.4359126687049866
740,0.003685967531055212
741,0.3944529592990875
742,0.3664616048336029
743,-0.008046976290643215
744,0.3881906270980835
745,0.4512676000595093
746,0.001874792855232954
747,0.37678366899490356
748,0.3646410405635834
749,-0.004981622565537691
750,0.3873492181301117
751,0.37885230779647827
752,-0.007093121763318777
753,0.36989906430244446
754,0.38432714343070984
755,0.0008992673247121274
756,0.40726467967033386
757,0.4869949221611023
758,-0.003673793748021126
759,0.4063299894332886
760,0.341652512550354
761,-0.016602909192442894
762,0.3732759654521942
763,0.44453564286231995
764,0.011247631162405014
765,0.3828011453151703
766,0.46034836769104004
767,0.00783619936555624
768,0.3766399025917053
769,0.41894394159317017
770,0.0032762440387159586
771,0.3484700918197632
772,0.3887549042701721
773,0.027042793110013008
774,0.36592814326286316
775,0.41979920864105225
776,0.011129598133265972
777,0.3428310751914978
778,0.3983432948589325
779,0.045280613005161285
780,0.3812057077884674
781,0.39548641443252563
782,-0.003929246217012405
783,0.41279706358909607
784,0.32531487941741943
785,-0.016166191548109055
786,0.4127507507801056
787,0.3565208315849304
788,-0.03500160574913025
789,0.40695470571517944
790,0.35953712463378906
791,-0.026295671239495277
792,0.41705644130706787
793,0.349014550447464
794,-0.04063995182514191
795,0.40938979387283325
796,0.2767421007156372
797,-0.0016977066406980157
798,0.3966369926929474
799,0.269214391708374
800,-0.0039404043927788734
801,0.38492441177368164
802,0.26652443408966064
803,-0.004100459162145853
804,0.3748569190502167
805,0.2672874331474304
806,-0.0013504181988537312
807,0.3676302134990692
808,0.2716616094112396
809,0.0033001971896737814
810,0.3616616129875183
811,0.2914069890975952
812,0.015580658800899982
813,0.33680278062820435
814,0.32142263650894165
815,0.049669574946165085
816,0.3672749102115631
817,0.30772849917411804
818,0.009155412204563618
819,0.37570786476135254
820,0.3117005228996277
821,0.0045695374719798565
822,0.38647985458374023
823,0.3122330605983734
824,0.0016545623075217009
825,0.3967137634754181
826,0.3101768493652344
827,0.0010402874322608113
828,0.40481138229370117
829,0.3067999482154846
830,0.00098640494979918
831,0.4105766713619232
832,0.30332961678504944
833,0.0009724205592647195
834,0.3359381854534149
835,0.32373976707458496
836,0.08037379384040833
837,0.40703368186950684
838,0.36316347122192383
839,-0.022228315472602844
840,0.4187425374984741
841,0.32754823565483093
842,-0.02819393388926983
843,0.41913655400276184
844,0.3575440049171448
845,-0.04109284654259682
846,0.423267126083374
847,0.3640284836292267
848,-0.03772774338722229
849,0.4187849760055542
850,0.35956984758377075
851,-0.03712552413344383
852,0.4093101918697357
853,0.36734136939048767
854,-0.01921769231557846
855,0.4248226583003998
856,0.36527031660079956
857,-0.03987749665975571
858,0.42527392506599426
859,0.36797887086868286
860,-0.030098147690296173
861,0.410519540309906
862,0.293857604265213
863,0.005316922906786203
864,0.41535693407058716
865,0.29739683866500854
866,0.00026071371394209564
867,0.4181726574897766
868,0.29952338337898254
869,-0.005641332361847162
870,0.372588574886322
871,0.28563135862350464
872,0.008089426904916763
873,0.36811399459838867
874,0.28113067150115967
875,0.008073189295828342
876,0.43997201323509216
877,0.323912650346756
878,-0.03251063451170921
879,0.4888978600502014
880,0.30477645993232727
881,0.015702582895755768
882,0.4386649429798126
883,0.36725619435310364
884,-0.029509639367461205
885,0.5147892832756042
886,0.266698956489563
887,0.05773669481277466
888,0.46590015292167664
889,0.3113029897212982
890,0.005734107457101345
891,0.47370755672454834
892,0.3133239448070526
893,0.006613737437874079
894,0.4812471568584442
895,0.31377893686294556
896,0.009178202599287033
897,0.49133825302124023
898,0.3094128668308258
899,0.016858413815498352
900,0.45944127440452576
901,0.3073665499687195
902,0.0059950691647827625
903,0.4780421555042267
904,0.28482696413993835
905,0.0039018644019961357
906,0.469478577375412
907,0.2842845320701599
908,0.003352712607011199
909,0.48573818802833557
910,0.2875042259693146
911,0.006895906757563353
912,0.49063146114349365
913,0.29203957319259644
914,0.010422445833683014
915,0.496687114238739
916,0.3176214098930359
917,0.020670952275395393
918,0.4548392593860626
919,0.480660617351532
920,0.0052973548881709576
921,0.4916049838066101
922,0.30269038677215576
923,0.018541932106018066
924,0.5163177847862244
925,0.3163449466228485
926,0.05910852923989296
927,0.5049427151679993
928,0.3116532564163208
929,0.029730908572673798
930,0.4703644812107086
931,0.3582765460014343
932,-0.0035227721091359854
933,0.44013363122940063
934,0.40092042088508606
935,-0.02406862936913967
936,0.437360018491745
937,0.41431930661201477
938,-0.02104421705007553
939,0.44968652725219727
940,0.40637463331222534
941,-0.018597790971398354
942,0.45467495918273926
943,0.4131375253200531
944,-0.011787223629653454
945,0.4440065622329712
946,0.416210800409317
947,-0.017103439196944237
948,0.44843506813049316
949,0.4189623296260834
950,-0.010685419663786888
951,0.46212494373321533
952,0.4386274814605713
953,0.0030856411904096603
954,0.4389151930809021
955,0.36106041073799133
956,-0.04417335242033005
957,0.4405320882797241
958,0.3495892584323883
959,-0.04629901796579361
960,0.5025027990341187
961,0.28316599130630493
962,0.013699235394597054
963,0.45590394735336304
964,0.3274672031402588
965,-0.005079088732600212
966,0.4568648338317871
967,0.3606530427932739
968,-0.022476891055703163
969,0.45760032534599304
970,0.3549213409423828
971,-0.019754745066165924
972,0.4923318028450012
973,0.360922634601593
974,0.007753899320960045
975,0.4404051601886749
976,0.33542051911354065
977,-0.040803853422403336
978,0.4853263795375824
979,0.26969289779663086
980,-0.0022750417701900005
981,0.49585598707199097
982,0.2744952440261841
983,0.004791739862412214
984,0.5096619129180908
985,0.24481984972953796
986,0.04156413674354553
987,0.45070311427116394
988,0.274297297000885
989,-0.011352081783115864
990,0.461919903755188
991,0.28664883971214294
992,0.005348036531358957
993,0.4676995575428009
994,0.4250555634498596
995,0.00459243543446064
996,0.5006174445152283
997,0.42507752776145935
998,0.0772688165307045
999,0.4504762887954712
1000,0.36637645959854126
1001,-0.01981242001056671
1002,0.4435623288154602
1003,0.3696247637271881
1004,-0.021614298224449158
1005,0.4592742919921875
1006,0.42619436979293823
1007,0.00300330831669271
1008,0.45472028851509094
1009,0.42523863911628723
1010,0.0005064941360615194
1011,0.5000797510147095
1012,0.26767051219940186
1013,0.00968183297663927
1014,0.456380158662796
1015,0.36618325114250183
1016,-0.018106136471033096
1017,0.47060245275497437
1018,0.26892900466918945
1019,-0.0077780685387551785
1020,0.47261255979537964
1021,0.2594406306743622
1022,-0.009102963842451572
1023,0.4822397828102112
1024,0.21214254200458527
1025,0.008424626663327217
1026,0.504754900932312
1027,0.2553103566169739
1028,0.023546595126390457
1029,0.4768224060535431
1030,0.23419153690338135
1031,-0.000823600625153631
1032,0.5067546963691711
1033,0.2787434458732605
1034,0.021450338885188103
1035,0.5108299255371094
1036,0.27300360798835754
1037,0.03862452507019043
1038,0.43901029229164124
1039,0.4084082543849945
1040,-0.02354559116065502
1041,0.446791410446167
1042,0.41210633516311646
1043,-0.01828910782933235
1044,0.45176082849502563
1045,0.41617071628570557
1046,-0.011968850158154964
1047,0.44813603162765503
1048,0.36850476264953613
1049,-0.018531853333115578
1050,0.4570091664791107
1051,0.4260139465332031
1052,0.0015326086431741714
1053,0.4544687271118164
1054,0.4317913353443146
1055,-0.002579243155196309
1056,0.45338180661201477
1057,0.4242051839828491
1058,0.00016616799985058606
1059,0.4471035301685333
1060,0.36170071363449097
1061,-0.031311530619859695
1062,0.44620463252067566
1063,0.41835933923721313
1064,-0.009560738690197468
1065,0.44175806641578674
1066,0.41716858744621277
1067,-0.014140386134386063
1068,0.4358291029930115
1069,0.41650620102882385
1070,-0.017714636400341988
1071,0.4370756149291992
1072,0.4670047461986542
1073,-0.003860318101942539
1074,0.4374883472919464
1075,0.45739054679870605
1076,-0.013120356015861034
1077,0.4371282756328583
1078,0.44957590103149414
1079,-0.01516374759376049
1080,0.436344712972641
1081,0.44132715463638306
1082,-0.013887103646993637
1083,0.4354637563228607
1084,0.43586599826812744
1085,-0.012720237486064434
1086,0.44685086607933044
1087,0.43149954080581665
1088,-0.005729037337005138
1089,0.4485989511013031
1090,0.43373534083366394
1091,-0.0068846349604427814
1092,0.4510424733161926
1093,0.43775057792663574
1094,-0.0075325751677155495
1095,0.45304253697395325
1096,0.44200530648231506
1097,-0.005835421849042177
1098,0.4615590572357178
1099,0.40013355016708374
1100,-0.00850855465978384
1101,0.5117162466049194
1102,0.36816221475601196
1103,0.09123445302248001
1104,0.4497377276420593
1105,0.42911338806152344
1106,-0.0018884663004428148
1107,0.45203685760498047
1108,0.43021246790885925
1109,-0.002675669500604272
1110,0.4408666491508484
1111,0.3746861517429352
1112,-0.021805979311466217
1113,0.4529012441635132
1114,0.3734046220779419
1115,-0.012457945384085178
1116,0.4421267509460449
1117,0.3722490668296814
1118,-0.022013576701283455
1119,0.46386727690696716
1120,0.3352733254432678
1121,-0.0020309733226895332
1122,0.4759833514690399
1123,0.3446725308895111
1124,0.000659166369587183
1125,0.4582606852054596
1126,0.3605746626853943
1127,-0.015200091525912285
1128,0.4995880722999573
1129,0.22623205184936523
1130,0.023936660960316658
1131,0.4941258132457733
1132,0.24196165800094604
1133,0.010772532783448696
1134,0.4883478283882141
1135,0.26062172651290894
1136,1.5285482731997035e-05
1137,0.45625755190849304
1138,0.44921889901161194
1139,0.00016182824037969112
1140,0.45428788661956787
1141,0.25965404510498047
1142,-0.014257541857659817
1143,0.4582633376121521
1144,0.23034074902534485
1145,-0.008040300570428371
1146,0.46216318011283875
1147,0.20399364829063416
1148,-0.0013970870058983564
1149,0.4876157343387604
1150,0.3127851188182831
1151,0.013148677535355091
1152,0.504054069519043
1153,0.32675081491470337
1154,0.025571905076503754
1155,0.4554186463356018
1156,0.3037056624889374
1157,0.007071429863572121
1158,0.498416543006897
1159,0.2967824637889862
1160,0.018101489171385765
1161,0.45065468549728394
1162,0.31916287541389465
1163,-0.008286516182124615
1164,0.45269307494163513
1165,0.35547685623168945
1166,-0.030747858807444572
1167,0.5108984708786011
1168,0.3359278738498688
1169,0.03479396551847458
1170,0.49897536635398865
1171,0.3336753249168396
1172,0.017711827531456947
1173,0.48945462703704834
1174,0.3362182676792145
1175,0.009371512569487095
1176,0.4749396741390228
1177,0.33235734701156616
1178,0.004633786156773567
1179,0.46421754360198975
1180,0.32612499594688416
1181,0.002440815092995763
1182,0.45620548725128174
1183,0.31957879662513733
1184,-0.00026483394321985543
1185,0.44094961881637573
1186,0.3023330569267273
1187,-0.01722445897758007
1188,0.5085422992706299
1189,0.35978245735168457
1190,0.03169144690036774
1191,0.5042803883552551
1192,0.29619622230529785
1193,0.02244849130511284
1194,0.43572503328323364
1195,0.36704525351524353
1196,-0.04042306914925575
1197,0.4552260935306549
1198,0.3381469249725342
1199,-0.008767927065491676
1200,0.5162702798843384
1201,0.31706392765045166
1202,0.08683159947395325
1203,0.4504404664039612
1204,0.31248024106025696
1205,-0.0016630373429507017
1206,0.45849040150642395
1207,0.3618578016757965
1208,-0.006607629358768463
1209,0.49414166808128357
1210,0.30371415615081787
1211,0.020140161737799644
1212,0.4532059133052826
1213,0.3484230041503906
1214,-0.02739117480814457
1215,0.5079545378684998
1216,0.3957788050174713
1217,0.08654055744409561
1218,0.4555971026420593
1219,0.299460768699646
1220,0.009553423151373863
1221,0.44705525040626526
1222,0.3406681716442108
1223,-0.03564504161477089
1224,0.48608970642089844
1225,0.45229798555374146
1226,0.03437720239162445
1227,0.4843541979789734
1228,0.4664555490016937
1229,0.04791286960244179
1230,0.5139747858047485
1231,0.36488062143325806
1232,0.061474964022636414
1233,0.4948148727416992
1234,0.436251699924469
1235,0.044384509325027466
1236,0.5137234330177307
1237,0.29288405179977417
1238,0.05133034661412239
1239,0.4559043049812317
1240,0.4936375916004181
1241,0.009727087803184986
1242,0.4344691038131714
1243,0.36954349279403687
1244,-0.02971678227186203
1245,0.46168920397758484
1246,0.347631573677063
1247,-0.005591294728219509
1248,0.5106896162033081
1249,0.31481754779815674
1250,0.0385478250682354
1251,0.48111215233802795
1252,0.30697545409202576
1253,0.010312232188880444
1254,0.47418665885925293
1255,0.3069567084312439
1256,0.007876907475292683
1257,0.45676231384277344
1258,0.4336831867694855
1259,-0.001246867934241891
1260,0.5052180886268616
1261,0.38319501280784607
1262,0.033438973128795624
1263,0.44029998779296875
1264,0.5115958452224731
1265,0.010851415805518627
1266,0.46456605195999146
1267,0.49393731355667114
1268,0.027212001383304596
1269,0.4740409851074219
1270,0.4824107885360718
1271,0.03632201626896858
1272,0.4675441384315491
1273,0.30540087819099426
1274,0.007051640190184116
1275,0.46139582991600037
1276,0.3025553524494171
1277,0.007860247045755386
1278,0.4574969708919525
1279,0.3009366989135742
1280,0.009413775987923145
1281,0.5090950727462769
1282,0.2947520613670349
1283,0.031181443482637405
1284,0.4625951647758484
1285,0.29338493943214417
1286,0.0069710873067379
1287,0.4693833589553833
1288,0.2918051481246948
1289,0.0057733673602342606
1290,0.47623249888420105
1291,0.2921014726161957
1292,0.0066201044246554375
1293,0.482967346906662
1294,0.2947336733341217
1295,0.0089840954169631
1296,0.4871516525745392
1297,0.2981264591217041
1298,0.011970454826951027
1299,0.5168450474739075
1300,0.2893010079860687
1301,0.07431581616401672
1302,0.48573029041290283
1303,0.3060297966003418
1304,0.013223988004028797
1305,0.4557636082172394
1306,0.39137765765190125
1307,-0.013229246251285076
1308,0.45101240277290344
1309,0.364395409822464
1310,-0.02289162017405033
1311,0.4416043758392334
1312,0.38506078720092773
1313,-0.021240880712866783
1314,0.4765958786010742
1315,0.468088835477829
1316,0.026543406769633293
1317,0.4668161869049072
1318,0.4807828664779663
1319,0.018702281638979912
1320,0.4413723349571228
1321,0.502508819103241
1322,0.0015958691947162151
1323,0.4923335015773773
1324,0.4489056468009949
1325,0.0628797709941864
1326,0.45779967308044434
1327,0.2968004047870636
1328,0.008461822755634785
1329,0.4458082616329193
1330,0.3206779360771179
1331,-0.01983954943716526
1332,0.4537273943424225
1333,0.5042980909347534
1334,0.017629068344831467
1335,0.5097973942756653
1336,0.3905491530895233
1337,0.059581924229860306
1338,0.4419638514518738
1339,0.43395063281059265
1340,-0.009491859003901482
1341,0.44353434443473816
1342,0.4380021393299103
1343,-0.010546852834522724
1344,0.44536834955215454
1345,0.44418826699256897
1346,-0.011259577237069607
1347,0.4466198682785034
1348,0.451354056596756
1349,-0.009488695301115513
1350,0.4482493996620178
1351,0.45954954624176025
1352,-0.002755759283900261
1353,0.452090859413147
1354,0.4216611683368683
1355,-0.00491483835503459
1356,0.4551641047000885
1357,0.420793354511261
1358,-0.004760035313665867
1359,0.4579036235809326
1360,0.41905421018600464
1361,-0.004475384019315243
1362,0.4656963646411896
1363,0.41149961948394775
1364,-0.002078933408483863
1365,0.49535539746284485
1366,0.3875085711479187
1367,0.016261819750070572
1368,0.4456895589828491
1369,0.30996739864349365
1370,-0.012223167344927788
1371,0.44992950558662415
1372,0.29111191630363464
1373,0.0030020042322576046
1374,0.45459872484207153
1375,0.29312437772750854
1376,0.00672548683360219
1377,0.4498322606086731
1378,0.41980648040771484
1379,-0.004146039020270109
1380,0.49345189332962036
1381,0.4174923300743103
1382,0.028720125555992126
1383,0.44350168108940125
1384,0.2893345057964325
1385,-0.008058115839958191
1386,0.45174238085746765
1387,0.4687756597995758
1388,0.0021640064660459757
1389,0.44060590863227844
1390,0.3136332035064697
1391,-0.025610199198126793
1392,0.45088475942611694
1393,0.33900564908981323
1394,-0.019869644194841385
1395,0.43893617391586304
1396,0.4770318269729614
1397,-0.0020921523682773113
1398,0.4691655933856964
1399,0.44317927956581116
1400,0.008656647987663746
1401,0.463990718126297
1402,0.3725493252277374
1403,-0.004378431476652622
1404,0.4615979790687561
1405,0.4574597477912903
1406,0.005824327934533358
1407,0.4807928204536438
1408,0.37425199151039124
1409,0.00025192255270667374
1410,0.4697752594947815
1411,0.3859679102897644
1412,-0.002598392777144909
1413,0.48484382033348083
1414,0.39467954635620117
1415,0.007117291446775198
1416,0.44084450602531433
1417,0.490042507648468
1418,-0.0019462128402665257
1419,0.45513051748275757
1420,0.34639689326286316
1421,-0.013866271823644638
1422,0.47518256306648254
1423,0.4535819888114929
1424,0.016859492287039757
1425,0.4654073119163513
1426,0.4678412675857544
1427,0.012192466296255589
1428,0.4752206802368164
1429,0.42695504426956177
1430,0.009040962904691696
1431,0.5012858510017395
1432,0.4034871757030487
1433,0.036111146211624146
1434,0.4841563105583191
1435,0.430416464805603
1436,0.017715495079755783
1437,0.5037376880645752
1438,0.4143451452255249
1439,0.05544969066977501
1440,0.4736463129520416
1441,0.4030105471611023
1442,0.0012829594779759645
1443,0.4503716826438904
1444,0.32916882634162903
1445,-0.013911529444158077
1446,0.44985875487327576
1447,0.3600730299949646
1448,-0.03282826766371727
1449,0.4543350338935852
1450,0.36395102739334106
1451,-0.023798536509275436
1452,0.44707807898521423
1453,0.35194069147109985
1454,-0.03915455564856529
1455,0.45656800270080566
1456,0.28310972452163696
1457,0.0011149836936965585
1458,0.46969786286354065
1459,0.2789652645587921
1460,0.00020995631348341703
1461,0.48097407817840576
1462,0.27926522493362427
1463,0.0012692938325926661
1464,0.4900889992713928
1465,0.28215277194976807
1466,0.005192633252590895
1467,0.4960336983203888
1468,0.28783705830574036
1469,0.01087173167616129
1470,0.4987756609916687
1471,0.3075573742389679
1472,0.023508138954639435
1473,0.5162283778190613
1474,0.34038054943084717
1475,0.06082548573613167
1476,0.49268418550491333
1477,0.32163843512535095
1478,0.016280071809887886
1479,0.4847586154937744
1480,0.3235660195350647
1481,0.010683510452508926
1482,0.4746035039424896
1483,0.32219502329826355
1484,0.0066131241619586945
1485,0.46479129791259766
1486,0.31812113523483276
1487,0.004969737492501736
1488,0.4573090374469757
1489,0.31314852833747864
1490,0.003922106698155403
1491,0.45224055647850037
1492,0.3085310757160187
1493,0.003344152122735977
1494,0.5139138102531433
1495,0.3425825238227844
1496,0.0919496938586235
1497,0.4535137116909027
1498,0.36727601289749146
1499,-0.019756972789764404
1500,0.4458208382129669
1501,0.3302614986896515
1502,-0.026588017120957375
1503,0.44443315267562866
1504,0.35992467403411865
1505,-0.03976786509156227
1506,0.4394753575325012
1507,0.3654049038887024
1508,-0.03694607689976692
1509,0.4440966248512268
1510,0.36189696192741394
1511,-0.03576241433620453
1512,0.4507812559604645
1513,0.3709014654159546
1514,-0.017227089032530785
1515,0.4381735920906067
1516,0.36638128757476807
1517,-0.03917007893323898
1518,0.4369565546512604
1519,0.3689412474632263
1520,-0.02957421913743019
1521,0.45278775691986084
1522,0.2996908724308014
1523,0.007810230366885662
1524,0.4483734965324402
1525,0.3017817735671997
1526,0.002228615339845419
1527,0.4462474286556244
1528,0.30302807688713074
1529,-0.004103785380721092
1530,0.48965537548065186
1531,0.30067312717437744
1532,0.014848783612251282
1533,0.4941444396972656
1534,0.29701852798461914
1535,0.015366152860224247
1536,0.7173059582710266
1537,0.657740592956543
1538,-6.063573323444871e-07
1539,0.6550450921058655
1540,0.6054109334945679
1541,0.02525002881884575
1542,0.6184598803520203
1543,0.5446996092796326
1544,0.029602371156215668
1545,0.5892331600189209
1546,0.5083533525466919
1547,0.02068231999874115
1548,0.5701037049293518
1549,0.47283288836479187
1550,0.012198376469314098
1551,0.672759473323822
1552,0.4548918604850769
1553,0.04830848053097725
1554,0.6317612528800964
1555,0.39100173115730286
1556,0.0335153229534626
1557,0.5960000157356262
1558,0.41708582639694214
1559,0.018469300121068954
1560,0.5830880403518677
1561,0.4540668725967407
1562,0.01006756816059351
1563,0.6871100664138794
1564,0.45172062516212463
1565,0.021687204018235207
1566,0.6286913156509399
1567,0.38429248332977295
1568,0.006961670704185963
1569,0.5874901413917542
1570,0.42574989795684814
1571,-0.005653489381074905
1572,0.57988440990448
1573,0.46896466612815857
1574,-0.011921213008463383
1575,0.6948908567428589
1576,0.45724737644195557
1577,-0.00792714487761259
1578,0.6393370628356934
1579,0.38775062561035156
1580,-0.020993219688534737
1581,0.5966854095458984
1582,0.4281107485294342
1583,-0.024744344875216484
1584,0.5870388746261597
1585,0.473941445350647
1586,-0.024767247959971428
1587,0.6941756010055542
1588,0.46927952766418457
1589,-0.03682347387075424
1590,0.6496829390525818
1591,0.4088408648967743
1592,-0.044023990631103516
1593,0.6142398715019226
1594,0.4282544255256653
1595,-0.042372822761535645
1596,0.5994647145271301
1597,0.4653587341308594
1598,-0.039782263338565826
1599,0.0
1600,0.0
1601,0.0
1602,0.0
1603,0.0
1604,0.0
1605,0.0
1606,0.0
1607,0.0
1608,0.0
1609,0.0
1610,0.0
1611,0.0
1612,0.0
1613,0.0
1614,0.0
1615,0.0
1616,0.0
1617,0.0
1618,0.0
1619,0.0
1620,0.0
1621,0.0
1622,0.0
1623,0.0
1624,0.0
1625,0.0
1626,0.0
1627,0.0
1628,0.0
1629,0.0
1630,0.0
1631,0.0
1632,0.0
1633,0.0
1634,0.0
1635,0.0
1636,0.0
1637,0.0
1638,0.0
1639,0.0
1640,0.0
1641,0.0
1642,0.0
1643,0.0
1644,0.0
1645,0.0
1646,0.0
1647,0.0
1648,0.0
1649,0.0
1650,0.0
1651,0.0
1652,0.0
1653,0.0
1654,0.0
1655,0.0
1656,0.0
1657,0.0
1658,0.0
1659,0.0
1660,0.0
1661,0.0
