,0
0,0.4286065995693207
1,0.3392903208732605
2,-1.0424408912658691
3,0.9999810457229614
4,0.45702385902404785
5,0.28645941615104675
6,-0.9702027440071106
7,0.9999625086784363
8,0.47326159477233887
9,0.2880009710788727
10,-0.970002293586731
11,0.9999622106552124
12,0.485217422246933
13,0.28998151421546936
14,-0.9694254994392395
15,0.9999547004699707
16,0.4034598469734192
17,0.28855594992637634
18,-0.9625000953674316
19,0.9999656677246094
20,0.3862881660461426
21,0.28988924622535706
22,-0.9619065523147583
23,0.999968945980072
24,0.37035030126571655
25,0.2912188172340393
26,-0.9619309306144714
27,0.9999681711196899
28,0.5065045356750488
29,0.3239491879940033
30,-0.5107442140579224
31,0.9999520182609558
32,0.35164231061935425
33,0.32294684648513794
34,-0.4779912829399109
35,0.9999734163284302
36,0.4653254449367523
37,0.4100339710712433
38,-0.879199206829071
39,0.9999785423278809
40,0.39843839406967163
41,0.4077378809452057
42,-0.8669767379760742
43,0.9999791383743286
44,0.6439963579177856
45,0.6829437017440796
46,-0.20349743962287903
47,0.9995033144950867
48,0.223457932472229
49,0.6790525317192078
50,-0.3201792240142822
51,0.9996500611305237
52,0.7304481267929077
53,1.0183708667755127
54,-0.3248145580291748
55,0.3902028799057007
56,0.14010143280029297
57,1.0303572416305542
58,-0.7753173112869263
59,0.7867791652679443
60,0.710312008857727
61,1.2535251379013062
62,-0.8917927742004395
63,0.35398903489112854
64,0.23214034736156464
65,0.8102127313613892
66,-1.7914470434188843
67,0.7025982737541199
68,0.7069477438926697
69,1.2362247705459595
70,-0.9983081817626953
71,0.4067934453487396
72,0.2607176601886749
73,0.7204654812812805
74,-1.991795539855957
75,0.6941925883293152
76,0.6805332899093628
77,1.147692084312439
78,-0.9961956143379211
79,0.4975719749927521
80,0.2564074993133545
81,0.6771548390388489
82,-1.955289602279663
83,0.7219991087913513
84,0.6607680320739746
85,1.1553021669387817
86,-0.914192795753479
87,0.4869086742401123
88,0.26024502515792847
89,0.6965590119361877
90,-1.804190993309021
91,0.716198742389679
92,0.5914977192878723
93,1.4488493204116821
94,-0.05259056016802788
95,0.0015032879309728742
96,0.297949880361557
97,1.4482470750808716
98,0.0578722283244133
99,0.0016501538921147585
100,0.5680278539657593
101,2.0865564346313477
102,-0.0824093222618103
103,0.0005819060606881976
104,0.3000600039958954
105,2.0906004905700684
106,0.0348297581076622
107,0.0002543918672017753
108,0.5596010684967041
109,2.6507911682128906
110,0.4685060977935791
111,9.254756150767207e-05
112,0.31146299839019775
113,2.654618978500366
114,0.4380488395690918
115,7.603163339808816e-06
116,0.5670495629310608
117,2.7351133823394775
118,0.4822198450565338
119,6.35773831163533e-05
120,0.30678749084472656
121,2.7385289669036865
122,0.45974525809288025
123,2.05710584850749e-05
124,0.5169175863265991
125,2.82523512840271
126,-0.1418963372707367
127,5.705095099983737e-05
128,0.347054123878479
129,2.829152822494507
130,-0.232048898935318
131,4.047976835863665e-05
132,0.419627845287323
133,0.39711761474609375
134,-0.025160372257232666
135,0.41583743691444397
136,0.35376349091529846
137,-0.04665450379252434
138,0.4177613854408264
139,0.3671224117279053
140,-0.02526085264980793
141,0.4086914360523224
142,0.3167972266674042
143,-0.034507907927036285
144,0.4153996407985687
145,0.3415786921977997
146,-0.0493774376809597
147,0.4153735041618347
148,0.3264589011669159
149,-0.04580095037817955
150,0.41604048013687134
151,0.2916569709777832
152,-0.02309567481279373
153,0.3609843850135803
154,0.2940940856933594
155,0.01422973908483982
156,0.41621002554893494
157,0.2677694261074066
158,-0.01754232868552208
159,0.41603466868400574
160,0.2531307637691498
161,-0.01909397356212139
162,0.4159080386161804
163,0.19660162925720215
164,-0.008755611255764961
165,0.4199756979942322
166,0.4032708704471588
167,-0.024249041453003883
168,0.4202786982059479
169,0.4080296754837036
170,-0.0216341745108366
171,0.42059019207954407
172,0.40999171137809753
173,-0.017961127683520317
174,0.4209860563278198
175,0.43212372064590454
176,-0.011947503313422203
177,0.4210943281650543
178,0.4381568431854248
179,-0.0132824731990695
180,0.4212144613265991
181,0.44526877999305725
182,-0.01467200182378292
183,0.42141932249069214
184,0.45267894864082336
185,-0.01244501955807209
186,0.42170554399490356
187,0.4612950086593628
188,-0.00356677221134305
189,0.41645607352256775
190,0.3601481318473816
191,-0.042435918003320694
192,0.4092692732810974
193,0.36005550622940063
194,-0.030518779531121254
195,0.33696413040161133
196,0.25786375999450684
197,0.05554298311471939
198,0.38369861245155334
199,0.30253124237060547
200,0.0046662078239023685
201,0.37585708498954773
202,0.30407431721687317
203,0.005481485277414322
204,0.36829397082328796
205,0.30416351556777954
206,0.007998155429959297
207,0.3583759367465973
208,0.2987625300884247
209,0.015492649748921394
210,0.39021360874176025
211,0.2989753186702728
212,0.0047710249200463295
213,0.3722650408744812
214,0.27547138929367065
215,0.0019592707976698875
216,0.38093051314353943
217,0.275645911693573
218,0.0015279058134183288
219,0.3644261956214905
220,0.277546226978302
221,0.004903291817754507
222,0.3593795597553253
223,0.2816022038459778
224,0.008618922904133797
225,0.352646142244339
226,0.30739733576774597
227,0.019721828401088715
228,0.39080795645713806
229,0.47182154655456543
230,0.007675769738852978
231,0.35827428102493286
232,0.2917290925979614
233,0.017059992998838425
234,0.3333052396774292
235,0.3063088059425354
236,0.05838529393076897
237,0.34455275535583496
238,0.3013133406639099
239,0.028627486899495125
240,0.3776380717754364
241,0.34994134306907654
242,-0.0038167256861925125
243,0.40861159563064575
244,0.39598795771598816
245,-0.023318637162446976
246,0.41116270422935486
247,0.4086957275867462
248,-0.019618943333625793
249,0.39826875925064087
250,0.40084120631217957
251,-0.017499888315796852
252,0.392530620098114
253,0.4072053134441376
254,-0.009653442539274693
255,0.40384700894355774
256,0.4104609191417694
257,-0.015169484540820122
258,0.39859017729759216
259,0.41297367215156555
260,-0.00808517076075077
261,0.3833998441696167
262,0.43123310804367065
263,0.006735708564519882
264,0.4089743196964264
265,0.3537299633026123
266,-0.045626770704984665
267,0.4074326455593109
268,0.34231042861938477
269,-0.04806511476635933
270,0.347673624753952
271,0.27208685874938965
272,0.011234312318265438
273,0.3929811120033264
274,0.31968438625335693
275,-0.006088866386562586
276,0.3904252052307129
277,0.35273927450180054
278,-0.02369675040245056
279,0.389893114566803
280,0.347011536359787
281,-0.02092215232551098
282,0.35527166724205017
283,0.3511982560157776
284,0.007978486828505993
285,0.4079408049583435
286,0.32822540402412415
287,-0.0427565723657608
288,0.3650497496128082
289,0.25903812050819397
290,-0.004658089019358158
291,0.3543909192085266
292,0.26340240240097046
293,0.0024455860257148743
294,0.34275826811790466
295,0.23642835021018982
296,0.03877538815140724
297,0.39979812502861023
298,0.2665695250034332
299,-0.013800405897200108
300,0.38857489824295044
301,0.2784952223300934
302,0.003688591532409191
303,0.3777449429035187
304,0.4174174666404724
305,0.008177428506314754
306,0.3449305593967438
307,0.41512438654899597
308,0.07937366515398026
309,0.3969203531742096
310,0.35872095823287964
311,-0.020570853725075722
312,0.40406784415245056
313,0.3624555170536041
314,-0.022390617057681084
315,0.38588541746139526
316,0.41967976093292236
317,0.006823778618127108
318,0.3903944492340088
319,0.41925248503685
320,0.0042890580371022224
321,0.3503710627555847
322,0.25649479031562805
323,0.006999163888394833
324,0.3907702565193176
325,0.3583824038505554
326,-0.01904328539967537
327,0.3799653649330139
328,0.25945061445236206
329,-0.010323885828256607
330,0.3782687783241272
331,0.2500840723514557
332,-0.012005713768303394
333,0.37101441621780396
334,0.20584645867347717
335,0.004761856514960527
336,0.3467475473880768
337,0.24575957655906677
338,0.02081511728465557
339,0.37532272934913635
340,0.22641688585281372
341,-0.004090576898306608
342,0.3437378406524658
343,0.26800334453582764
344,0.01893504709005356
345,0.340393602848053
346,0.26326242089271545
347,0.03637406602501869
348,0.4097525477409363
349,0.4033874273300171
350,-0.02238522283732891
351,0.4012787938117981
352,0.4065556526184082
353,-0.016650395467877388
354,0.3954576253890991
355,0.41020771861076355
356,-0.009532026015222073
357,0.3992528021335602
358,0.3609897494316101
359,-0.019403880462050438
360,0.3880651295185089
361,0.41978272795677185
362,0.005364332813769579
363,0.3911041021347046
364,0.42597708106040955
365,0.0010598456719890237
366,0.391806960105896
367,0.4182729423046112
368,0.003978043328970671
369,0.4006101191043854
370,0.3538762629032135
371,-0.032649945467710495
372,0.40065354108810425
373,0.4122566282749176
374,-0.006968082394450903
375,0.40594401955604553
376,0.41097763180732727
377,-0.012067871168255806
378,0.4125855565071106
379,0.41033899784088135
380,-0.016138296574354172
381,0.409270316362381
382,0.46027955412864685
383,-0.0026562854181975126
384,0.40933722257614136
385,0.4512031674385071
386,-0.011184045113623142
387,0.41002193093299866
388,0.4439070522785187
389,-0.012857161462306976
390,0.41094863414764404
391,0.43656420707702637
392,-0.011346728540956974
393,0.41200584173202515
394,0.4315292239189148
395,-0.010131143033504486
396,0.39932265877723694
397,0.42678335309028625
398,-0.0026172923389822245
399,0.3975619375705719
400,0.4286832809448242
401,-0.003738273633643985
402,0.39502108097076416
403,0.432100772857666
404,-0.004541239235550165
405,0.3929307758808136
406,0.43577685952186584
407,-0.0028207791037857533
408,0.38539665937423706
409,0.39321884512901306
410,-0.006989938206970692
411,0.3364200294017792
412,0.35835587978363037
413,0.09233156591653824
414,0.41703513264656067
415,0.3628765046596527
416,-0.03134800121188164
417,0.39597010612487793
418,0.42395007610321045
419,0.0015917082782834768
420,0.39355331659317017
421,0.4247402846813202
422,0.0009041147422976792
423,0.40703442692756653
424,0.36796531081199646
425,-0.02247772365808487
426,0.3942359685897827
427,0.36592307686805725
428,-0.013033976778388023
429,0.4056106507778168
430,0.36532366275787354
431,-0.022777216508984566
432,0.3848554193973541
433,0.3270763158798218
434,-0.002681446261703968
435,0.3724417984485626
436,0.3358527421951294
437,0.00029904936673119664
438,0.38907745480537415
439,0.35272514820098877
440,-0.01608484797179699
441,0.35328155755996704
442,0.2186630815267563
443,0.020795654505491257
444,0.35768136382102966
445,0.23297065496444702
446,0.007739219814538956
447,0.36224859952926636
448,0.2500520944595337
449,-0.002733437344431877
450,0.3896562159061432
451,0.4417492151260376
452,0.003226399188861251
453,0.39684128761291504
454,0.2518724799156189
455,-0.017027880996465683
456,0.3940952718257904
457,0.22413015365600586
458,-0.011321480385959148
459,0.39120200276374817
460,0.19919374585151672
461,-0.005179614294320345
462,0.36195996403694153
463,0.30254361033439636
464,0.011879143305122852
465,0.34485098719596863
466,0.31652122735977173
467,0.02483511157333851
468,0.39439457654953003
469,0.2954704165458679
470,0.005691027734428644
471,0.35159239172935486
472,0.28608033061027527
473,0.016327638179063797
474,0.39847612380981445
475,0.3116799592971802
476,-0.00947806891053915
477,0.3949439227581024
478,0.347482830286026
479,-0.03223362937569618
480,0.33753421902656555
481,0.32552751898765564
482,0.034451235085725784
483,0.3496721088886261
484,0.3235357701778412
485,0.017024751752614975
486,0.3592587411403656
487,0.32659775018692017
488,0.008921833708882332
489,0.3739548921585083
490,0.3235097825527191
491,0.004095098469406366
492,0.3848205506801605
493,0.3178328573703766
494,0.0017352561699226499
495,0.39303457736968994
496,0.3116582930088043
497,-0.0011843262473121285
498,0.4084576964378357
499,0.2952874004840851
500,-0.01923637092113495
501,0.33864107728004456
502,0.3493693470954895
503,0.03192773088812828
504,0.3457859456539154
505,0.285599946975708
506,0.020590810105204582
507,0.41229233145713806
508,0.3599226772785187
509,-0.04170677065849304
510,0.39323118329048157
511,0.33035898208618164
512,-0.009821130894124508
513,0.3337676227092743
514,0.3076334595680237
515,0.08650815486907959
516,0.399023175239563
517,0.3049050271511078
518,-0.002897661179304123
519,0.38886716961860657
520,0.3540380895137787
521,-0.007243361324071884
522,0.3557090163230896
523,0.2928084433078766
524,0.01875724457204342
525,0.3946325182914734
526,0.3405565023422241
527,-0.028873443603515625
528,0.33878952264785767
529,0.38571545481681824
530,0.08806072175502777
531,0.394382506608963
532,0.2912577688694
533,0.008057676255702972
534,0.4010658264160156
535,0.333198219537735
536,-0.037347517907619476
537,0.35902318358421326
538,0.44206029176712036
539,0.03739197552204132
540,0.3605649471282959
541,0.4561644494533539
542,0.05078551918268204
543,0.33326464891433716
544,0.35450783371925354
545,0.06213352084159851
546,0.3501858115196228
547,0.42606115341186523
548,0.04676705226302147
549,0.3368299603462219
550,0.2831212282180786
551,0.0498105064034462
552,0.3893596827983856
553,0.48430800437927246
554,0.012116934172809124
555,0.41374510526657104
556,0.36261507868766785
557,-0.030672656372189522
558,0.38653647899627686
559,0.33966371417045593
560,-0.006280469708144665
561,0.33879417181015015
562,0.30441561341285706
563,0.03742406144738197
564,0.36864855885505676
565,0.29697391390800476
566,0.008921680971980095
567,0.3755379915237427
568,0.29748567938804626
569,0.006556654814630747
570,0.38877469301223755
571,0.42746400833129883
572,0.0024584708735346794
573,0.34094828367233276
574,0.37295520305633545
575,0.03462754189968109
576,0.40442991256713867
577,0.5027520060539246
578,0.01321810856461525
579,0.3802467882633209
580,0.48406049609184265
581,0.02996814250946045
582,0.37084659934043884
583,0.4721831679344177
584,0.039219412952661514
585,0.4159475266933441
586,0.22340013086795807
587,-0.014348200522363186
588,0.4225924611091614
589,0.5053805708885193
590,0.009908651933073997
591,0.38226568698883057
592,0.29636186361312866
593,0.005765074398368597
594,0.388465017080307
595,0.29406940937042236
596,0.006541470065712929
597,0.392422616481781
598,0.2925874590873718
599,0.00801385659724474
600,0.3411344885826111
601,0.2844058573246002
602,0.029413526877760887
603,0.38754767179489136
604,0.285124808549881
605,0.00546678714454174
606,0.3807186186313629
607,0.28325989842414856
608,0.004165275953710079
609,0.3738614320755005
610,0.28307411074638367
611,0.0049647558480501175
612,0.367002010345459
613,0.2850605249404907
614,0.007338104769587517
615,0.3627212345600128
616,0.2879067659378052
617,0.010377604514360428
618,0.33417126536369324
619,0.28009137511253357
620,0.0729421004652977
621,0.3640748858451843
622,0.29560863971710205
623,0.011729833669960499
624,0.4184826612472534
625,0.37702786922454834
626,-0.02299557998776436
627,0.3914799392223358
628,0.3845270276069641
629,-0.012791730463504791
630,0.39644715189933777
631,0.3566201329231262
632,-0.024022728204727173
633,0.4067002236843109
634,0.3790488839149475
635,-0.0214394424110651
636,0.4163074195384979
637,0.2795259356498718
638,-0.016917122527956963
639,0.3686122000217438
640,0.45810478925704956
641,0.02976844273507595
642,0.37848514318466187
643,0.47098076343536377
644,0.021525731310248375
645,0.40385955572128296
646,0.49381500482559204
647,0.0037036538124084473
648,0.3526081442832947
649,0.4388389587402344
650,0.06532824039459229
651,0.3922116458415985
652,0.2885810434818268
653,0.006969026289880276
654,0.4030890166759491
655,0.31332096457481384
656,-0.021466540172696114
657,0.4221028983592987
658,0.4965161085128784
659,0.0009252387098968029
660,0.3909631073474884
661,0.49491411447525024
662,0.020175259560346603
663,0.3363596498966217
664,0.38025757670402527
665,0.060778796672821045
666,0.40487027168273926
667,0.4295237362384796
668,-0.006652004551142454
669,0.40315455198287964
670,0.43316584825515747
671,-0.0077714878134429455
672,0.4011693000793457
673,0.43867355585098267
674,-0.008638625964522362
675,0.39966362714767456
676,0.44499415159225464
677,-0.007039013784378767
678,0.39767971634864807
679,0.4523426294326782
680,-0.0005559514393098652
681,0.39383503794670105
682,0.415472149848938
683,-0.0016434004064649343
684,0.39081135392189026
685,0.4144666790962219
686,-0.0014053937047719955
687,0.38818269968032837
688,0.41268056631088257
689,-0.0013166457647457719
690,0.38053464889526367
691,0.40428611636161804
692,0.0006976787699386477
693,0.3509611487388611
694,0.37776243686676025
695,0.017506981268525124
696,0.4036172926425934
697,0.3026924133300781
698,-0.013752015307545662
699,0.400274395942688
700,0.28342437744140625
701,0.0012670918367803097
702,0.39558351039886475
703,0.2851526439189911
704,0.004966383799910545
705,0.39619317650794983
706,0.41373682022094727
707,-0.0009433556697331369
708,0.35193967819213867
709,0.40773630142211914
710,0.030959488824009895
711,0.40641283988952637
712,0.28224408626556396
713,-0.010273022577166557
714,0.39421015977859497
715,0.46069058775901794
716,0.004248769022524357
717,0.41559475660324097
718,0.3144080638885498
719,-0.03778648376464844
720,0.40838325023651123
721,0.3065289258956909
722,-0.027607088908553123
723,0.41582098603248596
724,0.3033639192581177
725,-0.030039452016353607
726,0.3973609507083893
727,0.3313728868961334
728,-0.02126309648156166
729,0.42181625962257385
730,0.4841805100440979
731,-0.003050263039767742
732,0.4216964840888977
733,0.47114312648773193
734,-0.002917393809184432
735,0.40723752975463867
736,0.46942436695098877
737,-0.0005858562071807683
738,0.37642702460289
739,0.4345698058605194
740,0.012109716422855854
741,0.3834465742111206
742,0.3646576404571533
743,-0.004425618331879377
744,0.3842989206314087
745,0.4489520490169525
746,0.008647873066365719
747,0.36653122305870056
748,0.36543193459510803
749,0.0007436760351993144
750,0.3774823248386383
751,0.3779406249523163
752,-0.0017443011747673154
753,0.36164718866348267
754,0.38561299443244934
755,0.00869054440408945
756,0.4048621654510498
757,0.48184049129486084
758,-5.403800605563447e-05
759,0.39287933707237244
760,0.33860543370246887
761,-0.014967226423323154
762,0.3702741265296936
763,0.4440560042858124
764,0.020183254033327103
765,0.3803434371948242
766,0.4584667980670929
767,0.015108969062566757
768,0.37040141224861145
769,0.4183708429336548
770,0.012370309792459011
771,0.3441958725452423
772,0.39342954754829407
773,0.03783714026212692
774,0.36121413111686707
775,0.4209151864051819
776,0.020753277465701103
777,0.34165847301483154
778,0.404223769903183
779,0.057254575192928314
780,0.3727428615093231
781,0.3948453366756439
782,0.0034700126852840185
783,0.39828383922576904
784,0.32166537642478943
785,-0.01518873032182455
786,0.39776739478111267
787,0.35215187072753906
788,-0.03424903377890587
789,0.3930255174636841
790,0.3560560643672943
791,-0.0248984657227993
792,0.40075668692588806
793,0.3442102074623108
794,-0.04062164947390556
795,0.39399051666259766
796,0.275132417678833
797,-0.0007600460667163134
798,0.38081595301628113
799,0.2699944078922272
800,-0.0018764028791338205
801,0.3693845272064209
802,0.2693682909011841
803,-0.0008171978406608105
804,0.36012086272239685
805,0.27175605297088623
806,0.0031761035788804293
807,0.3541520833969116
808,0.27707189321517944
809,0.008873955346643925
810,0.3510151207447052
811,0.2970179319381714
812,0.022261258214712143
813,0.33218926191329956
814,0.33006465435028076
815,0.06087294593453407
816,0.35656043887138367
817,0.31157052516937256
818,0.015379510819911957
819,0.3643810749053955
820,0.3140072226524353
821,0.009840068407356739
822,0.3746628761291504
823,0.31314027309417725
824,0.005811529234051704
825,0.3845369219779968
826,0.3096669912338257
827,0.0041051809675991535
828,0.3922167718410492
829,0.30506929755210876
830,0.00286555802449584
831,0.39744821190834045
832,0.3007378578186035
833,0.0021548536606132984
834,0.33524176478385925
835,0.333016961812973
836,0.09239725023508072
837,0.39372000098228455
838,0.3595469295978546
839,-0.020772328600287437
840,0.4026411473751068
841,0.322934091091156
842,-0.02822738140821457
843,0.40334275364875793
844,0.35222548246383667
845,-0.04117513820528984
846,0.4084967374801636
847,0.35815903544425964
848,-0.03819294273853302
849,0.4037429988384247
850,0.3542678952217102
851,-0.03708964213728905
852,0.39644309878349304
853,0.36335960030555725
854,-0.017989017069339752
855,0.4098096191883087
856,0.3592098653316498
857,-0.040478985756635666
858,0.4110923409461975
859,0.3618902266025543
860,-0.030574120581150055
861,0.3971763551235199
862,0.2916877269744873
863,0.006364078260958195
864,0.40145906805992126
865,0.2941625416278839
866,0.0006959285237826407
867,0.4035000205039978
868,0.29567384719848633
869,-0.00571097619831562
870,0.3601905405521393
871,0.28996333479881287
872,0.013313768431544304
873,0.3557918667793274
874,0.2862699031829834
875,0.013805572874844074
876,0.42294448614120483
877,0.31618741154670715
878,-0.035353884100914
879,0.47684893012046814
880,0.29018110036849976
881,0.007622043136507273
882,0.4250601828098297
883,0.3592124879360199
884,-0.03121197782456875
885,0.5066114068031311
886,0.25017696619033813
887,0.045510683208703995
888,0.4532259702682495
889,0.3000296354293823
890,0.00024696413311176
891,0.4615001082420349
892,0.300896555185318
893,0.00026711143436841667
894,0.4695212244987488
895,0.3003217875957489
896,0.0019540886860340834
897,0.48017677664756775
898,0.29444682598114014
899,0.00856268685311079
900,0.44620561599731445
901,0.2969970703125
902,0.0013451386475935578
903,0.46388867497444153
904,0.2725003957748413
905,-0.0034749447368085384
906,0.45500075817108154
907,0.2731824517250061
908,-0.002761587966233492
909,0.47217434644699097
910,0.27401936054229736
911,-0.0012600228656083345
912,0.4777686893939972
913,0.27768850326538086
914,0.001962424488738179
915,0.48684176802635193
916,0.3019869029521942
917,0.012116558849811554
918,0.45387011766433716
919,0.46982070803642273
920,0.004342293366789818
921,0.47978219389915466
922,0.28776228427886963
923,0.010152884759008884
924,0.5113292932510376
925,0.29873788356781006
926,0.04821809008717537
927,0.4959629774093628
928,0.29514187574386597
929,0.020150233060121536
930,0.4604087471961975
931,0.34577324986457825
932,-0.008464954793453217
933,0.4309353232383728
934,0.39436131715774536
935,-0.02450724132359028
936,0.42998576164245605
937,0.4072609543800354
938,-0.02083020843565464
939,0.44273364543914795
940,0.39742788672447205
941,-0.019855961203575134
942,0.4500853419303894
943,0.402531236410141
944,-0.012995156459510326
945,0.4382896423339844
946,0.4076303243637085
947,-0.01750178262591362
948,0.44460999965667725
949,0.40901124477386475
950,-0.011099100112915039
951,0.46143585443496704
952,0.4260548949241638
953,0.0022984284441918135
954,0.42301145195961
955,0.3529982566833496
956,-0.0462137907743454
957,0.42369383573532104
958,0.34151747822761536
959,-0.04871245473623276
960,0.4902556538581848
961,0.2670971751213074
962,0.0033974803518503904
963,0.4429539442062378
964,0.3174070715904236
965,-0.008998801931738853
966,0.44455674290657043
967,0.3496297597885132
968,-0.02625741809606552
969,0.4452059268951416
970,0.34391623735427856
971,-0.023597002029418945
972,0.48470598459243774
973,0.3450480103492737
974,0.0003323646087665111
975,0.42323383688926697
976,0.32754895091056824
977,-0.04362645745277405
978,0.46992725133895874
979,0.2558138966560364
980,-0.01040860265493393
981,0.48189857602119446
982,0.2592119574546814
983,-0.004707209300249815
984,0.49795079231262207
985,0.22918595373630524
986,0.029735086485743523
987,0.4334283769130707
988,0.2657824158668518
989,-0.015704484656453133
990,0.44737744331359863
991,0.2765216827392578
992,0.00020525691797956824
993,0.46668434143066406
994,0.41139018535614014
995,0.0028451464604586363
996,0.5060224533081055
997,0.4095362722873688
998,0.07002755999565125
999,0.43865731358528137
1000,0.3562191426753998
1001,-0.02266436628997326
1002,0.43156078457832336
1003,0.36077025532722473
1004,-0.0234282985329628
1005,0.458938330411911
1006,0.4135701656341553
1007,0.0022702019196003675
1008,0.45449578762054443
1009,0.4135461449623108
1010,0.0003242556704208255
1011,0.4864002764225006
1012,0.2519143223762512
1013,-0.0004398237797431648
1014,0.44529786705970764
1015,0.3551121950149536
1016,-0.021639596670866013
1017,0.453923761844635
1018,0.2573269307613373
1019,-0.014229920692741871
1020,0.4552786350250244
1021,0.24764186143875122
1022,-0.01592317409813404
1023,0.46367233991622925
1024,0.20127318799495697
1025,-0.0003682512615341693
1026,0.4918009638786316
1027,0.23976261913776398
1028,0.012802135199308395
1029,0.45853444933891296
1030,0.2229805886745453
1031,-0.008559961803257465
1032,0.49514076113700867
1033,0.2622848153114319
1034,0.01049182191491127
1035,0.5007718801498413
1036,0.2566390037536621
1037,0.02730209194123745
1038,0.4306926429271698
1039,0.4017693102359772
1040,-0.023653466254472733
1041,0.4403594732284546
1042,0.4034508466720581
1043,-0.01905158720910549
1044,0.44742369651794434
1045,0.40584173798561096
1046,-0.012773832306265831
1047,0.4366022050380707
1048,0.3587108850479126
1049,-0.020980918779969215
1050,0.45673325657844543
1051,0.4137834310531616
1052,0.001123860594816506
1053,0.4534687101840973
1054,0.420925110578537
1055,-0.0024256787728518248
1056,0.4531506299972534
1057,0.412994921207428
1058,0.00010161258978769183
1059,0.43326863646507263
1060,0.35214298963546753
1061,-0.03440308943390846
1062,0.44280296564102173
1063,0.40849119424819946
1064,-0.009771606884896755
1065,0.4365471303462982
1066,0.40840956568717957
1067,-0.014252212829887867
1068,0.4290962815284729
1069,0.4090155363082886
1070,-0.01739400066435337
1071,0.4344305992126465
1072,0.45911189913749695
1073,-0.0038990334141999483
1074,0.43381157517433167
1075,0.4498165547847748
1076,-0.012468918226659298
1077,0.432816743850708
1078,0.4426110088825226
1079,-0.014262121170759201
1080,0.43154069781303406
1081,0.4352855682373047
1082,-0.012618332169950008
1083,0.43043220043182373
1084,0.43033459782600403
1085,-0.011328843422234058
1086,0.4445991516113281
1087,0.42316383123397827
1088,-0.005296049639582634
1089,0.44634824991226196
1090,0.4248843789100647
1091,-0.006532034836709499
1092,0.44900572299957275
1093,0.4280848801136017
1094,-0.007300321012735367
1095,0.45127809047698975
1096,0.43167170882225037
1097,-0.005780972074717283
1098,0.4555971920490265
1099,0.3886313736438751
1100,-0.01068040356040001
1101,0.5137957334518433
1102,0.35140636563301086
1103,0.08192575722932816
1104,0.4485470652580261
1105,0.41957804560661316
1106,-0.001721454900689423
1107,0.45092201232910156
1108,0.4200040102005005
1109,-0.002448075683787465
1110,0.42897871136665344
1111,0.36654597520828247
1112,-0.023502854630351067
1113,0.4428221583366394
1114,0.3628239929676056
1115,-0.015121901407837868
1116,0.4301964044570923
1117,0.36375167965888977
1118,-0.023749278858304024
1119,0.4519842267036438
1120,0.3239261209964752
1121,-0.006695907562971115
1122,0.4654533863067627
1123,0.33142101764678955
1124,-0.005226722452789545
1125,0.446968674659729
1126,0.34938278794288635
1127,-0.018890341743826866
1128,0.48437440395355225
1129,0.21232829988002777
1130,0.013393523171544075
1131,0.47848427295684814
1132,0.22793689370155334
1133,0.0012418420519679785
1134,0.47267138957977295
1135,0.24639976024627686
1136,-0.008653131313621998
1137,0.4549487233161926
1138,0.43803051114082336
1139,-0.00030442987917922437
1140,0.43591827154159546
1141,0.25072240829467773
1142,-0.01905228942632675
1143,0.438515841960907
1144,0.22228682041168213
1145,-0.013590479269623756
1146,0.4416266679763794
1147,0.196613609790802
1148,-0.007798335514962673
1149,0.47631195187568665
1150,0.29831406474113464
1151,0.005196904297918081
1152,0.4956650733947754
1153,0.3100206255912781
1154,0.016392186284065247
1155,0.44175609946250916
1156,0.2939869165420532
1157,0.002656135708093643
1158,0.4869176745414734
1159,0.281249076128006
1160,0.008737854659557343
1161,0.43658164143562317
1162,0.3100009262561798
1163,-0.01186206191778183
1164,0.43859589099884033
1165,0.3452235460281372
1166,-0.034284770488739014
1167,0.5046873688697815
1168,0.3183693587779999
1169,0.024955810979008675
1170,0.4900027811527252
1171,0.31728824973106384
1172,0.009092939086258411
1173,0.47947585582733154
1174,0.3210233449935913
1175,0.0019645350985229015
1176,0.4638134837150574
1177,0.3194475471973419
1178,-0.0012961028842255473
1179,0.45211631059646606
1180,0.31487858295440674
1181,-0.0023765014484524727
1182,0.44322139024734497
1183,0.3096155822277069
1184,-0.004291399847716093
1185,0.4243465065956116
1186,0.2946658432483673
1187,-0.020290441811084747
1188,0.5039021968841553
1189,0.3420930504798889
1190,0.02249087207019329
1191,0.4936543107032776
1192,0.27993398904800415
1193,0.012288304045796394
1194,0.4207901954650879
1195,0.35946524143218994
1196,-0.042184676975011826
1197,0.44252216815948486
1198,0.3279675841331482
1199,-0.012549612671136856
1200,0.5141717195510864
1201,0.2999071478843689
1202,0.0756431594491005
1203,0.43648508191108704
1204,0.3034009039402008
1205,-0.005269999615848064
1206,0.448041170835495
1207,0.3505793511867523
1208,-0.009981019422411919
1209,0.48277318477630615
1210,0.2884315848350525
1211,0.011488779447972775
1212,0.43912431597709656
1213,0.33824828267097473
1214,-0.030995607376098633
1215,0.5120296478271484
1216,0.37938392162323
1217,0.07814671099185944
1218,0.44189736247062683
1219,0.28992193937301636
1220,0.004952812567353249
1221,0.43115517497062683
1222,0.33169791102409363
1223,-0.038954444229602814
1224,0.48819559812545776
1225,0.43754103779792786
1226,0.030140481889247894
1227,0.4887402057647705
1228,0.4524824619293213
1229,0.043637726455926895
1230,0.5128885507583618
1231,0.3472760021686554
1232,0.05196337029337883
1233,0.4974376857280731
1234,0.42068618535995483
1235,0.038490179926157
1236,0.5061793327331543
1237,0.275911420583725
1238,0.040119681507349014
1239,0.45600953698158264
1240,0.482566237449646
1241,0.008662287145853043
1242,0.4204106628894806
1243,0.36221417784690857
1244,-0.030984235927462578
1245,0.4503643810749054
1246,0.3363524079322815
1247,-0.009763381443917751
1248,0.5031145811080933
1249,0.2976556420326233
1250,0.02824816107749939
1251,0.46859458088874817
1252,0.2935166358947754
1253,0.003110947785899043
1254,0.46137672662734985
1255,0.29451411962509155
1256,0.0013457767199724913
1257,0.4559260606765747
1258,0.422217458486557
1259,-0.0012600668705999851
1260,0.5029571652412415
1261,0.3659711182117462
1262,0.02527335099875927
1263,0.4410794675350189
1264,0.5019747018814087
1265,0.011199019849300385
1266,0.46704983711242676
1267,0.48205071687698364
1268,0.02523210272192955
1269,0.47741344571113586
1270,0.46948379278182983
1271,0.033416349440813065
1272,0.45440196990966797
1273,0.29390162229537964
1274,0.0013155433116480708
1275,0.44793540239334106
1276,0.2920271158218384
1277,0.002689286833629012
1278,0.4439072608947754
1279,0.29098016023635864
1280,0.0045791552402079105
1281,0.4995221495628357
1282,0.2779671847820282
1283,0.020459678024053574
1284,0.44883811473846436
1285,0.2833559513092041
1286,0.0015322972321882844
1287,0.45579993724823
1288,0.2811304032802582
1289,-0.00046544845099560916
1290,0.46278196573257446
1291,0.28056800365448
1292,-0.00043622514931485057
1293,0.4698900282382965
1294,0.2820141911506653
1295,0.0013016712618991733
1296,0.47454720735549927
1297,0.28441157937049866
1298,0.003979000262916088
1299,0.5116558074951172
1300,0.27227646112442017
1301,0.06246812269091606
1302,0.4734466075897217
1303,0.29188835620880127
1304,0.005450547207146883
1305,0.44765615463256836
1306,0.3809297978878021
1307,-0.015614325180649757
1308,0.43859219551086426
1309,0.35417068004608154
1310,-0.025819603353738785
1311,0.4308773875236511
1312,0.3774385452270508
1313,-0.022686054930090904
1314,0.47819823026657104
1315,0.4545215964317322
1316,0.023912131786346436
1317,0.4677014946937561
1318,0.4684436023235321
1319,0.01688029058277607
1320,0.4406507611274719
1321,0.492916464805603
1322,0.0017258509760722518
1323,0.49762338399887085
1324,0.4341833293437958
1325,0.056903183460235596
1326,0.443967342376709
1327,0.2871174216270447
1328,0.003475541016086936
1329,0.430240273475647
1330,0.31215447187423706
1331,-0.022995544597506523
1332,0.4552624225616455
1333,0.49348998069763184
1334,0.016633380204439163
1335,0.5108053684234619
1336,0.3735024034976959
1337,0.05097275972366333
1338,0.43822285532951355
1339,0.42707014083862305
1340,-0.008765135891735554
1341,0.44003167748451233
1342,0.4305770993232727
1343,-0.009903457947075367
1344,0.4421289563179016
1345,0.435903936624527
1346,-0.010872933082282543
1347,0.4439081847667694
1348,0.44226884841918945
1349,-0.009351398795843124
1350,0.4464043378829956
1351,0.4498525559902191
1352,-0.0031856426503509283
1353,0.45044001936912537
1354,0.4105074107646942
1355,-0.005344634409993887
1356,0.45323845744132996
1357,0.40914973616600037
1358,-0.005409223958849907
1359,0.45573198795318604
1360,0.4070482850074768
1361,-0.005414035636931658
1362,0.46233516931533813
1363,0.3987756669521332
1364,-0.0040778107941150665
1365,0.4915080964565277
1366,0.3712833821773529
1367,0.009255602955818176
1368,0.43031153082847595
1369,0.3016106188297272
1370,-0.015527690760791302
1371,0.4348604083061218
1372,0.2824723720550537
1373,-0.0007287382031790912
1374,0.4401850998401642
1375,0.2838377058506012
1376,0.0021606250666081905
1377,0.4482441842556
1378,0.40914085507392883
1379,-0.004437641706317663
1380,0.4933299720287323
1381,0.40170010924339294
1382,0.02283361554145813
1383,0.42725563049316406
1384,0.2816431224346161
1385,-0.011445547454059124
1386,0.4501683712005615
1387,0.4583677053451538
1388,0.0013234670041128993
1389,0.4237702190876007
1390,0.30589616298675537
1391,-0.02844814397394657
1392,0.4367944002151489
1393,0.32941892743110657
1394,-0.02324555069208145
1395,0.43653038144111633
1396,0.46838653087615967
1397,-0.0020662471652030945
1398,0.46841979026794434
1399,0.42997851967811584
1400,0.007120547350496054
1401,0.45506176352500916
1402,0.3606475293636322
1403,-0.008163782767951488
1404,0.46061578392982483
1405,0.44545432925224304
1406,0.0047364262863993645
1407,0.47322311997413635
1408,0.3602026402950287
1409,-0.005439901724457741
1410,0.4627498388290405
1411,0.37338805198669434
1412,-0.006444868631660938
1413,0.4803694784641266
1414,0.3799135684967041
1415,0.0017505635041743517
1416,0.43907055258750916
1417,0.4808054566383362
1418,-0.00195250881370157
1419,0.4425552785396576
1420,0.33597368001937866
1421,-0.017434021458029747
1422,0.4752531349658966
1423,0.43982040882110596
1424,0.014522912912070751
1425,0.465013712644577
1426,0.4554370045661926
1427,0.010758578777313232
1428,0.47388219833374023
1429,0.4127945005893707
1430,0.006202860735356808
1431,0.5010713338851929
1432,0.3868826925754547
1433,0.02888500690460205
1434,0.4837321639060974
1435,0.41547340154647827
1436,0.01374696847051382
1437,0.5060961842536926
1438,0.3979629576206207
1439,0.047925837337970734
1440,0.469536691904068
1441,0.3894016444683075
1442,-0.0023475501220673323
1443,0.43622270226478577
1444,0.3198957145214081
1445,-0.01736372336745262
1446,0.4358920753002167
1447,0.3501282036304474
1448,-0.036124806851148605
1449,0.44207441806793213
1450,0.35331106185913086
1451,-0.027142969891428947
1452,0.4314330816268921
1453,0.34273841977119446
1454,-0.04230596497654915
1455,0.441037118434906
1456,0.27375227212905884
1457,-0.003506458131596446
1458,0.4543530344963074
1459,0.2677367925643921
1460,-0.005898271221667528
1461,0.4661034941673279
1462,0.26628220081329346
1463,-0.00619447510689497
1464,0.47611203789711
1465,0.2678739130496979
1466,-0.0033305215183645487
1467,0.48319950699806213
1468,0.27268245816230774
1469,0.0017798892222344875
1470,0.4884689152240753
1471,0.2918403446674347
1472,0.014443507418036461
1473,0.5131727457046509
1474,0.32263508439064026
1475,0.050441812723875046
1476,0.48241284489631653
1477,0.3063923120498657
1478,0.008197917602956295
1479,0.4739132821559906
1480,0.30939918756484985
1481,0.0034729924518615007
1482,0.46300625801086426
1483,0.30950862169265747
1484,0.0005514636868610978
1485,0.4524642527103424
1486,0.3069130778312683
1487,-4.3726307922042906e-05
1488,0.4442640542984009
1489,0.30305618047714233
1490,-0.00028019561432302
1491,0.4385785758495331
1492,0.29923132061958313
1493,-0.0004150219610892236
1494,0.5140852928161621
1495,0.3256194293498993
1496,0.08155094087123871
1497,0.44208598136901855
1498,0.3566288948059082
1499,-0.022915998473763466
1500,0.43001189827919006
1501,0.3216363191604614
1502,-0.02980375848710537
1503,0.42928948998451233
1504,0.3509528934955597
1505,-0.042420849204063416
1506,0.42515692114830017
1507,0.3572560250759125
1508,-0.03884994238615036
1509,0.42966988682746887
1510,0.3529074788093567
1511,-0.03831225261092186
1512,0.4399466812610626
1513,0.3606923222541809
1514,-0.019845029339194298
1515,0.4234842360019684
1516,0.35847920179367065
1517,-0.04102284461259842
1518,0.4231787621974945
1519,0.3611809313297272
1520,-0.031043395400047302
1521,0.43873995542526245
1522,0.29045823216438293
1523,0.003682406386360526
1524,0.43401259183883667
1525,0.2931213974952698
1526,-0.00124082388356328
1527,0.43128037452697754
1528,0.29468590021133423
1529,-0.007427993696182966
1530,0.47740766406059265
1531,0.28629934787750244
1532,0.006601598579436541
1533,0.482090026140213
1534,0.2819675803184509
1535,0.006704223342239857
1536,0.0
1537,0.0
1538,0.0
1539,0.0
1540,0.0
1541,0.0
1542,0.0
1543,0.0
1544,0.0
1545,0.0
1546,0.0
1547,0.0
1548,0.0
1549,0.0
1550,0.0
1551,0.0
1552,0.0
1553,0.0
1554,0.0
1555,0.0
1556,0.0
1557,0.0
1558,0.0
1559,0.0
1560,0.0
1561,0.0
1562,0.0
1563,0.0
1564,0.0
1565,0.0
1566,0.0
1567,0.0
1568,0.0
1569,0.0
1570,0.0
1571,0.0
1572,0.0
1573,0.0
1574,0.0
1575,0.0
1576,0.0
1577,0.0
1578,0.0
1579,0.0
1580,0.0
1581,0.0
1582,0.0
1583,0.0
1584,0.0
1585,0.0
1586,0.0
1587,0.0
1588,0.0
1589,0.0
1590,0.0
1591,0.0
1592,0.0
1593,0.0
1594,0.0
1595,0.0
1596,0.0
1597,0.0
1598,0.0
1599,0.0
1600,0.0
1601,0.0
1602,0.0
1603,0.0
1604,0.0
1605,0.0
1606,0.0
1607,0.0
1608,0.0
1609,0.0
1610,0.0
1611,0.0
1612,0.0
1613,0.0
1614,0.0
1615,0.0
1616,0.0
1617,0.0
1618,0.0
1619,0.0
1620,0.0
1621,0.0
1622,0.0
1623,0.0
1624,0.0
1625,0.0
1626,0.0
1627,0.0
1628,0.0
1629,0.0
1630,0.0
1631,0.0
1632,0.0
1633,0.0
1634,0.0
1635,0.0
1636,0.0
1637,0.0
1638,0.0
1639,0.0
1640,0.0
1641,0.0
1642,0.0
1643,0.0
1644,0.0
1645,0.0
1646,0.0
1647,0.0
1648,0.0
1649,0.0
1650,0.0
1651,0.0
1652,0.0
1653,0.0
1654,0.0
1655,0.0
1656,0.0
1657,0.0
1658,0.0
1659,0.0
1660,0.0
1661,0.0
