,0
0,0.39325401186943054
1,0.3339775502681732
2,-0.6903737783432007
3,0.9999948740005493
4,0.41918450593948364
5,0.2801785171031952
6,-0.6366555094718933
7,0.9999907612800598
8,0.4388047158718109
9,0.2810730040073395
10,-0.6361779570579529
11,0.9999914169311523
12,0.45531654357910156
13,0.28223273158073425
14,-0.6354306936264038
15,0.9999905824661255
16,0.3636196255683899
17,0.28582292795181274
18,-0.6308890581130981
19,0.9999905228614807
20,0.34778255224227905
21,0.2902389168739319
22,-0.6298073530197144
23,0.9999901652336121
24,0.33410125970840454
25,0.29439836740493774
26,-0.6299430727958679
27,0.9999892711639404
28,0.4761306643486023
29,0.31940287351608276
30,-0.30633610486984253
31,0.9999905824661255
32,0.3222688138484955
33,0.3340364992618561
34,-0.26791948080062866
35,0.9999915957450867
36,0.43575969338417053
37,0.40142595767974854
38,-0.5722295045852661
39,0.9999946355819702
40,0.36418426036834717
41,0.40395644307136536
42,-0.5663110613822937
43,0.9999942779541016
44,0.6264498233795166
45,0.6645249724388123
46,-0.16443070769309998
47,0.9999054074287415
48,0.21124441921710968
49,0.6920009851455688
50,-0.1181684136390686
51,0.9996312856674194
52,0.7676213383674622
53,1.0476915836334229
54,-0.6570834517478943
55,0.842194139957428
56,0.11860845983028412
57,1.023790955543518
58,-0.2164316475391388
59,0.38030925393104553
60,0.7556265592575073
61,0.6507242918014526
62,-1.1998786926269531
63,0.8678914904594421
64,0.11038998514413834
65,1.4707661867141724
66,-0.7397226691246033
67,0.31348925828933716
68,0.7338431477546692
69,0.5139963030815125
70,-1.3346998691558838
71,0.8653618097305298
72,0.08312639594078064
73,1.5819408893585205
74,-0.8183101415634155
75,0.3707110285758972
76,0.7106632590293884
77,0.46358993649482727
78,-1.2133653163909912
79,0.8756608963012695
80,0.11523401737213135
81,1.565706729888916
82,-0.8958404660224915
83,0.48634597659111023
84,0.7047184109687805
85,0.5177537798881531
86,-1.1756988763809204
87,0.8730504512786865
88,0.13555537164211273
89,1.5274380445480347
90,-0.7949944138526917
91,0.49349817633628845
92,0.585184633731842
93,1.4690018892288208
94,-0.08655072748661041
95,0.003117837244644761
96,0.2953049838542938
97,1.4726415872573853
98,0.09348048269748688
99,0.0019260221160948277
100,0.5801774263381958
101,2.1398043632507324
102,-0.2812845706939697
103,0.0003930813691113144
104,0.31315818428993225
105,2.138737916946411
106,0.1555059403181076
107,0.00011821189400507137
108,0.5807980895042419
109,2.727597713470459
110,0.12299551069736481
111,2.3290729586733505e-05
112,0.32379502058029175
113,2.723233461380005
114,0.42851272225379944
115,2.8908452804898843e-06
116,0.5918806791305542
117,2.809664011001587
118,0.1324625015258789
119,2.0140032575000077e-05
120,0.3188495934009552
121,2.809116840362549
122,0.4413079619407654
123,8.423615327046718e-06
124,0.5311442613601685
125,2.9076287746429443
126,-0.4393083453178406
127,4.646050001611002e-05
128,0.36306026577949524
129,2.9068031311035156
130,-0.13779738545417786
131,2.207691977673676e-05
132,0.3851044476032257
133,0.39869847893714905
134,-0.025284340605139732
135,0.37805992364883423
136,0.3551207482814789
137,-0.0462418794631958
138,0.38142475485801697
139,0.3683326244354248
140,-0.024932952597737312
141,0.36959925293922424
142,0.3197648227214813
143,-0.03410978987812996
144,0.376920610666275
145,0.34316161274909973
146,-0.048993971198797226
147,0.37632063031196594
148,0.3284299373626709
149,-0.04549475386738777
150,0.3759450614452362
151,0.2943742871284485
152,-0.023071639239788055
153,0.3222760558128357
154,0.301729679107666
155,0.015321621671319008
156,0.37500858306884766
157,0.27051854133605957
158,-0.017797205597162247
159,0.37395262718200684
160,0.25600293278694153
161,-0.01947064884006977
162,0.3707234859466553
163,0.19900678098201752
164,-0.009478780440986156
165,0.385901540517807
166,0.40485575795173645
167,-0.024424472823739052
168,0.3867045044898987
169,0.4097006618976593
170,-0.02176828868687153
171,0.3873165249824524
172,0.41181936860084534
173,-0.01804773509502411
174,0.3892921209335327
175,0.4343389868736267
176,-0.011756709776818752
177,0.389688640832901
178,0.44062745571136475
179,-0.012966438196599483
180,0.3902743458747864
181,0.44802916049957275
182,-0.01406093779951334
183,0.3910202085971832
184,0.4555493891239166
185,-0.01138276420533657
186,0.39209848642349243
187,0.46389222145080566
188,-0.0019252976635470986
189,0.3792150616645813
190,0.361357718706131
191,-0.04207339137792587
192,0.3726294934749603
193,0.36216774582862854
194,-0.03004491701722145
195,0.2974536418914795
196,0.2676553428173065
197,0.056960321962833405
198,0.34521088004112244
199,0.3080989420413971
200,0.005271756090223789
201,0.3375614881515503
202,0.31036847829818726
203,0.006290755234658718
204,0.33011025190353394
205,0.3112109303474426
206,0.009030048735439777
207,0.3199937045574188
208,0.30660998821258545
209,0.016705188900232315
210,0.3514374792575836
211,0.30391788482666016
212,0.005180706270039082
213,0.3323298394680023
214,0.2815314531326294
215,0.0028334828093647957
216,0.34104540944099426
217,0.28104954957962036
218,0.0020879243966192007
219,0.3246215581893921
220,0.28432774543762207
221,0.00598799018189311
222,0.31986576318740845
223,0.2889533042907715
224,0.00979273859411478
225,0.31497517228126526
226,0.3159295618534088
227,0.021015863865613937
228,0.3629036247730255
229,0.47641289234161377
230,0.009644204750657082
231,0.31946271657943726
232,0.2995719611644745
233,0.018198871985077858
234,0.29697418212890625
235,0.31624919176101685
236,0.06012345105409622
237,0.3069855570793152
238,0.3105173110961914
239,0.030048910528421402
240,0.34180545806884766
241,0.3560027778148651
242,-0.00268673337996006
243,0.3746001422405243
244,0.3984907865524292
245,-0.02305608242750168
246,0.3782447874546051
247,0.4112192392349243
248,-0.019491251558065414
249,0.3653663098812103
250,0.40441861748695374
251,-0.016973253339529037
252,0.3607383072376251
253,0.41145747900009155
254,-0.009040532633662224
255,0.3716427683830261
256,0.41371703147888184
257,-0.014833022840321064
258,0.36717018485069275
259,0.41678139567375183
260,-0.007642398122698069
261,0.353921115398407
262,0.43687698245048523
263,0.007881468161940575
264,0.37142622470855713
265,0.35577192902565
266,-0.04510942101478577
267,0.36927154660224915
268,0.34474998712539673
269,-0.04753290116786957
270,0.3081761300563812
271,0.28104642033576965
272,0.012567874044179916
273,0.355093777179718
274,0.32441309094429016
275,-0.005504442844539881
276,0.3542695641517639
277,0.35708990693092346
278,-0.02287163771688938
279,0.3534514307975769
280,0.35162580013275146
281,-0.020100483670830727
282,0.320132315158844
283,0.35971513390541077
284,0.009510391391813755
285,0.3691921532154083
286,0.3309363126754761
287,-0.042257823050022125
288,0.3244783878326416
289,0.2666097581386566
290,-0.003898549359291792
291,0.31425392627716064
292,0.27182796597480774
293,0.0034866274800151587
294,0.3017551898956299
295,0.24587476253509521
296,0.03992569074034691
297,0.3589015305042267
298,0.2710418105125427
299,-0.0138012720271945
300,0.34880486130714417
301,0.28335440158843994
302,0.00402330094948411
303,0.34771502017974854
304,0.42340534925460815
305,0.009219924919307232
306,0.3162323832511902
307,0.42284101247787476
308,0.08140218257904053
309,0.36106228828430176
310,0.3623179793357849
311,-0.01987357623875141
312,0.3681490123271942
313,0.3653123080730438
314,-0.021854108199477196
315,0.3560803234577179
316,0.4249202311038971
317,0.007612722925841808
318,0.36052197217941284
319,0.4239161014556885
320,0.00494913337752223
321,0.31001782417297363
322,0.2654256820678711
323,0.008088666945695877
324,0.3552103340625763
325,0.36274293065071106
326,-0.01822180114686489
327,0.33914855122566223
328,0.26574811339378357
329,-0.009878133423626423
330,0.3369297385215759
331,0.2567465901374817
332,-0.011560654267668724
333,0.32726094126701355
334,0.21285834908485413
335,0.005129356402903795
336,0.30597981810569763
337,0.25499242544174194
338,0.021880855783820152
339,0.3326231837272644
340,0.23325544595718384
341,-0.0037072007544338703
342,0.3041943609714508
343,0.27738702297210693
344,0.020311562344431877
345,0.30079543590545654
346,0.27287667989730835
347,0.037733934819698334
348,0.37631985545158386
349,0.40584006905555725
350,-0.02219080738723278
351,0.3687399625778198
352,0.40991446375846863
353,-0.01626557856798172
354,0.363817036151886
355,0.4142395853996277
356,-0.009015112183988094
357,0.3635438084602356
358,0.364385724067688
359,-0.01875031739473343
360,0.358256071805954
361,0.42476686835289
362,0.006062760483473539
363,0.36128175258636475
364,0.43078336119651794
365,0.001882263459265232
366,0.361850768327713
367,0.42272770404815674
368,0.004611099138855934
369,0.363846093416214
370,0.35689619183540344
371,-0.03193400427699089
372,0.3693435490131378
373,0.4159087538719177
374,-0.006559143774211407
375,0.3739162087440491
376,0.41415935754776
377,-0.011788859032094479
378,0.37994757294654846
379,0.412885457277298
380,-0.015984058380126953
381,0.37993863224983215
382,0.4638602137565613
383,-0.0007870333502069116
384,0.3792465925216675
385,0.45500996708869934
386,-0.009883665479719639
387,0.3794002830982208
388,0.44758498668670654
389,-0.011883852072060108
390,0.37995249032974243
391,0.4398233890533447
392,-0.010732985101640224
393,0.3807862102985382
394,0.43446555733680725
395,-0.00961164478212595
396,0.3690616488456726
397,0.4307355284690857
398,-0.001894321059808135
399,0.36736392974853516
400,0.4329381287097931
401,-0.0029454652685672045
402,0.36500027775764465
403,0.4367132782936096
404,-0.0035280247684568167
405,0.3631458878517151
406,0.44069427251815796
407,-0.001716268016025424
408,0.3526672124862671
409,0.3981822729110718
410,-0.006204372271895409
411,0.3040147125720978
412,0.36725229024887085
413,0.09425505995750427
414,0.3801804184913635
415,0.36408036947250366
416,-0.030979257076978683
417,0.36593881249427795
418,0.42816826701164246
419,0.00230397074483335
420,0.3636041283607483
421,0.42925968766212463
422,0.0016931925201788545
423,0.3712879419326782
424,0.3703729808330536
425,-0.021928977221250534
426,0.3592015504837036
427,0.36996257305145264
428,-0.012329277582466602
429,0.3697764277458191
430,0.3679245710372925
431,-0.022217541933059692
432,0.34755948185920715
433,0.33254531025886536
434,-0.001884140889160335
435,0.3358451724052429
436,0.34261268377304077
437,0.001410783501341939
438,0.3531721234321594
439,0.35743606090545654
440,-0.015227395109832287
441,0.3108934760093689
442,0.22732935845851898
443,0.021566171199083328
444,0.3158999979496002
445,0.24133941531181335
446,0.00847522635012865
447,0.3212921619415283
448,0.2580777704715729
449,-0.00195117702241987
450,0.3602888882160187
451,0.4469231963157654
452,0.004652149043977261
453,0.35512521862983704
454,0.25683706998825073
455,-0.01700975000858307
456,0.35077786445617676
457,0.22908291220664978
458,-0.01141456700861454
459,0.34655019640922546
460,0.20416447520256042
461,-0.00531826913356781
462,0.3237416744232178
463,0.3101471960544586
464,0.013079693540930748
465,0.307999849319458
466,0.32583948969841003
467,0.026330210268497467
468,0.3553495407104492
469,0.2999928593635559
470,0.00601251982152462
471,0.31265848875045776
472,0.29445546865463257
473,0.017628420144319534
474,0.35999637842178345
475,0.3159159719944
476,-0.009057355113327503
477,0.35795482993125916
478,0.3512699007987976
479,-0.031479302793741226
480,0.30160051584243774
481,0.33538198471069336
482,0.036191847175359726
483,0.3129153847694397
484,0.3325326442718506
485,0.01852833665907383
486,0.32240724563598633
487,0.33480045199394226
488,0.01021390501409769
489,0.33667755126953125
490,0.3301812708377838
491,0.005071365274488926
492,0.3470873534679413
493,0.3233753740787506
494,0.002405336359515786
495,0.3548092842102051
496,0.31640034914016724
497,-0.0007071313448250294
498,0.36873021721839905
499,0.2987155616283417
500,-0.019079070538282394
501,0.30408573150634766
502,0.35908618569374084
503,0.03379430994391441
504,0.3071562349796295
505,0.2946779727935791
506,0.022004026919603348
507,0.37520334124565125
508,0.3616103529930115
509,-0.04122251272201538
510,0.35584864020347595
511,0.3349342346191406
512,-0.009188334457576275
513,0.2980353534221649
514,0.31722575426101685
515,0.08826642483472824
516,0.3602619767189026
517,0.30909743905067444
518,-0.0025934039149433374
519,0.3531778156757355
520,0.3588520884513855
521,-0.006453047506511211
522,0.3170340061187744
523,0.30077746510505676
524,0.01996159367263317
525,0.3573482632637024
526,0.3445925712585449
527,-0.028156155720353127
528,0.3082789480686188
529,0.3941909074783325
530,0.0900290384888649
531,0.3551747798919678
532,0.2957499921321869
533,0.008379649370908737
534,0.36293089389801025
535,0.3366202116012573
536,-0.03669905662536621
537,0.33116114139556885
538,0.4489326775074005
539,0.03927699103951454
540,0.33381107449531555
541,0.462392121553421
542,0.052790235728025436
543,0.2998676300048828
544,0.3641773760318756
545,0.06408849358558655
546,0.3216181993484497
547,0.43362492322921753
548,0.04879819601774216
549,0.29869264364242554
550,0.29291394352912903
551,0.05134168267250061
552,0.3624545633792877
553,0.48866793513298035
554,0.01417973916977644
555,0.3770062029361725
556,0.36415594816207886
557,-0.030280549079179764
558,0.34991487860679626
559,0.34487369656562805
560,-0.005462194327265024
561,0.30174461007118225
562,0.3140937387943268
563,0.039029210805892944
564,0.32998183369636536
565,0.30393141508102417
566,0.009874347597360611
567,0.3368295431137085
568,0.3037993907928467
569,0.0073615568690001965
570,0.35906797647476196
571,0.4325341582298279
572,0.003331960877403617
573,0.3081614375114441
574,0.38219740986824036
575,0.03652125224471092
576,0.37827327847480774
577,0.5057300329208374
578,0.01521044597029686
579,0.3540489673614502
580,0.4886634647846222
581,0.03198777511715889
582,0.34453073143959045
583,0.47754138708114624
584,0.04116244614124298
585,0.37215229868888855
586,0.22602182626724243
587,-0.014885619282722473
588,0.39629361033439636
589,0.5069238543510437
590,0.011578286066651344
591,0.3434280753135681
592,0.3020496368408203
593,0.006428155116736889
594,0.3494495749473572
595,0.2992095351219177
596,0.0070201982744038105
597,0.3533004820346832
598,0.29727229475975037
599,0.008417882956564426
600,0.3027029037475586
601,0.29394179582595825
602,0.03092045523226261
603,0.34827446937561035
604,0.29037147760391235
605,0.0059868814423680305
606,0.3414488136768341
607,0.28909823298454285
608,0.004858317784965038
609,0.33455586433410645
610,0.2894989550113678
611,0.005820329301059246
612,0.3277831971645355
613,0.2920394241809845
614,0.008349383249878883
615,0.3236798048019409
616,0.29530417919158936
617,0.01142870169132948
618,0.2963404357433319
619,0.28994107246398926
620,0.07454665750265121
621,0.3254336714744568
622,0.3030204772949219
623,0.012819449417293072
624,0.38283538818359375
625,0.3784013092517853
626,-0.02276201918721199
627,0.35765427350997925
628,0.3888287842273712
629,-0.01197850238531828
630,0.360334187746048
631,0.360165536403656
632,-0.023322440683841705
633,0.3716907203197479
634,0.38164952397346497
635,-0.02087625302374363
636,0.3758105933666229
637,0.28223609924316406
638,-0.017034854739904404
639,0.3412524163722992
640,0.46410059928894043
641,0.03161243721842766
642,0.3514021337032318
643,0.4760955274105072
644,0.0235076155513525
645,0.37691470980644226
646,0.4972149729728699
647,0.005753485951572657
648,0.3251523971557617
649,0.44578731060028076
650,0.06738924235105515
651,0.3529265522956848
652,0.29335299134254456
653,0.007367122918367386
654,0.36428937315940857
655,0.3170168399810791
656,-0.021115899085998535
657,0.3950601816177368
658,0.4985206127166748
659,0.0026387744583189487
660,0.364850252866745
661,0.4987744688987732
662,0.022237474098801613
663,0.30471861362457275
664,0.38939541578292847
665,0.06280751526355743
666,0.37413516640663147
667,0.4330311119556427
668,-0.005975980777293444
669,0.3726014196872711
670,0.4369867444038391
671,-0.0070129879750311375
672,0.37088316679000854
673,0.4429103434085846
674,-0.007559552323073149
675,0.3697957694530487
676,0.4495146572589874
677,-0.005774055141955614
678,0.36844632029533386
679,0.4568931758403778
680,0.0011827824637293816
681,0.36330097913742065
682,0.4197250306606293
683,-0.0010715087410062551
684,0.36018967628479004
685,0.41900932788848877
686,-0.0007699669804424047
687,0.35745736956596375
688,0.41744574904441833
689,-0.0006708716973662376
690,0.34919989109039307
691,0.4098470211029053
692,0.0015445549506694078
693,0.31809747219085693
694,0.386270672082901
695,0.019261879846453667
696,0.3644702732563019
697,0.30650532245635986
698,-0.013457060791552067
699,0.3604302406311035
700,0.287525475025177
701,0.0013458862667903304
702,0.355995774269104
703,0.28951942920684814
704,0.005243280436843634
705,0.36555877327919006
706,0.4177234172821045
707,-0.00037966776289977133
708,0.3217557668685913
709,0.41564732789993286
710,0.03282377868890762
711,0.36626920104026794
712,0.28589770197868347
713,-0.010211930610239506
714,0.36554229259490967
715,0.4652644991874695
716,0.006211036816239357
717,0.37621334195137024
718,0.3167123794555664
719,-0.037571292370557785
720,0.3690308630466461
721,0.3097599148750305
722,-0.027367323637008667
723,0.37609100341796875
724,0.3058845102787018
725,-0.029938049614429474
726,0.3596377372741699
727,0.335392028093338
728,-0.020686428993940353
729,0.3938818573951721
730,0.48656582832336426
731,-0.0013941304059699178
732,0.3928658366203308
733,0.4737228453159332
734,-0.001254129922017455
735,0.37852340936660767
736,0.47304752469062805
737,0.0013270745985209942
738,0.3471193313598633
739,0.4406682252883911
740,0.013494727201759815
741,0.34854328632354736
742,0.37002047896385193
743,-0.0034294859506189823
744,0.3554273545742035
745,0.45432350039482117
746,0.01037485059350729
747,0.3321112394332886
748,0.3726106584072113
749,0.002171398838981986
750,0.3437560498714447
751,0.3839319348335266
752,-0.0005959439440630376
753,0.3290961682796478
754,0.39313405752182007
755,0.010192517191171646
756,0.37700194120407104
757,0.485443651676178
758,0.0019509497797116637
759,0.35588404536247253
760,0.34305375814437866
761,-0.01426634006202221
762,0.34175193309783936
763,0.45042458176612854
764,0.02185424230992794
765,0.3522375822067261
766,0.4638904333114624
767,0.01693524606525898
768,0.34036916494369507
769,0.42500534653663635
770,0.013731484301388264
771,0.3131024241447449
772,0.40203461050987244
773,0.03978242352604866
774,0.3315819501876831
775,0.42811670899391174
776,0.022401712834835052
777,0.31172922253608704
778,0.412623792886734
779,0.059305526316165924
780,0.3408108353614807
781,0.40133270621299744
782,0.004705263767391443
783,0.3601769804954529
784,0.3257932960987091
785,-0.01467646099627018
786,0.36094310879707336
787,0.35550668835639954
788,-0.033514171838760376
789,0.3569662272930145
790,0.3600028455257416
791,-0.02413220703601837
792,0.3630899488925934
793,0.34733226895332336
794,-0.03992132842540741
795,0.3538133203983307
796,0.2796632945537567
797,-0.00058454874670133
798,0.3405572474002838
799,0.2756215035915375
800,-0.001366536831483245
801,0.3291626572608948
802,0.2759264409542084
803,-7.766025373712182e-05
804,0.320123553276062
805,0.27925825119018555
806,0.0042113009840250015
807,0.31458473205566406
808,0.28517672419548035
809,0.01006443239748478
810,0.31280964612960815
811,0.3055473566055298
812,0.02357967011630535
813,0.2972670793533325
814,0.3399941623210907
815,0.06273838877677917
816,0.31896352767944336
817,0.31979572772979736
818,0.01665722392499447
819,0.3267677426338196
820,0.3216124176979065
821,0.010948298498988152
822,0.3368504047393799
823,0.31965726613998413
824,0.0067264786921441555
825,0.34640151262283325
826,0.31522029638290405
827,0.00472034839913249
828,0.3537110984325409
829,0.309860497713089
830,0.0032803004141896963
831,0.35858213901519775
832,0.30503684282302856
833,0.0023978601675480604
834,0.3012336492538452
835,0.3422337472438812
836,0.09420549124479294
837,0.35807621479034424
838,0.3635232746601105
839,-0.019977623596787453
840,0.36412903666496277
841,0.32648012042045593
842,-0.027717316523194313
843,0.36602845788002014
844,0.3548993468284607
845,-0.04054528847336769
846,0.371586412191391
847,0.3603311777114868
848,-0.03765008598566055
849,0.366732120513916
850,0.35691195726394653
851,-0.03644072636961937
852,0.3610820472240448
853,0.36711743474006653
854,-0.01730688288807869
855,0.37280189990997314
856,0.36117613315582275
857,-0.039977870881557465
858,0.3744555115699768
859,0.3637693524360657
860,-0.030126648023724556
861,0.35787880420684814
862,0.29590529203414917
863,0.0065933107398450375
864,0.3621598184108734
865,0.29813259840011597
866,0.000815903302282095
867,0.36412501335144043
868,0.29952219128608704
869,-0.005552878137677908
870,0.3213001787662506
871,0.29760801792144775
872,0.014463995583355427
873,0.3166511058807373
874,0.29413649439811707
875,0.015017942525446415
876,0.38362929224967957
877,0.3177030384540558
878,-0.03536612540483475
879,0.4377945065498352
880,0.28631460666656494
881,0.005799786653369665
882,0.38784095644950867
883,0.3599199056625366
884,-0.031049028038978577
885,0.4663562476634979
886,0.24243396520614624
887,0.04227372631430626
888,0.4144570231437683
889,0.29862621426582336
890,-0.0010189113672822714
891,0.4227825403213501
892,0.29866111278533936
893,-0.001165861147455871
894,0.43078914284706116
895,0.29723331332206726
896,0.00037257099756971
897,0.4414873421192169
898,0.2900819480419159
899,0.006609812844544649
900,0.40727436542510986
901,0.29633864760398865
902,0.0003037432616110891
903,0.423157662153244
904,0.26925843954086304
905,-0.004976960830390453
906,0.4142296314239502
907,0.2710448205471039
908,-0.004043865483254194
909,0.43172335624694824
910,0.2698450982570648
911,-0.002899872837588191
912,0.4377509355545044
913,0.2730129063129425
914,0.00015370367327705026
915,0.4485122859477997
916,0.2969880700111389
917,0.0100719528272748
918,0.4253535866737366
919,0.4685218930244446
920,0.004899774212390184
921,0.44069451093673706
922,0.2834358811378479
923,0.008194707334041595
924,0.4739689230918884
925,0.29066628217697144
926,0.045193471014499664
927,0.45742082595825195
928,0.2890070378780365
929,0.0177853275090456
930,0.42341017723083496
931,0.3437051773071289
932,-0.009279973804950714
933,0.39604905247688293
934,0.39493536949157715
935,-0.024893326684832573
936,0.3961188495159149
937,0.4081602990627289
938,-0.021286003291606903
939,0.4080640971660614
940,0.3973120450973511
941,-0.020566102117300034
942,0.4159295856952667
943,0.4019619822502136
944,-0.01401917077600956
945,0.4044167995452881
946,0.4080699384212494
947,-0.018271109089255333
948,0.41091078519821167
949,0.4090253412723541
950,-0.012112551368772984
951,0.4296908378601074
952,0.4247591197490692
953,0.0014293994754552841
954,0.3850688636302948
955,0.3537432849407196
956,-0.045956674963235855
957,0.38518226146698
958,0.34239545464515686
959,-0.048475563526153564
960,0.44929996132850647
961,0.26148277521133423
962,0.0011838959762826562
963,0.40453314781188965
964,0.3171647787094116
965,-0.009678797796368599
966,0.4067220389842987
967,0.3489387333393097
968,-0.026630928739905357
969,0.4072819650173187
970,0.34325501322746277
971,-0.024016670882701874
972,0.4481692910194397
973,0.3406722843647003
974,-0.001301113865338266
975,0.384229451417923
976,0.3287622928619385
977,-0.04350493103265762
978,0.42763060331344604
979,0.2525790333747864
980,-0.011993540450930595
981,0.4400547742843628
982,0.2545931935310364
983,-0.0066456664353609085
984,0.4556726813316345
985,0.22257228195667267
986,0.026785729452967644
987,0.3919127583503723
988,0.2665804624557495
989,-0.016417933627963066
990,0.40691515803337097
991,0.27539321780204773
992,-0.0009818717371672392
993,0.4339142143726349
994,0.4094555974006653
995,0.0016050015110522509
996,0.47606638073921204
997,0.40174752473831177
998,0.06770604103803635
999,0.4012117087841034
1000,0.35608845949172974
1001,-0.02291821874678135
1002,0.3945207893848419
1003,0.36114129424095154
1004,-0.023368416354060173
1005,0.42600905895233154
1006,0.41260093450546265
1007,0.0009497655555605888
1008,0.42151036858558655
1009,0.4128592014312744
1010,-0.0009445398463867605
1011,0.4441639184951782
1012,0.24685078859329224
1013,-0.0026195417158305645
1014,0.4079415798187256
1015,0.3544411063194275
1016,-0.02202722802758217
1017,0.41167935729026794
1018,0.25591808557510376
1019,-0.015396835282444954
1020,0.4123886823654175
1021,0.2462620735168457
1022,-0.01715993881225586
1023,0.41868001222610474
1024,0.19862377643585205
1025,-0.0023483477998524904
1026,0.4494202435016632
1027,0.23402801156044006
1028,0.01021775882691145
1029,0.41439899802207947
1030,0.2211177498102188
1031,-0.010169505141675472
1032,0.4541483521461487
1033,0.25614356994628906
1034,0.0080574881285429
1035,0.4601370096206665
1036,0.24973911046981812
1037,0.02441820316016674
1038,0.39631712436676025
1039,0.40246886014938354
1040,-0.024102164432406425
1041,0.4061523675918579
1042,0.403624027967453
1043,-0.019809076562523842
1044,0.41350340843200684
1045,0.4055662751197815
1046,-0.013761070556938648
1047,0.3993954658508301
1048,0.3587842285633087
1049,-0.02109888568520546
1050,0.42379575967788696
1051,0.41298988461494446
1052,-0.00018369914323557168
1053,0.42096155881881714
1054,0.42037028074264526
1055,-0.003364029573276639
1056,0.4202122986316681
1057,0.41232001781463623
1058,-0.001135227270424366
1059,0.3954460024833679
1060,0.35221144556999207
1061,-0.0345144048333168
1062,0.4091742932796478
1063,0.40868303179740906
1064,-0.010749530047178268
1065,0.40284430980682373
1066,0.4091017246246338
1067,-0.015017029829323292
1068,0.3955487012863159
1069,0.4101303517818451
1070,-0.017843911424279213
1071,0.40467947721481323
1072,0.4603460431098938
1073,-0.00263997889123857
1074,0.40321609377861023
1075,0.45143938064575195
1076,-0.011907902546226978
1077,0.40164199471473694
1078,0.44424188137054443
1079,-0.01405163761228323
1080,0.3998693823814392
1081,0.436733603477478
1082,-0.012729505077004433
1083,0.3985062837600708
1084,0.4317258596420288
1085,-0.011519408784806728
1086,0.4121304154396057
1087,0.4233058989048004
1088,-0.0060021947138011456
1089,0.41400641202926636
1090,0.42494454979896545
1091,-0.007147231604903936
1092,0.41693979501724243
1093,0.4279870390892029
1094,-0.00781505648046732
1095,0.4195079505443573
1096,0.43137407302856445
1097,-0.006223974283784628
1098,0.42086899280548096
1099,0.3872089385986328
1100,-0.011690109968185425
1101,0.4807656407356262
1102,0.34252601861953735
1103,0.07888448983430862
1104,0.41593724489212036
1105,0.41936320066452026
1106,-0.0026949732564389706
1107,0.4183190166950226
1108,0.41970404982566833
1109,-0.00341398804448545
1110,0.3924122154712677
1111,0.3669971823692322
1112,-0.023388618603348732
1113,0.4061111807823181
1114,0.3624219000339508
1115,-0.01535911113023758
1116,0.393373966217041
1117,0.3641619384288788
1118,-0.023660190403461456
1119,0.4139310419559479
1120,0.3227153718471527
1121,-0.007544190157204866
1122,0.42788180708885193
1123,0.3289005160331726
1124,-0.006343499757349491
1125,0.4094838798046112
1126,0.3486050069332123
1127,-0.019387701526284218
1128,0.4403911828994751
1129,0.2073754370212555
1130,0.010805455036461353
1131,0.43484917283058167
1132,0.2237861007452011
1133,-0.0009118271991610527
1134,0.4297865331172943
1135,0.24304956197738647
1136,-0.010416354052722454
1137,0.42400234937667847
1138,0.43727248907089233
1139,-0.0006312839104793966
1140,0.3933505117893219
1141,0.2514515519142151
1142,-0.01985071413218975
1143,0.39440250396728516
1144,0.22255322337150574
1145,-0.014658957719802856
1146,0.39627110958099365
1147,0.19630156457424164
1148,-0.00912701990455389
1149,0.43767446279525757
1150,0.29448872804641724
1151,0.0034118143375962973
1152,0.4579058885574341
1153,0.30406495928764343
1154,0.014175082556903362
1155,0.40261590480804443
1156,0.29377076029777527
1157,0.0016740465071052313
1158,0.4472791850566864
1159,0.27590399980545044
1160,0.006612922064960003
1161,0.3977408707141876
1162,0.3104361593723297
1163,-0.012398548424243927
1164,0.40041887760162354
1165,0.3449054956436157
1166,-0.034480296075344086
1167,0.4677497446537018
1168,0.31133362650871277
1169,0.02244940772652626
1170,0.45241960883140564
1171,0.3120887279510498
1172,0.007087900768965483
1173,0.44175589084625244
1174,0.31708961725234985
1175,0.0002279532782267779
1176,0.4258168935775757
1177,0.31706565618515015
1178,-0.0025899510364979506
1179,0.41382667422294617
1180,0.3136816918849945
1181,-0.0033883170690387487
1182,0.4046463966369629
1183,0.30933141708374023
1184,-0.005079253111034632
1185,0.3844636380672455
1186,0.29647770524024963
1187,-0.020513497292995453
1188,0.4681675434112549
1189,0.33531278371810913
1190,0.02008523978292942
1191,0.4539356827735901
1192,0.273972749710083
1193,0.009962975047528744
1194,0.38341638445854187
1195,0.3603534698486328
1196,-0.041866689920425415
1197,0.40438368916511536
1198,0.32768514752388
1199,-0.013117153197526932
1200,0.477914422750473
1201,0.2911393642425537
1202,0.07229894399642944
1203,0.3975399136543274
1204,0.30385369062423706
1205,-0.005938428919762373
1206,0.4109068214893341
1207,0.349753201007843
1208,-0.01048907358199358
1209,0.4438337981700897
1210,0.2836320400238037
1211,0.009436087682843208
1212,0.4008275270462036
1213,0.3380356729030609
1214,-0.031246306374669075
1215,0.48045089840888977
1216,0.3707793653011322
1217,0.0754605308175087
1218,0.40256616473197937
1219,0.28969985246658325
1220,0.003884074743837118
1221,0.39247196912765503
1222,0.33220982551574707
1223,-0.03898968547582626
1224,0.45845428109169006
1225,0.43260249495506287
1226,0.028912818059325218
1227,0.4605695605278015
1228,0.4470541179180145
1229,0.042402613908052444
1230,0.4784715175628662
1231,0.3389661908149719
1232,0.0491601899266243
1233,0.4669749140739441
1234,0.41456377506256104
1235,0.03673947602510452
1236,0.4671750068664551
1237,0.2684308588504791
1238,0.03713112697005272
1239,0.4283749461174011
1240,0.48080772161483765
1241,0.009252386167645454
1242,0.38343772292137146
1243,0.36313074827194214
1244,-0.03069131262600422
1245,0.4127478301525116
1246,0.33528250455856323
1247,-0.010462732054293156
1248,0.4650021493434906
1249,0.29069626331329346
1250,0.02562813274562359
1251,0.42948412895202637
1252,0.2905682623386383
1253,0.001521879923529923
1254,0.4222544729709625
1255,0.29231175780296326
1256,-0.00010778308933367953
1257,0.4235943555831909
1258,0.4214664399623871
1259,-0.0022655674256384373
1260,0.46862897276878357
1261,0.359285831451416
1262,0.023037264123558998
1263,0.414592444896698
1264,0.5016117095947266
1265,0.012320202775299549
1266,0.43982261419296265
1267,0.47880545258522034
1268,0.025191206485033035
1269,0.4498036801815033
1270,0.46524861454963684
1271,0.03275148198008537
1272,0.41530489921569824
1273,0.29243800044059753
1274,2.2352014639182016e-05
1275,0.4087415039539337
1276,0.29121750593185425
1277,0.0015262741362676024
1278,0.4046449065208435
1279,0.29058021306991577
1280,0.003465159796178341
1281,0.459965318441391
1282,0.27136731147766113
1283,0.01790258102118969
1284,0.4090176820755005
1285,0.2824636697769165
1286,0.00034330011112615466
1287,0.41581910848617554
1288,0.2794048488140106
1289,-0.0017729372484609485
1290,0.4227558970451355
1291,0.27805715799331665
1292,-0.0018953019753098488
1293,0.43005993962287903
1294,0.2787279784679413
1295,-0.0003247573331464082
1296,0.43497908115386963
1297,0.2806349992752075
1298,0.0022328488994389772
1299,0.47332414984703064
1300,0.2639290690422058
1301,0.05908922106027603
1302,0.43435224890708923
1303,0.2884655296802521
1304,0.00371689535677433
1305,0.41228365898132324
1306,0.38014310598373413
1307,-0.01618611440062523
1308,0.40091973543167114
1309,0.3539329171180725
1310,-0.025992529466748238
1311,0.3950839638710022
1312,0.3778858482837677
1313,-0.02271345816552639
1314,0.44928544759750366
1315,0.4505423307418823
1316,0.023218823596835136
1317,0.43947675824165344
1318,0.4655178189277649
1319,0.016816867515444756
1320,0.4134380519390106
1321,0.4928976595401764
1322,0.0029373192228376865
1323,0.46879884600639343
1324,0.4276069402694702
1325,0.0550578348338604
1326,0.4044192135334015
1327,0.28675517439842224
1328,0.0023658943828195333
1329,0.39108097553253174
1330,0.31316033005714417
1331,-0.02329857461154461
1332,0.42840591073036194
1333,0.4915047883987427
1334,0.01716189831495285
1335,0.47794926166534424
1336,0.36545321345329285
1337,0.04845989868044853
1338,0.40598055720329285
1339,0.4277538061141968
1340,-0.009279832243919373
1341,0.4079994261264801
1342,0.43121451139450073
1343,-0.010317672044038773
1344,0.41052284836769104
1345,0.43652045726776123
1346,-0.01106788869947195
1347,0.41279247403144836
1348,0.442766010761261
1349,-0.009367126040160656
1350,0.4161377251148224
1351,0.44986438751220703
1352,-0.002857017796486616
1353,0.417015939950943
1354,0.4101172685623169
1355,-0.006514715030789375
1356,0.4197201728820801
1357,0.40851497650146484
1358,-0.0066697499714791775
1359,0.42211031913757324
1360,0.4061652719974518
1361,-0.006715171039104462
1362,0.4284105598926544
1363,0.3969575762748718
1364,-0.005364249926060438
1365,0.4567992687225342
1366,0.36611706018447876
1367,0.007489360868930817
1368,0.39092886447906494
1369,0.3027254641056061
1370,-0.015909885987639427
1371,0.39487144351005554
1372,0.28300851583480835
1373,-0.0015411842614412308
1374,0.4003623425960541
1375,0.28367185592651367
1376,0.0011419056681916118
1377,0.41482648253440857
1378,0.4088543951511383
1379,-0.0055572884157299995
1380,0.4609448313713074
1381,0.3962629437446594
1382,0.021124377846717834
1383,0.3869326710700989
1384,0.28311342000961304
1385,-0.011888457462191582
1386,0.4208392798900604
1387,0.4577553868293762
1388,0.0019430444808676839
1389,0.38418078422546387
1390,0.3075900375843048
1391,-0.02854027971625328
1392,0.3984339237213135
1393,0.32962000370025635
1394,-0.023557402193546295
1395,0.40764033794403076
1396,0.4692520499229431
1397,-0.0007816971628926694
1398,0.43729183077812195
1399,0.4276247024536133
1400,0.006264299154281616
1401,0.418754905462265
1402,0.35914620757102966
1403,-0.008815603330731392
1404,0.4305514991283417
1405,0.44384369254112244
1406,0.004624125547707081
1407,0.4371808171272278
1408,0.3569466769695282
1409,-0.0064459023997187614
1410,0.42735663056373596
1411,0.37119632959365845
1412,-0.0073132808320224285
1413,0.44569867849349976
1414,0.37602999806404114
1415,0.0004044796514790505
1416,0.41103991866111755
1417,0.48117953538894653
1418,-0.0007572208996862173
1419,0.40460067987442017
1420,0.3356355130672455
1421,-0.017894281074404716
1422,0.44504374265670776
1423,0.4365212917327881
1424,0.013739828951656818
1425,0.43584901094436646
1426,0.45309993624687195
1427,0.010676139034330845
1428,0.44149476289749146
1429,0.4098837971687317
1430,0.0048857275396585464
1431,0.4680798351764679
1432,0.3803994655609131
1433,0.026826122775673866
1434,0.45188215374946594
1435,0.41136690974235535
1436,0.012351147830486298
1437,0.4746084213256836
1438,0.39057013392448425
1439,0.045670874416828156
1440,0.4352695047855377
1441,0.3867853879928589
1442,-0.0035350401885807514
1443,0.3976188004016876
1444,0.32028093934059143
1445,-0.017774177715182304
1446,0.39789462089538574
1447,0.3499790132045746
1448,-0.036242421716451645
1449,0.40437057614326477
1450,0.352787584066391
1451,-0.027381656691432
1452,0.393014132976532
1453,0.3429441750049591
1454,-0.04228559881448746
1455,0.40030667185783386
1456,0.27346816658973694
1457,-0.004580374341458082
1458,0.41304630041122437
1459,0.2658597230911255
1460,-0.007206583861261606
1461,0.424765020608902
1462,0.2630181312561035
1463,-0.007709128316491842
1464,0.4350382685661316
1465,0.2635425627231598
1466,-0.005110002588480711
1467,0.44269636273384094
1468,0.2676107883453369
1469,-0.0002189547085436061
1470,0.44969654083251953
1471,0.2864048182964325
1472,0.01229583378881216
1473,0.4772825837135315
1474,0.31432288885116577
1475,0.04744834080338478
1476,0.4442483186721802
1477,0.30192649364471436
1478,0.006295384839177132
1479,0.4356572926044464
1480,0.3059237003326416
1481,0.0018414909718558192
1482,0.424678236246109
1483,0.30714863538742065
1484,-0.0008020518580451608
1485,0.41397836804389954
1486,0.30562204122543335
1487,-0.0011825872352346778
1488,0.4055727422237396
1489,0.3026120662689209
1490,-0.0011641790624707937
1491,0.3996407091617584
1492,0.2994193136692047
1493,-0.0011732191778719425
1494,0.4795377850532532
1495,0.3167460858821869
1496,0.07830383628606796
1497,0.40470024943351746
1498,0.356210857629776
1499,-0.023195168003439903
1500,0.3911152482032776
1501,0.32245782017707825
1502,-0.029983870685100555
1503,0.3912537693977356
1504,0.35124000906944275
1505,-0.04229772090911865
1506,0.38771703839302063
1507,0.3579006791114807
1508,-0.03863173723220825
1509,0.39187440276145935
1510,0.35319724678993225
1511,-0.03825003281235695
1512,0.40296244621276855
1513,0.36052554845809937
1514,-0.020026344805955887
1515,0.3860626816749573
1516,0.3591808080673218
1517,-0.0407736599445343
1518,0.3861056864261627
1519,0.3619767427444458
1520,-0.030819877982139587
1521,0.3993667960166931
1522,0.29053327441215515
1523,0.00274901045486331
1524,0.3947008550167084
1525,0.29378587007522583
1526,-0.0019237283850088716
1527,0.39184340834617615
1528,0.2956865727901459
1529,-0.00792180746793747
1530,0.4380912780761719
1531,0.2822037935256958
1532,0.004754811525344849
1533,0.4425485134124756
1534,0.27702733874320984
1535,0.0047912015579640865
1536,0.7376587986946106
1537,0.6292012333869934
1538,3.894460931519461e-08
1539,0.684604287147522
1540,0.5885261297225952
1541,-0.002834922634065151
1542,0.6644736528396606
1543,0.5057280659675598
1544,-0.0028363256715238094
1545,0.6587750315666199
1546,0.44245222210884094
1547,-0.006547406781464815
1548,0.6616992354393005
1549,0.3906165361404419
1550,-0.010960087180137634
1551,0.691643476486206
1552,0.44798630475997925
1553,0.005781580228358507
1554,0.6923600435256958
1555,0.3634970486164093
1556,-0.004530508536845446
1557,0.6965910792350769
1558,0.30732688307762146
1559,-0.010005395859479904
1560,0.7025482654571533
1561,0.2606929540634155
1562,-0.0132448086515069
1563,0.7110259532928467
1564,0.4434311091899872
1565,-0.0014314581640064716
1566,0.6558308601379395
1567,0.4082827568054199
1568,-0.025123395025730133
1569,0.6120268702507019
1570,0.397585391998291
1571,-0.03896339610219002
1572,0.5793458223342896
1573,0.39425545930862427
1574,-0.04329724609851837
1575,0.7294096350669861
1576,0.44556131958961487
1577,-0.00993937999010086
1578,0.6586989760398865
1579,0.4314920902252197
1580,-0.0439089797437191
1581,0.6390541195869446
1582,0.4804169833660126
1583,-0.051928821951150894
1584,0.6339637637138367
1585,0.5274728536605835
1586,-0.04695659875869751
1587,0.7445666790008545
1588,0.4524794816970825
1589,-0.01781664416193962
1590,0.6764078140258789
1591,0.4555099308490753
1592,-0.04494233429431915
1593,0.6631871461868286
1594,0.508995771408081
1595,-0.04747834429144859
1596,0.6653265357017517
1597,0.5590125918388367
1598,-0.04169135540723801
1599,0.0
1600,0.0
1601,0.0
1602,0.0
1603,0.0
1604,0.0
1605,0.0
1606,0.0
1607,0.0
1608,0.0
1609,0.0
1610,0.0
1611,0.0
1612,0.0
1613,0.0
1614,0.0
1615,0.0
1616,0.0
1617,0.0
1618,0.0
1619,0.0
1620,0.0
1621,0.0
1622,0.0
1623,0.0
1624,0.0
1625,0.0
1626,0.0
1627,0.0
1628,0.0
1629,0.0
1630,0.0
1631,0.0
1632,0.0
1633,0.0
1634,0.0
1635,0.0
1636,0.0
1637,0.0
1638,0.0
1639,0.0
1640,0.0
1641,0.0
1642,0.0
1643,0.0
1644,0.0
1645,0.0
1646,0.0
1647,0.0
1648,0.0
1649,0.0
1650,0.0
1651,0.0
1652,0.0
1653,0.0
1654,0.0
1655,0.0
1656,0.0
1657,0.0
1658,0.0
1659,0.0
1660,0.0
1661,0.0
