,0
0,0.4359920620918274
1,0.3517594337463379
2,-0.7051323652267456
3,0.9999852776527405
4,0.4617477357387543
5,0.29845961928367615
6,-0.6464675664901733
7,0.9999731779098511
8,0.47571831941604614
9,0.30006635189056396
10,-0.6460514664649963
11,0.9999762177467346
12,0.4906080365180969
13,0.3022906184196472
14,-0.6455800533294678
15,0.9999746680259705
16,0.41143980622291565
17,0.2984424829483032
18,-0.6554509401321411
19,0.9999721646308899
20,0.3917939066886902
21,0.2994367480278015
22,-0.65449458360672
23,0.9999730587005615
24,0.37499338388442993
25,0.30062782764434814
26,-0.6546075344085693
27,0.9999693632125854
28,0.5063831210136414
29,0.3391946256160736
30,-0.2955622673034668
31,0.9999725818634033
32,0.3462543487548828
33,0.3290788233280182
34,-0.33231696486473083
35,0.9999748468399048
36,0.4612322747707367
37,0.4212975800037384
38,-0.5800639986991882
39,0.9999842643737793
40,0.3994362950325012
41,0.415009468793869
42,-0.5901110172271729
43,0.9999839067459106
44,0.6280819177627563
45,0.6789882183074951
46,-0.1619867980480194
47,0.9998572468757629
48,0.20697113871574402
49,0.6899101734161377
50,-0.18226243555545807
51,0.9995880126953125
52,0.7556629180908203
53,1.0425347089767456
54,-0.5766505002975464
55,0.7282518148422241
56,0.11658383905887604
57,1.013818621635437
58,-0.2591891884803772
59,0.3905628025531769
60,0.7412200570106506
61,0.6570428609848022
62,-1.0732133388519287
63,0.6750436425209045
64,0.1104029044508934
65,1.4581917524337769
66,-0.7000747919082642
67,0.22686079144477844
68,0.7102050185203552
69,0.5182891488075256
70,-1.202122688293457
71,0.67215895652771
72,0.08135822415351868
73,1.570292353630066
74,-0.765292227268219
75,0.25767913460731506
76,0.6793671250343323
77,0.4745132029056549
78,-1.0908454656600952
79,0.688133955001831
80,0.11393588781356812
81,1.5557348728179932
82,-0.8497424125671387
83,0.34948092699050903
84,0.6698856353759766
85,0.5247604250907898
86,-1.0526098012924194
87,0.684619665145874
88,0.1359262615442276
89,1.518776774406433
90,-0.7519786953926086
91,0.354303777217865
92,0.5629988312721252
93,1.47579026222229
94,-0.06792868673801422
95,0.00417100265622139
96,0.2822611331939697
97,1.4762909412384033
98,0.07365138083696365
99,0.0026896109338849783
100,0.5545450448989868
101,2.1338982582092285
102,-0.23768024146556854
103,0.0006800245610065758
104,0.29276448488235474
105,2.1265640258789062
106,0.12671862542629242
107,0.00020842252706643194
108,0.5479205846786499
109,2.7214925289154053
110,0.1554718315601349
111,5.735877493862063e-05
112,0.29730767011642456
113,2.700345516204834
114,0.42894449830055237
115,8.81682808540063e-06
116,0.5549214482307434
117,2.801616668701172
118,0.1656568944454193
119,5.158598651178181e-05
120,0.28874844312667847
121,2.7850430011749268
122,0.4477645456790924
123,2.424733611405827e-05
124,0.5034089684486389
125,2.903341054916382
126,-0.37465640902519226
127,9.502324246568605e-05
128,0.33508893847465515
129,2.874905586242676
130,-0.10532362759113312
131,4.4424814404919744e-05
132,0.4285297095775604
133,0.39580658078193665
134,-0.025718385353684425
135,0.43014153838157654
136,0.35305002331733704
137,-0.043349407613277435
138,0.429162859916687
139,0.36656108498573303
140,-0.023693574592471123
141,0.42390862107276917
142,0.3158359229564667
143,-0.03163085877895355
144,0.43059393763542175
145,0.34099599719047546
146,-0.04568958282470703
147,0.43091538548469543
148,0.3262001872062683
149,-0.04188447818160057
150,0.4314160645008087
151,0.2922170162200928
152,-0.019077934324741364
153,0.3729272484779358
154,0.2875252962112427
155,0.009942547418177128
156,0.43238726258277893
157,0.2678947448730469
158,-0.013219742104411125
159,0.4332330524921417
160,0.25319796800613403
161,-0.014276038855314255
162,0.43535760045051575
163,0.19755485653877258
164,-0.0022939578630030155
165,0.42831531167030334
166,0.40200376510620117
167,-0.02506735548377037
168,0.4279575049877167
169,0.40743839740753174
170,-0.02248404733836651
171,0.4276753067970276
172,0.41032519936561584
173,-0.018940623849630356
174,0.42712295055389404
175,0.4243161082267761
176,-0.01548139937222004
177,0.426946759223938
178,0.4306221902370453
179,-0.0167703814804554
180,0.42666512727737427
181,0.4383048415184021
182,-0.018093785271048546
183,0.42629125714302063
184,0.4461687207221985
185,-0.015953153371810913
186,0.4254971444606781
187,0.45665815472602844
188,-0.007072544656693935
189,0.42974764108657837
190,0.3593984544277191
191,-0.03955484926700592
192,0.42178916931152344
193,0.35874709486961365
194,-0.028992002829909325
195,0.34627825021743774
196,0.2465781569480896
197,0.04805866628885269
198,0.39539390802383423
199,0.298446923494339
200,0.002561856061220169
201,0.38751643896102905
202,0.29917263984680176
203,0.002626020461320877
204,0.37991857528686523
205,0.29839077591896057
206,0.004431725945323706
207,0.36966028809547424
208,0.29169365763664246
209,0.010695298202335835
210,0.402090460062027
211,0.2956271171569824
212,0.003715378465130925
213,0.38615313172340393
214,0.26935383677482605
215,-0.0004048451955895871
216,0.3946838974952698
217,0.2706795334815979
218,0.00023456891358364373
219,0.37809914350509644
220,0.27040088176727295
221,0.0016698386752977967
222,0.37252503633499146
223,0.2738551199436188
224,0.0047261351719498634
225,0.36318278312683105
226,0.29948532581329346
227,0.014065003953874111
228,0.39371275901794434
229,0.4672837257385254
230,-0.0006297432701103389
231,0.37015339732170105
232,0.2846098244190216
233,0.012398887425661087
234,0.33982986211776733
235,0.29505717754364014
236,0.04856550320982933
237,0.35447394847869873
238,0.29176557064056396
239,0.021932663396000862
240,0.3887763023376465
241,0.3453419804573059
242,-0.006729153450578451
243,0.41859546303749084
244,0.3935544490814209
245,-0.024906400591135025
246,0.41986778378486633
247,0.4074699878692627
248,-0.02173823118209839
249,0.4083613157272339
250,0.39826828241348267
251,-0.021059641614556313
252,0.40230879187583923
253,0.4049905836582184
254,-0.01568526215851307
255,0.4127955734729767
256,0.4089658260345459
257,-0.019081687554717064
258,0.4076295793056488
259,0.41160956025123596
260,-0.013997513800859451
261,0.390781044960022
262,0.4271424412727356
263,-0.003276694566011429
264,0.42323946952819824
265,0.3522833287715912
266,-0.04296674579381943
267,0.4225163757801056
268,0.3407735824584961
269,-0.04506472870707512
270,0.3608494699001312
271,0.26218944787979126
272,0.0069093829952180386
273,0.40511587262153625
274,0.31695622205734253
275,-0.006678348872810602
276,0.4030698239803314
277,0.34959325194358826
278,-0.02398238703608513
279,0.40244778990745544
280,0.343934029340744
281,-0.0213067177683115
282,0.3654553294181824
283,0.34439146518707275
284,0.001796576427295804
285,0.4232468008995056
286,0.32700687646865845
287,-0.03976759687066078
288,0.3806842267513275
289,0.25136396288871765
290,-0.005846268497407436
291,0.3690608739852905
292,0.2543644905090332
293,-0.0002907520392909646
294,0.35508978366851807
295,0.22590318322181702
296,0.03359554708003998
297,0.4156847298145294
298,0.2640979290008545
299,-0.01134264376014471
300,0.40199199318885803
301,0.27471035718917847
302,0.0029429534915834665
303,0.3860533833503723
304,0.4142659306526184
305,-0.0019206074066460133
306,0.3430105447769165
307,0.4058398902416229
308,0.06540152430534363
309,0.4091198444366455
310,0.3563484251499176
311,-0.02060343138873577
312,0.41603949666023254
313,0.3607292175292969
314,-0.02151571586728096
315,0.39551547169685364
316,0.4172433614730835
317,-0.0031553618609905243
318,0.3998897671699524
319,0.4167819619178772
320,-0.005240391939878464
321,0.36493441462516785
322,0.24683144688606262
323,0.003987465985119343
324,0.4027654826641083
325,0.35546165704727173
326,-0.019681869074702263
327,0.3961147367954254
328,0.25394126772880554
329,-0.009625610895454884
330,0.3951559066772461
331,0.2444693148136139
332,-0.0109453359618783
333,0.38877424597740173
334,0.19989840686321259
335,0.005430081859230995
336,0.3603421747684479
337,0.235740065574646
338,0.016768289729952812
339,0.3929409086704254
340,0.22093337774276733
341,-0.0031462640035897493
342,0.3563638925552368
343,0.25751301646232605
344,0.0139986053109169
345,0.35147517919540405
346,0.25235715508461
347,0.030145470052957535
348,0.4191126823425293
349,0.4012768566608429
350,-0.024360714480280876
351,0.41078314185142517
352,0.40451064705848694
353,-0.020542215555906296
354,0.40494418144226074
355,0.4084128737449646
356,-0.015561013482511044
357,0.4112510085105896
358,0.3589054048061371
359,-0.019099632278084755
360,0.397750586271286
361,0.4173929989337921
362,-0.004318714141845703
363,0.40023908019065857
364,0.4211071729660034
365,-0.008285710588097572
366,0.4009133279323578
367,0.4156757593154907
368,-0.00540761835873127
369,0.41368526220321655
370,0.3516794741153717
371,-0.03168788552284241
372,0.40943101048469543
373,0.4114269018173218
374,-0.012761476449668407
375,0.4144904613494873
376,0.41031184792518616
377,-0.015996912494301796
378,0.4207005500793457
379,0.41005513072013855
380,-0.018485944718122482
381,0.41434067487716675
382,0.4543638229370117
383,-0.007464103866368532
384,0.4156445562839508
385,0.4437474012374878
386,-0.01604611612856388
387,0.4168860614299774
388,0.43603748083114624
389,-0.017722420394420624
390,0.41825324296951294
391,0.4281771183013916
392,-0.016339678317308426
393,0.41935500502586365
394,0.4232325553894043
395,-0.015050587244331837
396,0.407781183719635
397,0.4201231598854065
398,-0.010211702436208725
399,0.40613436698913574
400,0.422033429145813
401,-0.011460956186056137
402,0.4035066068172455
403,0.425508975982666
404,-0.012499774806201458
405,0.4011209011077881
406,0.4294394552707672
407,-0.011212481185793877
408,0.39532312750816345
409,0.38985559344291687
410,-0.012844237498939037
411,0.3367586135864258
412,0.3475292921066284
413,0.07916422188282013
414,0.4294838309288025
415,0.3621848523616791
416,-0.02919006533920765
417,0.4046657085418701
418,0.4187711179256439
419,-0.007309842389076948
420,0.4026672840118408
421,0.4196685552597046
422,-0.008109759539365768
423,0.418701171875
424,0.3662962019443512
425,-0.021996300667524338
426,0.4056002199649811
427,0.363585889339447
428,-0.01387418806552887
429,0.4174087643623352
430,0.36365413665771484
431,-0.02195110358297825
432,0.39650315046310425
433,0.3234655559062958
434,-0.0044865780510008335
435,0.38376882672309875
436,0.3308825194835663
437,-0.002898559207096696
438,0.4010416567325592
439,0.34967657923698425
440,-0.016959328204393387
441,0.3685019910335541
442,0.20984342694282532
443,0.01831858977675438
444,0.37343400716781616
445,0.2246687263250351
446,0.006051644682884216
447,0.37826114892959595
448,0.24206756055355072
449,-0.003916221205145121
450,0.3962869942188263
451,0.436602920293808
452,-0.005815670359879732
453,0.41399452090263367
454,0.24905720353126526
455,-0.01406711433082819
456,0.41254347562789917
457,0.22174707055091858
458,-0.0080958791077137
459,0.4103381633758545
460,0.19645754992961884
461,-0.0014278541784733534
462,0.373346745967865
463,0.29605141282081604
464,0.007609301712363958
465,0.35442444682121277
466,0.3075990676879883
467,0.017866354435682297
468,0.4064508378505707
469,0.29265084862709045
470,0.005086440593004227
471,0.36358442902565
472,0.27719011902809143
473,0.011280284263193607
474,0.4113427996635437
475,0.30958303809165955
476,-0.009148040786385536
477,0.40845054388046265
478,0.34472355246543884
479,-0.031450722366571426
480,0.34561267495155334
481,0.3156130313873291
482,0.025666145607829094
483,0.35970625281333923
484,0.3156636655330658
485,0.010613548569381237
486,0.3699547052383423
487,0.3201465606689453
488,0.0037572572473436594
489,0.385210782289505
490,0.3187296986579895
491,0.0007228701724670827
492,0.39634940028190613
493,0.3141805827617645
494,-0.0003318130620755255
495,0.4049696922302246
496,0.3089485168457031
497,-0.0019430902320891619
498,0.42333680391311646
499,0.29468005895614624
500,-0.016437817364931107
501,0.34634679555892944
502,0.34014979004859924
503,0.022434230893850327
504,0.3572385311126709
505,0.2757222056388855
506,0.014854724518954754
507,0.4256071448326111
508,0.3587310016155243
509,-0.03928737714886665
510,0.40542158484458923
511,0.327631413936615
512,-0.010426286607980728
513,0.33758270740509033
514,0.2961294949054718
515,0.07521231472492218
516,0.4115794599056244
517,0.3029034733772278
518,-0.0027197706513106823
519,0.4002418518066406
520,0.3511027693748474
521,-0.008817442692816257
522,0.36718660593032837
523,0.2850704789161682
524,0.013655541464686394
525,0.40801140666007996
526,0.3378860652446747
527,-0.028134288266301155
528,0.33799418807029724
529,0.3755140006542206
530,0.07443036139011383
531,0.40653252601623535
532,0.288432240486145
533,0.007338498253375292
534,0.41556087136268616
535,0.3311557173728943
536,-0.035400666296482086
537,0.35996076464653015
538,0.4352641701698303
539,0.025105202570557594
540,0.3584126830101013
541,0.44946029782295227
542,0.038094181567430496
543,0.3375774025917053
544,0.34382128715515137
545,0.05041036382317543
546,0.3513653874397278
547,0.4177528917789459
548,0.03413284197449684
549,0.3456263542175293
550,0.2720099091529846
551,0.04162180423736572
552,0.3904706537723541
553,0.4804996848106384
554,0.0033446047455072403
555,0.4262584447860718
556,0.36158913373947144
557,-0.02878546342253685
558,0.39808472990989685
559,0.33630239963531494
560,-0.00786905363202095
561,0.34754014015197754
562,0.29400771856307983
563,0.029551783576607704
564,0.38078829646110535
565,0.2913513779640198
566,0.005520113278180361
567,0.3876950144767761
568,0.292568564414978
569,0.003791552037000656
570,0.3976554870605469
571,0.4228319525718689
572,-0.007173639722168446
573,0.34744107723236084
574,0.3640565574169159
575,0.024269238114356995
576,0.40418916940689087
577,0.5012948513031006
578,0.0058508263900876045
579,0.37903159856796265
580,0.4799368679523468
581,0.01937166228890419
582,0.3690526485443115
583,0.46699050068855286
584,0.027417801320552826
585,0.4344703257083893
586,0.22417086362838745
587,-0.008759609423577785
588,0.4225548207759857
589,0.5057566165924072
590,0.004482555668801069
591,0.3943197727203369
592,0.2921226918697357
593,0.003804796142503619
594,0.4005100429058075
595,0.29053130745887756
596,0.005173268262296915
597,0.4044906497001648
598,0.289480596780777
599,0.00709179462864995
600,0.3517194092273712
601,0.2738230228424072
602,0.022733082994818687
603,0.4001889228820801
604,0.2818742096424103
605,0.0041891178116202354
606,0.39354297518730164
607,0.2792912721633911
608,0.0024356225039809942
609,0.38693252205848694
610,0.27834200859069824
611,0.0025248981546610594
612,0.38000425696372986
613,0.2793688178062439
614,0.0041320230811834335
615,0.3753952383995056
616,0.28159019351005554
617,0.006540424190461636
618,0.3408479690551758
619,0.26854193210601807
620,0.06345441937446594
621,0.3761439919471741
622,0.28944703936576843
623,0.007803136948496103
624,0.4289414584636688
625,0.37599483132362366
626,-0.02219756878912449
627,0.40190303325653076
628,0.3815869688987732
629,-0.0160159170627594
630,0.40895435214042664
631,0.3540417551994324
632,-0.02361670695245266
633,0.41760486364364624
634,0.37688568234443665
635,-0.021992232650518417
636,0.4316924512386322
637,0.2799786627292633
638,-0.012881273403763771
639,0.36922574043273926
640,0.4523788094520569
641,0.018032226711511612
642,0.3791825473308563
643,0.4663139581680298
644,0.011120582930743694
645,0.4051661491394043
646,0.49118006229400635
647,-0.003208156442269683
648,0.35031259059906006
649,0.43067222833633423
650,0.0519397035241127
651,0.40460366010665894
652,0.28569722175598145
653,0.006025447975844145
654,0.4172400236129761
655,0.31171032786369324
656,-0.01981530711054802
657,0.423488050699234
658,0.49599242210388184
659,-0.004141448996961117
660,0.39041781425476074
661,0.49195975065231323
662,0.011014288291335106
663,0.33936673402786255
664,0.37001392245292664
665,0.048522211611270905
666,0.41293665766716003
667,0.4215298295021057
668,-0.01293239276856184
669,0.411218523979187
670,0.425182580947876
671,-0.014254403300583363
672,0.4090104103088379
673,0.43087896704673767
674,-0.015355817042291164
675,0.4070833921432495
676,0.4376471936702728
677,-0.014062165282666683
678,0.40375298261642456
679,0.4464453458786011
680,-0.007884361781179905
681,0.40327897667884827
682,0.41403090953826904
683,-0.009499539621174335
684,0.400496244430542
685,0.41280969977378845
686,-0.009643676690757275
687,0.39792099595069885
688,0.4107055068016052
689,-0.009711084887385368
690,0.389839768409729
691,0.4011058807373047
692,-0.007744844537228346
693,0.3590356409549713
694,0.3702024221420288
695,0.009050344116985798
696,0.41748395562171936
697,0.3013017177581787
698,-0.012180487625300884
699,0.4137691557407379
700,0.2814166247844696
701,0.0020812044385820627
702,0.40849635004997253
703,0.2825239598751068
704,0.004726555198431015
705,0.4052579402923584
706,0.41245710849761963
707,-0.008681628853082657
708,0.3567284941673279
709,0.3999404311180115
710,0.020105581730604172
711,0.4210783839225769
712,0.28122976422309875
713,-0.007838358171284199
714,0.39857110381126404
715,0.4557195007801056
716,-0.0034352720249444246
717,0.4310949742794037
718,0.31438812613487244
719,-0.03391984477639198
720,0.4234558045864105
721,0.3057264983654022
722,-0.024679139256477356
723,0.4312538206577301
724,0.30359381437301636
725,-0.02613244764506817
726,0.41052237153053284
727,0.32905101776123047
728,-0.020581811666488647
729,0.42433053255081177
730,0.48257720470428467
731,-0.007732393220067024
732,0.42496588826179504
733,0.46819332242012024
734,-0.007021177094429731
735,0.41126978397369385
736,0.464873731136322
737,-0.006184636615216732
738,0.3817541301250458
739,0.42988380789756775
740,0.00160679139662534
741,0.39388710260391235
742,0.3609156012535095
743,-0.007438699249178171
744,0.3889150619506836
745,0.4441189467906952
746,-0.0006974535062909126
747,0.3768277168273926
748,0.35945501923561096
749,-0.004291595425456762
750,0.3871898055076599
751,0.37336719036102295
752,-0.006999792065471411
753,0.3700866997241974
754,0.37928488850593567
755,0.0009307573200203478
756,0.4077238142490387
757,0.4781079888343811
758,-0.006519943010061979
759,0.40509137511253357
760,0.3358553946018219
761,-0.015293402597308159
762,0.3734247386455536
763,0.4386454224586487
764,0.009077297523617744
765,0.3831310272216797
766,0.45368483662605286
767,0.005217564292252064
768,0.37698662281036377
769,0.4137561023235321
770,0.0020369715057313442
771,0.3491046130657196
772,0.3847291171550751
773,0.026727614924311638
774,0.36615651845932007
775,0.41462841629981995
776,0.009948477149009705
777,0.34337425231933594
778,0.39459243416786194
779,0.044390082359313965
780,0.3814096450805664
781,0.39043286442756653
782,-0.004228359553962946
783,0.4113887548446655
784,0.3194882869720459
785,-0.014767821878194809
786,0.41113314032554626
787,0.3496510982513428
788,-0.033275969326496124
789,0.4055749475955963
790,0.35313770174980164
791,-0.024859586730599403
792,0.41516971588134766
793,0.34203386306762695
794,-0.038671355694532394
795,0.4081715941429138
796,0.271875262260437
797,-0.0004354937991593033
798,0.3955409526824951
799,0.2646988332271576
800,-0.0024992970284074545
801,0.3841366469860077
802,0.2624545395374298
803,-0.002646653912961483
804,0.3744208514690399
805,0.2636488676071167
806,0.00014850805746391416
807,0.3674966096878052
808,0.2683655619621277
809,0.0047649238258600235
810,0.3617549538612366
811,0.288402795791626
812,0.01660308428108692
813,0.3375121057033539
814,0.31894052028656006
815,0.04977096989750862
816,0.3673033118247986
817,0.304378867149353
818,0.010134488344192505
819,0.37543362379074097
820,0.3079221546649933
821,0.005545991938561201
822,0.38598376512527466
823,0.3082015812397003
824,0.0026974454522132874
825,0.3960361182689667
826,0.30580437183380127
827,0.001953390659764409
828,0.40398484468460083
829,0.30213257670402527
830,0.0020070592872798443
831,0.4096153676509857
832,0.2984504699707031
833,0.001974451821297407
834,0.3370552361011505
835,0.32191038131713867
836,0.07987876236438751
837,0.4058125913143158
838,0.35691210627555847
839,-0.020949847996234894
840,0.4169934093952179
841,0.32120758295059204
842,-0.026490697637200356
843,0.4172944724559784
844,0.35025784373283386
845,-0.039260756224393845
846,0.4215225279331207
847,0.3567052185535431
848,-0.03612661361694336
849,0.4170708656311035
850,0.35236576199531555
851,-0.03543556481599808
852,0.40819770097732544
853,0.3611293137073517
854,-0.018156597390770912
855,0.423015296459198
856,0.3578147292137146
857,-0.03821539133787155
858,0.4235552251338959
859,0.360694020986557
860,-0.028854118660092354
861,0.4095704257488251
862,0.28916946053504944
863,0.0062316651456058025
864,0.41424182057380676
865,0.29241061210632324
866,0.0013534193858504295
867,0.4168607294559479
868,0.29426997900009155
869,-0.004323188215494156
870,0.3725420832633972
871,0.2832018733024597
872,0.009122508578002453
873,0.3681062161922455
874,0.2782125771045685
875,0.009239823557436466
876,0.43796631693840027
877,0.31704282760620117
878,-0.03080632910132408
879,0.4870901107788086
880,0.29921457171440125
881,0.015738192945718765
882,0.4370391070842743
883,0.3597523868083954
884,-0.028348177671432495
885,0.5134521126747131
886,0.2618626356124878
887,0.05736471712589264
888,0.46426326036453247
889,0.30557981133461
890,0.006090251728892326
891,0.4720451235771179
892,0.3076068162918091
893,0.0069365366362035275
894,0.4795861542224884
895,0.308000773191452
896,0.009450668469071388
897,0.48961320519447327
898,0.3035944998264313
899,0.016856204718351364
900,0.45784562826156616
901,0.30157363414764404
902,0.006486098747700453
903,0.47631436586380005
904,0.2792500853538513
905,0.004306946415454149
906,0.4678942859172821
907,0.27881330251693726
908,0.0039041375275701284
909,0.48391270637512207
910,0.2817513048648834
911,0.007196424994617701
912,0.48877325654029846
913,0.28613144159317017
914,0.010655087418854237
915,0.4950658679008484
916,0.3115503191947937
917,0.02051634155213833
918,0.45472460985183716
919,0.4715465009212494
920,0.002007231116294861
921,0.4897802174091339
922,0.29711267352104187
923,0.018538199365139008
924,0.5153176784515381
925,0.3103564381599426
926,0.057944584637880325
927,0.5035027861595154
928,0.3053305149078369
929,0.029409747570753098
930,0.4685908257961273
931,0.35134023427963257
932,-0.00326368841342628
933,0.4383799433708191
934,0.394397497177124
935,-0.02387508936226368
936,0.43580368161201477
937,0.4079970717430115
938,-0.020874034613370895
939,0.4477371871471405
940,0.3998010754585266
941,-0.01885460503399372
942,0.45272427797317505
943,0.406557559967041
944,-0.012815198861062527
945,0.4423049986362457
946,0.4097866714000702
947,-0.01737852394580841
948,0.44672679901123047
949,0.41249650716781616
950,-0.011663411743938923
951,0.4610126316547394
952,0.4303674101829529
953,0.000283080997178331
954,0.4369324743747711
955,0.35324060916900635
956,-0.04243996739387512
957,0.43845850229263306
958,0.34201744198799133
959,-0.044397640973329544
960,0.500988781452179
961,0.27651479840278625
962,0.014092851430177689
963,0.4542887806892395
964,0.3211648166179657
965,-0.004326838534325361
966,0.4552246034145355
967,0.35323184728622437
968,-0.021528154611587524
969,0.4559134244918823
970,0.34774789214134216
971,-0.01882169209420681
972,0.4904381036758423
973,0.35397079586982727
974,0.007643621880561113
975,0.4383178949356079
976,0.3282374143600464
977,-0.038965728133916855
978,0.48396411538124084
979,0.2629917562007904
980,-0.001207841676659882
981,0.49438780546188354
982,0.267802357673645
983,0.005634701810777187
984,0.5080567598342896
985,0.24030429124832153
986,0.04188033565878868
987,0.4492221474647522
988,0.26809245347976685
989,-0.00986512005329132
990,0.4603893458843231
991,0.2811538577079773
992,0.0058560678735375404
993,0.466454416513443
994,0.4180212616920471
995,0.0023486348800361156
996,0.5014623999595642
997,0.4183375835418701
998,0.07410930842161179
999,0.4488942623138428
1000,0.3589475750923157
1001,-0.01903460919857025
1002,0.4420357048511505
1003,0.3623466193675995
1004,-0.02072441391646862
1005,0.4574333131313324
1006,0.4189302921295166
1007,0.0006289361044764519
1008,0.45302096009254456
1009,0.4179201126098633
1010,-0.0018250870052725077
1011,0.49871623516082764
1012,0.26106831431388855
1013,0.010519920848309994
1014,0.4547746777534485
1015,0.35890406370162964
1016,-0.01736452989280224
1017,0.4692745804786682
1018,0.2623603343963623
1019,-0.006452885922044516
1020,0.4712657332420349
1021,0.2530524432659149
1022,-0.007561390288174152
1023,0.48017650842666626
1024,0.20879234373569489
1025,0.010165966115891933
1026,0.5032657384872437
1027,0.24986346065998077
1028,0.0241478830575943
1029,0.47510066628456116
1030,0.22951173782348633
1031,0.0008644607150927186
1032,0.5053189992904663
1033,0.27223914861679077
1034,0.021710805594921112
1035,0.5094189047813416
1036,0.2673824727535248
1037,0.038553934544324875
1038,0.4373142123222351
1039,0.4019615650177002
1040,-0.023407917469739914
1041,0.4449267089366913
1042,0.4056015610694885
1043,-0.018595337867736816
1044,0.44988736510276794
1045,0.40965184569358826
1046,-0.012989060021936893
1047,0.4466037154197693
1048,0.36117905378341675
1049,-0.01769706979393959
1050,0.4551714062690735
1051,0.4187111258506775
1052,-0.000828417600132525
1053,0.4528651535511017
1054,0.4226143956184387
1055,-0.005219677463173866
1056,0.45189493894577026
1057,0.4168972373008728
1058,-0.002152593806385994
1059,0.4453742802143097
1060,0.35397225618362427
1061,-0.030054831877350807
1062,0.4445955455303192
1063,0.41206932067871094
1064,-0.010525411926209927
1065,0.44015225768089294
1066,0.4109664857387543
1067,-0.014476086013019085
1068,0.4343757927417755
1069,0.41038644313812256
1070,-0.01761735789477825
1071,0.4365077614784241
1072,0.45569679141044617
1073,-0.006617486476898193
1074,0.4368496835231781
1075,0.4448867738246918
1076,-0.015128950588405132
1077,0.4364147186279297
1078,0.43705984950065613
1079,-0.016797970980405807
1080,0.4356207847595215
1081,0.4290049076080322
1082,-0.015284460969269276
1083,0.43480098247528076
1084,0.4238682985305786
1085,-0.014029016718268394
1086,0.44571730494499207
1087,0.4211486876010895
1088,-0.007893571630120277
1089,0.4473310708999634
1090,0.4232739806175232
1091,-0.009149739518761635
1092,0.44966840744018555
1093,0.42715877294540405
1094,-0.010039017535746098
1095,0.451678067445755
1096,0.43150028586387634
1097,-0.008549445308744907
1098,0.45993080735206604
1099,0.39330852031707764
1100,-0.009468138217926025
1101,0.5117350816726685
1102,0.3620767891407013
1103,0.08872665464878082
1104,0.4484480917453766
1105,0.4198807179927826
1106,-0.004368829075247049
1107,0.4505201578140259
1108,0.4209544062614441
1109,-0.005218911916017532
1110,0.43933209776878357
1111,0.3674604594707489
1112,-0.021145112812519073
1113,0.45137932896614075
1114,0.36634889245033264
1115,-0.012045075185596943
1116,0.4406183660030365
1117,0.3649986684322357
1118,-0.021152595058083534
1119,0.4621649384498596
1120,0.32891929149627686
1121,-0.0014779361663386226
1122,0.47410550713539124
1123,0.3381062150001526
1124,0.001103385933674872
1125,0.4565896689891815
1126,0.353433221578598
1127,-0.014539482071995735
1128,0.4977552890777588
1129,0.2222207635641098
1130,0.024915382266044617
1131,0.49261343479156494
1132,0.2367859035730362
1133,0.011923381127417088
1134,0.48706597089767456
1135,0.2541140913963318
1136,0.0011885844869539142
1137,0.4552075266838074
1138,0.4396791160106659
1139,-0.0028478114400058985
1140,0.4527280926704407
1141,0.25366246700286865
1142,-0.012459756806492805
1143,0.4563645124435425
1144,0.22625799477100372
1145,-0.005947272293269634
1146,0.46004578471183777
1147,0.20124077796936035
1148,0.0008464258862659335
1149,0.485925555229187
1150,0.30699747800827026
1151,0.013296123594045639
1152,0.5025150179862976
1153,0.32037195563316345
1154,0.025196217000484467
1155,0.4539126753807068
1156,0.2979050576686859
1157,0.007595784496515989
1158,0.4967549443244934
1159,0.29055702686309814
1160,0.01812644489109516
1161,0.44903168082237244
1162,0.3129253387451172
1163,-0.007342126220464706
1164,0.4508899450302124
1165,0.3479328155517578
1166,-0.029436375945806503
1167,0.509593665599823
1168,0.32943955063819885
1169,0.0340450257062912
1170,0.4972917139530182
1171,0.32726189494132996
1172,0.017472166568040848
1173,0.48765504360198975
1174,0.3298408091068268
1175,0.009342357516288757
1176,0.47323355078697205
1177,0.32615309953689575
1178,0.004915827419608831
1179,0.4626125991344452
1180,0.32003334164619446
1181,0.0028462354093790054
1182,0.45464035868644714
1183,0.3135528862476349
1184,0.00038483322714455426
1185,0.4391016364097595
1186,0.2962062358856201
1187,-0.015689725056290627
1188,0.5071700215339661
1189,0.3530394732952118
1190,0.030814914032816887
1191,0.5027830004692078
1192,0.28971976041793823
1193,0.022365225479006767
1194,0.4338695704936981
1195,0.35930386185646057
1196,-0.038834571838378906
1197,0.4535582363605499
1198,0.33154526352882385
1199,-0.008017327636480331
1200,0.5155698657035828
1201,0.3115987181663513
1202,0.08510814607143402
1203,0.4488416612148285
1204,0.30652180314064026
1205,-0.0008477813680656254
1206,0.45685508847236633
1207,0.35491615533828735
1208,-0.006270750425755978
1209,0.4924517273902893
1210,0.2978193461894989
1211,0.02005472406744957
1212,0.451419860124588
1213,0.3411538600921631
1214,-0.026146456599235535
1215,0.508397102355957
1216,0.3893853425979614
1217,0.0837673544883728
1218,0.4541322886943817
1219,0.29386332631111145
1220,0.009989605285227299
1221,0.4450930058956146
1222,0.33344995975494385
1223,-0.03403283283114433
1224,0.4868365228176117
1225,0.4446277916431427
1226,0.03129274770617485
1227,0.4856698215007782
1228,0.4591237008571625
1229,0.044608861207962036
1230,0.5133107900619507
1231,0.35828787088394165
1232,0.0597430020570755
1233,0.49526408314704895
1234,0.42869263887405396
1235,0.041684798896312714
1236,0.5124436616897583
1237,0.2871316075325012
1238,0.05068837106227875
1239,0.45640748739242554
1240,0.485291451215744
1241,0.006305724382400513
1242,0.43275216221809387
1243,0.36199262738227844
1244,-0.028552168980240822
1245,0.4599705934524536
1246,0.34097224473953247
1247,-0.005048596765846014
1248,0.5093671679496765
1249,0.3084687292575836
1250,0.03795938193798065
1251,0.47936877608299255
1252,0.3014296889305115
1253,0.01052025519311428
1254,0.4724385440349579
1255,0.3014235496520996
1256,0.008175330236554146
1257,0.45518290996551514
1258,0.42471247911453247
1259,-0.003926056437194347
1260,0.5041194558143616
1261,0.3761250674724579
1262,0.03217124193906784
1263,0.44090917706489563
1264,0.5040155649185181
1265,0.007424426265060902
1266,0.4657343029975891
1267,0.4864538908004761
1268,0.02355559542775154
1269,0.47538048028945923
1270,0.4750041365623474
1271,0.032738689333200455
1272,0.46586111187934875
1273,0.2998242676258087
1274,0.007434403523802757
1275,0.4598010182380676
1276,0.2969459891319275
1277,0.008259489201009274
1278,0.45600759983062744
1279,0.29527878761291504
1280,0.009846608154475689
1281,0.5076702833175659
1282,0.2883686423301697
1283,0.03094724752008915
1284,0.460987389087677
1285,0.288743257522583
1286,0.007368674501776695
1287,0.46771883964538574
1288,0.28766095638275146
1289,0.006158923730254173
1290,0.47440311312675476
1291,0.28801408410072327
1292,0.0069382223300635815
1293,0.4810029864311218
1294,0.2903290092945099
1295,0.009221503511071205
1296,0.48519325256347656
1297,0.2932509183883667
1298,0.01211026031523943
1299,0.5157862901687622
1300,0.28417539596557617
1301,0.07326628267765045
1302,0.48393693566322327
1303,0.3004639744758606
1304,0.01331199612468481
1305,0.4542093873023987
1306,0.3844996988773346
1307,-0.01355852372944355
1308,0.44937142729759216
1309,0.35685691237449646
1310,-0.02192108705639839
1311,0.4399712383747101
1312,0.3780829906463623
1313,-0.020992832258343697
1314,0.47746554017066956
1315,0.460254043340683
1316,0.023065080866217613
1317,0.4675663709640503
1318,0.4727960526943207
1319,0.01517517026513815
1320,0.44168463349342346
1321,0.4938198924064636
1322,-0.0016799777513369918
1323,0.49349796772003174
1324,0.4417518675327301
1325,0.05972624942660332
1326,0.4562769830226898
1327,0.2915216088294983
1328,0.00889747217297554
1329,0.44399595260620117
1330,0.31412458419799805
1331,-0.018510913476347923
1332,0.4546123147010803
1333,0.49671226739883423
1334,0.014075121842324734
1335,0.5094438791275024
1336,0.3836175501346588
1337,0.057512469589710236
1338,0.44101864099502563
1339,0.4225026071071625
1340,-0.011189072392880917
1341,0.44246652722358704
1342,0.42636650800704956
1343,-0.012402459979057312
1344,0.44422727823257446
1345,0.43237003684043884
1346,-0.013450336642563343
1347,0.44553470611572266
1348,0.43951478600502014
1349,-0.012038660235702991
1350,0.4473128914833069
1351,0.4488906264305115
1352,-0.0057654413394629955
1353,0.4503224790096283
1354,0.41504591703414917
1355,-0.006597878877073526
1356,0.4532875120639801
1357,0.41417235136032104
1358,-0.006512146908789873
1359,0.45600593090057373
1360,0.41240254044532776
1361,-0.006179906893521547
1362,0.46417760848999023
1363,0.4047304689884186
1364,-0.0036730754654854536
1365,0.49397963285446167
1366,0.3802044987678528
1367,0.015427224338054657
1368,0.443960964679718
1369,0.3038025200366974
1370,-0.011008434928953648
1371,0.4483482837677002
1372,0.2854315936565399
1373,0.003807717701420188
1374,0.4530177116394043
1375,0.2875296175479889
1376,0.007329387124627829
1377,0.44818684458732605
1378,0.41332191228866577
1379,-0.005832547787576914
1380,0.49300095438957214
1381,0.409945011138916
1382,0.026803642511367798
1383,0.4417986273765564
1384,0.28357887268066406
1385,-0.006789130624383688
1386,0.45115208625793457
1387,0.4590820074081421
1388,-0.001115904189646244
1389,0.43869295716285706
1390,0.30710142850875854
1391,-0.023990856483578682
1392,0.4490942358970642
1393,0.3321149945259094
1394,-0.018732525408267975
1395,0.4384945333003998
1396,0.4666420519351959
1397,-0.005175114143639803
1398,0.46878811717033386
1399,0.435261607170105
1400,0.005775374826043844
1401,0.4624863564968109
1402,0.3655327558517456
1403,-0.004435185343027115
1404,0.4611488878726959
1405,0.4486369490623474
1406,0.0025795954279601574
1407,0.4790651202201843
1408,0.3669794201850891
1409,4.882380017079413e-05
1410,0.46833786368370056
1411,0.3788154125213623
1412,-0.0032375799492001534
1413,0.48362037539482117
1414,0.3873727023601532
1415,0.006127119064331055
1416,0.4407273828983307
1417,0.4804200232028961
1418,-0.0051156897097826
1419,0.4534682631492615
1420,0.33953747153282166
1421,-0.013039857149124146
1422,0.47540247440338135
1423,0.4456399083137512
1424,0.013798464089632034
1425,0.46551090478897095
1426,0.45941779017448425
1427,0.00886514037847519
1428,0.47462886571884155
1429,0.4197080135345459
1430,0.006833298597484827
1431,0.5006556510925293
1432,0.3962250053882599
1433,0.03434227406978607
1434,0.48394811153411865
1435,0.42282891273498535
1436,0.015484207309782505
1437,0.503840982913971
1438,0.4070897698402405
1439,0.053015995770692825
1440,0.47245272994041443
1441,0.3960913121700287
1442,6.701632810290903e-05
1443,0.44866931438446045
1444,0.3225947618484497
1445,-0.012859740294516087
1446,0.44808873534202576
1447,0.3523440659046173
1448,-0.03148430585861206
1449,0.45268896222114563
1450,0.3564591109752655
1451,-0.022814560681581497
1452,0.44515594840049744
1453,0.34434184432029724
1454,-0.03745773062109947
1455,0.4550703465938568
1456,0.27720826864242554
1457,0.0019432444823905826
1458,0.4682070016860962
1459,0.2728170156478882
1460,0.0010464430088177323
1461,0.47935643792152405
1462,0.2729792892932892
1463,0.0019543038215488195
1464,0.48838716745376587
1465,0.27582037448883057
1466,0.005744066089391708
1467,0.49430590867996216
1468,0.2815537452697754
1469,0.011236444115638733
1470,0.4972320795059204
1471,0.3014327883720398
1472,0.023338237777352333
1473,0.5154278874397278
1474,0.33408090472221375
1475,0.05933178588747978
1476,0.49101901054382324
1477,0.3155730664730072
1478,0.01618659682571888
1479,0.48312073945999146
1480,0.31752535700798035
1481,0.010783902369439602
1482,0.47299009561538696
1483,0.31623053550720215
1484,0.006894509308040142
1485,0.46322259306907654
1486,0.3122125566005707
1487,0.005280429497361183
1488,0.4557439684867859
1489,0.30726271867752075
1490,0.0044899205677211285
1491,0.45068269968032837
1492,0.3026764988899231
1493,0.0039562503807246685
1494,0.5135419964790344
1495,0.33688879013061523
1496,0.08974795788526535
1497,0.45191845297813416
1498,0.35990384221076965
1499,-0.018951721489429474
1500,0.44390472769737244
1501,0.323379248380661
1502,-0.025134889408946037
1503,0.4425787627696991
1504,0.35209617018699646
1505,-0.0381673239171505
1506,0.4377391040325165
1507,0.3577510714530945
1508,-0.03545497730374336
1509,0.44233351945877075
1510,0.3541482985019684
1511,-0.03431219235062599
1512,0.44922736287117004
1513,0.3636800944805145
1514,-0.016571849584579468
1515,0.43637600541114807
1516,0.35868310928344727
1517,-0.03763555362820625
1518,0.43530428409576416
1519,0.36138930916786194
1520,-0.028421564027667046
1521,0.4512729346752167
1522,0.29394233226776123
1523,0.008375778794288635
1524,0.4467860758304596
1525,0.2960185110569
1526,0.003008115803822875
1527,0.4445785582065582
1528,0.2971610724925995
1529,-0.0030617688316851854
1530,0.4877605438232422
1531,0.2954294979572296
1532,0.014904112555086613
1533,0.4923747479915619
1534,0.2910301685333252
1535,0.015430168248713017
1536,0.7344375252723694
1537,0.6531385779380798
1538,-5.86718726935942e-07
1539,0.6741509437561035
1540,0.6037945747375488
1541,0.017934132367372513
1542,0.6401152610778809
1543,0.5468304753303528
1544,0.018690695986151695
1545,0.6136990785598755
1546,0.5167520642280579
1547,0.009396310895681381
1548,0.5990270376205444
1549,0.4885236322879791
1550,0.0004746814665850252
1551,0.7058693766593933
1552,0.45203277468681335
1553,0.029988491907715797
1554,0.6598530411720276
1555,0.3927498459815979
1556,0.012698533944785595
1557,0.6196160316467285
1558,0.41397979855537415
1559,-0.003676868509501219
1560,0.6006434559822083
1561,0.44946980476379395
1562,-0.012896809726953506
1563,0.7178241014480591
1564,0.45269548892974854
1565,0.008746422827243805
1566,0.6551397442817688
1567,0.3870231509208679
1568,-0.007209509611129761
1569,0.6103611588478088
1570,0.4224315881729126
1571,-0.021129662171006203
1572,0.5968678593635559
1573,0.46295487880706787
1574,-0.029017217457294464
1575,0.7217563390731812
1576,0.46327489614486694
1577,-0.014622793532907963
1578,0.6624920964241028
1579,0.396263986825943
1580,-0.028219282627105713
1581,0.6171054244041443
1582,0.4279842674732208
1583,-0.03446425497531891
1584,0.6014276146888733
1585,0.4702751636505127
1586,-0.0367908701300621
1587,0.7148550748825073
1588,0.48201969265937805
1589,-0.03734306991100311
1590,0.669791042804718
1591,0.42905503511428833
1592,-0.047263696789741516
1593,0.6349506974220276
1594,0.4397692382335663
1595,-0.04927603900432587
1596,0.6174619197845459
1597,0.46821197867393494
1598,-0.049155253916978836
1599,0.0
1600,0.0
1601,0.0
1602,0.0
1603,0.0
1604,0.0
1605,0.0
1606,0.0
1607,0.0
1608,0.0
1609,0.0
1610,0.0
1611,0.0
1612,0.0
1613,0.0
1614,0.0
1615,0.0
1616,0.0
1617,0.0
1618,0.0
1619,0.0
1620,0.0
1621,0.0
1622,0.0
1623,0.0
1624,0.0
1625,0.0
1626,0.0
1627,0.0
1628,0.0
1629,0.0
1630,0.0
1631,0.0
1632,0.0
1633,0.0
1634,0.0
1635,0.0
1636,0.0
1637,0.0
1638,0.0
1639,0.0
1640,0.0
1641,0.0
1642,0.0
1643,0.0
1644,0.0
1645,0.0
1646,0.0
1647,0.0
1648,0.0
1649,0.0
1650,0.0
1651,0.0
1652,0.0
1653,0.0
1654,0.0
1655,0.0
1656,0.0
1657,0.0
1658,0.0
1659,0.0
1660,0.0
1661,0.0
