,0
0,0.42976292967796326
1,0.3419147729873657
2,-0.7299607992172241
3,0.9999807476997375
4,0.45828428864479065
5,0.28908613324165344
6,-0.6761642694473267
7,0.9999626278877258
8,0.4748364984989166
9,0.29094207286834717
10,-0.6759473085403442
11,0.9999614953994751
12,0.48715725541114807
13,0.2939336895942688
14,-0.6756910085678101
15,0.9999635815620422
16,0.4050046503543854
17,0.2888098359107971
18,-0.6597033143043518
19,0.9999644756317139
20,0.387054443359375
21,0.2913183867931366
22,-0.6589113473892212
23,0.999962568283081
24,0.37095075845718384
25,0.2940238416194916
26,-0.6587626934051514
27,0.9999656677246094
28,0.5052958130836487
29,0.3292064070701599
30,-0.3163268566131592
31,0.9999602437019348
32,0.3541228473186493
33,0.32452869415283203
34,-0.23956139385700226
35,0.9999648332595825
36,0.4658297002315521
37,0.41110220551490784
38,-0.6029369831085205
39,0.9999790191650391
40,0.3963584303855896
41,0.40788760781288147
42,-0.5782044529914856
43,0.9999778866767883
44,0.6395525932312012
45,0.6955047249794006
46,-0.16874642670154572
47,0.9997277855873108
48,0.23682424426078796
49,0.681323230266571
50,-0.1447279155254364
51,0.9997846484184265
52,0.6989918947219849
53,1.0256105661392212
54,-0.2214529812335968
55,0.44428175687789917
56,0.11965321004390717
57,1.0326558351516724
58,-0.6002585291862488
59,0.6738843321800232
60,0.718368411064148
61,1.4406784772872925
62,-0.4728075861930847
63,0.1687164455652237
64,0.07210928201675415
65,0.7250977158546448
66,-1.5058224201202393
67,0.5430166125297546
68,0.7376004457473755
69,1.5524709224700928
70,-0.5567921996116638
71,0.21683171391487122
72,0.04990694299340248
73,0.6018285155296326
74,-1.6866754293441772
75,0.5414239764213562
76,0.6949163675308228
77,1.5391210317611694
78,-0.6035545468330383
79,0.2950410842895508
80,0.0721653401851654
81,0.5478748679161072
82,-1.6656633615493774
83,0.5653078556060791
84,0.6749277114868164
85,1.4951432943344116
86,-0.5076762437820435
87,0.30012574791908264
88,0.10411600768566132
89,0.6035045385360718
90,-1.5290850400924683
91,0.5642155408859253
92,0.5656065344810486
93,1.459655523300171
94,-0.046431638300418854
95,0.0019809207879006863
96,0.28179094195365906
97,1.4507832527160645
98,0.051219940185546875
99,0.0023336894810199738
100,0.550229549407959
101,2.0869431495666504
102,-0.0998547226190567
103,0.00041413656435906887
104,0.2818799912929535
105,2.0899181365966797
106,0.07093989849090576
107,0.00024291664885822684
108,0.5367123484611511
109,2.6581380367279053
110,0.4368181824684143
111,6.134511932032183e-05
112,0.28861111402511597
113,2.6521782875061035
114,0.4066019654273987
115,9.200543900078628e-06
116,0.5451599955558777
117,2.738941192626953
118,0.4526227116584778
119,4.702672595158219e-05
120,0.28585928678512573
121,2.7324836254119873
122,0.4277191758155823
123,2.1326462956494652e-05
124,0.49075251817703247
125,2.8276009559631348
126,-0.1129658967256546
127,5.061997944721952e-05
128,0.3111761212348938
129,2.8377389907836914
130,-0.20016634464263916
131,2.979157397930976e-05
132,0.42319852113723755
133,0.3995358347892761
134,-0.02610538713634014
135,0.4227645993232727
136,0.3611460030078888
137,-0.04741515591740608
138,0.4229845106601715
139,0.3734067678451538
140,-0.026049500331282616
141,0.4167892336845398
142,0.32293450832366943
143,-0.035251833498477936
144,0.42299768328666687
145,0.34882113337516785
146,-0.04999243840575218
147,0.42342644929885864
148,0.33346644043922424
149,-0.04633253440260887
150,0.4245857298374176
151,0.29800015687942505
152,-0.02330692857503891
153,0.36603105068206787
154,0.2943439781665802
155,0.011307662352919579
156,0.42534777522087097
157,0.2730766236782074
158,-0.01766802929341793
159,0.4258526861667633
160,0.25808045268058777
161,-0.019204027950763702
162,0.42778539657592773
163,0.19909842312335968
164,-0.009116465225815773
165,0.4232123792171478
166,0.40543490648269653
167,-0.02544330433011055
168,0.42322972416877747
169,0.41015613079071045
170,-0.023043574765324593
171,0.42330649495124817
172,0.41217315196990967
173,-0.0195497814565897
174,0.42268043756484985
175,0.4466199576854706
176,-0.009767125360667706
177,0.42255932092666626
178,0.45311641693115234
179,-0.010999892838299274
180,0.42242419719696045
181,0.46052634716033936
182,-0.011912374757230282
183,0.4223080277442932
184,0.4679546654224396
185,-0.008599857799708843
186,0.42205649614334106
187,0.47531139850616455
188,0.001132110832259059
189,0.42274877429008484
190,0.3675261437892914
191,-0.0433015301823616
192,0.41507232189178467
193,0.366544246673584
194,-0.03167515993118286
195,0.3410964608192444
196,0.25372421741485596
197,0.050955962389707565
198,0.38956671953201294
199,0.3051063120365143
200,0.002377701224759221
201,0.38157257437705994
202,0.30597513914108276
203,0.002939771395176649
204,0.3737589120864868
205,0.3053174316883087
206,0.005228394642472267
207,0.3629309833049774
208,0.2985009551048279
209,0.01239620428532362
210,0.39621496200561523
211,0.30216139554977417
212,0.0029580146074295044
213,0.3786303400993347
214,0.2750242054462433
215,-0.00025588524295017123
216,0.38771072030067444
217,0.2763296663761139
218,-0.0003326576261315495
219,0.37015238404273987
220,0.27640724182128906
221,0.0024562543258070946
222,0.3645145297050476
223,0.28025737404823303
224,0.005984026473015547
225,0.35714858770370483
226,0.30667728185653687
227,0.016344405710697174
228,0.39044028520584106
229,0.47898927330970764
230,0.009985340759158134
231,0.36302608251571655
232,0.2913518249988556
233,0.01407060120254755
234,0.3360327482223511
235,0.30315038561820984
236,0.053595561534166336
237,0.3488366901874542
238,0.2996681332588196
239,0.02486470341682434
240,0.38217055797576904
241,0.3516761362552643
242,-0.006132115609943867
243,0.4115212857723236
244,0.39753448963165283
245,-0.024532776325941086
246,0.4134427011013031
247,0.4100911319255829
248,-0.02142108976840973
249,0.40032488107681274
250,0.40167444944381714
251,-0.019116345793008804
252,0.3941880762577057
253,0.4076855480670929
254,-0.011130936443805695
255,0.40566015243530273
256,0.4114830791950226
257,-0.01711665838956833
258,0.4002304673194885
259,0.4140101671218872
260,-0.009801693260669708
261,0.38428041338920593
262,0.43468019366264343
263,0.00685150409117341
264,0.415839821100235
265,0.36060890555381775
266,-0.046613287180662155
267,0.4150335192680359
268,0.3487585783004761
269,-0.04898977279663086
270,0.3532979190349579
271,0.26959720253944397
272,0.008195602335035801
273,0.39917483925819397
274,0.32324114441871643
275,-0.007736051920801401
276,0.39618998765945435
277,0.3564924895763397
278,-0.0256537813693285
279,0.3957449793815613
280,0.3505510091781616
281,-0.022889476269483566
282,0.35891032218933105
283,0.3506350517272949
284,0.004275596234947443
285,0.41588476300239563
286,0.334519624710083
287,-0.04360795393586159
288,0.3725734055042267
289,0.2583779990673065
290,-0.006757931783795357
291,0.3609926700592041
292,0.2614736258983612
293,-0.00015869895287323743
294,0.34857285022735596
295,0.23259764909744263
296,0.03484056144952774
297,0.408316045999527
298,0.2704399526119232
299,-0.014712170697748661
300,0.39541637897491455
301,0.2805117964744568
302,0.002030909527093172
303,0.37939369678497314
304,0.4183829426765442
305,0.007018682546913624
306,0.34454241394996643
307,0.4137990474700928
308,0.07407640665769577
309,0.40239405632019043
310,0.36320924758911133
311,-0.022322198376059532
312,0.4094321131706238
313,0.36754685640335083
314,-0.023649996146559715
315,0.3869023025035858
316,0.42147767543792725
317,0.005891139153391123
318,0.39168596267700195
319,0.42169591784477234
320,0.003552468493580818
321,0.3570038080215454
322,0.2539936304092407
323,0.00422200420871377
324,0.3959709405899048
325,0.3616717457771301
326,-0.020993515849113464
327,0.3882187604904175
328,0.2607417404651642
329,-0.011809822171926498
330,0.3870232403278351
331,0.2511414587497711
332,-0.013529914431273937
333,0.380611777305603
334,0.2044050395488739
335,0.002418047282844782
336,0.3531094193458557
337,0.24281567335128784
338,0.01759321615099907
339,0.38471347093582153
340,0.2263692170381546
341,-0.005995222833007574
342,0.3491954803466797
343,0.2649216949939728
344,0.015636717900633812
345,0.345237135887146
346,0.25979071855545044
347,0.03250432759523392
348,0.41227880120277405
349,0.4047289490699768
350,-0.023894162848591805
351,0.4031107425689697
352,0.40747249126434326
353,-0.018419547006487846
354,0.39707088470458984
355,0.410898894071579
356,-0.01113073155283928
357,0.40451738238334656
358,0.3654848337173462
359,-0.02087375894188881
360,0.3891565203666687
361,0.42187756299972534
362,0.004523918032646179
363,0.3920137584209442
364,0.4317401349544525
365,0.001559982425533235
366,0.3932144343852997
367,0.4209814965724945
368,0.003399636596441269
369,0.40672147274017334
370,0.35975927114486694
371,-0.03420313447713852
372,0.4023318588733673
373,0.4133653938770294
374,-0.00875899102538824
375,0.407735139131546
376,0.4120806157588959
377,-0.014108703471720219
378,0.4147244691848755
379,0.4118744730949402
380,-0.018080221489071846
381,0.4088585078716278
382,0.47249752283096313
383,0.0014907651348039508
384,0.40939629077911377
385,0.4648400545120239
386,-0.007831252180039883
387,0.41048333048820496
388,0.45779168605804443
389,-0.01025525201112032
390,0.4118795394897461
391,0.45019811391830444
392,-0.009358813986182213
393,0.4132142961025238
394,0.44490545988082886
395,-0.008326328359544277
396,0.40068477392196655
397,0.43590202927589417
398,-0.0015161560149863362
399,0.39864015579223633
400,0.4377592206001282
401,-0.0023941360414028168
402,0.39567774534225464
403,0.44090789556503296
404,-0.002931967843323946
405,0.39324644207954407
406,0.44414663314819336
407,-0.001209003385156393
408,0.3879351317882538
409,0.39463910460472107
410,-0.00858272798359394
411,0.3366902470588684
412,0.35534414649009705
413,0.08658897876739502
414,0.4228721559047699
415,0.3699915409088135
416,-0.03221793472766876
417,0.3973653018474579
418,0.4306894540786743
419,0.002024061279371381
420,0.3946388363838196
421,0.43106138706207275
422,0.0014771552523598075
423,0.41202715039253235
424,0.3729601204395294
425,-0.02360478602349758
426,0.3987482190132141
427,0.3691038489341736
428,-0.01469605416059494
429,0.41078123450279236
430,0.3703608810901642
431,-0.023966247215867043
432,0.3904687762260437
433,0.32952672243118286
434,-0.004802328068763018
435,0.37730056047439575
436,0.3368900418281555
437,-0.0023826048709452152
438,0.3943087160587311
439,0.3558436632156372
440,-0.018084285780787468
441,0.36098626255989075
442,0.21567527949810028
443,0.01767338626086712
444,0.365556538105011
445,0.2310250997543335
446,0.005133142229169607
447,0.37011387944221497
448,0.24903608858585358
449,-0.005012153182178736
450,0.38971421122550964
451,0.4482988715171814
452,0.004707439802587032
453,0.4061293303966522
454,0.25517556071281433
455,-0.01785239391028881
456,0.4044317305088043
457,0.22595453262329102
458,-0.01248449832201004
459,0.40212857723236084
460,0.1995055228471756
461,-0.006530436221510172
462,0.3668864369392395
463,0.3029521703720093
464,0.008933605626225471
465,0.3489527702331543
466,0.31501060724258423
467,0.0209638774394989
468,0.4005114734172821
469,0.29908105731010437
470,0.004049568437039852
471,0.3564467430114746
472,0.2845754027366638
473,0.013272371143102646
474,0.40525925159454346
475,0.31601354479789734
476,-0.010815050452947617
477,0.4013981819152832
478,0.3523584008216858
479,-0.033920109272003174
480,0.34089505672454834
481,0.3233591318130493
482,0.030012937262654305
483,0.35401901602745056
484,0.32237493991851807
485,0.013371957466006279
486,0.3640655279159546
487,0.3263452649116516
488,0.005694966297596693
489,0.3792676329612732
490,0.32482457160949707
491,0.0015164947835728526
492,0.39063936471939087
493,0.320391446352005
494,-0.00036342028761282563
495,0.3992548882961273
496,0.3151535391807556
497,-0.0028100444469600916
498,0.41659727692604065
499,0.3009183704853058
500,-0.01990801841020584
501,0.3413611650466919
502,0.3472225069999695
503,0.027281323447823524
504,0.3507029414176941
505,0.28352171182632446
506,0.0171814002096653
507,0.4185047447681427
508,0.3669748604297638
509,-0.04273644834756851
510,0.39917805790901184
511,0.3339877128601074
512,-0.011654047295451164
513,0.3353259563446045
514,0.3037172853946686
515,0.08098933845758438
516,0.4056297242641449
517,0.3090956509113312
518,-0.004246077034622431
519,0.3936803340911865
520,0.35679706931114197
521,-0.009259307757019997
522,0.3601469099521637
523,0.29195553064346313
524,0.015653684735298157
525,0.40120694041252136
526,0.3450418710708618
527,-0.03054029680788517
528,0.3386692404747009
529,0.38325440883636475
530,0.08241580426692963
531,0.4005107879638672
532,0.29488545656204224
533,0.006445850245654583
534,0.40845558047294617
535,0.33864226937294006
536,-0.03858014568686485
537,0.3597334623336792
538,0.44353869557380676
539,0.0352252759039402
540,0.36005285382270813
541,0.45783549547195435
542,0.047891344875097275
543,0.3345736563205719
544,0.35189759731292725
545,0.05685406178236008
546,0.3509974479675293
547,0.4262222349643707
548,0.04310305789113045
549,0.3405728340148926
550,0.2798086106777191
551,0.04541260749101639
552,0.3887338936328888
553,0.49138954281806946
554,0.014039183035492897
555,0.4195396602153778
556,0.36945921182632446
557,-0.03167979419231415
558,0.3917284607887268
559,0.34226635098457336
560,-0.008422672748565674
561,0.3425746262073517
562,0.30217480659484863
563,0.03325948491692543
564,0.3743070960044861
565,0.298306405544281
566,0.00619228882715106
567,0.3814530670642853
568,0.2993796467781067
569,0.004010649397969246
570,0.3894689083099365
571,0.43252381682395935
572,0.002725424710661173
573,0.3427995443344116
574,0.37128689885139465
575,0.029928110539913177
576,0.4027897119522095
577,0.511886715888977
578,0.015758980065584183
579,0.3790697753429413
580,0.4891342520713806
581,0.030106352642178535
582,0.3700316548347473
583,0.4756016135215759
584,0.03796795383095741
585,0.4268872141838074
586,0.22702619433403015
587,-0.01463575940579176
588,0.4208028018474579
589,0.5163414478302002
590,0.013429498299956322
591,0.38822686672210693
592,0.29879528284072876
593,0.003579369280487299
594,0.3945355713367462
595,0.29712358117103577
596,0.004621380474418402
597,0.39852890372276306
598,0.29598960280418396
599,0.006310430821031332
600,0.3456850051879883
601,0.2817060053348541
602,0.02563832700252533
603,0.3938214182853699
604,0.28771838545799255
605,0.0036612488329410553
606,0.3869745433330536
607,0.28477898240089417
608,0.002242203801870346
609,0.38000908493995667
610,0.28381842374801636
611,0.0027380541432648897
612,0.37278297543525696
613,0.2851417064666748
614,0.0048753428272902966
615,0.36811181902885437
616,0.2877335846424103
617,0.007692304905503988
618,0.3370004892349243
619,0.2759530544281006
620,0.06784133613109589
621,0.3694570064544678
622,0.2964240312576294
623,0.00891106016933918
624,0.4231193959712982
625,0.38196372985839844
626,-0.02365141548216343
627,0.39460504055023193
628,0.3867003321647644
629,-0.014244132675230503
630,0.40214425325393677
631,0.3613640069961548
632,-0.02566049061715603
633,0.4107690155506134
634,0.3827741742134094
635,-0.0223062876611948
636,0.4249914586544037
637,0.2853167653083801
638,-0.01715489849448204
639,0.36887308955192566
640,0.4611527621746063
641,0.02915351651608944
642,0.378328800201416
643,0.47577887773513794
644,0.022255899384617805
645,0.40288883447647095
646,0.5032187104225159
647,0.0069078016094863415
648,0.35222458839416504
649,0.43905797600746155
650,0.060871656984090805
651,0.39839696884155273
652,0.2919730246067047
653,0.0052811820060014725
654,0.41060760617256165
655,0.31854987144470215
656,-0.022529255598783493
657,0.42102953791618347
658,0.5080467462539673
659,0.005141457077115774
660,0.38949549198150635
661,0.5020204186439514
662,0.02153516374528408
663,0.3370411992073059
664,0.37824687361717224
665,0.05559138208627701
666,0.4060900807380676
667,0.44103384017944336
668,-0.005217886064201593
669,0.40402913093566895
670,0.4447166323661804
671,-0.006050606723874807
672,0.4015900790691376
673,0.450236439704895
674,-0.006417229771614075
675,0.3996507525444031
676,0.4563271999359131
677,-0.004484433215111494
678,0.39720645546913147
679,0.46196407079696655
680,0.002302072010934353
681,0.39536038041114807
682,0.4168579876422882
683,-0.00296240602619946
684,0.39225566387176514
685,0.4154343903064728
686,-0.002702113939449191
687,0.3896391689777374
688,0.4132896065711975
689,-0.002696275943890214
690,0.38272812962532043
691,0.40511178970336914
692,-0.0008779845084063709
693,0.3534140884876251
694,0.3770827651023865
695,0.013675464317202568
696,0.41112372279167175
697,0.307749480009079
698,-0.014740999788045883
699,0.40729624032974243
700,0.28748342394828796
701,3.206176552339457e-05
702,0.40211790800094604
703,0.28860390186309814
704,0.0035125736612826586
705,0.39775967597961426
706,0.41519907116889954
707,-0.0022372854873538017
708,0.3534359931945801
709,0.40765008330345154
710,0.027539780363440514
711,0.41435790061950684
712,0.2871371805667877
713,-0.011076965369284153
714,0.39382657408714294
715,0.46854814887046814
716,0.0069906157441437244
717,0.42382967472076416
718,0.32123738527297974
719,-0.038144875317811966
720,0.4165962040424347
721,0.3124656081199646
722,-0.028222640976309776
723,0.42419886589050293
724,0.3099842071533203
725,-0.030310554429888725
726,0.403957724571228
727,0.3358968496322632
728,-0.022772733122110367
729,0.42135873436927795
730,0.4962092339992523
731,0.0017338801408186555
732,0.42175328731536865
733,0.48402494192123413
734,0.001969903940334916
735,0.4068027138710022
736,0.4802016317844391
737,0.0036193164996802807
738,0.37757837772369385
739,0.4372800588607788
740,0.012057128362357616
741,0.38756051659584045
742,0.366738885641098
743,-0.006376368924975395
744,0.38450151681900024
745,0.45402681827545166
746,0.010134662501513958
747,0.3702237904071808
748,0.3663094639778137
749,-0.0018294875044375658
750,0.3809400796890259
751,0.3795504868030548
752,-0.0036854310892522335
753,0.3645649552345276
754,0.3859808146953583
755,0.005874728783965111
756,0.40430572628974915
757,0.49158716201782227
758,0.003705949056893587
759,0.3987399637699127
760,0.3422718644142151
761,-0.016777003183960915
762,0.37113991379737854
763,0.446912556886673
764,0.019787529483437538
765,0.38056480884552
766,0.463259756565094
767,0.016169020906090736
768,0.3723924160003662
769,0.41932305693626404
770,0.01093483716249466
771,0.34557515382766724
772,0.39235854148864746
773,0.03347170725464821
774,0.36277973651885986
775,0.4218672513961792
776,0.018731875345110893
777,0.3423227369785309
778,0.403071790933609
779,0.05243653059005737
780,0.3756071627140045
781,0.3955169916152954
782,0.0014395888429135084
783,0.405033677816391
784,0.3262098729610443
785,-0.016626885160803795
786,0.40404143929481506
787,0.35768699645996094
788,-0.03585837036371231
789,0.39869454503059387
790,0.36025646328926086
791,-0.026727773249149323
792,0.40786758065223694
793,0.3500610291957855
794,-0.041908517479896545
795,0.4013395607471466
796,0.2780211567878723
797,-0.0021724991966038942
798,0.3881490230560303
799,0.2709389328956604
800,-0.003565859515219927
801,0.3762180507183075
802,0.2688171863555908
803,-0.00289349933154881
804,0.3662913143634796
805,0.2703441381454468
806,0.0007550330483354628
807,0.3595951795578003
808,0.27539029717445374
809,0.006112717092037201
810,0.3554593324661255
811,0.29585981369018555
812,0.01897653564810753
813,0.3342556357383728
814,0.3271665871143341
815,0.055689502507448196
816,0.3612695634365082
817,0.31123989820480347
818,0.012124896980822086
819,0.3695859909057617
820,0.3146650195121765
821,0.006973337847739458
822,0.38021320104599
823,0.314792662858963
824,0.0033637734595686197
825,0.3903466761112213
826,0.3123255670070648
827,0.0019500053022056818
828,0.39826199412345886
829,0.3084709942340851
830,0.0011982418363913894
831,0.4037225544452667
832,0.30469051003456116
833,0.0006499872542917728
834,0.3360331654548645
835,0.3295992612838745
836,0.08665119856595993
837,0.3990391194820404
838,0.36343327164649963
839,-0.02255343273282051
840,0.4101230800151825
841,0.3283332288265228
842,-0.02939714305102825
843,0.4100128710269928
844,0.3586701452732086
845,-0.04246017709374428
846,0.41454017162323
847,0.3648865222930908
848,-0.039269182831048965
849,0.410007119178772
850,0.36066195368766785
851,-0.038397166877985
852,0.40135809779167175
853,0.3671664297580719
854,-0.019640304148197174
855,0.41593676805496216
856,0.3660862445831299
857,-0.041570257395505905
858,0.41684573888778687
859,0.36855676770210266
860,-0.031633637845516205
861,0.4034601151943207
862,0.2955292761325836
863,0.004880082327872515
864,0.408069908618927
865,0.2985358238220215
866,-0.0005831221933476627
867,0.4105721712112427
868,0.3003864884376526
869,-0.006752024870365858
870,0.36529645323753357
871,0.28967970609664917
872,0.010564287193119526
873,0.36051592230796814
874,0.2850523889064789
875,0.010914499871432781
876,0.43093007802963257
877,0.3234298527240753
878,-0.03545414283871651
879,0.48466241359710693
880,0.3002241849899292
881,0.009535212069749832
882,0.43087708950042725
883,0.36694326996803284
884,-0.03188443183898926
885,0.5132283568382263
886,0.26014697551727295
887,0.048608243465423584
888,0.46035608649253845
889,0.3086576759815216
890,0.001034666900523007
891,0.46852073073387146
892,0.31009674072265625
893,0.001369216712191701
894,0.4765177369117737
895,0.30989980697631836
896,0.0034667514264583588
897,0.48760509490966797
898,0.30432602763175964
899,0.010547484271228313
900,0.45364028215408325
901,0.3052279055118561
902,0.001926494762301445
903,0.4726108908653259
904,0.2799198031425476
905,-0.00175549800042063
906,0.46359288692474365
907,0.2803342342376709
908,-0.0015581969637423754
909,0.48098161816596985
910,0.2819768786430359
911,0.0008736439631320536
912,0.48645442724227905
913,0.28634071350097656
914,0.004186586942523718
915,0.4931575357913971
916,0.3121918737888336
917,0.014230419881641865
918,0.4532744586467743
919,0.48152342438697815
920,0.00904011819511652
921,0.48772990703582764
922,0.29770368337631226
923,0.012248974293470383
924,0.5153735876083374
925,0.30983391404151917
926,0.05111353471875191
927,0.501852810382843
928,0.30570098757743835
929,0.022694513201713562
930,0.4658682644367218
931,0.3542586863040924
932,-0.007692145183682442
933,0.4351937472820282
934,0.39787042140960693
935,-0.024928294122219086
936,0.43325692415237427
937,0.41034170985221863
938,-0.02187165431678295
939,0.44680631160736084
940,0.4022709131240845
941,-0.019857842475175858
942,0.45330312848091125
943,0.4082430601119995
944,-0.012215182185173035
945,0.4413491189479828
946,0.4118345379829407
947,-0.0180149357765913
948,0.44704025983810425
949,0.4142921268939972
950,-0.010884180665016174
951,0.4623802602291107
952,0.4361569583415985
953,0.005426228977739811
954,0.42981255054473877
955,0.36101865768432617
956,-0.046781860291957855
957,0.43105319142341614
958,0.3492748737335205
959,-0.04909128695726395
960,0.4984205961227417
961,0.2763201892375946
962,0.006273648235946894
963,0.4496430456638336
964,0.32509422302246094
965,-0.008651763200759888
966,0.4503379464149475
967,0.3580518066883087
968,-0.02632506564259529
969,0.4511529207229614
970,0.35214465856552124
971,-0.023616360500454903
972,0.48950791358947754
973,0.354788213968277
974,0.0019339517457410693
975,0.4310325086116791
976,0.33503592014312744
977,-0.043808914721012115
978,0.4793492555618286
979,0.2639288902282715
980,-0.008336124941706657
981,0.4908466041088104
982,0.26787620782852173
983,-0.0020339994225651026
984,0.5064952373504639
985,0.2385089099407196
986,0.03273254632949829
987,0.4428698420524597
988,0.27232083678245544
989,-0.015209462493658066
990,0.45582979917526245
991,0.28369349241256714
992,0.0010016914457082748
993,0.4679549038410187
994,0.42001739144325256
995,0.005337469279766083
996,0.5026042461395264
997,0.42008671164512634
998,0.07197582721710205
999,0.44405597448349
1000,0.36434680223464966
1001,-0.023067712783813477
1002,0.4369010627269745
1003,0.36822402477264404
1004,-0.023978887125849724
1005,0.4606817364692688
1006,0.42212003469467163
1007,0.004381436854600906
1008,0.4558904767036438
1009,0.42207497358322144
1010,0.002247628290206194
1011,0.4953654408454895
1012,0.2606467008590698
1013,0.0023548672907054424
1014,0.45068809390068054
1015,0.36321407556533813
1016,-0.021753203123807907
1017,0.463622510433197
1018,0.26476025581359863
1019,-0.012887228280305862
1020,0.4653583765029907
1021,0.25507059693336487
1022,-0.01455606333911419
1023,0.4751380681991577
1024,0.20779430866241455
1025,0.0012516911374405026
1026,0.5006461143493652
1027,0.24889998137950897
1028,0.01567583717405796
1029,0.46940967440605164
1030,0.22994516789913177
1031,-0.007075458765029907
1032,0.5030744075775146
1033,0.27163374423980713
1034,0.013578446581959724
1035,0.5080767869949341
1036,0.2663576602935791
1037,0.03032217174768448
1038,0.43442922830581665
1039,0.40500369668006897
1040,-0.02436029352247715
1041,0.44400590658187866
1042,0.407897025346756
1043,-0.01926541142165661
1044,0.4503740668296814
1045,0.41132205724716187
1046,-0.012218859046697617
1047,0.44195300340652466
1048,0.3665071427822113
1049,-0.02138076163828373
1050,0.4583808481693268
1051,0.4223193824291229
1052,0.003111373633146286
1053,0.45504915714263916
1054,0.4323351979255676
1055,0.0004225309530738741
1056,0.4543338716030121
1057,0.421457439661026
1058,0.002066474873572588
1059,0.43938204646110535
1060,0.36079901456832886
1061,-0.034697894006967545
1062,0.445051908493042
1063,0.41361120343208313
1064,-0.009770145639777184
1065,0.4393637478351593
1066,0.41237664222717285
1067,-0.014983545988798141
1068,0.43212661147117615
1069,0.41204309463500977
1070,-0.018588026985526085
1071,0.4353924095630646
1072,0.4733102023601532
1073,0.000994885223917663
1074,0.4353983998298645
1075,0.4654511511325836
1076,-0.008415292017161846
1077,0.43467193841934204
1078,0.4583561420440674
1079,-0.010875306092202663
1080,0.43354544043540955
1081,0.4506106972694397
1082,-0.00984313152730465
1083,0.432424396276474
1084,0.4452592432498932
1085,-0.008762774989008904
1086,0.4458928108215332
1087,0.43625080585479736
1088,-0.002413473092019558
1089,0.44790852069854736
1090,0.43819624185562134
1091,-0.00340867112390697
1092,0.45074594020843506
1093,0.44159501791000366
1094,-0.003898078575730324
1095,0.4529992938041687
1096,0.4450489282608032
1097,-0.002174105728045106
1098,0.4592862129211426
1099,0.39604508876800537
1100,-0.009714582934975624
1101,0.5132206678390503
1102,0.3620382845401764
1103,0.08404535800218582
1104,0.4496510922908783
1105,0.43110013008117676
1106,0.0009203195222653449
1107,0.45238807797431946
1108,0.4315647482872009
1109,0.0002945725282188505
1110,0.4342288374900818
1111,0.37341955304145813
1112,-0.023887434974312782
1113,0.44791489839553833
1114,0.3703007400035858
1115,-0.015309314243495464
1116,0.43547752499580383
1117,0.3709495961666107
1118,-0.02426372468471527
1119,0.458298921585083
1120,0.33187517523765564
1121,-0.006151573732495308
1122,0.47137290239334106
1123,0.3399680256843567
1124,-0.004238773602992296
1125,0.4526134133338928
1126,0.3574643135070801
1127,-0.01897345669567585
1128,0.4945254623889923
1129,0.2205265313386917
1130,0.015858741477131844
1131,0.4885064959526062
1132,0.23617272078990936
1133,0.003555655013769865
1134,0.48234596848487854
1135,0.25462210178375244
1136,-0.006521299015730619
1137,0.4562014639377594
1138,0.44990044832229614
1139,0.0035120537504553795
1140,0.4460517466068268
1141,0.25721481442451477
1142,-0.018390273675322533
1143,0.44968146085739136
1144,0.22782571613788605
1145,-0.01296201255172491
1146,0.45362547039985657
1147,0.2012578248977661
1148,-0.007178786210715771
1149,0.4834820628166199
1150,0.3081994652748108
1151,0.006988120265305042
1152,0.5009758472442627
1153,0.32055747509002686
1154,0.01869470253586769
1155,0.4494483768939972
1156,0.30190351605415344
1157,0.003142908914014697
1158,0.4946320652961731
1159,0.29095935821533203
1160,0.011340545490384102
1161,0.4437694251537323
1162,0.31748467683792114
1163,-0.011578302830457687
1164,0.4449706971645355
1165,0.35375553369522095
1166,-0.03440944850444794
1167,0.5088541507720947
1168,0.32936960458755493
1169,0.02753518335521221
1170,0.4954354763031006
1171,0.327361524105072
1172,0.011216329410672188
1173,0.4852258563041687
1174,0.3304222524166107
1175,0.003563689300790429
1176,0.4699956774711609
1177,0.3280380964279175
1178,-0.0002263414062326774
1179,0.45858991146087646
1180,0.3230075240135193
1181,-0.0016905061202123761
1182,0.45007002353668213
1183,0.3172842562198639
1184,-0.003869357518851757
1185,0.4326723515987396
1186,0.30161893367767334
1187,-0.0202314592897892
1188,0.5072241425514221
1189,0.3528927266597748
1190,0.024824393913149834
1191,0.5007168650627136
1192,0.2898980677127838
1193,0.015120326541364193
1194,0.42706653475761414
1195,0.3672078847885132
1196,-0.04282606020569801
1197,0.4489514231681824
1198,0.33566516637802124
1199,-0.012447452172636986
1200,0.5169118642807007
1201,0.31050556898117065
1202,0.07835601270198822
1203,0.4438517093658447
1204,0.3108169436454773
1205,-0.005029540974646807
1206,0.4535152018070221
1207,0.3584631383419037
1208,-0.010023553855717182
1209,0.49058133363723755
1210,0.2982996106147766
1211,0.013690175488591194
1212,0.4456414580345154
1213,0.3464531898498535
1214,-0.03109738975763321
1215,0.5099271535873413
1216,0.38994109630584717
1217,0.08016889542341232
1218,0.4498080313205719
1219,0.29788532853126526
1220,0.005495357792824507
1221,0.43842700123786926
1222,0.3396211862564087
1223,-0.03905171528458595
1224,0.4860321283340454
1225,0.448648065328598
1226,0.03334607928991318
1227,0.48514774441719055
1228,0.4633573591709137
1229,0.04616669937968254
1230,0.5144187211990356
1231,0.35845106840133667
1232,0.05428929999470711
1233,0.4953061044216156
1234,0.4319344460964203
1235,0.04108937084674835
1236,0.5119007229804993
1237,0.2864161729812622
1238,0.04312315210700035
1239,0.454470157623291
1240,0.4942353367805481
1241,0.013207430019974709
1242,0.4262617230415344
1243,0.36961209774017334
1244,-0.031760066747665405
1245,0.4563679099082947
1246,0.3442132771015167
1247,-0.009503774344921112
1248,0.5082533955574036
1249,0.3085715174674988
1250,0.031002338975667953
1251,0.4761662483215332
1252,0.3033294081687927
1253,0.004594667814671993
1254,0.46884849667549133
1255,0.3038293421268463
1256,0.002528359415009618
1257,0.4575534462928772
1258,0.43331244587898254
1259,0.001473619369789958
1260,0.5050638318061829
1261,0.3768562376499176
1262,0.027343787252902985
1263,0.4391646087169647
1264,0.5135701298713684
1265,0.01520299632102251
1266,0.4643903374671936
1267,0.49311184883117676
1268,0.028962116688489914
1269,0.4742763340473175
1270,0.48040422797203064
1271,0.03659970685839653
1272,0.4619361162185669
1273,0.30277982354164124
1274,0.0022131381556391716
1275,0.4556019902229309
1276,0.30042487382888794
1277,0.0034150988794863224
1278,0.4516833424568176
1279,0.29911839962005615
1280,0.005209122784435749
1281,0.5060873627662659
1282,0.2881298363208771
1283,0.023445487022399902
1284,0.4570150077342987
1285,0.291306734085083
1286,0.0024484230671077967
1287,0.46401625871658325
1288,0.28911375999450684
1289,0.0007740434957668185
1290,0.4710136651992798
1291,0.28879687190055847
1292,0.0011141170980408788
1293,0.4781440198421478
1294,0.29074203968048096
1295,0.003125233808532357
1296,0.4827122390270233
1297,0.2936795651912689
1298,0.0059052687138319016
1299,0.5164884924888611
1300,0.2827136814594269
1301,0.0653756782412529
1302,0.4811583459377289
1303,0.3019367456436157
1304,0.007162751629948616
1305,0.45217573642730713
1306,0.38798147439956665
1307,-0.015163238160312176
1308,0.4442111849784851
1309,0.3625947833061218
1310,-0.02615315653383732
1311,0.43573909997940063
1312,0.3832210898399353
1313,-0.022692367434501648
1314,0.476057231426239
1315,0.465544730424881
1316,0.027660341933369637
1317,0.4657880365848541
1318,0.4796479344367981
1319,0.021022243425250053
1320,0.43936657905578613
1321,0.5048040151596069
1322,0.006364240311086178
1323,0.4937496781349182
1324,0.4449957609176636
1325,0.05889445170760155
1326,0.4520271122455597
1327,0.2951323688030243
1328,0.004226150456815958
1329,0.43782901763916016
1330,0.3196108341217041
1331,-0.022979548200964928
1332,0.45303618907928467
1333,0.5049399733543396
1334,0.02063053473830223
1335,0.5109195709228516
1336,0.38468870520591736
1337,0.05318353325128555
1338,0.4399723410606384
1339,0.4414523243904114
1340,-0.00602637929841876
1341,0.4418759346008301
1342,0.44528865814208984
1343,-0.006796578411012888
1344,0.44408515095710754
1345,0.4509407579898834
1346,-0.007279332727193832
1347,0.44572392106056213
1348,0.4572893977165222
1349,-0.005296019837260246
1350,0.44774237275123596
1351,0.46334660053253174
1352,0.0013097852934151888
1353,0.45226067304611206
1354,0.4172365367412567
1355,-0.004239728674292564
1356,0.455344021320343
1357,0.4159494936466217
1358,-0.004103698767721653
1359,0.4580114185810089
1360,0.4139467477798462
1361,-0.0039961389265954494
1362,0.4647473096847534
1363,0.40661105513572693
1364,-0.002308172406628728
1365,0.4942348897457123
1366,0.3816656768321991
1367,0.01112909335643053
1368,0.438090056180954
1369,0.30885156989097595
1370,-0.015387685969471931
1371,0.44331198930740356
1372,0.289550244808197
1373,-0.0005769745912402868
1374,0.4484649896621704
1375,0.29117387533187866
1376,0.0027538910508155823
1377,0.4499611556529999
1378,0.41555872559547424
1379,-0.0034489266108721495
1380,0.49351203441619873
1381,0.41258755326271057
1382,0.02521740458905697
1383,0.43586984276771545
1384,0.2882593274116516
1385,-0.011386284604668617
1386,0.45059484243392944
1387,0.47048699855804443
1388,0.006102394312620163
1389,0.43189164996147156
1390,0.31303250789642334
1391,-0.028453219681978226
1392,0.4435789883136749
1393,0.3371953070163727
1394,-0.023315733298659325
1395,0.4368455111980438
1396,0.48128676414489746
1397,0.003159256186336279
1398,0.46855610609054565
1399,0.43994948267936707
1400,0.01054240483790636
1401,0.45975640416145325
1402,0.3687449097633362
1403,-0.007594642229378223
1404,0.46084150671958923
1405,0.45645642280578613
1406,0.008916710503399372
1407,0.47759631276130676
1408,0.36959603428840637
1409,-0.0039268964901566505
1410,0.4665614664554596
1411,0.38190141320228577
1412,-0.005192864686250687
1413,0.48291489481925964
1414,0.3897079825401306
1415,0.0036624078638851643
1416,0.4385652542114258
1417,0.4929613173007965
1418,0.0031417221762239933
1419,0.4487422704696655
1420,0.3438571095466614
1421,-0.017488714307546616
1422,0.4744063913822174
1423,0.4505622982978821
1424,0.018182745203375816
1425,0.46428167819976807
1426,0.466501384973526
1427,0.014943932183086872
1428,0.4744863510131836
1429,0.4220532178878784
1430,0.00892957579344511
1431,0.5017254948616028
1432,0.39788785576820374
1433,0.030997177585959435
1434,0.4837413728237152
1435,0.4260331094264984
1436,0.016576651483774185
1437,0.5047387480735779
1438,0.40924596786499023
1439,0.050152488052845
1440,0.4718201756477356
1441,0.3979756534099579
1442,-0.0005016701761633158
1443,0.44323697686195374
1444,0.32751360535621643
1445,-0.0172800924628973
1446,0.4421089291572571
1447,0.3588702082633972
1448,-0.03632258623838425
1449,0.4477351903915405
1450,0.3617171347141266
1451,-0.02733572944998741
1452,0.43835771083831787
1453,0.3510453701019287
1454,-0.04244028031826019
1455,0.44988417625427246
1456,0.2807005047798157
1457,-0.0030148981604725122
1458,0.4633784890174866
1459,0.2749122679233551
1460,-0.004665481857955456
1461,0.4752659797668457
1462,0.2739448845386505
1463,-0.004300942178815603
1464,0.48508918285369873
1465,0.2762089967727661
1466,-0.0009686722769401968
1467,0.49173593521118164
1468,0.28173014521598816
1469,0.004310186021029949
1470,0.4953312873840332
1471,0.30195093154907227
1472,0.016851866617798805
1473,0.5158337354660034
1474,0.33391934633255005
1475,0.053155627101659775
1476,0.48881688714027405
1477,0.31634989380836487
1478,0.010042537935078144
1479,0.48023033142089844
1480,0.3189118504524231
1481,0.005093124695122242
1482,0.4695344567298889
1483,0.31845617294311523
1484,0.0017444035038352013
1485,0.4592350125312805
1486,0.3153071999549866
1487,0.0006467141211032867
1488,0.45140519738197327
1489,0.3109593689441681
1490,0.00019369181245565414
1491,0.4460551142692566
1492,0.3068079352378845
1493,-0.00012472286471165717
1494,0.5151166915893555
1495,0.3362221121788025
1496,0.08400300145149231
1497,0.4474499523639679
1498,0.3647274672985077
1499,-0.023187920451164246
1500,0.4375230073928833
1501,0.3292333781719208
1502,-0.029864192008972168
1503,0.4358575940132141
1504,0.35948288440704346
1505,-0.042776644229888916
1506,0.43131959438323975
1507,0.3653142750263214
1508,-0.03947336971759796
1509,0.43598559498786926
1510,0.3614259362220764
1511,-0.038730718195438385
1512,0.44520390033721924
1513,0.3683449625968933
1514,-0.020185692235827446
1515,0.4297372102737427
1516,0.36641982197761536
1517,-0.04169974476099014
1518,0.42899227142333984
1519,0.3688085377216339
1520,-0.03174460679292679
1521,0.44667327404022217
1522,0.29809999465942383
1523,0.004060132894665003
1524,0.44193074107170105
1525,0.30041155219078064
1526,-0.0011499206302687526
1527,0.43925100564956665
1528,0.30178946256637573
1529,-0.007295893970876932
1530,0.48549532890319824
1531,0.29590752720832825
1532,0.008678906597197056
1533,0.4903370141983032
1534,0.2913849353790283
1535,0.008989151567220688
1536,0.0
1537,0.0
1538,0.0
1539,0.0
1540,0.0
1541,0.0
1542,0.0
1543,0.0
1544,0.0
1545,0.0
1546,0.0
1547,0.0
1548,0.0
1549,0.0
1550,0.0
1551,0.0
1552,0.0
1553,0.0
1554,0.0
1555,0.0
1556,0.0
1557,0.0
1558,0.0
1559,0.0
1560,0.0
1561,0.0
1562,0.0
1563,0.0
1564,0.0
1565,0.0
1566,0.0
1567,0.0
1568,0.0
1569,0.0
1570,0.0
1571,0.0
1572,0.0
1573,0.0
1574,0.0
1575,0.0
1576,0.0
1577,0.0
1578,0.0
1579,0.0
1580,0.0
1581,0.0
1582,0.0
1583,0.0
1584,0.0
1585,0.0
1586,0.0
1587,0.0
1588,0.0
1589,0.0
1590,0.0
1591,0.0
1592,0.0
1593,0.0
1594,0.0
1595,0.0
1596,0.0
1597,0.0
1598,0.0
1599,0.11727692186832428
1600,0.692547082901001
1601,-5.914382761318393e-09
1602,0.1684938669204712
1603,0.645323634147644
1604,-0.015929799526929855
1605,0.19685828685760498
1606,0.5637551546096802
1607,-0.02031806670129299
1608,0.20788154006004333
1609,0.496137797832489
1610,-0.026025699451565742
1611,0.22051972150802612
1612,0.4467472434043884
1613,-0.03141830861568451
1614,0.14376792311668396
1615,0.476354718208313
1616,-0.0005046600708737969
1617,0.14454211294651031
1618,0.3929840326309204
1619,-0.00987344328314066
1620,0.1457303762435913
1621,0.3428986072540283
1622,-0.01533170323818922
1623,0.14286576211452484
1624,0.2982276678085327
1625,-0.019224710762500763
1626,0.11279197037220001
1627,0.479592889547348
1628,-0.003465167945250869
1629,0.11199791729450226
1630,0.40782254934310913
1631,-0.033927757292985916
1632,0.13203388452529907
1633,0.45383697748184204
1634,-0.048006948083639145
1635,0.14000704884529114
1636,0.500633955001831
1637,-0.04807077348232269
1638,0.08231634646654129
1639,0.4930083751678467
1640,-0.008352164179086685
1641,0.07910989969968796
1642,0.423052042722702
1643,-0.03823137283325195
1644,0.10442012548446655
1645,0.47096163034439087
1646,-0.040516823530197144
1647,0.11671962589025497
1648,0.5145054459571838
1649,-0.03227313607931137
1650,0.05182995647192001
1651,0.5136294364929199
1652,-0.01446082629263401
1653,0.025230340659618378
1654,0.4477236866950989
1655,-0.03214496746659279
1656,0.016763262450695038
1657,0.40362197160720825
1658,-0.03618773818016052
1659,0.007579393684864044
1660,0.3586042523384094
1661,-0.03524696081876755
