,0
0,0.37535175681114197
1,0.6757848262786865
2,-2.45548939704895
3,0.9990440607070923
4,0.44941210746765137
5,0.556340754032135
6,-2.471940279006958
7,0.998266339302063
8,0.4871952533721924
9,0.5577388405799866
10,-2.47188138961792
11,0.9985060691833496
12,0.5176852941513062
13,0.5596295595169067
14,-2.472242832183838
15,0.9980013370513916
16,0.33309146761894226
17,0.5503237247467041
18,-2.4189085960388184
19,0.9983168244361877
20,0.3037586212158203
21,0.5456418991088867
22,-2.4183177947998047
23,0.9984329342842102
24,0.2810308039188385
25,0.5403797626495361
26,-2.418297052383423
27,0.9981837272644043
28,0.5818356275558472
29,0.5647197961807251
30,-1.9228391647338867
31,0.9988206624984741
32,0.285640150308609
33,0.5190137028694153
34,-1.645326852798462
35,0.9986151456832886
36,0.4578855037689209
37,0.7806287407875061
38,-2.1993966102600098
39,0.999079704284668
40,0.32798701524734497
41,0.7692579030990601
42,-2.1225879192352295
43,0.9989140629768372
44,0.7771309614181519
45,0.8764966726303101
46,-1.3684329986572266
47,0.9904646277427673
48,0.15811732411384583
49,0.846053421497345
50,-0.9451378583908081
51,0.996346116065979
52,0.9357897639274597
53,1.4709357023239136
54,-1.6743898391723633
55,0.08113974332809448
56,0.03299393877387047
57,1.4730507135391235
58,-1.5255087614059448
59,0.37277233600616455
60,0.8331745862960815
61,1.7001609802246094
62,-2.300353527069092
63,0.05323660001158714
64,0.23712024092674255
65,1.0839508771896362
66,-2.9642090797424316
67,0.6304073929786682
68,0.8354029655456543
69,1.7846616506576538
70,-2.4456865787506104
71,0.07759947329759598
72,0.3086506724357605
73,0.98526531457901
74,-3.1808085441589355
75,0.5936960577964783
76,0.8016765713691711
77,1.7154744863510132
78,-2.4231245517730713
79,0.11883395165205002
80,0.2975456118583679
81,0.878003716468811
82,-3.0891170501708984
83,0.6271095871925354
84,0.7816083431243896
85,1.688107967376709
86,-2.3093578815460205
87,0.1256544440984726
88,0.2938012480735779
89,0.8892815709114075
90,-2.958583354949951
91,0.6016564965248108
92,0.6579789519309998
93,1.9129652976989746
94,-0.24241256713867188
95,0.00017321739869657904
96,0.22748196125030518
97,1.888681173324585
98,0.24763531982898712
99,0.00019088872068095952
100,0.6426454186439514
101,2.837202548980713
102,-0.25540173053741455
103,0.0013546604895964265
104,0.268168181180954
105,2.809196949005127
106,0.2820889353752136
107,0.00109926238656044
108,0.6279385685920715
109,3.6501357555389404
110,0.6696052551269531
111,0.00012764951679855585
112,0.3061887323856354
113,3.617230176925659
114,0.9341931343078613
115,1.4499759345198981e-05
116,0.6447232365608215
117,3.770754814147949
118,0.707426130771637
119,5.6766151828924194e-05
120,0.30730727314949036
121,3.724703550338745
122,0.9815655946731567
123,2.66294209723128e-05
124,0.5633974671363831
125,3.919384479522705
126,-0.26038360595703125
127,4.793488551513292e-05
128,0.33969879150390625
129,3.91148042678833
130,-0.008970437571406364
131,6.654473691014573e-05
132,0.3848137855529785
133,0.7720288038253784
134,-0.01191351655870676
135,0.3690341114997864
136,0.727030873298645
137,-0.07639012485742569
138,0.38058823347091675
139,0.7323997616767883
140,-0.028641927987337112
141,0.3608771562576294
142,0.6471997499465942
143,-0.07335808873176575
144,0.36737796664237976
145,0.7089608907699585
146,-0.08708987385034561
147,0.36966145038604736
148,0.677738606929779
149,-0.088767409324646
150,0.3811960518360138
151,0.5887390971183777
152,-0.07261398434638977
153,0.2848002314567566
154,0.5348279476165771
155,0.010920296423137188
156,0.3846943974494934
157,0.5291350483894348
158,-0.07892811298370361
159,0.3844730854034424
160,0.501133918762207
161,-0.09205851703882217
162,0.3902469873428345
163,0.37672191858291626
164,-0.11230427771806717
165,0.38600149750709534
166,0.7805763483047485
167,-0.006619949825108051
168,0.38774752616882324
169,0.7859290838241577
170,0.0004589026211760938
171,0.3898417353630066
172,0.7866309285163879
173,0.008813079446554184
174,0.3901369869709015
175,0.7896939516067505
176,0.019391916692256927
177,0.38995978236198425
178,0.7983807325363159
179,0.01895085535943508
180,0.39048540592193604
181,0.8083851337432861
182,0.018110036849975586
183,0.39186957478523254
184,0.8172802329063416
185,0.02298133820295334
186,0.3961259126663208
187,0.8246448040008545
188,0.040365226566791534
189,0.37210115790367126
190,0.7326858043670654
191,-0.06581515818834305
192,0.35912299156188965
193,0.7220610976219177
194,-0.04113844782114029
195,0.25471031665802
196,0.4164871573448181
197,0.0635012686252594
198,0.33231881260871887
199,0.5626415610313416
200,-0.008984113112092018
201,0.31725311279296875
202,0.5625119805335999
203,-0.004352009389549494
204,0.30222541093826294
205,0.559294581413269
206,0.002437711227685213
207,0.2830303907394409
208,0.5371630787849426
209,0.017135800793766975
210,0.34296849370002747
211,0.560495913028717
212,-0.012055156752467155
213,0.30126428604125977
214,0.5071927905082703
215,-0.0232889112085104
216,0.3192797601222992
217,0.5127051472663879
218,-0.028314953669905663
219,0.2862096428871155
220,0.5059527158737183
221,-0.01408964954316616
222,0.2779446244239807
223,0.5094952583312988
224,-0.00456882081925869
225,0.2756775915622711
226,0.5473527312278748
227,0.030200788751244545
228,0.3501456677913666
229,0.8255927562713623
230,0.08260147273540497
231,0.2793674170970917
232,0.5248566269874573
233,0.015423749573528767
234,0.2553291320800781
235,0.5050761699676514
236,0.10296806693077087
237,0.2627372443675995
238,0.5242431163787842
239,0.043556589633226395
240,0.3150818943977356
241,0.6567021608352661
242,0.006596320308744907
243,0.36497077345848083
244,0.7650279402732849
245,-0.007436761166900396
246,0.37187787890434265
247,0.7825177311897278
248,0.005973371677100658
249,0.34865057468414307
250,0.7635582685470581
251,0.007283194921910763
252,0.3420208692550659
253,0.7645718455314636
254,0.023556465283036232
255,0.3598824739456177
256,0.7783085107803345
257,0.015180906280875206
258,0.35236433148384094
259,0.7762635350227356
260,0.02861711196601391
261,0.3328530788421631
262,0.7753528356552124
263,0.0640239492058754
264,0.35595986247062683
265,0.7230101823806763
266,-0.07330524176359177
267,0.3525451421737671
268,0.7052445411682129
269,-0.08284582942724228
270,0.2579997181892395
271,0.4855409264564514
272,-0.005463188514113426
273,0.34284576773643494
274,0.6099745035171509
275,-0.018634887412190437
276,0.3267444968223572
277,0.6910942792892456
278,-0.02913341112434864
279,0.32853004336357117
280,0.6769412159919739
281,-0.026898641139268875
282,0.27997785806655884
283,0.6343774795532227
284,0.034899938851594925
285,0.35544565320014954
286,0.6758614778518677
287,-0.08070115000009537
288,0.28169283270835876
289,0.4833264946937561
290,-0.047485820949077606
291,0.2652013897895813
292,0.48023760318756104
293,-0.028181761503219604
294,0.2562633752822876
295,0.3926171064376831
296,0.017840983346104622
297,0.34842902421951294
298,0.5195772647857666
299,-0.06902936100959778
300,0.3351588547229767
301,0.522419810295105
302,-0.02496424689888954
303,0.32049351930618286
304,0.7583349347114563
305,0.06444767117500305
306,0.2931482493877411
307,0.6641324162483215
308,0.21343155205249786
309,0.33803412318229675
310,0.7037894129753113
311,-0.022465327754616737
312,0.35122182965278625
313,0.7155882716178894
314,-0.02415694110095501
315,0.33540987968444824
316,0.7686895728111267
317,0.05977562442421913
318,0.3422539234161377
319,0.7712998986244202
320,0.05330990254878998
321,0.2593231797218323
322,0.4617645740509033
323,-0.023664817214012146
324,0.32882192730903625
325,0.6955791711807251
326,-0.01813167706131935
327,0.3081776201725006
328,0.495169073343277
329,-0.06154623255133629
330,0.30451011657714844
331,0.47698915004730225
332,-0.07019150257110596
333,0.2975924611091614
334,0.3709449768066406
335,-0.06985205411911011
336,0.25774675607681274
337,0.42780911922454834
338,-0.00623541884124279
339,0.3022058606147766
340,0.4248407483100891
341,-0.07199282199144363
342,0.2531399130821228
343,0.469296932220459
344,0.005931157153099775
345,0.253815621137619
346,0.44477617740631104
347,0.03208332508802414
348,0.3677382469177246
349,0.7755833864212036
350,-0.0021454072557389736
351,0.3543629050254822
352,0.7730030417442322
353,0.01112406700849533
354,0.3469126522541046
355,0.7711174488067627
356,0.024981211870908737
357,0.34246960282325745
358,0.7080036401748657
359,-0.019788578152656555
360,0.3389119505882263
361,0.7705919742584229
362,0.05599907413125038
363,0.34391215443611145
364,0.7766689658164978
365,0.04742426052689552
366,0.34382206201553345
367,0.7701184153556824
368,0.05251124128699303
369,0.34208184480667114
370,0.7078312635421753
371,-0.04742198809981346
372,0.3569191098213196
373,0.7749780416488647
374,0.03126520663499832
375,0.36498987674713135
376,0.778755784034729
377,0.022059869021177292
378,0.37625932693481445
379,0.7833759784698486
380,0.013909016735851765
381,0.3777279853820801
382,0.81908118724823
383,0.044510360807180405
384,0.3737451434135437
385,0.8117516040802002
386,0.026597222313284874
387,0.3732509911060333
388,0.8027923107147217
389,0.022317182272672653
390,0.3741198480129242
391,0.7932636737823486
392,0.0233840923756361
393,0.3757856786251068
394,0.7865420579910278
395,0.02351854369044304
396,0.3561401069164276
397,0.777962327003479
398,0.0371343158185482
399,0.35356974601745605
400,0.7801764011383057
401,0.03615545481443405
402,0.35002440214157104
403,0.784091055393219
404,0.036487724632024765
405,0.3475278913974762
406,0.7877817749977112
407,0.04121125116944313
408,0.3270275890827179
409,0.7383506298065186
410,0.02265789546072483
411,0.2772097587585449
412,0.5663971304893494
413,0.20131371915340424
414,0.3759704828262329
415,0.7320785522460938
416,-0.04236595332622528
417,0.3512421250343323
418,0.7747266292572021
419,0.045780837535858154
420,0.34759262204170227
421,0.7757735252380371
422,0.04562615603208542
423,0.35805708169937134
424,0.7263631820678711
425,-0.020993445068597794
426,0.335618257522583
427,0.7067688703536987
428,-0.004679551813751459
429,0.35443970561027527
430,0.7215113639831543
431,-0.023453084751963615
432,0.3307212293148041
433,0.6157030463218689
434,-0.0054349228739738464
435,0.3091955780982971
436,0.6236435770988464
437,0.007753964513540268
438,0.32877570390701294
439,0.6815131306648254
440,-0.015312578529119492
441,0.2682238221168518
442,0.3767613470554352
443,-0.027585303410887718
444,0.2720140218734741
445,0.4195519983768463
446,-0.040334053337574005
447,0.27647972106933594
448,0.4633805751800537
449,-0.049295421689748764
450,0.3455173671245575
451,0.7896034717559814
452,0.057656608521938324
453,0.3416558504104614
454,0.492989718914032
455,-0.0832657665014267
456,0.33959537744522095
457,0.4333339333534241
458,-0.09252315014600754
459,0.3371565341949463
460,0.3713746964931488
461,-0.0975317656993866
462,0.28964120149612427
463,0.5501882433891296
464,0.01087264809757471
465,0.2645033001899719
466,0.5564107298851013
467,0.04611130431294441
468,0.34876298904418945
469,0.5583042502403259
470,-0.012922599911689758
471,0.26834338903427124
472,0.5094082951545715
473,0.011601032689213753
474,0.3512624502182007
475,0.6027914881706238
476,-0.030054990202188492
477,0.3326511085033417
478,0.693411648273468
479,-0.04872981831431389
480,0.25635966658592224
481,0.5600507855415344
482,0.07239943742752075
483,0.27126234769821167
484,0.5781121253967285
485,0.03573502600193024
486,0.28717127442359924
487,0.5944979786872864
488,0.019679570570588112
489,0.31390511989593506
490,0.5983955264091492
491,0.006219290196895599
492,0.33280181884765625
493,0.5939404368400574
494,-0.003949729260057211
495,0.34506547451019287
496,0.5895595550537109
497,-0.014832722023129463
498,0.36707305908203125
499,0.5894333124160767
500,-0.06168864667415619
501,0.2589247226715088
502,0.6030941009521484
503,0.08281873166561127
504,0.2596915066242218
505,0.5014521479606628
506,0.018801048398017883
507,0.363895982503891
508,0.7301427125930786
509,-0.06336595863103867
510,0.3411027491092682
511,0.6360868215560913
512,-0.01809227466583252
513,0.26512250304222107
514,0.48395103216171265
515,0.15477091073989868
516,0.35404545068740845
517,0.584961473941803
518,-0.023654859513044357
519,0.33101165294647217
520,0.6768834590911865
521,0.00026524969143792987
522,0.27649080753326416
523,0.5223588347434998
524,0.01982501707971096
525,0.3346679210662842
526,0.6760439872741699
527,-0.04643980413675308
528,0.28336310386657715
529,0.6121985912322998
530,0.21180690824985504
531,0.34773343801498413
532,0.5506028532981873
533,-0.01165191363543272
534,0.34449684619903564
535,0.674710750579834
536,-0.06696093082427979
537,0.3041103184223175
538,0.7473536133766174
539,0.1390111744403839
540,0.31349894404411316
541,0.7545211315155029
542,0.17481543123722076
543,0.26139169931411743
544,0.5855998992919922
545,0.14283140003681183
546,0.29070642590522766
547,0.711054801940918
548,0.15321120619773865
549,0.25426238775253296
550,0.47128739953041077
551,0.07068338990211487
552,0.34928205609321594
553,0.8387986421585083
554,0.10091859102249146
555,0.3686651587486267
556,0.7300289273262024
557,-0.04037424921989441
558,0.3309188783168793
559,0.644897997379303
560,-0.005051528103649616
561,0.2568349242210388
562,0.5206108093261719
563,0.06231846287846565
564,0.3008108139038086
565,0.5491218566894531
566,0.0004153041518293321
567,0.3154551386833191
568,0.5525943636894226
569,-0.005586675833910704
570,0.3403910994529724
571,0.7772805094718933
572,0.05214590206742287
573,0.26556235551834106
574,0.6395384073257446
575,0.10239407420158386
576,0.37439459562301636
577,0.8695706129074097
578,0.11023064702749252
579,0.3407973051071167
580,0.8217493295669556
581,0.13873901963233948
582,0.32863524556159973
583,0.7928145527839661
584,0.15464510023593903
585,0.3868579566478729
586,0.43971914052963257
587,-0.10460866987705231
588,0.4036564826965332
589,0.8816981911659241
590,0.10097058862447739
591,0.3288116157054901
592,0.5520337820053101
593,-0.009463796392083168
594,0.3400341868400574
595,0.5500823259353638
596,-0.010670864023268223
597,0.34594959020614624
598,0.5502407550811768
599,-0.010210497304797173
600,0.2545643746852875
601,0.48942339420318604
602,0.034623630344867706
603,0.3351443111896515
604,0.5325928926467896
605,-0.017820676788687706
606,0.32164281606674194
607,0.5235542058944702
608,-0.019281305372714996
609,0.30653026700019836
610,0.5196784734725952
611,-0.015565960668027401
612,0.29247692227363586
613,0.5194383859634399
614,-0.008160206489264965
615,0.2849418520927429
616,0.5220906734466553
617,-0.0004338296130299568
618,0.25743913650512695
619,0.4453731179237366
620,0.11127796769142151
621,0.2912123203277588
622,0.5425795912742615
623,0.0063246614299714565
624,0.38293200731277466
625,0.7435800433158875
626,-0.02010645717382431
627,0.3338411748409271
628,0.7333115339279175
629,0.006712805945426226
630,0.3361758291721344
631,0.703050971031189
632,-0.031096629798412323
633,0.3600451946258545
634,0.7402465343475342
635,-0.01393798552453518
636,0.3847320079803467
637,0.554477870464325
638,-0.07056006789207458
639,0.3194335699081421
640,0.7814064025878906
641,0.12877021729946136
642,0.3341410160064697
643,0.8092337846755981
644,0.11619922518730164
645,0.37044835090637207
646,0.8633431196212769
647,0.08565498143434525
648,0.30289098620414734
649,0.7128480672836304
650,0.1976659744977951
651,0.3435055911540985
652,0.5441629886627197
653,-0.01455571036785841
654,0.35521137714385986
655,0.6238866448402405
656,-0.052480682730674744
657,0.40045756101608276
658,0.8757127523422241
659,0.07733622938394547
660,0.35514819622039795
661,0.848684549331665
662,0.12253139168024063
663,0.26890963315963745
664,0.6267281770706177
665,0.15593959391117096
666,0.3645888864994049
667,0.7822198271751404
668,0.029780583456158638
669,0.3620936870574951
670,0.7869455814361572
671,0.029164372012019157
672,0.3597707450389862
673,0.7934279441833496
674,0.02876310981810093
675,0.35883453488349915
676,0.8011705279350281
677,0.033275485038757324
678,0.35967087745666504
679,0.8055635690689087
680,0.05001838505268097
681,0.3465217351913452
682,0.7738820314407349
683,0.04123399406671524
684,0.341453492641449
685,0.7708419561386108
686,0.04198642447590828
687,0.3370959162712097
688,0.7657822966575623
689,0.04163769260048866
690,0.3220251798629761
691,0.747429370880127
692,0.04264304041862488
693,0.277316689491272
694,0.6656026244163513
695,0.06986385583877563
696,0.3591480553150177
697,0.5953966379165649
698,-0.045005276799201965
699,0.35590440034866333
700,0.5435265302658081
701,-0.031220590695738792
702,0.3484230935573578
703,0.5404845476150513
704,-0.021751999855041504
705,0.35059985518455505
706,0.7718870639801025
707,0.04263458773493767
708,0.28547489643096924
709,0.7002360224723816
710,0.11153919994831085
711,0.3654439449310303
712,0.5517308712005615
713,-0.054666921496391296
714,0.35556232929229736
715,0.8132695555686951
716,0.0663631334900856
717,0.37354159355163574
718,0.6479628086090088
719,-0.08244398236274719
720,0.3635713756084442
721,0.6201785206794739
722,-0.07036461681127548
723,0.37739884853363037
724,0.619781494140625
725,-0.0776483342051506
726,0.343717485666275
727,0.6531206965446472
728,-0.03989911824464798
729,0.3986036777496338
730,0.8602781295776367
731,0.061189211905002594
732,0.3977908790111542
733,0.8403411507606506
734,0.05175410211086273
735,0.37576577067375183
736,0.8321931958198547
737,0.05865617096424103
738,0.32298165559768677
739,0.7708267569541931
740,0.0786585584282875
741,0.322174072265625
742,0.6881037950515747
743,0.010998453944921494
744,0.33828970789909363
745,0.7925437688827515
746,0.07402223348617554
747,0.29680708050727844
748,0.6721285581588745
749,0.025747274979948997
750,0.3138594925403595
751,0.7038190960884094
752,0.02408106066286564
753,0.2912404537200928
754,0.6941187977790833
755,0.052578408271074295
756,0.3713141977787018
757,0.8495355844497681
758,0.06995940208435059
759,0.337737500667572
760,0.6565312743186951
761,-0.022723261266946793
762,0.31617051362991333
763,0.7723417282104492
764,0.10186748951673508
765,0.33362865447998047
766,0.7991082072257996
767,0.09553319960832596
768,0.3096308410167694
769,0.7476953268051147
770,0.07530340552330017
771,0.27371883392333984
772,0.6691855788230896
773,0.11964312195777893
774,0.29844966530799866
775,0.7341234683990479
776,0.0943526178598404
777,0.27804112434387207
778,0.6669347286224365
779,0.1641576588153839
780,0.3088672161102295
781,0.7231056094169617
782,0.043980542570352554
783,0.3480210304260254
784,0.6294425129890442
785,-0.034130942076444626
786,0.33666038513183594
787,0.704343855381012
788,-0.051270440220832825
789,0.3303268551826477
790,0.699729859828949
791,-0.03048459067940712
792,0.3411199152469635
793,0.6993632316589355
794,-0.06608784943819046
795,0.34170064330101013
796,0.5249596834182739
797,-0.038521457463502884
798,0.31491392850875854
799,0.5081842541694641
800,-0.039707209914922714
801,0.2928210198879242
802,0.5002017021179199
803,-0.033574629575014114
804,0.2769004702568054
805,0.4974968433380127
806,-0.02127925120294094
807,0.2687618136405945
808,0.5003066658973694
809,-0.006950106471776962
810,0.27115368843078613
811,0.5240839123725891
812,0.02846704237163067
813,0.25709885358810425
814,0.5451579093933105
815,0.12484867870807648
816,0.2821615934371948
817,0.5609433650970459
818,0.023574797436594963
819,0.2966502904891968
820,0.5735697746276855
821,0.012252449057996273
822,0.3159199655056
823,0.5780607461929321
824,0.002518016379326582
825,0.33353209495544434
826,0.5762373805046082
827,-0.005383545998483896
828,0.3452250063419342
829,0.5736019015312195
830,-0.012142051942646503
831,0.3530610203742981
832,0.5716319680213928
833,-0.016910092905163765
834,0.2727583348751068
835,0.5238116383552551
836,0.1828596144914627
837,0.33287036418914795
838,0.7019616961479187
839,-0.021710500121116638
840,0.3509487509727478
841,0.6491941213607788
842,-0.057345207780599594
843,0.3456130027770996
844,0.7145718932151794
845,-0.0649605393409729
846,0.35658130049705505
847,0.7224322557449341
848,-0.057022351771593094
849,0.34723764657974243
850,0.7137193083763123
851,-0.056395068764686584
852,0.3382042646408081
853,0.7076324820518494
854,-0.01557152159512043
855,0.3590606451034546
856,0.7268434166908264
857,-0.060909196734428406
858,0.3631126880645752
859,0.7267655730247498
860,-0.04076077416539192
861,0.3522859811782837
862,0.5543617010116577
863,-0.015135187655687332
864,0.3591236174106598
865,0.5642772912979126
866,-0.025470247492194176
867,0.36147722601890564
868,0.5735933184623718
869,-0.03559078276157379
870,0.28133976459503174
871,0.5239782929420471
872,0.0066759479232132435
873,0.27421388030052185
874,0.513257622718811
875,0.0075591555796563625
876,0.3895978033542633
877,0.6509950160980225
878,-0.07991433888673782
879,0.5210903286933899
880,0.567319393157959
881,-0.03740379214286804
882,0.39459386467933655
883,0.7271254062652588
884,-0.0459163524210453
885,0.6011782884597778
886,0.4511052966117859
887,-0.011141381226480007
888,0.46521613001823425
889,0.5818478465080261
890,-0.039915286004543304
891,0.48268264532089233
892,0.5857105851173401
893,-0.041494257748126984
894,0.5011501908302307
895,0.586073637008667
896,-0.04058898240327835
897,0.5279792547225952
898,0.5705127716064453
899,-0.03409989923238754
900,0.4514893591403961
901,0.5760592222213745
902,-0.03640110418200493
903,0.4990712106227875
904,0.53172367811203
905,-0.06283921748399734
906,0.47881442308425903
907,0.5317636132240295
908,-0.059299618005752563
909,0.5169051885604858
910,0.5351908206939697
911,-0.05977407097816467
912,0.5282310843467712
913,0.5418709516525269
914,-0.053737007081508636
915,0.5416960716247559
916,0.581581175327301
917,-0.02452630177140236
918,0.45927003026008606
919,0.8461320400238037
920,0.061465904116630554
921,0.5303255319595337
922,0.5594151020050049
923,-0.03517257794737816
924,0.6030478477478027
925,0.5447196960449219
926,0.028323784470558167
927,0.5653184056282043
928,0.5620994567871094
929,-0.017997797578573227
930,0.4771326780319214
931,0.6768816113471985
932,-0.023513145744800568
933,0.4079809784889221
934,0.7709438800811768
935,-0.014582213945686817
936,0.40776026248931885
937,0.7872543334960938
938,-0.00068560621002689
939,0.43353134393692017
940,0.7752841711044312
941,-0.007924885489046574
942,0.44957271218299866
943,0.7783011198043823
944,0.0024653582368046045
945,0.4259353578090668
946,0.7867759466171265
947,0.001987602561712265
948,0.4397471845149994
949,0.7862175107002258
950,0.010962769389152527
951,0.47496891021728516
952,0.79421466588974
953,0.03599371016025543
954,0.3840198516845703
955,0.7271479368209839
956,-0.0774841159582138
957,0.38561421632766724
958,0.7096502780914307
959,-0.08783534169197083
960,0.5535661578178406
961,0.5225344896316528
962,-0.06390845775604248
963,0.44306135177612305
964,0.6224780082702637
965,-0.03877951577305794
966,0.43925905227661133
967,0.705986499786377
968,-0.047148577868938446
969,0.4417732357978821
970,0.6912984848022461
971,-0.045510128140449524
972,0.5307291746139526
973,0.6668106317520142
974,-0.015944786369800568
975,0.38676804304122925
976,0.6796831488609314
977,-0.08710182458162308
978,0.5092688202857971
979,0.5099433064460754
980,-0.08791114389896393
981,0.5355607271194458
982,0.5131816267967224
983,-0.07934526354074478
984,0.5826849341392517
985,0.42415767908096313
986,-0.04977165907621384
987,0.42631202936172485
988,0.528386652469635
989,-0.0824221521615982
990,0.46083253622055054
991,0.5373101830482483
992,-0.04996662214398384
993,0.4874330163002014
994,0.7803137898445129
995,0.030777184292674065
996,0.5847004652023315
997,0.7100979089736938
998,0.14612647891044617
999,0.42673274874687195
1000,0.7161040306091309
1001,-0.03613622859120369
1002,0.41144466400146484
1003,0.7227442860603333
1004,-0.031001346185803413
1005,0.468772292137146
1006,0.7833440899848938
1007,0.030582841485738754
1008,0.4599861800670624
1009,0.7836504578590393
1010,0.02773985266685486
1011,0.546334981918335
1012,0.49616068601608276
1013,-0.07829950004816055
1014,0.442025750875473
1015,0.7094144821166992
1016,-0.035590000450611115
1017,0.4738052785396576
1018,0.5139563083648682
1019,-0.08945053070783615
1020,0.4767642319202423
1021,0.4962161183357239
1022,-0.09900423884391785
1023,0.5019482970237732
1024,0.38965457677841187
1025,-0.10835079103708267
1026,0.563302755355835
1027,0.46089524030685425
1028,-0.0666242316365242
1029,0.48609858751296997
1030,0.4438108503818512
1031,-0.10542459785938263
1032,0.5658670663833618
1033,0.5071864128112793
1034,-0.0565953329205513
1035,0.5826341509819031
1036,0.4814927279949188
1037,-0.03588324412703514
1038,0.4079759418964386
1039,0.7811231017112732
1040,-0.009377078153192997
1041,0.42924636602401733
1042,0.7831047773361206
1043,-0.003087185323238373
1044,0.4444054961204529
1045,0.7831318378448486
1046,0.0058765471912920475
1047,0.4230947494506836
1048,0.7184563279151917
1049,-0.030411314219236374
1050,0.4640067219734192
1051,0.7838443517684937
1052,0.029081454500555992
1053,0.45569637417793274
1054,0.7891372442245483
1055,0.025016404688358307
1056,0.4583768844604492
1057,0.7823615670204163
1058,0.027578257024288177
1059,0.411624014377594
1060,0.7188317179679871
1061,-0.05984840542078018
1062,0.4373246431350708
1063,0.7831663489341736
1064,0.014467203989624977
1065,0.423711359500885
1066,0.7852203249931335
1067,0.009764636866748333
1068,0.4074614942073822
1069,0.7869871854782104
1070,0.007089062128216028
1071,0.4176010489463806
1072,0.8253720998764038
1073,0.037572965025901794
1074,0.4133124351501465
1075,0.8174906373023987
1076,0.019396625459194183
1077,0.41108331084251404
1078,0.8081191778182983
1079,0.014747622422873974
1080,0.4091586768627167
1081,0.7980087995529175
1082,0.016127226874232292
1083,0.40808939933776855
1084,0.7906484603881836
1085,0.016731498762965202
1086,0.4388265609741211
1087,0.7871407270431519
1088,0.02013942040503025
1089,0.4412914216518402
1090,0.7903597950935364
1091,0.019270025193691254
1092,0.4453667998313904
1093,0.7955650091171265
1094,0.019053349271416664
1095,0.4496380388736725
1096,0.8005838394165039
1097,0.02236599661409855
1098,0.46267440915107727
1099,0.7559288144111633
1100,-0.0018610632978379726
1101,0.6073542833328247
1102,0.6084918975830078
1103,0.1257811188697815
1104,0.447782963514328
1105,0.7848946452140808
1106,0.024140451103448868
1107,0.4511372447013855
1108,0.7868794202804565
1109,0.024147866293787956
1110,0.40523761510849
1111,0.731534481048584
1112,-0.02751294896006584
1113,0.4380015730857849
1114,0.7182213068008423
1115,-0.018422771245241165
1116,0.40814346075057983
1117,0.7276210784912109
1118,-0.03002706542611122
1119,0.460726261138916
1120,0.6318425536155701
1121,-0.03219931945204735
1122,0.48852723836898804
1123,0.6460877656936646
1124,-0.028444340452551842
1125,0.446219801902771
1126,0.6958944201469421
1127,-0.03430764749646187
1128,0.5513112545013428
1129,0.40322762727737427
1130,-0.08301732689142227
1131,0.5327199697494507
1132,0.44695061445236206
1133,-0.08906152099370956
1134,0.5162615776062012
1135,0.49108225107192993
1136,-0.09232603013515472
1137,0.4590325653553009
1138,0.806246817111969
1139,0.03489604592323303
1140,0.4315008521080017
1141,0.5020211338996887
1142,-0.09788122773170471
1143,0.4389059245586395
1144,0.4431803226470947
1145,-0.1098289042711258
1146,0.44962242245674133
1147,0.38149482011795044
1148,-0.11721006780862808
1149,0.5179117918014526
1150,0.5810093879699707
1151,-0.03728339821100235
1152,0.560968279838562
1153,0.5936030149459839
1154,-0.014637386426329613
1155,0.44334039092063904
1156,0.571681022644043
1157,-0.03462013602256775
1158,0.5456508994102478
1159,0.5452728867530823
1160,-0.04452842101454735
1161,0.4295694828033447
1162,0.6127564907073975
1163,-0.04631107673048973
1164,0.42393651604652405
1165,0.7065191268920898
1166,-0.06336960941553116
1167,0.5812146663665771
1168,0.6007938981056213
1169,0.0038710255175828934
1170,0.5456528067588806
1171,0.6124451160430908
1172,-0.02120244689285755
1173,0.5205187797546387
1174,0.623519778251648
1175,-0.02869945578277111
1176,0.48598212003707886
1177,0.6201114654541016
1178,-0.030377427116036415
1179,0.462181031703949
1180,0.6105917692184448
1181,-0.031735412776470184
1182,0.44534406065940857
1183,0.6025916337966919
1184,-0.035904861986637115
1185,0.39981549978256226
1186,0.5936028957366943
1187,-0.06863841414451599
1188,0.5759926438331604
1189,0.6445080041885376
1190,0.01487472653388977
1191,0.5610958337783813
1192,0.5389391183853149
1193,-0.04274110123515129
1194,0.3816530108451843
1195,0.7329557538032532
1196,-0.0666646957397461
1197,0.4400752782821655
1198,0.648297905921936
1199,-0.03707648441195488
1200,0.6145309209823608
1201,0.5212610960006714
1202,0.0760880783200264
1203,0.43126723170280457
1204,0.595005989074707
1205,-0.04000324755907059
1206,0.4498607814311981
1207,0.6908813118934631
1208,-0.01821085810661316
1209,0.5362123250961304
1210,0.5576163530349731
1211,-0.033216241747140884
1212,0.4269375205039978
1213,0.6879972815513611
1214,-0.061324845999479294
1215,0.5996983051300049
1216,0.6570942401885986
1217,0.13960178196430206
1218,0.44577375054359436
1219,0.5649670362472534
1220,-0.03424445167183876
1221,0.4066629409790039
1222,0.6826978921890259
1223,-0.07789590954780579
1224,0.5378243923187256
1225,0.788988471031189
1226,0.08932968229055405
1227,0.5410217642784119
1228,0.7965565919876099
1229,0.12435799837112427
1230,0.5987703800201416
1231,0.6303302049636841
1232,0.06872871518135071
1233,0.5609500408172607
1234,0.7560545206069946
1235,0.09472699463367462
1236,0.5937527418136597
1237,0.508657693862915
1238,-0.0013749172212556005
1239,0.46438756585121155
1240,0.8616717457771301
1241,0.07787887752056122
1242,0.3834631145000458
1243,0.7316837906837463
1244,-0.04228082299232483
1245,0.4564346373081207
1246,0.6601690649986267
1247,-0.028370440006256104
1248,0.581956148147583
1249,0.5600109100341797
1250,-0.005203224718570709
1251,0.4991639256477356
1252,0.5769060254096985
1253,-0.04183157905936241
1254,0.4824993312358856
1255,0.5765403509140015
1256,-0.04297316074371338
1257,0.46115419268608093
1258,0.790985107421875
1259,0.02768472023308277
1260,0.5723743438720703
1261,0.6822725534439087
1262,0.037771034985780716
1263,0.43656450510025024
1264,0.8820570707321167
1265,0.09733939915895462
1266,0.48902246356010437
1267,0.8516467809677124
1268,0.10642211884260178
1269,0.5128316283226013
1270,0.8295493125915527
1271,0.11386365443468094
1272,0.4683203399181366
1273,0.572102427482605
1274,-0.04149877279996872
1275,0.45532891154289246
1276,0.5667942762374878
1277,-0.0381242036819458
1278,0.4480650722980499
1279,0.5651767253875732
1280,-0.03490256145596504
1281,0.5756679773330688
1282,0.5279165506362915
1283,-0.03120393306016922
1284,0.46332642436027527
1285,0.5503801107406616
1286,-0.04614456743001938
1287,0.4804212152957916
1288,0.5452390909194946
1289,-0.05218829587101936
1290,0.49660277366638184
1291,0.5461657047271729
1292,-0.053972434252500534
1293,0.5120415687561035
1294,0.5501995086669922
1295,-0.05188772454857826
1296,0.5210778713226318
1297,0.5549423098564148
1298,-0.04713878035545349
1299,0.6107682585716248
1300,0.4813452661037445
1301,0.033565301448106766
1302,0.511591374874115
1303,0.5730509161949158
1304,-0.039509367197752
1305,0.4464366137981415
1306,0.7473227381706238
1307,-0.011833957396447659
1308,0.4256870448589325
1309,0.7160300016403198
1310,-0.04376824572682381
1311,0.40862831473350525
1312,0.7466121315956116
1313,-0.021760107949376106
1314,0.513595461845398
1315,0.818061888217926
1316,0.08854213356971741
1317,0.49023935198783875
1318,0.84011310338974
1319,0.08490872383117676
1320,0.43434324860572815
1321,0.8760160207748413
1322,0.07308869808912277
1323,0.5643687844276428
1324,0.7577628493309021
1325,0.13748764991760254
1326,0.4512620270252228
1327,0.5597546696662903
1328,-0.03982008248567581
1329,0.4108242094516754
1330,0.6309661865234375
1331,-0.06338178366422653
1332,0.46382203698158264
1333,0.8706448078155518
1334,0.09857357293367386
1335,0.5920143127441406
1336,0.6729919910430908
1337,0.0856357216835022
1338,0.4246044456958771
1339,0.7894363403320312
1340,0.017477000132203102
1341,0.42711731791496277
1342,0.7948440313339233
1343,0.01637224480509758
1344,0.43012550473213196
1345,0.8026303052902222
1346,0.015612737275660038
1347,0.43305400013923645
1348,0.811105489730835
1349,0.019279183819890022
1350,0.4404353201389313
1351,0.817908763885498
1352,0.03372909128665924
1353,0.4518662095069885
1354,0.7850460410118103
1355,0.018689589574933052
1356,0.4572576582431793
1357,0.7836113572120667
1358,0.017233949154615402
1359,0.4626796245574951
1360,0.7801284790039062
1361,0.015366433188319206
1362,0.4774441719055176
1363,0.7673783898353577
1364,0.011744692921638489
1365,0.5458415150642395
1366,0.7031060457229614
1367,0.014966397546231747
1368,0.41443929076194763
1369,0.6024425029754639
1370,-0.05672018975019455
1371,0.4304341971874237
1372,0.5533964037895203
1373,-0.04626127704977989
1374,0.4434703290462494
1375,0.553207278251648
1376,-0.0427008680999279
1377,0.44834572076797485
1378,0.7817289233207703
1379,0.021120937541127205
1380,0.5504921078681946
1381,0.7412616610527039
1382,0.05645682290196419
1383,0.4108320474624634
1384,0.5574129819869995
1385,-0.06345436722040176
1386,0.4508747160434723
1387,0.8301810622215271
1388,0.048208944499492645
1389,0.39483407139778137
1390,0.6240496635437012
1391,-0.07621772587299347
1392,0.42446479201316833
1393,0.6634126305580139
1394,-0.053629711270332336
1395,0.42369040846824646
1396,0.8407576084136963
1397,0.049842044711112976
1398,0.49151140451431274
1399,0.7977001070976257
1400,0.04657496511936188
1401,0.46497368812561035
1402,0.705188512802124
1403,-0.012909802608191967
1404,0.47371339797973633
1405,0.8153109550476074
1406,0.04877262935042381
1407,0.5045687556266785
1408,0.6998552680015564
1409,-0.013351533561944962
1410,0.4804924428462982
1411,0.7253875732421875
1412,-0.006174101959913969
1413,0.520856499671936
1414,0.7266634106636047
1415,0.008167498745024204
1416,0.4297142028808594
1417,0.8602150678634644
1418,0.058195021003484726
1419,0.43826788663864136
1420,0.6687970161437988
1421,-0.039807721972465515
1422,0.5071007609367371
1423,0.806043267250061
1424,0.06454689055681229
1425,0.4841492772102356
1426,0.8269442319869995
1427,0.06688743084669113
1428,0.5045552253723145
1429,0.7769603729248047
1430,0.03593111038208008
1431,0.5681785345077515
1432,0.7128548622131348
1433,0.05808938294649124
1434,0.5279975533485413
1435,0.7712068557739258
1436,0.04820892959833145
1437,0.5812845230102539
1438,0.7138791680335999
1439,0.09754610061645508
1440,0.4949339032173157
1441,0.7481740713119507
1442,0.007847173139452934
1443,0.4258325397968292
1444,0.6393228769302368
1445,-0.04932206869125366
1446,0.41700416803359985
1447,0.7169265151023865
1448,-0.064715676009655
1449,0.43331611156463623
1450,0.7140299677848816
1451,-0.04571033641695976
1452,0.4049715995788574
1453,0.7086880803108215
1454,-0.07746907323598862
1455,0.44519561529159546
1456,0.5378950238227844
1457,-0.05913536995649338
1458,0.47560450434684753
1459,0.5281540155410767
1460,-0.06971250474452972
1461,0.5017101168632507
1462,0.5261000990867615
1463,-0.07248736917972565
1464,0.523170530796051
1465,0.528012752532959
1466,-0.06841675192117691
1467,0.5379207134246826
1468,0.5344159007072449
1469,-0.059746164828538895
1470,0.5482509136199951
1471,0.5602535009384155
1472,-0.0279377494007349
1473,0.6031597256660461
1474,0.5878090262413025
1475,0.04834124073386192
1476,0.5300025939941406
1477,0.5930352807044983
1478,-0.027999745681881905
1479,0.5098275542259216
1480,0.6010316610336304
1481,-0.03258268162608147
1482,0.48516497015953064
1483,0.6003351807594299
1484,-0.03426891565322876
1485,0.46347272396087646
1486,0.5940516591072083
1487,-0.03430617228150368
1488,0.44789397716522217
1489,0.5876876711845398
1490,-0.03387396037578583
1491,0.4366515874862671
1492,0.5829846262931824
1493,-0.0346326008439064
1494,0.611548662185669
1495,0.562967836856842
1496,0.1045999750494957
1497,0.43448537588119507
1498,0.7150672078132629
1499,-0.03648453205823898
1500,0.406908243894577
1501,0.6563653349876404
1502,-0.06837771832942963
1503,0.3995692729949951
1504,0.7229053378105164
1505,-0.07342822104692459
1506,0.3929426074028015
1507,0.7280001044273376
1508,-0.06187925115227699
1509,0.40219375491142273
1510,0.7225658893585205
1511,-0.06525973230600357
1512,0.4309699535369873
1513,0.7186645269393921
1514,-0.028059260919690132
1515,0.3882030248641968
1516,0.7312566637992859
1517,-0.06490297615528107
1518,0.3900330364704132
1519,0.7304075360298157
1520,-0.044112540781497955
1521,0.4386720061302185
1522,0.5666382312774658
1523,-0.034031547605991364
1524,0.42771095037460327
1525,0.5736694931983948
1526,-0.03940499573945999
1527,0.4200320243835449
1528,0.5813179016113281
1529,-0.04734290391206741
1530,0.5262495875358582
1531,0.5579242706298828
1532,-0.04201754927635193
1533,0.5357650518417358
1534,0.5479658842086792
1535,-0.044421277940273285
1536,0.0
1537,0.0
1538,0.0
1539,0.0
1540,0.0
1541,0.0
1542,0.0
1543,0.0
1544,0.0
1545,0.0
1546,0.0
1547,0.0
1548,0.0
1549,0.0
1550,0.0
1551,0.0
1552,0.0
1553,0.0
1554,0.0
1555,0.0
1556,0.0
1557,0.0
1558,0.0
1559,0.0
1560,0.0
1561,0.0
1562,0.0
1563,0.0
1564,0.0
1565,0.0
1566,0.0
1567,0.0
1568,0.0
1569,0.0
1570,0.0
1571,0.0
1572,0.0
1573,0.0
1574,0.0
1575,0.0
1576,0.0
1577,0.0
1578,0.0
1579,0.0
1580,0.0
1581,0.0
1582,0.0
1583,0.0
1584,0.0
1585,0.0
1586,0.0
1587,0.0
1588,0.0
1589,0.0
1590,0.0
1591,0.0
1592,0.0
1593,0.0
1594,0.0
1595,0.0
1596,0.0
1597,0.0
1598,0.0
1599,0.286366730928421
1600,1.0057672262191772
1601,2.732743382694025e-07
1602,0.30135321617126465
1603,0.8817135691642761
1604,0.026052676141262054
1605,0.3469051122665405
1606,0.796131432056427
1607,0.023962948471307755
1608,0.4079095423221588
1609,0.7580353617668152
1610,0.016545068472623825
1611,0.4645327925682068
1612,0.7556086182594299
1613,0.008911732584238052
1614,0.3787268102169037
1615,0.7609729766845703
1616,-0.021223871037364006
1617,0.4918602705001831
1618,0.7217223644256592
1619,-0.02555578202009201
1620,0.5449354648590088
1621,0.7246851921081543
1622,-0.019019149243831635
1623,0.5760570764541626
1624,0.7367112040519714
1625,-0.012063545174896717
1626,0.4132213890552521
1627,0.8184281587600708
1628,-0.040121689438819885
1629,0.5358941555023193
1630,0.7792469263076782
1631,-0.03818848356604576
1632,0.5674052834510803
1633,0.8035055994987488
1634,-0.024866187945008278
1635,0.5684953927993774
1636,0.827298104763031
1637,-0.015705516561865807
1638,0.44184061884880066
1639,0.8889843821525574
1640,-0.05316678807139397
1641,0.5527931451797485
1642,0.8419786691665649
1643,-0.043650124222040176
1644,0.5606626868247986
1645,0.8658065795898438
1646,-0.020457888022065163
1647,0.541532576084137
1648,0.8890261650085449
1649,-0.006558556109666824
1650,0.4620154798030853
1651,0.9627832174301147
1652,-0.063992440700531
1653,0.5533983707427979
1654,0.9124807715415955
1655,-0.048743750900030136
1656,0.5571054816246033
1657,0.916607677936554
1658,-0.02328374795615673
1659,0.5377790927886963
1660,0.9277850389480591
1661,-0.004689165391027927
