,0
0,0.4168505072593689
1,0.3377726376056671
2,-0.6865648031234741
3,0.9999966621398926
4,0.4440375864505768
5,0.2863612473011017
6,-0.6209990382194519
7,0.9999940991401672
8,0.4602212905883789
9,0.28770777583122253
10,-0.6206115484237671
11,0.9999945759773254
12,0.47250837087631226
13,0.2904294431209564
14,-0.6200838685035706
15,0.9999943375587463
16,0.39109188318252563
17,0.2878663241863251
18,-0.6299641728401184
19,0.9999934434890747
20,0.37332454323768616
21,0.29051098227500916
22,-0.6288760900497437
23,0.9999926090240479
24,0.3571791648864746
25,0.29417884349823
26,-0.6289680004119873
27,0.9999916553497314
28,0.49130702018737793
29,0.32638680934906006
30,-0.26407554745674133
31,0.9999943375587463
32,0.3366072475910187
33,0.3289203643798828
34,-0.29546380043029785
35,0.9999939203262329
36,0.4515358805656433
37,0.40587714314460754
38,-0.5599249601364136
39,0.9999955296516418
40,0.38565629720687866
41,0.4026069939136505
42,-0.5702418088912964
43,0.999995231628418
44,0.6252434253692627
45,0.671449601650238
46,-0.1383872926235199
47,0.9999236464500427
48,0.20842058956623077
49,0.6912731528282166
50,-0.16698867082595825
51,0.9995590448379517
52,0.7598274946212769
53,1.035109519958496
54,-0.5254911780357361
55,0.8700563311576843
56,0.11631661653518677
57,1.0218782424926758
58,-0.2109796702861786
59,0.3807028830051422
60,0.7419644594192505
61,0.6493217349052429
62,-0.9910385012626648
63,0.9259471893310547
64,0.11437481641769409
65,1.461883306503296
66,-0.6236163377761841
67,0.28757235407829285
68,0.7071336507797241
69,0.5033395290374756
70,-1.1081092357635498
71,0.9193210601806641
72,0.0869659036397934
73,1.5709667205810547
74,-0.6915439367294312
75,0.33202409744262695
76,0.6863723993301392
77,0.46792593598365784
78,-0.9845597147941589
79,0.9256889224052429
80,0.11686001718044281
81,1.5555567741394043
82,-0.7742210626602173
83,0.4483659863471985
84,0.6794910430908203
85,0.5215641260147095
86,-0.9641202688217163
87,0.9226127862930298
88,0.13694696128368378
89,1.5196812152862549
90,-0.6755346655845642
91,0.45834124088287354
92,0.5744720697402954
93,1.465340256690979
94,-0.0745701789855957
95,0.003536473959684372
96,0.28990525007247925
97,1.46803879737854
98,0.08077732473611832
99,0.0020991270430386066
100,0.5676230788230896
101,2.1372742652893066
102,-0.25770872831344604
103,0.00042223717900924385
104,0.3074013888835907
105,2.131638765335083
106,0.13890008628368378
107,0.00011501415428938344
108,0.5631980299949646
109,2.7203638553619385
110,0.13572250306606293
111,2.196615605498664e-05
112,0.3143078088760376
113,2.709545135498047
114,0.46517205238342285
115,2.468361344654113e-06
116,0.5723257660865784
117,2.798872470855713
118,0.14384862780570984
119,2.059880534943659e-05
120,0.3064229488372803
121,2.7922215461730957
122,0.4853527545928955
123,8.338114639627747e-06
124,0.5151325464248657
125,2.9013168811798096
126,-0.4141140580177307
127,5.3308398491935804e-05
128,0.3517392575740814
129,2.8924453258514404
130,-0.0816284567117691
131,2.5507499231025577e-05
132,0.40920260548591614
133,0.3957686126232147
134,-0.025209501385688782
135,0.40673184394836426
136,0.35505056381225586
137,-0.04422110319137573
138,0.4079388678073883
139,0.3682478070259094
140,-0.02439405396580696
141,0.39984798431396484
142,0.3188837170600891
143,-0.032138340175151825
144,0.4064839780330658
145,0.3430483937263489
146,-0.046670593321323395
147,0.4065205752849579
148,0.3283381462097168
149,-0.043016791343688965
150,0.40713047981262207
151,0.2946225702762604
152,-0.020289665088057518
153,0.3523073196411133
154,0.29739847779273987
155,0.013631606474518776
156,0.40744584798812866
157,0.27099037170410156
158,-0.014452940784394741
159,0.40748536586761475
160,0.2562587261199951
161,-0.015423798002302647
162,0.4075533449649811
163,0.1995525360107422
164,-0.004182387143373489
165,0.40944796800613403
166,0.40195462107658386
167,-0.024325847625732422
168,0.40965989232063293
169,0.4070518910884857
170,-0.021758848801255226
171,0.4098433554172516
172,0.40942323207855225
173,-0.01819838024675846
174,0.41012847423553467
175,0.42247557640075684
176,-0.015289350412786007
177,0.410172700881958
178,0.4282701909542084
179,-0.016704576089978218
180,0.41025617718696594
181,0.4354912340641022
182,-0.018328746780753136
183,0.41038158535957336
184,0.4431772530078888
185,-0.01674092747271061
186,0.4105856418609619
187,0.4541000723838806
188,-0.008825743570923805
189,0.4070907235145569
190,0.3615095615386963
191,-0.04035531356930733
192,0.39954978227615356
193,0.3616778254508972
194,-0.02923201397061348
195,0.326463520526886
196,0.259371817111969
197,0.05364177003502846
198,0.3745294511318207
199,0.3047363758087158
200,0.004999595694243908
201,0.36695003509521484
202,0.3061782717704773
203,0.005650594364851713
204,0.35944122076034546
205,0.30634811520576477
206,0.007951746694743633
207,0.34907686710357666
208,0.3016285002231598
209,0.01475073304027319
210,0.3807576596736908
211,0.3014238476753235
212,0.005481179337948561
213,0.3638564348220825
214,0.2794836163520813
215,0.002148861065506935
216,0.37191179394721985
217,0.2796466648578644
218,0.002255738480016589
219,0.3562990128993988
220,0.28129270672798157
221,0.004834216088056564
222,0.35124409198760986
223,0.2850722372531891
224,0.008308134973049164
225,0.3430197536945343
226,0.30938148498535156
227,0.018508167937397957
228,0.37989217042922974
229,0.46910664439201355
230,0.0011288713430985808
231,0.34948021173477173
232,0.29554712772369385
233,0.016250068321824074
234,0.3224606513977051
235,0.3080257177352905
236,0.0550508126616478
237,0.334696888923645
238,0.3033203184604645
239,0.026929231360554695
240,0.36764857172966003
241,0.3508327305316925
242,-0.00408359058201313
243,0.3983757197856903
244,0.39437147974967957
245,-0.023722387850284576
246,0.40046513080596924
247,0.4075430631637573
248,-0.020138448104262352
249,0.387797087430954
250,0.39933404326438904
251,-0.018485499545931816
252,0.3817274570465088
253,0.4056990444660187
254,-0.011551844887435436
255,0.39289596676826477
256,0.4091525971889496
257,-0.016248034313321114
258,0.3874853253364563
259,0.41166260838508606
260,-0.009845856577157974
261,0.3728167712688446
262,0.4286274313926697
263,0.0021944136824458838
264,0.3998422622680664
265,0.3550621271133423
266,-0.04341726005077362
267,0.39853835105895996
268,0.34366101026535034
269,-0.045597366988658905
270,0.3392098546028137
271,0.2746139466762543
272,0.010860875248908997
273,0.3833546042442322
274,0.3217383921146393
275,-0.005136629566550255
276,0.3805145025253296
277,0.354007363319397
278,-0.022938847541809082
279,0.37995314598083496
280,0.3483734726905823
281,-0.020195400342345238
282,0.34513404965400696
283,0.351610392332077
284,0.006698370445519686
285,0.39907166361808777
286,0.32994014024734497
287,-0.04033220559358597
288,0.357400119304657
289,0.26173222064971924
290,-0.003555201692506671
291,0.34653618931770325
292,0.266140341758728
293,0.0028983224183321
294,0.33318835496902466
295,0.23801103234291077
296,0.03822218254208565
297,0.3913828134536743
298,0.26944682002067566
299,-0.0114982258528471
300,0.3790510296821594
301,0.2822228968143463
302,0.004490761086344719
303,0.3668721914291382
304,0.4159250557422638
305,0.004023425281047821
306,0.3322833478450775
307,0.41678664088249207
308,0.0728909969329834
309,0.38691678643226624
310,0.36019477248191833
311,-0.020000318065285683
312,0.3940885663032532
313,0.3638300895690918
314,-0.021520864218473434
315,0.37529781460762024
316,0.4171088635921478
317,0.003160102292895317
318,0.3796011209487915
319,0.41649097204208374
320,0.0008204393088817596
321,0.34237393736839294
322,0.2589970827102661
323,0.0073782214894890785
324,0.38055619597435
325,0.35948261618614197
326,-0.01862579584121704
327,0.3721611797809601
328,0.26210424304008484
329,-0.008478675968945026
330,0.3706241250038147
331,0.2527119219303131
332,-0.009777025319635868
333,0.362740695476532
334,0.2078915238380432
335,0.007140960078686476
336,0.33796268701553345
337,0.24775107204914093
338,0.020857904106378555
339,0.3674607276916504
340,0.22868242859840393
341,-0.0014548716135323048
342,0.33491575717926025
343,0.27023449540138245
344,0.018148628994822502
345,0.33069127798080444
346,0.26509398221969604
347,0.035120029002428055
348,0.3992805480957031
349,0.40181419253349304
350,-0.022854097187519073
351,0.3905787765979767
352,0.405126690864563
353,-0.017746370285749435
354,0.3845581114292145
355,0.40878352522850037
356,-0.011363544501364231
357,0.3891751766204834
358,0.36240121722221375
359,-0.01871541328728199
360,0.377437561750412
361,0.41706928610801697
362,0.0018406976014375687
363,0.38065314292907715
364,0.4211250841617584
365,-0.002850047079846263
366,0.38079142570495605
367,0.4156705141067505
368,0.0005146072944626212
369,0.3910161852836609
370,0.3555794954299927
371,-0.03130056709051132
372,0.38941630721092224
373,0.41116902232170105
374,-0.008715772069990635
375,0.394858717918396
376,0.41002726554870605
377,-0.013219795189797878
378,0.4017275869846344
379,0.40960678458213806
380,-0.016801025718450546
381,0.3987811505794525
382,0.45330625772476196
383,-0.008093509823083878
384,0.39905229210853577
385,0.44199028611183167
386,-0.01571066677570343
387,0.3996489942073822
388,0.43426570296287537
389,-0.016882624477148056
390,0.40047726035118103
391,0.42682546377182007
392,-0.015161288902163506
393,0.40140441060066223
394,0.422075092792511
395,-0.013804646208882332
396,0.38857409358024597
397,0.4199129343032837
398,-0.006450612097978592
399,0.3869956135749817
400,0.42178139090538025
401,-0.007776315324008465
402,0.3846729099750519
403,0.4254153072834015
404,-0.008784200996160507
405,0.3827173113822937
406,0.42964231967926025
407,-0.007245986722409725
408,0.3745042085647583
409,0.3924447000026703
410,-0.008703067898750305
411,0.3239496946334839
412,0.360609769821167
413,0.08671575039625168
414,0.4074688255786896
415,0.36432433128356934
416,-0.029883654788136482
417,0.38509711623191833
418,0.41878536343574524
419,-0.0021347482688724995
420,0.38295578956604004
421,0.41953244805336
422,-0.0029421166982501745
423,0.3970087766647339
424,0.3689448833465576
425,-0.022007817402482033
426,0.38383758068084717
427,0.36685532331466675
428,-0.013017917983233929
429,0.39560607075691223
430,0.3664820194244385
431,-0.02200433425605297
432,0.37512215971946716
433,0.3287365734577179
434,-0.0022393784020096064
435,0.3626962900161743
436,0.3368946611881256
437,0.00023449100262951106
438,0.3789064586162567
439,0.3539302945137024
440,-0.015675172209739685
441,0.34459424018859863
442,0.22047415375709534
443,0.02164934016764164
444,0.34961336851119995
445,0.2351188361644745
446,0.009043080732226372
447,0.35462644696235657
448,0.2526944875717163
449,-0.0014219536678865552
450,0.3792538344860077
451,0.4376939535140991
452,-0.001708173775114119
453,0.3888365924358368
454,0.2545972764492035
455,-0.014220506884157658
456,0.3860462009906769
457,0.22671732306480408
458,-0.007759138010442257
459,0.3830428421497345
460,0.20159488916397095
461,-0.0015296288765966892
462,0.35289496183395386
463,0.30500876903533936
464,0.011498605832457542
465,0.33493509888648987
466,0.3178583085536957
467,0.023101331666111946
468,0.38467109203338623
469,0.2980717718601227
470,0.006484251003712416
471,0.3426561653614044
472,0.2888270318508148
473,0.015487898141145706
474,0.3890380263328552
475,0.3140266537666321
476,-0.00820671021938324
477,0.3854677975177765
478,0.3490027189254761
479,-0.03087785840034485
480,0.32725369930267334
481,0.3268357217311859
482,0.03189879655838013
483,0.3399112820625305
484,0.324632465839386
485,0.01564265415072441
486,0.34961432218551636
487,0.32770609855651855
488,0.008093166165053844
489,0.3643564283847809
490,0.32505327463150024
491,0.003908874001353979
492,0.37524616718292236
493,0.31981009244918823
494,0.001969919539988041
495,0.3834712505340576
496,0.3139619529247284
497,-0.0003082573530264199
498,0.39944544434547424
499,0.29801392555236816
500,-0.016918417066335678
501,0.32809674739837646
502,0.3501870036125183
503,0.029116788879036903
504,0.3365342319011688
505,0.287969172000885
506,0.01948804408311844
507,0.402915894985199
508,0.36129364371299744
509,-0.03976035118103027
510,0.3833658993244171
511,0.3322163224220276
512,-0.008974413387477398
513,0.32194069027900696
514,0.30943357944488525
515,0.0820789486169815
516,0.38944926857948303
517,0.3074198067188263
518,-0.00167377560865134
519,0.378450483083725
520,0.355221688747406
521,-0.007280886173248291
522,0.346596360206604
523,0.2960060238838196
524,0.017729008570313454
525,0.38504424691200256
526,0.342143177986145
527,-0.027528313919901848
528,0.32650884985923767
529,0.3879668712615967
530,0.08199457824230194
531,0.3844820261001587
532,0.29430148005485535
533,0.00874077808111906
534,0.39193713665008545
535,0.33488133549690247
536,-0.03537636250257492
537,0.34723395109176636
538,0.44168785214424133
539,0.03112763725221157
540,0.3485342264175415
541,0.4563086926937103
542,0.044053636491298676
543,0.322125643491745
544,0.3560396134853363
545,0.05782069265842438
546,0.337931752204895
547,0.426285058259964
548,0.04098911210894585
549,0.32646623253822327
550,0.28486379981040955
551,0.047447025775909424
552,0.3784121870994568
553,0.4819302558898926
554,0.005205939989537001
555,0.40414726734161377
556,0.36403441429138184
557,-0.02932901494204998
558,0.3765111267566681
559,0.3411760628223419
560,-0.005933957174420357
561,0.32860323786735535
562,0.3062441945075989
563,0.03520258143544197
564,0.360152930021286
565,0.299335777759552
566,0.008743702434003353
567,0.3669604957103729
568,0.2996161878108978
569,0.00666465051472187
570,0.3783473074436188
571,0.4232284426689148
572,-0.0015273824101313949
573,0.32989567518234253
574,0.37371352314949036
575,0.031218472868204117
576,0.39338791370391846
577,0.49985748529434204
578,0.0062658945098519325
579,0.36930230259895325
580,0.48270729184150696
581,0.02278953790664673
582,0.35956019163131714
583,0.47163131833076477
584,0.03220099210739136
585,0.4075082242488861
586,0.22645753622055054
587,-0.01002543419599533
588,0.4111221432685852
589,0.5023322105407715
590,0.0035501918755471706
591,0.37326955795288086
592,0.29859697818756104
593,0.006120785605162382
594,0.3790518343448639
595,0.29655471444129944
596,0.007057339418679476
597,0.3826601803302765
598,0.29524099826812744
599,0.008640418760478497
600,0.3315109610557556
601,0.28648582100868225
602,0.027758006006479263
603,0.37830451130867004
604,0.29066088795661926
605,0.005988546181470156
606,0.371889591217041
607,0.2900490462779999
608,0.0044571226462721825
609,0.3656604588031769
610,0.2900713384151459
611,0.005070189945399761
612,0.35910096764564514
613,0.2914699614048004
614,0.007182607892900705
615,0.35461822152137756
616,0.2933416962623596
617,0.009879564866423607
618,0.32300105690956116
619,0.28168490529060364
620,0.06973384320735931
621,0.35556453466415405
622,0.2984406352043152
623,0.011302574537694454
624,0.4084309935569763
625,0.3773006498813629
626,-0.022630242630839348
627,0.38092175126075745
628,0.38423246145248413
629,-0.01361963339149952
630,0.38660940527915955
631,0.35811692476272583
632,-0.023085054010152817
633,0.3966643214225769
634,0.37895074486732483
635,-0.021558646112680435
636,0.40737590193748474
637,0.2828322947025299
638,-0.0140711460262537
639,0.3573494851589203
640,0.45720595121383667
641,0.02298668958246708
642,0.3674100935459137
643,0.46949854493141174
644,0.014554928988218307
645,0.3927890956401825
646,0.4906558096408844
647,-0.0030166220385581255
648,0.3399844765663147
649,0.43965762853622437
650,0.05889865383505821
651,0.38253253698349
652,0.2925451695919037
653,0.007641397882252932
654,0.3939468562602997
655,0.31558945775032043
656,-0.01963585428893566
657,0.4108704924583435
658,0.49316561222076416
659,-0.0053361207246780396
660,0.38013702630996704
661,0.49262893199920654
662,0.012958312407135963
663,0.3248451352119446
664,0.38159406185150146
665,0.055967316031455994
666,0.39423850178718567
667,0.42099371552467346
668,-0.010435394011437893
669,0.3926992416381836
670,0.4245211184024811
671,-0.01180516928434372
672,0.390973836183548
673,0.4301857352256775
674,-0.012936745770275593
675,0.38963156938552856
676,0.43700385093688965
677,-0.011665229685604572
678,0.3874770998954773
679,0.4466627240180969
680,-0.005729883909225464
681,0.38282060623168945
682,0.413870632648468
683,-0.004152039065957069
684,0.37993815541267395
685,0.4128705859184265
686,-0.0040524606592953205
687,0.3773290812969208
688,0.4110749661922455
689,-0.004042387008666992
690,0.3694103956222534
691,0.40311211347579956
692,-0.0021849367767572403
693,0.3399237394332886
694,0.37800323963165283
695,0.014973324723541737
696,0.39438462257385254
697,0.3052971661090851
698,-0.011961893178522587
699,0.3907250761985779
700,0.28635603189468384
701,0.0027656881138682365
702,0.3859190344810486
703,0.2883923649787903
704,0.006021701730787754
705,0.3849447965621948
706,0.41225555539131165
707,-0.0034935721196234226
708,0.3402310013771057
709,0.4077059030532837
710,0.02655419334769249
711,0.3972771167755127
712,0.28530699014663696
713,-0.008156387135386467
714,0.3835568130016327
715,0.45703697204589844
716,-0.0017066164873540401
717,0.40674635767936707
718,0.3166797161102295
719,-0.03508014976978302
720,0.3994872272014618
721,0.3089551329612732
722,-0.02520701475441456
723,0.40693897008895874
724,0.3060048818588257
725,-0.027325445786118507
726,0.38780173659324646
727,0.33320528268814087
728,-0.019945533946156502
729,0.4107133448123932
730,0.4803875684738159
731,-0.009264790453016758
732,0.410618394613266
733,0.4659857153892517
734,-0.008944958448410034
735,0.3964195251464844
736,0.4645727872848511
737,-0.006870421580970287
738,0.36568015813827515
739,0.4329967498779297
740,0.006859342567622662
741,0.3728742003440857
742,0.36535462737083435
743,-0.005044522229582071
744,0.3736817240715027
745,0.4465523064136505
746,0.0030230858828872442
747,0.3560837209224701
748,0.3655593693256378
749,-0.0005292837740853429
750,0.36661505699157715
751,0.37793269753456116
752,-0.0031671682372689247
753,0.35046476125717163
754,0.38548243045806885
755,0.005982506554573774
756,0.3938731849193573
757,0.4782327115535736
758,-0.006641869433224201
759,0.3828701078891754
760,0.3402312695980072
761,-0.014158133417367935
762,0.35931116342544556
763,0.4428773522377014
764,0.014252977445721626
765,0.3694351017475128
766,0.45669686794281006
767,0.0086682653054595
768,0.3594437539577484
769,0.41740840673446655
770,0.007898920215666294
771,0.3326556980609894
772,0.39400458335876465
773,0.033685680478811264
774,0.3499658405780792
775,0.42016544938087463
776,0.01597839780151844
777,0.3296186625957489
778,0.4051632583141327
779,0.051831185817718506
780,0.3614479601383209
781,0.3943355977535248
782,0.0008351468131877482
783,0.38876235485076904
784,0.3237839341163635
785,-0.013885390013456345
786,0.38826680183410645
787,0.3537556529045105
788,-0.0328327976167202
789,0.3831280469894409
790,0.3573991060256958
791,-0.024099528789520264
792,0.39160454273223877
793,0.3457236886024475
794,-0.038593076169490814
795,0.3847566246986389
796,0.27802982926368713
797,0.0007353491964749992
798,0.37226834893226624
799,0.27289167046546936
800,-0.0005808599526062608
801,0.36131906509399414
802,0.2721874415874481
803,-0.0001006390230031684
804,0.35212352871894836
805,0.274554967880249
806,0.0034599073696881533
807,0.34578830003738403
808,0.2799352705478668
809,0.008710761554539204
810,0.3415067493915558
811,0.2994700074195862
812,0.020973574370145798
813,0.3211745619773865
814,0.3317447006702423
815,0.056952595710754395
816,0.34709614515304565
817,0.31348294019699097
818,0.014402259141206741
819,0.3550141453742981
820,0.3157946765422821
821,0.009363841265439987
822,0.3653196096420288
823,0.31505370140075684
824,0.005847343243658543
825,0.37509599328041077
826,0.3118423819541931
827,0.0043563940562307835
828,0.38263410329818726
829,0.30749988555908203
830,0.003706265240907669
831,0.3877573311328888
832,0.30331555008888245
833,0.0031316368840634823
834,0.3229697346687317
835,0.33507615327835083
836,0.08719772100448608
837,0.38363397121429443
838,0.3608185946941376
839,-0.020151274278759956
840,0.393536239862442
841,0.32490813732147217
842,-0.026327870786190033
843,0.3940533399581909
844,0.3537764549255371
845,-0.03929421678185463
846,0.39899393916130066
847,0.3597594201564789
848,-0.03642575070261955
849,0.39426910877227783
850,0.35590749979019165
851,-0.035399481654167175
852,0.38620978593826294
853,0.3645300269126892
854,-0.017558256164193153
855,0.40039893984794617
856,0.36064133048057556
857,-0.038627900183200836
858,0.4014193117618561
859,0.3634120225906372
860,-0.02925027161836624
861,0.38732436299324036
862,0.2944555878639221
863,0.007293434347957373
864,0.39170947670936584
865,0.29694104194641113
866,0.0020141026470810175
867,0.3940016031265259
868,0.29846811294555664
869,-0.004054923541843891
870,0.3517669141292572
871,0.29463842511177063
872,0.01261612307280302
873,0.34709030389785767
874,0.28951495885849
875,0.013136059045791626
876,0.4139517545700073
877,0.318560928106308
878,-0.03250423073768616
879,0.4661462903022766
880,0.2956768870353699
881,0.01092232670634985
882,0.41550126671791077
883,0.36117780208587646
884,-0.029514454305171967
885,0.49525129795074463
886,0.2550466060638428
887,0.04957679659128189
888,0.44287657737731934
889,0.30371230840682983
890,0.0031208661384880543
891,0.4508124887943268
892,0.3047829866409302
893,0.003475567791610956
894,0.45868024230003357
895,0.30451151728630066
896,0.0053884368389844894
897,0.46967560052871704
898,0.29955998063087463
899,0.011844782158732414
900,0.4362684190273285
901,0.300656795501709
902,0.00404861057177186
903,0.45348024368286133
904,0.27811703085899353
905,-2.9204695238149725e-05
906,0.4452005922794342
907,0.2785314619541168
908,0.0005134737002663314
909,0.46143990755081177
910,0.2795547842979431
911,0.002383230021223426
912,0.46686142683029175
913,0.2831456661224365
914,0.0056015122681856155
915,0.4761187434196472
916,0.3064633011817932
917,0.015342849306762218
918,0.4422151744365692
919,0.467842161655426
920,-0.0003440820728428662
921,0.4691130816936493
922,0.2937990128993988
923,0.01342416275292635
924,0.49959471821784973
925,0.303641140460968
926,0.05098205804824829
927,0.48509469628334045
928,0.2998526394367218
929,0.023460907861590385
930,0.45017948746681213
931,0.3483797013759613
932,-0.006110290996730328
933,0.420306921005249
934,0.39331212639808655
935,-0.024289462715387344
936,0.41926345229148865
937,0.4065987169742584
938,-0.02076185680925846
939,0.43197572231292725
940,0.3971307575702667
941,-0.019555790349841118
942,0.43914300203323364
943,0.40256577730178833
944,-0.013030177913606167
945,0.42752695083618164
946,0.4072844386100769
947,-0.017394335940480232
948,0.43367332220077515
949,0.4089342951774597
950,-0.011268890462815762
951,0.4494076371192932
952,0.42516571283340454
953,0.00020971473713871092
954,0.41381964087486267
955,0.3546195328235626
956,-0.0436667874455452
957,0.4146953821182251
958,0.3432246446609497
959,-0.04582680016756058
960,0.47952109575271606
961,0.2717421352863312
962,0.00767615158110857
963,0.43318799138069153
964,0.32054266333580017
965,-0.006393378134816885
966,0.4350248873233795
967,0.3521324098110199
968,-0.0239728894084692
969,0.43571236729621887
970,0.3465086817741394
971,-0.021283237263560295
972,0.4739862084388733
973,0.34795576333999634
974,0.003394216066226363
975,0.41429564356803894
976,0.32956334948539734
977,-0.04067658632993698
978,0.4596633315086365
979,0.2600497603416443
980,-0.005896294955164194
981,0.47130176424980164
982,0.2638038694858551
983,-1.9881494154105894e-05
984,0.487094908952713
985,0.2340473234653473
986,0.03451681509613991
987,0.42423132061958313
988,0.2691248059272766
989,-0.012227402068674564
990,0.43800196051597595
991,0.28138530254364014
992,0.003117854008451104
993,0.4551401734352112
994,0.411930114030838
995,0.001678716973401606
996,0.49302932620048523
997,0.4133140444755554
998,0.06902366876602173
999,0.4289608895778656
1000,0.35866227746009827
1001,-0.020986536517739296
1002,0.42186298966407776
1003,0.3627929389476776
1004,-0.022027859464287758
1005,0.44697195291519165
1006,0.4129464626312256
1007,0.001089857192710042
1008,0.44262000918388367
1009,0.41256070137023926
1010,-0.0009274152107536793
1011,0.47581422328948975
1012,0.2563570737838745
1013,0.004380798898637295
1014,0.4356674253940582
1015,0.3574773967266083
1016,-0.019694417715072632
1017,0.44416511058807373
1018,0.26109132170677185
1019,-0.01005253940820694
1020,0.44560450315475464
1021,0.2514205873012543
1022,-0.01133872289210558
1023,0.4541771113872528
1024,0.20548926293849945
1025,0.005112994462251663
1026,0.4811677932739258
1027,0.24436286091804504
1028,0.017658937722444534
1029,0.44898343086242676
1030,0.22692376375198364
1031,-0.0032271796371787786
1032,0.48434048891067505
1033,0.2668859362602234
1034,0.014757306315004826
1035,0.48976534605026245
1036,0.26133084297180176
1037,0.03142391890287399
1038,0.41998422145843506
1039,0.4007694125175476
1040,-0.02345920540392399
1041,0.42962121963500977
1042,0.4030854105949402
1043,-0.018846452236175537
1044,0.4364755153656006
1045,0.40583336353302
1046,-0.012858632951974869
1047,0.42692452669143677
1048,0.3610023558139801
1049,-0.019396649673581123
1050,0.444793701171875
1051,0.41292625665664673
1052,-7.88099569035694e-05
1053,0.44139957427978516
1054,0.4176989197731018
1055,-0.004394014365971088
1056,0.44144484400749207
1057,0.4120466411113739
1058,-0.0011991916690021753
1059,0.42376747727394104
1060,0.3545604944229126
1061,-0.032079681754112244
1062,0.4318852722644806
1063,0.4085814356803894
1064,-0.010020983405411243
1065,0.42575186491012573
1066,0.40833112597465515
1067,-0.014274201355874538
1068,0.4183673858642578
1069,0.4087015390396118
1070,-0.01742953062057495
1071,0.42260125279426575
1072,0.45255398750305176
1073,-0.008692665956914425
1074,0.42197680473327637
1075,0.4411555230617523
1076,-0.016370603814721107
1077,0.42114078998565674
1078,0.43342089653015137
1079,-0.017631763592362404
1080,0.4201042950153351
1081,0.42599162459373474
1082,-0.015788977965712547
1083,0.41914790868759155
1084,0.4212886393070221
1085,-0.014391103759407997
1086,0.43303167819976807
1087,0.4174163043498993
1088,-0.007663448341190815
1089,0.4346167743206024
1090,0.41918301582336426
1091,-0.009033343754708767
1092,0.43702128529548645
1093,0.4227166175842285
1094,-0.010007641278207302
1095,0.43905606865882874
1096,0.42684170603752136
1097,-0.00854427833110094
1098,0.4452587068080902
1099,0.3895103633403778
1100,-0.010282163508236408
1101,0.5010519623756409
1102,0.3564397692680359
1103,0.0823480412364006
1104,0.4368545114994049
1105,0.4157794713973999
1106,-0.0035739599261432886
1107,0.4389899969100952
1108,0.41632983088493347
1109,-0.004463041201233864
1110,0.41919729113578796
1111,0.36803486943244934
1112,-0.022473398596048355
1113,0.43308910727500916
1114,0.36492040753364563
1115,-0.01387627050280571
1116,0.4204486310482025
1117,0.3655373454093933
1118,-0.022458326071500778
1119,0.4419698417186737
1120,0.32700926065444946
1121,-0.003960652742534876
1122,0.45512211322784424
1123,0.33438822627067566
1124,-0.0022122380323708057
1125,0.43733638525009155
1126,0.35186436772346497
1127,-0.016871362924575806
1128,0.4740400016307831
1129,0.21701326966285706
1130,0.018604116514325142
1131,0.4682351052761078
1132,0.23235578835010529
1133,0.006446355022490025
1134,0.4624696671962738
1135,0.25069811940193176
1136,-0.003807198256254196
1137,0.44280850887298584
1138,0.43525975942611694
1139,-0.003311478765681386
1140,0.42677661776542664
1141,0.2540740668773651
1142,-0.015018603764474392
1143,0.4295351505279541
1144,0.2257671058177948
1145,-0.008613308891654015
1146,0.43272826075553894
1147,0.2002207189798355
1148,-0.002624034881591797
1149,0.4656192660331726
1150,0.30295684933662415
1151,0.008705523796379566
1152,0.48467910289764404
1153,0.3141574561595917
1154,0.019611239433288574
1155,0.4322204291820526
1156,0.29761454463005066
1157,0.005258385557681322
1158,0.47624024748802185
1159,0.28627651929855347
1160,0.012388134375214577
1161,0.4270269274711609
1162,0.3131762146949768
1163,-0.00924924947321415
1164,0.4292166233062744
1165,0.3476901650428772
1166,-0.03171020373702049
1167,0.4932694435119629
1168,0.32263076305389404
1169,0.028009751811623573
1170,0.47911354899406433
1171,0.321063369512558
1172,0.012374380603432655
1173,0.46878644824028015
1174,0.3245032727718353
1175,0.005102191586047411
1176,0.45341673493385315
1177,0.32279473543167114
1178,0.0015820636181160808
1179,0.44199031591415405
1180,0.31827402114868164
1181,0.00023207835329230875
1182,0.43333718180656433
1183,0.31297749280929565
1184,-0.0016912921564653516
1185,0.41534027457237244
1186,0.2977477014064789
1187,-0.017376692965626717
1188,0.49240338802337646
1189,0.3458816707134247
1190,0.025220021605491638
1191,0.48285534977912903
1192,0.2847672402858734
1193,0.016121618449687958
1194,0.4114057719707489
1195,0.36098513007164
1196,-0.03993058577179909
1197,0.43293583393096924
1198,0.33088088035583496
1199,-0.010076754726469517
1200,0.501933753490448
1201,0.3049659729003906
1202,0.07758663594722748
1203,0.4269324243068695
1204,0.3067711293697357
1205,-0.002682862337678671
1206,0.43831878900527954
1207,0.353091299533844
1208,-0.008338372223079205
1209,0.4722190499305725
1210,0.2938888370990753
1211,0.014734107069671154
1212,0.42981022596359253
1213,0.3407860994338989
1214,-0.02842187136411667
1215,0.49875202775001526
1216,0.3840928077697754
1217,0.07789625227451324
1218,0.43255478143692017
1219,0.29396364092826843
1220,0.007493406534194946
1221,0.4220389425754547
1222,0.3340025842189789
1223,-0.03607554733753204
1224,0.47613099217414856
1225,0.4388844966888428
1226,0.02803502231836319
1227,0.47602009773254395
1228,0.45403754711151123
1229,0.04109879955649376
1230,0.5004833936691284
1231,0.35169947147369385
1232,0.05361760035157204
1233,0.48559433221817017
1234,0.4230211675167084
1235,0.03754179924726486
1236,0.4948105216026306
1237,0.28076595067977905
1238,0.04349784925580025
1239,0.4441053569316864
1240,0.4807935059070587
1241,0.0037248774897307158
1242,0.41087058186531067
1243,0.3637732267379761
1244,-0.029448887333273888
1245,0.4404990077018738
1246,0.3392013609409332
1247,-0.007408329285681248
1248,0.4919368326663971
1249,0.30240723490715027
1250,0.03149929642677307
1251,0.45776650309562683
1252,0.297906756401062
1253,0.0063707223162055016
1254,0.45062440633773804
1255,0.29843947291374207
1256,0.00449932087212801
1257,0.44378983974456787
1258,0.4196487069129944
1259,-0.0031818978022783995
1260,0.4913966655731201
1261,0.3694697320461273
1262,0.02724255621433258
1263,0.4290822148323059
1264,0.4993560314178467
1265,0.005383527372032404
1266,0.4541817903518677
1267,0.4814256429672241
1268,0.02078910358250141
1269,0.46448948979377747
1270,0.4699302315711975
1271,0.029778119176626205
1272,0.4440612494945526
1273,0.29771688580513
1274,0.004232003353536129
1275,0.4380689263343811
1276,0.29578709602355957
1277,0.005432168487459421
1278,0.4344214200973511
1279,0.2947613596916199
1280,0.0072148023173213005
1281,0.48853352665901184
1282,0.2827708423137665
1283,0.024135157465934753
1284,0.43902137875556946
1285,0.29013174772262573
1286,0.004308562725782394
1287,0.44562771916389465
1288,0.2893350422382355
1289,0.0024921875447034836
1290,0.452048122882843
1291,0.289156973361969
1292,0.002798916772007942
1293,0.4588225185871124
1294,0.29022881388664246
1295,0.004641365259885788
1296,0.4635390043258667
1297,0.29183754324913025
1298,0.007244796492159367
1299,0.4998512864112854
1300,0.27724558115005493
1301,0.06546016782522202
1302,0.4626064598560333
1303,0.29684385657310486
1304,0.008731666021049023
1305,0.43756434321403503
1306,0.3819967210292816
1307,-0.01489187590777874
1308,0.42890921235084534
1309,0.3566751778125763
1310,-0.023845817893743515
1311,0.420686811208725
1312,0.37793493270874023
1313,-0.022153999656438828
1314,0.4658615291118622
1315,0.4549286961555481
1316,0.020503830164670944
1317,0.45552513003349304
1318,0.4679156541824341
1319,0.012586805038154125
1320,0.4291715621948242
1321,0.49006110429763794
1322,-0.0038736930582672358
1323,0.4849890172481537
1324,0.4368192255496979
1325,0.05533686652779579
1326,0.4345218241214752
1327,0.2921045124530792
1328,0.006189431995153427
1329,0.42097601294517517
1330,0.31500786542892456
1331,-0.020276512950658798
1332,0.44273611903190613
1333,0.4917159676551819
1334,0.011500214226543903
1335,0.4982750713825226
1336,0.37747302651405334
1337,0.05192127078771591
1338,0.42680492997169495
1339,0.41936710476875305
1340,-0.011456531472504139
1341,0.428378701210022
1342,0.42279964685440063
1343,-0.012780748307704926
1344,0.43020665645599365
1345,0.4283527433872223
1346,-0.013974652625620365
1347,0.43171465396881104
1348,0.43520617485046387
1349,-0.012705925852060318
1350,0.43421676754951477
1351,0.4450319707393646
1352,-0.007026241160929203
1353,0.4390542805194855
1354,0.4104684889316559
1355,-0.005900179967284203
1356,0.44180771708488464
1357,0.4092646539211273
1358,-0.005947528872638941
1359,0.44438689947128296
1360,0.4072286784648895
1361,-0.00589144229888916
1362,0.45162445306777954
1363,0.39949679374694824
1364,-0.0042551239021122456
1365,0.48061829805374146
1366,0.3740788996219635
1367,0.011311748996376991
1368,0.4210187792778015
1369,0.30477187037467957
1370,-0.012818976305425167
1371,0.42566514015197754
1372,0.28610748052597046
1373,0.0019605422858148813
1374,0.4308628439903259
1375,0.2879877984523773
1376,0.004945370368659496
1377,0.43694984912872314
1378,0.40911707282066345
1379,-0.005090181715786457
1380,0.481940895318985
1381,0.4040575325489044
1382,0.023006753996014595
1383,0.4181646406650543
1384,0.2850950360298157
1385,-0.008571396581828594
1386,0.4383327066898346
1387,0.45556363463401794
1388,-0.0030444839503616095
1389,0.4147406220436096
1390,0.3086223006248474
1391,-0.025571249425411224
1392,0.4274146556854248
1393,0.33213087916374207
1394,-0.020743239670991898
1395,0.4250721037387848
1396,0.46390193700790405
1397,-0.007562990766018629
1398,0.4564976096153259
1399,0.430040180683136
1400,0.004698541015386581
1401,0.44506072998046875
1402,0.36290156841278076
1403,-0.0066633066162467
1404,0.44852396845817566
1405,0.4443100690841675
1406,0.0012829015031456947
1407,0.46291977167129517
1408,0.3624448776245117
1409,-0.0033032489009201527
1410,0.45257657766342163
1411,0.37515974044799805
1412,-0.005214036908000708
1413,0.46989691257476807
1414,0.38202694058418274
1415,0.0028990672435611486
1416,0.4278133511543274
1417,0.47757360339164734
1418,-0.007536367047578096
1419,0.43304771184921265
1420,0.3387361466884613
1421,-0.015184184536337852
1422,0.46316537261009216
1423,0.4401869475841522
1424,0.011843737214803696
1425,0.4530467391014099
1426,0.454789400100708
1427,0.006827909499406815
1428,0.4624353349208832
1429,0.4138280749320984
1430,0.005143561400473118
1431,0.4894465208053589
1432,0.3900465965270996
1433,0.029859064146876335
1434,0.4721505641937256
1435,0.41681987047195435
1436,0.012863075360655785
1437,0.49389123916625977
1438,0.40136629343032837
1439,0.04799479991197586
1440,0.45915019512176514
1441,0.39090588688850403
1442,-0.0018104523187503219
1443,0.42681175470352173
1444,0.32283124327659607
1445,-0.01478651724755764
1446,0.4264107942581177
1447,0.35256510972976685
1448,-0.0335766039788723
1449,0.4324584901332855
1450,0.35577237606048584
1451,-0.02502393163740635
1452,0.42224180698394775
1453,0.34488043189048767
1454,-0.039389468729496
1455,0.4317810833454132
1456,0.2775185704231262
1457,-0.00032045491388998926
1458,0.44455403089523315
1459,0.2718244194984436
1460,-0.0021762882824987173
1461,0.4558131694793701
1462,0.2707071304321289
1463,-0.0022259224206209183
1464,0.46551617980003357
1465,0.2725776731967926
1466,0.0008056833175942302
1467,0.4725102186203003
1468,0.27761876583099365
1469,0.005893625784665346
1470,0.4778458774089813
1471,0.2966979146003723
1472,0.01769542694091797
1473,0.5011501908302307
1474,0.3273755609989166
1475,0.052660975605249405
1476,0.47169753909111023
1477,0.3106863498687744
1478,0.01140652783215046
1479,0.46322113275527954
1480,0.31331929564476013
1481,0.006655643694102764
1482,0.4524814486503601
1483,0.3132065236568451
1484,0.003592082764953375
1485,0.44225791096687317
1486,0.3104977309703827
1487,0.0026249908842146397
1488,0.4343724548816681
1489,0.30662044882774353
1490,0.0023790490813553333
1491,0.4289804697036743
1492,0.30275899171829224
1493,0.002069892128929496
1494,0.5015860795974731
1495,0.330674946308136
1496,0.08271787315607071
1497,0.4324316084384918
1498,0.35901233553886414
1499,-0.02104928530752659
1500,0.4208236038684845
1501,0.3241848945617676
1502,-0.027031309902668
1503,0.4199911057949066
1504,0.35300540924072266
1505,-0.03979732096195221
1506,0.41570550203323364
1507,0.359182745218277
1508,-0.03669673204421997
1509,0.42026928067207336
1510,0.3550882339477539
1511,-0.035929642617702484
1512,0.43027371168136597
1513,0.36289623379707336
1514,-0.01839844323694706
1515,0.4140642285346985
1516,0.3601907193660736
1517,-0.0388077050447464
1518,0.4136417806148529
1519,0.36296623945236206
1520,-0.029447929933667183
1521,0.4294740855693817
1522,0.2941356897354126
1523,0.006198596674948931
1524,0.4247319996356964
1525,0.29664361476898193
1526,0.0012447928311303258
1527,0.4220432639122009
1528,0.2980804145336151
1529,-0.004771963693201542
1530,0.46661651134490967
1531,0.29306113719940186
1532,0.009852739982306957
1533,0.4713827073574066
1534,0.287380576133728
1535,0.010228963568806648
1536,0.7121089100837708
1537,0.6183831691741943
1538,-4.041201862037269e-08
1539,0.658270537853241
1540,0.5778425931930542
1541,-0.0035709140356630087
1542,0.6382389068603516
1543,0.5033296942710876
1544,-0.006440513301640749
1545,0.6297701597213745
1546,0.44350311160087585
1547,-0.014098205603659153
1548,0.6264560222625732
1549,0.395456999540329
1550,-0.021971916779875755
1551,0.6686252355575562
1552,0.4282481074333191
1553,0.0022116831969469786
1554,0.6593841910362244
1555,0.34934836626052856
1556,-0.01655232347548008
1557,0.6540258526802063
1558,0.29497799277305603
1559,-0.027143141254782677
1560,0.6509441137313843
1561,0.2525375485420227
1562,-0.032158371061086655
1563,0.6843201518058777
1564,0.4251933693885803
1565,-0.0074297278188169
1566,0.624714732170105
1567,0.38809719681739807
1568,-0.03820525109767914
1569,0.5774155259132385
1570,0.3811507523059845
1571,-0.052790671586990356
1572,0.5428151488304138
1573,0.38046011328697205
1574,-0.05515018478035927
1575,0.6975131034851074
1576,0.43294936418533325
1577,-0.01851331815123558
1578,0.6250917911529541
1579,0.44727253913879395
1580,-0.05327335000038147
1581,0.6247736811637878
1582,0.5091098546981812
1583,-0.05278109386563301
1584,0.6373504400253296
1585,0.5547540187835693
1586,-0.04000536724925041
1587,0.7079504728317261
1588,0.4494747519493103
1589,-0.030020220205187798
1590,0.6429458856582642
1591,0.4589918851852417
1592,-0.05267874523997307
1593,0.6390199661254883
1594,0.5075880289077759
1595,-0.0466262586414814
1596,0.6496776342391968
1597,0.5449160933494568
1598,-0.033543482422828674
1599,0.0
1600,0.0
1601,0.0
1602,0.0
1603,0.0
1604,0.0
1605,0.0
1606,0.0
1607,0.0
1608,0.0
1609,0.0
1610,0.0
1611,0.0
1612,0.0
1613,0.0
1614,0.0
1615,0.0
1616,0.0
1617,0.0
1618,0.0
1619,0.0
1620,0.0
1621,0.0
1622,0.0
1623,0.0
1624,0.0
1625,0.0
1626,0.0
1627,0.0
1628,0.0
1629,0.0
1630,0.0
1631,0.0
1632,0.0
1633,0.0
1634,0.0
1635,0.0
1636,0.0
1637,0.0
1638,0.0
1639,0.0
1640,0.0
1641,0.0
1642,0.0
1643,0.0
1644,0.0
1645,0.0
1646,0.0
1647,0.0
1648,0.0
1649,0.0
1650,0.0
1651,0.0
1652,0.0
1653,0.0
1654,0.0
1655,0.0
1656,0.0
1657,0.0
1658,0.0
1659,0.0
1660,0.0
1661,0.0
