,0
0,0.4287160038948059
1,0.362197607755661
2,-0.8990160822868347
3,0.9999839663505554
4,0.45887652039527893
5,0.3009433150291443
6,-0.8380107879638672
7,0.9999598860740662
8,0.47412577271461487
9,0.30197516083717346
10,-0.8377612233161926
11,0.9999567866325378
12,0.48580917716026306
13,0.30320945382118225
14,-0.8374937772750854
15,0.9999468922615051
16,0.40557780861854553
17,0.3018369674682617
18,-0.8337763547897339
19,0.9999667406082153
20,0.38818827271461487
21,0.3021335005760193
22,-0.8331707119941711
23,0.9999709725379944
24,0.3711557984352112
25,0.3035939633846283
26,-0.8332051038742065
27,0.9999730587005615
28,0.5098022222518921
29,0.3354514539241791
30,-0.42390531301498413
31,0.9999422430992126
32,0.35117965936660767
33,0.33365151286125183
34,-0.3886217474937439
35,0.9999735951423645
36,0.46249690651893616
37,0.431540310382843
38,-0.7495609521865845
39,0.9999755620956421
40,0.39558324217796326
41,0.4346083104610443
42,-0.7389683127403259
43,0.9999762773513794
44,0.6430503129959106
45,0.6817722320556641
46,-0.15222367644309998
47,0.9993188381195068
48,0.2518559396266937
49,0.6676256656646729
50,-0.2811358869075775
51,0.9997891783714294
52,0.7355305552482605
53,1.0239646434783936
54,-0.055864639580249786
55,0.3650968074798584
56,0.13829216361045837
57,1.027540683746338
58,-0.7922989130020142
59,0.9303826093673706
60,0.7575558423995972
61,1.4156630039215088
62,-0.30606162548065186
63,0.32954493165016174
64,0.23942553997039795
65,0.6547933220863342
66,-1.7420120239257812
67,0.9603082537651062
68,0.7909141778945923
69,1.5079814195632935
70,-0.3761152923107147
71,0.41592907905578613
72,0.2578611373901367
73,0.5321712493896484
74,-1.9390068054199219
75,0.954352080821991
76,0.7555426359176636
77,1.4966596364974976
78,-0.42498594522476196
79,0.5246309638023376
80,0.2630590796470642
81,0.49478816986083984
82,-1.9012130498886108
83,0.9583727121353149
84,0.7279460430145264
85,1.4645854234695435
86,-0.34386783838272095
87,0.5279836654663086
88,0.27051734924316406
89,0.5356982350349426
90,-1.7538868188858032
91,0.9553807973861694
92,0.5755511522293091
93,1.4293736219406128
94,-0.04465866833925247
95,0.0008210728992708027
96,0.28806936740875244
97,1.4252890348434448
98,0.049044691026210785
99,0.00104524998459965
100,0.5442880988121033
101,2.070399761199951
102,-0.12126312404870987
103,0.0003644962271209806
104,0.2909027636051178
105,2.078444719314575
106,0.05550944805145264
107,0.00021089089568704367
108,0.5204489231109619
109,2.646106243133545
110,0.4252234101295471
111,0.00010800448944792151
112,0.28193169832229614
113,2.651109218597412
114,0.4862607419490814
115,5.496157882589614e-06
116,0.5252339243888855
117,2.723471164703369
118,0.44136595726013184
119,6.32545052212663e-05
120,0.27636849880218506
121,2.724548101425171
122,0.5146306753158569
123,1.4346459465741646e-05
124,0.4774090349674225
125,2.819072961807251
126,-0.1906716674566269
127,4.3391857616370544e-05
128,0.304938942193985
129,2.841758966445923
130,-0.17101801931858063
131,2.8026521249557845e-05
132,0.4263046979904175
133,0.4077264666557312
134,-0.024303695186972618
135,0.4250848889350891
136,0.36760836839675903
137,-0.04748176038265228
138,0.4257386326789856
139,0.3795952796936035
140,-0.025115083903074265
141,0.4185081124305725
142,0.3287883996963501
143,-0.036507293581962585
144,0.4251018464565277
145,0.3553546965122223
146,-0.05053498595952988
147,0.42538008093833923
148,0.3397250771522522
149,-0.04736529663205147
150,0.4262431263923645
151,0.3027227222919464
152,-0.025385063141584396
153,0.36798036098480225
154,0.2985837459564209
155,0.009969216771423817
156,0.4267849922180176
157,0.2767103314399719
158,-0.020636817440390587
159,0.42708903551101685
160,0.2615066170692444
161,-0.022831490263342857
162,0.42831435799598694
163,0.20168428122997284
164,-0.014849641360342503
165,0.4263894557952881
166,0.41390320658683777
167,-0.023244183510541916
168,0.42646104097366333
169,0.4186631441116333
170,-0.02054985798895359
171,0.4265586733818054
172,0.42049115896224976
173,-0.016738131642341614
174,0.42621999979019165
175,0.4456021189689636
176,-0.009456578642129898
177,0.4261678457260132
178,0.45212286710739136
179,-0.010623644106090069
180,0.42612770199775696
181,0.459509938955307
182,-0.011631704866886139
183,0.42607590556144714
184,0.4669349789619446
185,-0.008762837387621403
186,0.4259330928325653
187,0.4737345278263092
188,0.000946870946791023
189,0.42526689171791077
190,0.3737306296825409
191,-0.04303860291838646
192,0.4173959195613861
193,0.3726917505264282
194,-0.03104739636182785
195,0.34239086508750916
196,0.2565518021583557
197,0.04859192669391632
198,0.39159876108169556
199,0.3089737892150879
200,0.0012592634884640574
201,0.38361406326293945
202,0.30986860394477844
203,0.0018507186323404312
204,0.37575817108154297
205,0.3094775974750519
206,0.004153958056122065
207,0.36498311161994934
208,0.30291637778282166
209,0.011273954063653946
210,0.3982698619365692
211,0.3061603903770447
212,0.0016666899900883436
213,0.38026824593544006
214,0.27995210886001587
215,-0.0023973823990672827
216,0.3894166946411133
217,0.2809222340583801
218,-0.0025344733148813248
219,0.3718273341655731
220,0.2815719246864319
221,0.00042708139517344534
222,0.3663056790828705
223,0.28541839122772217
224,0.004051002208143473
225,0.3589821755886078
226,0.3112099766731262
227,0.01562577672302723
228,0.39424699544906616
229,0.47908198833465576
230,0.011959952302277088
231,0.36490780115127563
232,0.29575929045677185
233,0.01266511157155037
234,0.3379283845424652
235,0.3062686622142792
236,0.053576238453388214
237,0.350504994392395
238,0.30399829149246216
239,0.024021074175834656
240,0.3842337429523468
241,0.35765188932418823
242,-0.005623204633593559
243,0.41471242904663086
244,0.4056069552898407
245,-0.022827042266726494
246,0.4166516363620758
247,0.4184427261352539
248,-0.0188670102506876
249,0.4034745991230011
250,0.4094490110874176
251,-0.017093000933527946
252,0.39706939458847046
253,0.41480058431625366
254,-0.008990009315311909
255,0.40870943665504456
256,0.41936349868774414
257,-0.014529185369610786
258,0.40299564599990845
259,0.4211537837982178
260,-0.007130017038434744
261,0.3868296146392822
262,0.4385022521018982
263,0.009100763127207756
264,0.41805678606033325
265,0.36709409952163696
266,-0.04665948450565338
267,0.41692209243774414
268,0.3554045557975769
269,-0.04949568957090378
270,0.35484933853149414
271,0.27532050013542175
272,0.005720408167690039
273,0.40106669068336487
274,0.3282952606678009
275,-0.008367029950022697
276,0.3979915678501129
277,0.3631977438926697
278,-0.025175010785460472
279,0.3974684476852417
280,0.3570653796195984
281,-0.022544143721461296
282,0.361102819442749
283,0.35633188486099243
284,0.005248596426099539
285,0.4176340103149414
286,0.3408677875995636
287,-0.04455684870481491
288,0.3739245533943176
289,0.26400989294052124
290,-0.009826536290347576
291,0.3624696135520935
292,0.26741141080856323
293,-0.003075862303376198
294,0.3494858145713806
295,0.23588168621063232
296,0.03127240389585495
297,0.4096827507019043
298,0.27435463666915894
299,-0.017601575702428818
300,0.39718329906463623
301,0.284770131111145
302,-3.3471522328909487e-05
303,0.38150754570961
304,0.4234834313392639
305,0.009476586245000362
306,0.34774693846702576
307,0.41457855701446533
308,0.07958545535802841
309,0.40434277057647705
310,0.3697512447834015
311,-0.021550558507442474
312,0.4115508496761322
313,0.3739836513996124
314,-0.022766416892409325
315,0.3891429007053375
316,0.42635688185691833
317,0.00842106994241476
318,0.39374980330467224
319,0.42639198899269104
320,0.005991805344820023
321,0.3584062457084656
322,0.2598801553249359
323,0.0010640241671353579
324,0.3977956175804138
325,0.36843055486679077
326,-0.020232979208230972
327,0.3894363045692444
328,0.265575647354126
329,-0.014947171323001385
330,0.3880792558193207
331,0.25599271059036255
332,-0.017064141109585762
333,0.38091132044792175
334,0.207825168967247
335,-0.00273086572997272
336,0.35427454113960266
337,0.24734307825565338
338,0.014166194014251232
339,0.3854004144668579
340,0.2306385487318039
341,-0.010368088260293007
342,0.3506709933280945
343,0.2703256607055664
344,0.013024775311350822
345,0.34657561779022217
346,0.26387640833854675
347,0.029980283230543137
348,0.4155290722846985
349,0.4130188524723053
350,-0.021789761260151863
351,0.406269371509552
352,0.41537582874298096
353,-0.016112929210066795
354,0.3999336063861847
355,0.4180886149406433
356,-0.008718913421034813
357,0.40651291608810425
358,0.3720872402191162
359,-0.020072897896170616
360,0.3913557529449463
361,0.4266776442527771
362,0.007025562692433596
363,0.39451923966407776
364,0.4346466064453125
365,0.0033364156261086464
366,0.3952270746231079
367,0.4255387783050537
368,0.005731657147407532
369,0.40883052349090576
370,0.3659846782684326
371,-0.03395374119281769
372,0.40504181385040283
373,0.4204699993133545
374,-0.005977250635623932
375,0.41075006127357483
376,0.41994303464889526
377,-0.011289676651358604
378,0.41792815923690796
379,0.4200918972492218
380,-0.015280227176845074
381,0.412872850894928
382,0.47185981273651123
383,0.0015506702475249767
384,0.41324231028556824
385,0.4644472301006317
386,-0.007899073883891106
387,0.41418129205703735
388,0.4572739899158478
389,-0.010116012766957283
390,0.41542118787765503
391,0.4495667815208435
392,-0.009042887017130852
393,0.4166582524776459
394,0.444196879863739
395,-0.00798481423407793
396,0.4032534956932068
397,0.43704259395599365
398,-0.0005632047541439533
399,0.4013684093952179
400,0.4390260875225067
401,-0.0014993756776675582
402,0.3985584080219269
403,0.4424065947532654
404,-0.0020476034842431545
405,0.3963035047054291
406,0.4459119737148285
407,-0.00013239735562819988
408,0.3904475271701813
409,0.40089985728263855
410,-0.006736714858561754
411,0.3394182324409485
412,0.35690829157829285
413,0.0899416133761406
414,0.4254860281944275
415,0.3760383129119873
416,-0.03148870915174484
417,0.3996446430683136
418,0.4330093264579773
419,0.0036595393903553486
420,0.3970775008201599
421,0.43369626998901367
422,0.0030837722588330507
423,0.41437938809394836
424,0.37947309017181396
425,-0.022616708651185036
426,0.4007772207260132
427,0.3758179545402527
428,-0.01362669374793768
429,0.41301897168159485
430,0.37681809067726135
431,-0.023052170872688293
432,0.39245274662971497
433,0.3348173499107361
434,-0.005008114967495203
435,0.37938785552978516
436,0.342592716217041
437,-0.002229386940598488
438,0.3961454927921295
439,0.3623650074005127
440,-0.01745651476085186
441,0.36155006289482117
442,0.2192036658525467
443,0.013183260336518288
444,0.36652809381484985
445,0.23574590682983398
446,0.001155987149104476
447,0.3712901175022125
448,0.25460392236709595
449,-0.00843353383243084
450,0.39304235577583313
451,0.4504883587360382
452,0.006274465937167406
453,0.4072716236114502
454,0.2591000199317932
455,-0.02141859382390976
456,0.4051095247268677
457,0.22968129813671112
458,-0.01707267016172409
459,0.4024384617805481
460,0.20255905389785767
461,-0.012059993110597134
462,0.3689192831516266
463,0.3072640895843506
464,0.007856616750359535
465,0.35070204734802246
466,0.3196745216846466
467,0.02073804661631584
468,0.4025764465332031
469,0.3031724989414215
470,0.0026224988978356123
471,0.3582189083099365
472,0.2895026206970215
473,0.011491266079246998
474,0.4070375859737396
475,0.32093995809555054
476,-0.011809774674475193
477,0.403225839138031
478,0.35884612798690796
479,-0.03382284194231033
480,0.3427530527114868
481,0.32759803533554077
482,0.03045370988547802
483,0.35580846667289734
484,0.3275289833545685
485,0.013268211856484413
486,0.36595413088798523
487,0.33175718784332275
488,0.005570665467530489
489,0.3812800645828247
490,0.32987335324287415
491,0.0011921713594347239
492,0.3925965130329132
493,0.3251166343688965
494,-0.0009271291783079505
495,0.40110915899276733
496,0.31974664330482483
497,-0.003679125802591443
498,0.4182174801826477
499,0.3056814670562744
500,-0.02178347297012806
501,0.3435206413269043
502,0.3517455458641052
503,0.02874796837568283
504,0.35224395990371704
505,0.28841015696525574
506,0.015421329997479916
507,0.420961856842041
508,0.37324076890945435
509,-0.04246056079864502
510,0.4010966122150421
511,0.3395704925060272
512,-0.011801615357398987
513,0.33745259046554565
514,0.30563825368881226
515,0.08167647570371628
516,0.40744879841804504
517,0.3136248290538788
518,-0.005459029693156481
519,0.3955830931663513
520,0.3631221652030945
521,-0.008458366617560387
522,0.3621750771999359
523,0.29649659991264343
524,0.014298105612397194
525,0.4028877019882202
526,0.35137298703193665
527,-0.030600575730204582
528,0.3417866826057434
529,0.38457557559013367
530,0.08694138377904892
531,0.4025351405143738
532,0.2988583743572235
533,0.004826377611607313
534,0.4101303815841675
535,0.3449476361274719
536,-0.03918646648526192
537,0.36307191848754883
538,0.4450119733810425
539,0.03922728821635246
540,0.3640909790992737
541,0.45768213272094727
542,0.053236983716487885
543,0.33720311522483826
544,0.35489553213119507
545,0.059239715337753296
546,0.353893518447876
547,0.42800891399383545
548,0.047468118369579315
549,0.34213894605636597
550,0.2832801640033722
551,0.044096704572439194
552,0.39296889305114746
553,0.49010658264160156
554,0.01679157465696335
555,0.4220719635486603
556,0.37556591629981995
557,-0.030943818390369415
558,0.39372768998146057
559,0.3481227457523346
560,-0.008144473657011986
561,0.34423914551734924
562,0.30620837211608887
563,0.03266909345984459
564,0.37631553411483765
565,0.30219846963882446
566,0.004954452160745859
567,0.38344866037368774
568,0.3031219244003296
569,0.0027855082880705595
570,0.39204999804496765
571,0.4357972741127014
572,0.004753048997372389
573,0.3453245759010315
574,0.37541553378105164
575,0.03257311135530472
576,0.4074743986129761
577,0.5082544088363647
578,0.01904301345348358
579,0.3839339315891266
580,0.4873998165130615
581,0.03423973172903061
582,0.3746699094772339
583,0.47470158338546753
584,0.04267045110464096
585,0.4277713894844055
586,0.23035874962806702
587,-0.01932692527770996
588,0.42511746287345886
589,0.5120029449462891
590,0.016502387821674347
591,0.39024806022644043
592,0.30250123143196106
593,0.0022252320777624846
594,0.39658164978027344
595,0.3008944094181061
596,0.003163920948281884
597,0.40061092376708984
598,0.2998829483985901
599,0.004752441309392452
600,0.3471711277961731
601,0.2862418293952942
602,0.023954221978783607
603,0.39568763971328735
604,0.2915421426296234
605,0.0018308270955458283
606,0.38871511816978455
607,0.2886037826538086
608,0.0002812372986227274
609,0.38159018754959106
610,0.28785884380340576
611,0.0008557203691452742
612,0.3743312954902649
613,0.2894371747970581
614,0.003043260658159852
615,0.36974018812179565
616,0.29214903712272644
617,0.005994471255689859
618,0.3386884927749634
619,0.27836304903030396
620,0.06688954681158066
621,0.3714374601840973
622,0.3004818856716156
623,0.0075995116494596004
624,0.4259715974330902
625,0.38874131441116333
626,-0.022539041936397552
627,0.39712440967559814
628,0.39337342977523804
629,-0.012712493538856506
630,0.4041135311126709
631,0.36784809827804565
632,-0.025126395747065544
633,0.41350024938583374
634,0.3897709250450134
635,-0.02126460149884224
636,0.42655128240585327
637,0.28934746980667114
638,-0.019599255174398422
639,0.37270045280456543
640,0.4618908762931824
641,0.03284797444939613
642,0.38238397240638733
643,0.4755849838256836
644,0.025503169745206833
645,0.4071158766746521
646,0.5011253952980042
647,0.009181861765682697
648,0.3556596636772156
649,0.43931519985198975
650,0.06665737926959991
651,0.4003570079803467
652,0.2959102392196655
653,0.0035724579356610775
654,0.4122944474220276
655,0.32394909858703613
656,-0.023698896169662476
657,0.42518776655197144
658,0.5049579739570618
659,0.0071557932533323765
660,0.39438843727111816
661,0.4993254542350769
662,0.025162698701024055
663,0.33989983797073364
664,0.3808174133300781
665,0.05907709151506424
666,0.40914174914360046
667,0.44110822677612305
668,-0.0046020010486245155
669,0.4072127640247345
670,0.4448976516723633
671,-0.005575018003582954
672,0.4049510955810547
673,0.45059841871261597
674,-0.006024318281561136
675,0.4032306969165802
676,0.4568018615245819
677,-0.0040207612328231335
678,0.40105924010276794
679,0.46257445216178894
680,0.0030612240079790354
681,0.3976742923259735
682,0.4229770004749298
683,-0.0003386447497177869
684,0.3946709632873535
685,0.4216453731060028
686,-0.0001763956533977762
687,0.39208388328552246
688,0.41955363750457764
689,-0.0002673572162166238
690,0.384960412979126
691,0.41098570823669434
692,0.0012495855335146189
693,0.35580456256866455
694,0.3819867670536041
695,0.01584353856742382
696,0.4127955138683319
697,0.31257814168930054
698,-0.016196025535464287
699,0.40906479954719543
700,0.2914968729019165
701,-0.0018974817357957363
702,0.4039785861968994
703,0.29268738627433777
704,0.0015668333508074284
705,0.40007349848747253
706,0.42133641242980957
707,0.0004234307270962745
708,0.356112003326416
709,0.41112133860588074
710,0.03083791583776474
711,0.41598111391067505
712,0.29117733240127563
713,-0.013273874297738075
714,0.39757153391838074
715,0.46932318806648254
716,0.00828490685671568
717,0.4256686270236969
718,0.3270427882671356
719,-0.03957477957010269
720,0.4182208478450775
721,0.3178785443305969
722,-0.029887374490499496
723,0.4259616434574127
724,0.31532052159309387
725,-0.032113127410411835
726,0.4057473838329315
727,0.34178411960601807
728,-0.023151986300945282
729,0.4254065155982971
730,0.4942628741264343
731,0.0027596503496170044
732,0.42566850781440735
733,0.4825458228588104
734,0.002265178132802248
735,0.4106895625591278
736,0.47975337505340576
737,0.004194037988781929
738,0.38032713532447815
739,0.4407573342323303
740,0.014443483203649521
741,0.38950297236442566
742,0.3730199337005615
743,-0.005394957959651947
744,0.38785508275032043
745,0.45619818568229675
746,0.012061902321875095
747,0.3723832070827484
748,0.3720729649066925
749,-0.0008340589702129364
750,0.3830454349517822
751,0.3855081796646118
752,-0.0023073311895132065
753,0.3667354881763458
754,0.3912601172924042
755,0.007705091964453459
756,0.4082241356372833
757,0.49075114727020264
758,0.005060079041868448
759,0.40058350563049316
760,0.3482341766357422
761,-0.016687314957380295
762,0.3743739128112793
763,0.4491325616836548
764,0.022697292268276215
765,0.3841106593608856
766,0.4644245505332947
767,0.01870385743677616
768,0.3746422529220581
769,0.423867791891098
770,0.013443761505186558
771,0.3483034074306488
772,0.3958461880683899
773,0.036829523742198944
774,0.3654945194721222
775,0.42536622285842896
776,0.021588187664747238
777,0.34512072801589966
778,0.4051945209503174
779,0.056725021451711655
780,0.37767407298088074
781,0.4011954367160797
782,0.0033005578443408012
783,0.4068150222301483
784,0.33165696263313293
785,-0.01726113259792328
786,0.406043142080307
787,0.3640327751636505
788,-0.03572164475917816
789,0.4006258249282837
790,0.36689040064811707
791,-0.02615360915660858
792,0.40971148014068604
793,0.35652148723602295
794,-0.042162440717220306
795,0.4029642641544342
796,0.2822442352771759
797,-0.004487598314881325
798,0.3896721303462982
799,0.275797039270401
800,-0.006086931098252535
801,0.3777197301387787
802,0.2742431163787842
803,-0.005397169850766659
804,0.3678504526615143
805,0.2759706377983093
806,-0.0016399695305153728
807,0.3612961769104004
808,0.28083336353302
809,0.003923047333955765
810,0.3572933077812195
811,0.30034583806991577
812,0.0177735835313797
813,0.33649519085884094
814,0.33026090264320374
815,0.05695655941963196
816,0.3631628751754761
817,0.31592509150505066
818,0.011463319882750511
819,0.37149834632873535
820,0.3192979693412781
821,0.006283513270318508
822,0.382235050201416
823,0.3191724717617035
824,0.0026024149265140295
825,0.3923494815826416
826,0.31650030612945557
827,0.0011263275519013405
828,0.4002136290073395
829,0.31267571449279785
830,0.00010545217810431495
831,0.40564629435539246
832,0.3089389503002167
833,-0.000573938712477684
834,0.33844250440597534
835,0.3312084674835205
836,0.08868271112442017
837,0.4009259045124054
838,0.37013405561447144
839,-0.02178926020860672
840,0.41183385252952576
841,0.3341969847679138
842,-0.030244361609220505
843,0.41210004687309265
844,0.36503785848617554
845,-0.04245912656188011
846,0.4168769419193268
847,0.3710424304008484
848,-0.038958840072155
849,0.4121989607810974
850,0.36683762073516846
851,-0.038229819387197495
852,0.4033351242542267
853,0.3738483488559723
854,-0.018739301711320877
855,0.4183606207370758
856,0.37230637669563293
857,-0.04125006124377251
858,0.4192972779273987
859,0.3746623992919922
860,-0.03094075433909893
861,0.4054221212863922
862,0.2996814250946045
863,0.0033019534312188625
864,0.4099554717540741
865,0.302717387676239
866,-0.002115093171596527
867,0.4123581647872925
868,0.304751455783844
869,-0.008329893462359905
870,0.36702749133110046
871,0.2941267192363739
872,0.008968480862677097
873,0.3624255955219269
874,0.2899532616138458
875,0.009240836836397648
876,0.4330012798309326
877,0.329048752784729
878,-0.03678480535745621
879,0.4868614971637726
880,0.3020365536212921
881,0.007760200649499893
882,0.43370094895362854
883,0.37284019589424133
884,-0.03128153830766678
885,0.5162415504455566
886,0.2596842348575592
887,0.04527834802865982
888,0.4624811112880707
889,0.31106674671173096
890,-0.0003139222098980099
891,0.47071573138237
892,0.31225746870040894
893,3.7680656532756984e-05
894,0.47881725430488586
895,0.31203776597976685
896,0.002040486317127943
897,0.4899294078350067
898,0.3062555491924286
899,0.00895989965647459
900,0.4555925130844116
901,0.3079756200313568
902,0.00046958276652731
903,0.47463342547416687
904,0.2828051447868347
905,-0.004232992418110371
906,0.46545228362083435
907,0.28317713737487793
908,-0.004000427201390266
909,0.48307767510414124
910,0.2848299741744995
911,-0.0016045666998252273
912,0.48860517144203186
913,0.2889910638332367
914,0.0018129723612219095
915,0.49602746963500977
916,0.31413668394088745
917,0.01300519984215498
918,0.4574161171913147
919,0.4805907607078552
920,0.010754733346402645
921,0.4900011718273163
922,0.2995401620864868
923,0.010345829650759697
924,0.5190322399139404
925,0.30965888500213623
926,0.05014369264245033
927,0.504989743232727
928,0.307136595249176
929,0.021156005561351776
930,0.4690350294113159
931,0.3587232232093811
932,-0.0073126512579619884
933,0.438154935836792
934,0.4055802822113037
935,-0.02323983982205391
936,0.4365355372428894
937,0.4183763861656189
938,-0.01931789703667164
939,0.45001220703125
940,0.4092811942100525
941,-0.017834853380918503
942,0.45692938566207886
943,0.41436585783958435
944,-0.010082223452627659
945,0.44491568207740784
946,0.41912326216697693
947,-0.015387661755084991
948,0.450982004404068
949,0.42065441608428955
950,-0.008229594677686691
951,0.4669206142425537
952,0.43861931562423706
953,0.007501725107431412
954,0.43227311968803406
955,0.36723604798316956
956,-0.04684518650174141
957,0.43344590067863464
958,0.35567790269851685
959,-0.04963788017630577
960,0.5006887912750244
961,0.2790420651435852
962,0.0031606073025614023
963,0.45217519998550415
964,0.32920464873313904
965,-0.0093624172732234
966,0.4536101222038269
967,0.36377856135368347
968,-0.025943314656615257
969,0.4544024169445038
970,0.3576594293117523
971,-0.02339058741927147
972,0.49293214082717896
973,0.3581857979297638
974,0.0025184990372508764
975,0.4332531988620758
976,0.3411349058151245
977,-0.044808682054281235
978,0.48113399744033813
979,0.2671131491661072
980,-0.011816572397947311
981,0.49278655648231506
982,0.27095159888267517
983,-0.005536641459912062
984,0.5089695453643799
985,0.23867985606193542
986,0.028263896703720093
987,0.4444143772125244
988,0.27543437480926514
989,-0.018261896446347237
990,0.4576125741004944
991,0.28657397627830505
992,-0.0012202855432406068
993,0.4726080298423767
994,0.42354533076286316
995,0.007558080833405256
996,0.5075401663780212
997,0.41827529668807983
998,0.07654722779989243
999,0.4473477303981781
1000,0.3701263964176178
1001,-0.022377826273441315
1002,0.44010981917381287
1003,0.3741692006587982
1004,-0.02315760962665081
1005,0.4652244448661804
1006,0.4256761968135834
1007,0.006779539864510298
1008,0.460613876581192
1009,0.42560556530952454
1010,0.00459509389474988
1011,0.49727925658226013
1012,0.26352715492248535
1013,-0.0014483662089332938
1014,0.45415017008781433
1015,0.36892661452293396
1016,-0.021075138822197914
1017,0.46527543663978577
1018,0.2678479850292206
1019,-0.016284484416246414
1020,0.46693673729896545
1021,0.25811704993247986
1022,-0.018353069201111794
1023,0.4765528440475464
1024,0.20928099751472473
1025,-0.004374280106276274
1026,0.5028274059295654
1027,0.25041821599006653
1028,0.011513952165842056
1029,0.47083061933517456
1030,0.2324361950159073
1031,-0.011839131824672222
1032,0.5054740309715271
1033,0.2739200294017792
1034,0.01023668609559536
1035,0.5108418464660645
1036,0.26726385951042175
1037,0.026953333988785744
1038,0.43755772709846497
1039,0.41291728615760803
1040,-0.022222211584448814
1041,0.44734007120132446
1042,0.415112167596817
1043,-0.016920993104577065
1044,0.4541199207305908
1045,0.4175947904586792
1046,-0.009836670011281967
1047,0.445279061794281
1048,0.3723940849304199
1049,-0.020631611347198486
1050,0.46299639344215393
1051,0.42587539553642273
1052,0.00551247876137495
1053,0.4594951570034027
1054,0.4341825246810913
1055,0.0021523546893149614
1056,0.4591352343559265
1057,0.42490777373313904
1058,0.004357763100415468
1059,0.44222432374954224
1060,0.36646148562431335
1061,-0.034510258585214615
1062,0.4490523636341095
1063,0.4199455976486206
1064,-0.0069443462416529655
1065,0.4429836869239807
1066,0.4197012484073639
1067,-0.012081189081072807
1068,0.4354713261127472
1069,0.4199507236480713
1070,-0.01573445089161396
1071,0.4391322433948517
1072,0.4722630977630615
1073,0.001047140103764832
1074,0.4391007423400879
1075,0.46465766429901123
1076,-0.008382272906601429
1077,0.4383375644683838
1078,0.4574093818664551
1079,-0.010607457719743252
1080,0.43720388412475586
1081,0.4496457278728485
1082,-0.009458057582378387
1083,0.4361035227775574
1084,0.44422921538352966
1085,-0.008363423869013786
1086,0.45039060711860657
1087,0.43666884303092957
1088,-0.0014126466121524572
1089,0.4522619843482971
1090,0.43865320086479187
1091,-0.0024832109920680523
1092,0.4549960196018219
1093,0.4421880841255188
1094,-0.0029301412869244814
1095,0.45715171098709106
1096,0.44579654932022095
1097,-0.001116093248128891
1098,0.46295660734176636
1099,0.4010993242263794
1100,-0.00793976616114378
1101,0.5176950693130493
1102,0.36053550243377686
1103,0.08633282035589218
1104,0.454318642616272
1105,0.4325173795223236
1106,0.002523906994611025
1107,0.4568977952003479
1108,0.4331771731376648
1109,0.0018828042084351182
1110,0.4373169541358948
1111,0.37952983379364014
1112,-0.02295653522014618
1113,0.45138996839523315
1114,0.3760812282562256
1115,-0.014306215569376945
1116,0.43862414360046387
1117,0.3769773244857788
1118,-0.023402584716677666
1119,0.4609900116920471
1120,0.33591946959495544
1121,-0.006445539649575949
1122,0.47429555654525757
1123,0.3439434766769409
1124,-0.004272064659744501
1125,0.45597097277641296
1126,0.3629164397716522
1127,-0.018392793834209442
1128,0.49645134806632996
1129,0.2213621884584427
1130,0.01068116631358862
1131,0.4901827871799469
1132,0.23830755054950714
1133,-0.001008140854537487
1134,0.484071284532547
1135,0.257673442363739
1136,-0.0104224206879735
1137,0.46020057797431946
1138,0.45099449157714844
1139,0.0050026169046759605
1140,0.44743403792381287
1141,0.26021626591682434
1142,-0.02211184799671173
1143,0.4508192539215088
1144,0.23059821128845215
1145,-0.017763108015060425
1146,0.45460087060928345
1147,0.2032531350851059
1148,-0.012941048480570316
1149,0.48582723736763
1150,0.3101978003978729
1151,0.005539405159652233
1152,0.5043631792068481
1153,0.32244154810905457
1154,0.017836645245552063
1155,0.45129236578941345
1156,0.30489563941955566
1157,0.0015657002804800868
1158,0.49705907702445984
1159,0.29312536120414734
1160,0.008987016044557095
1161,0.4461270570755005
1162,0.32167527079582214
1163,-0.01265338808298111
1164,0.44793424010276794
1165,0.35946589708328247
1166,-0.0344218909740448
1167,0.5125479698181152
1168,0.33060771226882935
1169,0.02720574289560318
1170,0.4987375736236572
1171,0.3299521803855896
1172,0.010571232996881008
1173,0.4883175194263458
1174,0.3336331844329834
1175,0.0031001227907836437
1176,0.47269484400749207
1177,0.3314214050769806
1178,-0.0007416318403556943
1179,0.4611112177371979
1180,0.3263990581035614
1181,-0.0023423314560204744
1182,0.4524851143360138
1183,0.3208910822868347
1184,-0.004824904724955559
1185,0.4345446825027466
1186,0.30608463287353516
1187,-0.02216016873717308
1188,0.5111192464828491
1189,0.354569673538208
1190,0.025562789291143417
1191,0.5034518837928772
1192,0.2918333411216736
1193,0.012658894993364811
1194,0.4296334683895111
1195,0.37331622838974
1196,-0.042580340057611465
1197,0.45170503854751587
1198,0.34033387899398804
1199,-0.012632116675376892
1200,0.5207541584968567
1201,0.30905941128730774
1202,0.07795031368732452
1203,0.4460664391517639
1204,0.3145783841609955
1205,-0.006286850199103355
1206,0.45688167214393616
1207,0.36371049284935
1208,-0.009286142885684967
1209,0.49282634258270264
1210,0.30019333958625793
1211,0.011814678087830544
1212,0.44859302043914795
1213,0.3520316183567047
1214,-0.03126870095729828
1215,0.514540433883667
1216,0.38836178183555603
1217,0.08360552042722702
1218,0.4516145586967468
1219,0.30071985721588135
1220,0.003738176077604294
1221,0.440971702337265
1222,0.345389723777771
1223,-0.039729077368974686
1224,0.4903726279735565
1225,0.4479821026325226
1226,0.03669016808271408
1227,0.4893636107444763
1228,0.46111270785331726
1229,0.05083981528878212
1230,0.5184963345527649
1231,0.35835000872612
1232,0.05581929162144661
1233,0.5000647902488708
1234,0.4313499331474304
1235,0.04472941905260086
1236,0.5151812434196472
1237,0.28666579723358154
1238,0.0408652126789093
1239,0.45841673016548157
1240,0.4918690323829651
1241,0.015653610229492188
1242,0.4289516508579254
1243,0.3755989074707031
1244,-0.031049417331814766
1245,0.4593270421028137
1246,0.34887149930000305
1247,-0.009319578297436237
1248,0.5117039680480957
1249,0.30951476097106934
1250,0.029645642265677452
1251,0.4782455861568451
1252,0.30513936281204224
1253,0.0029943364206701517
1254,0.47087961435317993
1255,0.30579257011413574
1256,0.0009972640546038747
1257,0.46195438504219055
1258,0.4353868067264557
1259,0.0034233133774250746
1260,0.5090732574462891
1261,0.37823277711868286
1262,0.029286911711096764
1263,0.44302698969841003
1264,0.5093335509300232
1265,0.01832306571304798
1266,0.46791937947273254
1267,0.4899342656135559
1268,0.03271310776472092
1269,0.4779585003852844
1270,0.477711021900177
1271,0.04074852541089058
1272,0.4639074206352234
1273,0.30495914816856384
1274,0.0006351165939122438
1275,0.457464337348938
1276,0.30287525057792664
1277,0.0017997981049120426
1278,0.4534832537174225
1279,0.30180221796035767
1280,0.003505726344883442
1281,0.5090752243995667
1282,0.2895786166191101
1283,0.02100365422666073
1284,0.45883268117904663
1285,0.2936638593673706
1286,0.00042535708053037524
1287,0.4660029411315918
1288,0.2911834418773651
1289,-0.001377581967972219
1290,0.47323617339134216
1291,0.2908247709274292
1292,-0.0010918208863586187
1293,0.4805130660533905
1294,0.29275569319725037
1295,0.0009666403639130294
1296,0.48510676622390747
1297,0.295657753944397
1298,0.0038037963677197695
1299,0.5199198126792908
1300,0.28173449635505676
1301,0.0634053647518158
1302,0.48326006531715393
1303,0.303754061460495
1304,0.005499950144439936
1305,0.4556145668029785
1306,0.3936476409435272
1307,-0.01368726510554552
1308,0.44736889004707336
1309,0.3683059513568878
1310,-0.025715025141835213
1311,0.43875548243522644
1312,0.3897669017314911
1313,-0.021662434563040733
1314,0.4800877571105957
1315,0.46445244550704956
1316,0.03082927316427231
1317,0.469728946685791
1318,0.4779011905193329
1319,0.02388400211930275
1320,0.4434759318828583
1321,0.5021579265594482
1322,0.008497939445078373
1323,0.49858444929122925
1324,0.4429141879081726
1325,0.06387238949537277
1326,0.453838050365448
1327,0.297844797372818
1328,0.002340671606361866
1329,0.44007980823516846
1330,0.32453787326812744
1331,-0.024202510714530945
1332,0.45665162801742554
1333,0.5011497139930725
1334,0.023985624313354492
1335,0.5152456164360046
1336,0.38436371088027954
1337,0.05580160394310951
1338,0.44400259852409363
1339,0.4409997761249542
1340,-0.005361182149499655
1341,0.44587311148643494
1342,0.44487884640693665
1343,-0.006255705840885639
1344,0.44801202416419983
1345,0.4505712389945984
1346,-0.006795074790716171
1347,0.44955769181251526
1348,0.45700663328170776
1349,-0.004824322648346424
1350,0.45145702362060547
1351,0.4631204307079315
1352,0.0020840507932007313
1353,0.45667558908462524
1354,0.42233970761299133
1355,-0.0016887225210666656
1356,0.45965078473091125
1357,0.421017050743103
1358,-0.0016789548099040985
1359,0.4622523784637451
1360,0.4189705550670624
1361,-0.001675490173511207
1362,0.468969464302063
1363,0.4110727310180664
1364,-0.00036452722270041704
1365,0.4982180595397949
1366,0.38420671224594116
1367,0.01280367374420166
1368,0.4401931166648865
1369,0.31315991282463074
1370,-0.01688644476234913
1371,0.4450223743915558
1372,0.2927408516407013
1373,-0.002597656799480319
1374,0.4502466320991516
1375,0.29424092173576355
1376,0.0006827122415415943
1377,0.4543578326702118
1378,0.4207761287689209
1379,-0.0008080988773144782
1380,0.49789249897003174
1381,0.4136902093887329
1382,0.027933301404118538
1383,0.43756103515625
1384,0.2918296456336975
1385,-0.013613544404506683
1386,0.4545605182647705
1387,0.47029441595077515
1388,0.0072437431663274765
1389,0.4338838458061218
1390,0.3181588649749756
1391,-0.030171003192663193
1392,0.4462685286998749
1393,0.3423806428909302
1394,-0.023768002167344093
1395,0.44084417819976807
1396,0.48033565282821655
1397,0.0036318970378488302
1398,0.4730120003223419
1399,0.4419119954109192
1400,0.012662656605243683
1401,0.46340280771255493
1402,0.3736933767795563
1403,-0.00670944107696414
1404,0.4649665951728821
1405,0.4573405683040619
1406,0.010634261183440685
1407,0.4811893701553345
1408,0.37350571155548096
1409,-0.0031660061795264482
1410,0.47036343812942505
1411,0.3863759934902191
1412,-0.003967416472733021
1413,0.4870757460594177
1414,0.3929383456707001
1415,0.005134258884936571
1416,0.44276005029678345
1417,0.4916080832481384
1418,0.0043199192732572556
1419,0.451710045337677
1420,0.34890586137771606
1421,-0.017472580075263977
1422,0.478645384311676
1423,0.4510442614555359
1424,0.020735444501042366
1425,0.4684005677700043
1426,0.4662414491176605
1427,0.01718529686331749
1428,0.4790813624858856
1429,0.4248851537704468
1430,0.011168853379786015
1431,0.5059583187103271
1432,0.39874711632728577
1433,0.03373469412326813
1434,0.4881175756454468
1435,0.4274674952030182
1436,0.018993066623806953
1437,0.5094695091247559
1438,0.40869706869125366
1439,0.053639866411685944
1440,0.47611579298973083
1441,0.40200796723365784
1442,0.001148016657680273
1443,0.4457411766052246
1444,0.332288920879364
1445,-0.01800425350666046
1446,0.44499149918556213
1447,0.36459243297576904
1448,-0.036286380141973495
1449,0.450959175825119
1450,0.36748719215393066
1451,-0.0268392413854599
1452,0.4410111606121063
1453,0.3570207357406616
1454,-0.04280763119459152
1455,0.4515531659126282
1456,0.2837516665458679
1457,-0.0054254992865026
1458,0.465149462223053
1459,0.27806079387664795
1460,-0.007450034376233816
1461,0.47713205218315125
1462,0.27717310190200806
1463,-0.00718056270852685
1464,0.48709896206855774
1465,0.2792775630950928
1466,-0.0038437533657997847
1467,0.49388933181762695
1468,0.28440845012664795
1469,0.0015810785116627812
1470,0.4980131983757019
1471,0.3037010431289673
1472,0.015065212734043598
1473,0.5197757482528687
1474,0.33373990654945374
1475,0.05345527455210686
1476,0.4915634095668793
1477,0.318603515625
1478,0.009013231843709946
1479,0.48292747139930725
1480,0.321483314037323
1481,0.004054415039718151
1482,0.47198277711868286
1483,0.32112884521484375
1484,0.000757248664740473
1485,0.4615475833415985
1486,0.31812727451324463
1487,-0.0003196290344931185
1488,0.45360592007637024
1489,0.3140776753425598
1490,-0.0009874515235424042
1491,0.44811198115348816
1492,0.3101848065853119
1493,-0.0014360708883032203
1494,0.5192963480949402
1495,0.3346417248249054
1496,0.08496934175491333
1497,0.450864315032959
1498,0.3705621659755707
1499,-0.022494716569781303
1500,0.43985262513160706
1501,0.3345985412597656
1502,-0.03077061101794243
1503,0.4385177791118622
1504,0.36544069647789
1505,-0.04282822459936142
1506,0.4340048134326935
1507,0.3711921274662018
1508,-0.039201974868774414
1509,0.4387146234512329
1510,0.3671777844429016
1511,-0.03862399235367775
1512,0.4486035108566284
1513,0.3742355406284332
1514,-0.01934061013162136
1515,0.43235012888908386
1516,0.3724086284637451
1517,-0.04140790179371834
1518,0.43177029490470886
1519,0.37471824884414673
1520,-0.031085124239325523
1521,0.4485172927379608
1522,0.30123892426490784
1523,0.00235363538376987
1524,0.44381657242774963
1525,0.3038412630558014
1526,-0.0027498756535351276
1527,0.4412025511264801
1528,0.30557259917259216
1529,-0.008939722552895546
1530,0.48786503076553345
1531,0.2978464365005493
1532,0.006636061705648899
1533,0.49256035685539246
1534,0.29361796379089355
1535,0.006808813661336899
1536,0.0
1537,0.0
1538,0.0
1539,0.0
1540,0.0
1541,0.0
1542,0.0
1543,0.0
1544,0.0
1545,0.0
1546,0.0
1547,0.0
1548,0.0
1549,0.0
1550,0.0
1551,0.0
1552,0.0
1553,0.0
1554,0.0
1555,0.0
1556,0.0
1557,0.0
1558,0.0
1559,0.0
1560,0.0
1561,0.0
1562,0.0
1563,0.0
1564,0.0
1565,0.0
1566,0.0
1567,0.0
1568,0.0
1569,0.0
1570,0.0
1571,0.0
1572,0.0
1573,0.0
1574,0.0
1575,0.0
1576,0.0
1577,0.0
1578,0.0
1579,0.0
1580,0.0
1581,0.0
1582,0.0
1583,0.0
1584,0.0
1585,0.0
1586,0.0
1587,0.0
1588,0.0
1589,0.0
1590,0.0
1591,0.0
1592,0.0
1593,0.0
1594,0.0
1595,0.0
1596,0.0
1597,0.0
1598,0.0
1599,0.2244858741760254
1600,0.6989527344703674
1601,-1.1957958179209527e-07
1602,0.27233511209487915
1603,0.639285683631897
1604,0.011184817180037498
1605,0.2902737259864807
1606,0.5822165012359619
1607,0.00898468866944313
1608,0.29778701066970825
1609,0.5364789366722107
1610,-0.0018156830919906497
1611,0.3017785847187042
1612,0.49683642387390137
1613,-0.011131145060062408
1614,0.24984043836593628
1615,0.4986926019191742
1616,0.01785918138921261
1617,0.26756778359413147
1618,0.43064457178115845
1619,-0.002551701618358493
1620,0.28760573267936707
1621,0.4270680248737335
1622,-0.017009401693940163
1623,0.29774221777915955
1624,0.44452011585235596
1625,-0.022907570004463196
1626,0.2357228845357895
1627,0.49725496768951416
1628,0.0016849411185830832
1629,0.3034989535808563
1630,0.47654595971107483
1631,-0.022491561248898506
1632,0.3217026889324188
1633,0.5315076112747192
1634,-0.029476922005414963
1635,0.31740623712539673
1636,0.5792136192321777
1637,-0.027436209842562675
1638,0.227952241897583
1639,0.5069774985313416
1640,-0.01665475405752659
1641,0.30157408118247986
1642,0.5011777877807617
1643,-0.03842756524682045
1644,0.3139782249927521
1645,0.5528566241264343
1646,-0.035018760710954666
1647,0.3102600574493408
1648,0.5949500203132629
1649,-0.025644760578870773
1650,0.2249065339565277
1651,0.5250800251960754
1652,-0.035066716372966766
1653,0.2834685146808624
1654,0.5215376019477844
1655,-0.04535761475563049
1656,0.29694458842277527
1657,0.5585561394691467
1658,-0.03839554637670517
1659,0.2969096899032593
1660,0.5899944305419922
1661,-0.028626691550016403
