,0
0,0.43347233533859253
1,0.35457366704940796
2,-0.9970695376396179
3,0.999986469745636
4,0.463412344455719
5,0.2949340045452118
6,-0.9322139024734497
7,0.9999656677246094
8,0.4779885709285736
9,0.29631245136260986
10,-0.9320812225341797
11,0.9999634623527527
12,0.4916234016418457
13,0.29758918285369873
14,-0.9317880868911743
15,0.9999532699584961
16,0.40886569023132324
17,0.2949153780937195
18,-0.931412398815155
19,0.9999721050262451
20,0.3910928964614868
21,0.2949987053871155
22,-0.9306489825248718
23,0.9999763369560242
24,0.3744998574256897
25,0.29462775588035583
26,-0.9305703043937683
27,0.9999775290489197
28,0.5133615136146545
29,0.3283948004245758
30,-0.4977838397026062
31,0.9999480247497559
32,0.3521786332130432
33,0.3239625096321106
34,-0.4786553978919983
35,0.9999787211418152
36,0.4654730260372162
37,0.4241505265235901
38,-0.8403407335281372
39,0.99997878074646
40,0.4003008306026459
41,0.42303553223609924
42,-0.8341243863105774
43,0.9999803304672241
44,0.6441808938980103
45,0.6828124523162842
46,-0.22284848988056183
47,0.9993568062782288
48,0.23217156529426575
49,0.663722038269043
50,-0.312900573015213
51,0.9998044371604919
52,0.728843092918396
53,1.0380990505218506
54,-0.1935630589723587
55,0.36381614208221436
56,0.11337237060070038
57,1.1741257905960083
58,-0.771487832069397
59,0.9341193437576294
60,0.7469683885574341
61,1.4145172834396362
62,-0.5905443429946899
63,0.32381749153137207
64,0.22009599208831787
65,0.7719219923019409
66,-1.8153709173202515
67,0.978647768497467
68,0.7726446390151978
69,1.511540174484253
70,-0.6934816837310791
71,0.4247792661190033
72,0.2194485366344452
73,0.6581552624702454
74,-2.018706798553467
75,0.9736936092376709
76,0.7301446199417114
77,1.4906538724899292
78,-0.7415632009506226
79,0.5406973361968994
80,0.21977326273918152
81,0.6123573780059814
82,-1.995377779006958
83,0.9768653512001038
84,0.7052043676376343
85,1.4572023153305054
86,-0.630763053894043
87,0.5444394946098328
88,0.23589077591896057
89,0.6381206512451172
90,-1.8310550451278687
91,0.9741583466529846
92,0.5797409415245056
93,1.427185297012329
94,-0.045455433428287506
95,0.0007949732826091349
96,0.28643834590911865
97,1.4255427122116089
98,0.05024927854537964
99,0.0010128108551725745
100,0.5470359325408936
101,2.0733094215393066
102,-0.03249760717153549
103,0.0004023587971460074
104,0.2874758839607239
105,2.0832860469818115
106,0.1434270292520523
107,0.00021631401614286005
108,0.5318808555603027
109,2.6448616981506348
110,0.6070579290390015
111,0.00011967422324232757
112,0.28842779994010925
113,2.6515607833862305
114,0.6769875884056091
115,5.071257874078583e-06
116,0.5372267961502075
117,2.722646474838257
118,0.6281867027282715
119,6.676433986285701e-05
120,0.2835388779640198
121,2.7238833904266357
122,0.7142030000686646
123,1.3225544535089284e-05
124,0.4905489385128021
125,2.817756175994873
126,0.028542136773467064
127,4.309023643145338e-05
128,0.314786821603775
129,2.843775510787964
130,0.013716792687773705
131,2.542287802498322e-05
132,0.4290876090526581
133,0.40395307540893555
134,-0.02420698292553425
135,0.42849743366241455
136,0.364761084318161
137,-0.04702332988381386
138,0.4287758767604828
139,0.3766472339630127
140,-0.02500968426465988
141,0.422069251537323
142,0.32589542865753174
143,-0.03604862093925476
144,0.42863497138023376
145,0.3524915277957916
146,-0.05002140626311302
147,0.42891332507133484
148,0.336854487657547
149,-0.046812523156404495
150,0.4296666383743286
151,0.2999114990234375
152,-0.02462511509656906
153,0.3712943196296692
154,0.29564082622528076
155,0.009532758966088295
156,0.43022969365119934
157,0.27324920892715454
158,-0.019591890275478363
159,0.430609792470932
160,0.25788968801498413
161,-0.021602150052785873
162,0.43219098448753357
163,0.199181467294693
164,-0.01336998026818037
165,0.42910292744636536
166,0.41000163555145264
167,-0.023140668869018555
168,0.42908811569213867
169,0.414594829082489
170,-0.020483575761318207
171,0.4291043281555176
172,0.4162974953651428
173,-0.016753291711211205
174,0.42876940965652466
175,0.43866726756095886
176,-0.0106060104444623
177,0.4286656379699707
178,0.44479456543922424
179,-0.011842261999845505
180,0.4285338819026947
181,0.45191118121147156
182,-0.013024862855672836
183,0.42838895320892334
184,0.459124892950058
185,-0.0105052525177598
186,0.4280983507633209
187,0.4670339524745941
188,-0.0013006293447688222
189,0.4285290241241455
190,0.37090036273002625
191,-0.04263834282755852
192,0.42070209980010986
193,0.36973869800567627
194,-0.030872588977217674
195,0.3456494212150574
196,0.2531135380268097
197,0.04793114960193634
198,0.3948347270488739
199,0.30629193782806396
200,0.0010453579016029835
201,0.38674917817115784
202,0.30705082416534424
203,0.0015789688332006335
204,0.3788948953151703
205,0.30644458532333374
206,0.003824756946414709
207,0.3681761622428894
208,0.2998434901237488
209,0.01082403864711523
210,0.4015796482563019
211,0.30350273847579956
212,0.0016787044005468488
213,0.38395756483078003
214,0.27695298194885254
215,-0.0024716358166188
216,0.39299607276916504
217,0.27802574634552
218,-0.002435729606077075
219,0.3755425214767456
220,0.2785101532936096
221,0.00028224606649018824
222,0.3699570596218109
223,0.28236180543899536
224,0.0037741435226053
225,0.36203035712242126
226,0.3077409863471985
227,0.015082999132573605
228,0.39648494124412537
229,0.4741453528404236
230,0.009353594854474068
231,0.36830246448516846
232,0.29280564188957214
233,0.012242825701832771
234,0.34056729078292847
235,0.3028523027896881
236,0.05251484736800194
237,0.35353222489356995
238,0.30047807097435
239,0.02340201660990715
240,0.38710635900497437
241,0.35407185554504395
242,-0.006149546708911657
243,0.4174855351448059
244,0.4017235040664673
245,-0.022949261590838432
246,0.41905686259269714
247,0.41419169306755066
248,-0.01899576187133789
249,0.4060293734073639
250,0.4051571786403656
251,-0.017424331977963448
252,0.3992420434951782
253,0.40997666120529175
254,-0.009586757980287075
255,0.4109247922897339
256,0.41485846042633057
257,-0.01485350076109171
258,0.4049582779407501
259,0.41623204946517944
260,-0.007663513999432325
261,0.38894331455230713
262,0.43267685174942017
263,0.007625453639775515
264,0.4215231239795685
265,0.3641738295555115
266,-0.046292174607515335
267,0.42055827379226685
268,0.35241901874542236
269,-0.04907684028148651
270,0.3582686185836792
271,0.27134668827056885
272,0.0055488720536231995
273,0.40437832474708557
274,0.3253818154335022
275,-0.008301977999508381
276,0.4016208350658417
277,0.3599420487880707
278,-0.025288736447691917
279,0.4010806977748871
280,0.35383304953575134
281,-0.02267458848655224
282,0.36348631978034973
283,0.3522566556930542
284,0.004535566084086895
285,0.42126408219337463
286,0.33791449666023254
287,-0.0441371388733387
288,0.377571165561676
289,0.259845495223999
290,-0.00942540355026722
291,0.36604225635528564
292,0.263317346572876
293,-0.002857629442587495
294,0.3530222475528717
295,0.23234263062477112
296,0.03102315030992031
297,0.4131988286972046
298,0.2705661356449127
299,-0.016820183023810387
300,0.40064796805381775
301,0.28201067447662354
302,0.00010013613064074889
303,0.3834640383720398
304,0.4178386926651001
305,0.008117364719510078
306,0.34938323497772217
307,0.41157835721969604
308,0.07743559032678604
309,0.40777936577796936
310,0.3665536940097809
311,-0.02171293832361698
312,0.4148784279823303
313,0.37079742550849915
314,-0.02269301563501358
315,0.3909408152103424
316,0.4201854467391968
317,0.007337244227528572
318,0.3954729437828064
319,0.42028599977493286
320,0.004979534540325403
321,0.36193156242370605
322,0.25567758083343506
323,0.0011822438100352883
324,0.4012589752674103
325,0.3650182783603668
326,-0.020434051752090454
327,0.393074631690979
328,0.26145389676094055
329,-0.014316712506115437
330,0.3917766809463501
331,0.2518300414085388
332,-0.016361920163035393
333,0.38493144512176514
334,0.2045276165008545
335,-0.0021197455935180187
336,0.3577791452407837
337,0.2435239851474762
338,0.014114804565906525
339,0.38927072286605835
340,0.22700679302215576
341,-0.009667729027569294
342,0.3540198504924774
343,0.2663101255893707
344,0.012742598541080952
345,0.3498605489730835
346,0.2601546049118042
347,0.029514839872717857
348,0.4181092381477356
349,0.40895992517471313
350,-0.02187192067503929
351,0.4086797535419464
352,0.4109664261341095
353,-0.016424663364887238
354,0.4020274579524994
355,0.4132188558578491
356,-0.009257902391254902
357,0.4098842442035675
358,0.3688293993473053
359,-0.02010589838027954
360,0.3931078612804413
361,0.42047399282455444
362,0.005997705273330212
363,0.3965180516242981
364,0.4281187653541565
365,0.002118196804076433
366,0.3969140350818634
367,0.4196426272392273
368,0.004757232032716274
369,0.4123415946960449
370,0.363056480884552
371,-0.03386833146214485
372,0.40688279271125793
373,0.4155229926109314
374,-0.006482827477157116
375,0.4128417372703552
376,0.41533443331718445
377,-0.011621406301856041
378,0.4202037751674652
379,0.4157239496707916
380,-0.015455148182809353
381,0.4151800572872162
382,0.46515294909477234
383,-0.0007982236566022038
384,0.4157882332801819
385,0.4567035436630249
386,-0.00975169986486435
387,0.41671764850616455
388,0.4495680332183838
389,-0.011669267900288105
390,0.41791585087776184
391,0.4423002600669861
392,-0.010416386649012566
393,0.41909024119377136
394,0.43725404143333435
395,-0.009278475306928158
396,0.40525150299072266
397,0.4304642379283905
398,-0.00182584417052567
399,0.40343669056892395
400,0.43227171897888184
401,-0.002852039411664009
402,0.40078747272491455
403,0.43551400303840637
404,-0.0035538221709430218
405,0.39863479137420654
406,0.4390724301338196
407,-0.001706702052615583
408,0.39283350110054016
409,0.3964757025241852
410,-0.007332982029765844
411,0.341480016708374
412,0.35396188497543335
413,0.08813327550888062
414,0.428635835647583
415,0.37321600317955017
416,-0.03124515525996685
417,0.40147095918655396
418,0.42672526836395264
419,0.002508090576156974
420,0.3989951014518738
421,0.42718762159347534
422,0.0018944223411381245
423,0.4175950586795807
424,0.37626534700393677
425,-0.022668683901429176
426,0.40404611825942993
427,0.37228116393089294
428,-0.013916166499257088
429,0.41629597544670105
430,0.3736180067062378
431,-0.023007521405816078
432,0.395590603351593
433,0.33167564868927
434,-0.005138871725648642
435,0.3822260797023773
436,0.3390035331249237
437,-0.0025480955373495817
438,0.3996155560016632
439,0.3590095341205597
440,-0.017686516046524048
441,0.3653668761253357
442,0.2156895101070404
443,0.013400929048657417
444,0.37020814418792725
445,0.23193001747131348
446,0.0014511555200442672
447,0.3749457597732544
448,0.2503982484340668
449,-0.00806872546672821
450,0.3952322006225586
451,0.4445628225803375
452,0.004506131634116173
453,0.4109119176864624
454,0.2551698684692383
455,-0.020513538271188736
456,0.4089672267436981
457,0.2264193296432495
458,-0.016066771000623703
459,0.40648600459098816
460,0.19963660836219788
461,-0.011015733703970909
462,0.3720831274986267
463,0.30416256189346313
464,0.0074665723368525505
465,0.3535761833190918
466,0.3159809112548828
467,0.02001841366291046
468,0.40591520071029663
469,0.30049753189086914
470,0.002741256495937705
471,0.3616134822368622
472,0.28616854548454285
473,0.01110236905515194
474,0.4104138910770416
475,0.3181012272834778
476,-0.011590277776122093
477,0.4068915843963623
478,0.3558078706264496
479,-0.03377110883593559
480,0.34547263383865356
481,0.3238905370235443
482,0.029501844197511673
483,0.3586808741092682
484,0.32370054721832275
485,0.01261145994067192
486,0.36883416771888733
487,0.3279699683189392
488,0.005029500462114811
489,0.3842506408691406
490,0.3265308141708374
491,0.000934033771045506
492,0.3957374393939972
493,0.3221363127231598
494,-0.0010575195774435997
495,0.40438663959503174
496,0.3169131875038147
497,-0.0035756679717451334
498,0.42167335748672485
499,0.3028102219104767
500,-0.02119285799562931
501,0.34592971205711365
502,0.3478374183177948
503,0.027644289657473564
504,0.35553741455078125
505,0.28479233384132385
506,0.01497129537165165
507,0.4242717921733856
508,0.37036803364753723
509,-0.042127825319767
510,0.4044688940048218
511,0.33656132221221924
512,-0.011867174878716469
513,0.3398686349391937
514,0.30245107412338257
515,0.0802629292011261
516,0.41078054904937744
517,0.31082072854042053
518,-0.005183414090424776
519,0.39890256524086
520,0.3597254157066345
521,-0.00882675964385271
522,0.36553168296813965
523,0.29350078105926514
524,0.01386216189712286
525,0.4065808951854706
526,0.34835559129714966
527,-0.030563032254576683
528,0.34371107816696167
529,0.38173359632492065
530,0.08495719730854034
531,0.4059048295021057
532,0.2961905896663666
533,0.004893678240478039
534,0.4137977063655853
535,0.34196004271507263
536,-0.038944635540246964
537,0.36476096510887146
538,0.4409903585910797
539,0.0369260311126709
540,0.3658047914505005
541,0.4540284276008606
542,0.050882574170827866
543,0.33948710560798645
544,0.3514726758003235
545,0.05779979005455971
546,0.35536327958106995
547,0.4243454933166504
548,0.045354556292295456
549,0.34512680768966675
550,0.27976393699645996
551,0.0433112196624279
552,0.3952384889125824
553,0.48526591062545776
554,0.014011131599545479
555,0.42528384923934937
556,0.37268537282943726
557,-0.03072061762213707
558,0.39691224694252014
559,0.3448534309864044
560,-0.00841728039085865
561,0.3471256494522095
562,0.3026502728462219
563,0.03188467398285866
564,0.37956708669662476
565,0.29930248856544495
566,0.004590281751006842
567,0.38669517636299133
568,0.30035990476608276
569,0.002526758937165141
570,0.3940797746181488
571,0.4293927848339081
572,0.003502754494547844
573,0.34733834862709045
574,0.37161457538604736
575,0.03118792176246643
576,0.40960824489593506
577,0.5030609965324402
578,0.016197148710489273
579,0.38621070981025696
580,0.4830172061920166
581,0.03156115487217903
582,0.37673434615135193
583,0.4706953763961792
584,0.040166739374399185
585,0.4314769208431244
586,0.2274896651506424
587,-0.01801239140331745
588,0.426846444606781
589,0.5067100524902344
590,0.01386871375143528
591,0.39354023337364197
592,0.2998598515987396
593,0.0020865960977971554
594,0.3999198079109192
595,0.29827311635017395
596,0.0031597826164215803
597,0.40394848585128784
598,0.2972414195537567
599,0.0048069218173623085
600,0.3503299355506897
601,0.28253358602523804
602,0.02337677590548992
603,0.39909958839416504
604,0.2888704240322113
605,0.0018205090891569853
606,0.3921717703342438
607,0.28587237000465393
608,0.00025153913884423673
609,0.3851323425769806
610,0.28503262996673584
611,0.0006989124813117087
612,0.377884179353714
613,0.2865387201309204
614,0.002796928631141782
615,0.37323814630508423
616,0.28922969102859497
617,0.0056577580980956554
618,0.34156152606010437
619,0.2750539481639862
620,0.06586401909589767
621,0.3747144341468811
622,0.297529935836792
623,0.007190131116658449
624,0.4288918077945709
625,0.38554462790489197
626,-0.022498952224850655
627,0.3999814987182617
628,0.38940268754959106
629,-0.013134102337062359
630,0.40762510895729065
631,0.36472567915916443
632,-0.025167005136609077
633,0.4165222942829132
634,0.38628366589546204
635,-0.021421797573566437
636,0.4299505352973938
637,0.2862902879714966
638,-0.01873483881354332
639,0.37477952241897583
640,0.45764821767807007
641,0.030385002493858337
642,0.3845991790294647
643,0.471109002828598
644,0.022877026349306107
645,0.4092825949192047
646,0.49593865871429443
647,0.006370834074914455
648,0.35720255970954895
649,0.4359939396381378
650,0.0644804984331131
651,0.40376248955726624
652,0.2932387590408325
653,0.003619677620008588
654,0.4157855212688446
655,0.32107946276664734
656,-0.02336638979613781
657,0.4270556569099426
658,0.4996225833892822
659,0.004537948407232761
660,0.39668282866477966
661,0.4944998025894165
662,0.02232436090707779
663,0.34193599224090576
664,0.37746962904930115
665,0.05738377198576927
666,0.41136547923088074
667,0.43428388237953186
668,-0.005932618398219347
669,0.40951240062713623
670,0.4378260374069214
671,-0.006984672974795103
672,0.4074289798736572
673,0.4432523846626282
674,-0.007649536244571209
675,0.40578845143318176
676,0.4494406580924988
677,-0.005819428246468306
678,0.40338408946990967
679,0.4562700390815735
680,0.001014020061120391
681,0.39939653873443604
682,0.41751015186309814
683,-0.0010599601082503796
684,0.3964844048023224
685,0.4161680340766907
686,-0.000912364455871284
687,0.39395320415496826
688,0.4141213595867157
689,-0.0010499844793230295
690,0.38693341612815857
691,0.40591880679130554
692,0.00032369157997891307
693,0.3576309084892273
694,0.37794166803359985
695,0.014674431644380093
696,0.4162193536758423
697,0.3097410500049591
698,-0.01577066071331501
699,0.41245824098587036
700,0.2885545790195465
701,-0.001500427140854299
702,0.40740007162094116
703,0.289986252784729
704,0.001793425064533949
705,0.401732861995697
706,0.4159913957118988
707,-0.0003230861620977521
708,0.3576117753982544
709,0.4071236848831177
710,0.02907954901456833
711,0.41938939690589905
712,0.2880595028400421
713,-0.01271552313119173
714,0.3998124599456787
715,0.46395012736320496
716,0.005862455349415541
717,0.42914897203445435
718,0.32421615719795227
719,-0.03897754102945328
720,0.42174431681632996
721,0.31502673029899597
722,-0.029357697814702988
723,0.4294196665287018
724,0.3125559389591217
725,-0.03143875300884247
726,0.4092838168144226
727,0.33881819248199463
728,-0.023064373061060905
729,0.42738890647888184
730,0.4888402819633484
731,0.00015715528570581228
732,0.42775335907936096
733,0.47663676738739014
734,-0.00022852134134154767
735,0.4129107594490051
736,0.4739839732646942
737,0.0015841861022636294
738,0.38259661197662354
739,0.4356439709663391
740,0.012657860293984413
741,0.39254358410835266
742,0.3693411946296692
743,-0.005928161554038525
744,0.39014753699302673
745,0.45110023021698
746,0.009933345019817352
747,0.37467771768569946
748,0.36807751655578613
749,-0.0017284753266721964
750,0.3855117857456207
751,0.38144174218177795
752,-0.00305123720318079
753,0.3685620427131653
754,0.38698410987854004
755,0.006399193312972784
756,0.41040492057800293
757,0.4855024516582489
758,0.0023107349406927824
759,0.40406668186187744
760,0.3451724350452423
761,-0.01677507907152176
762,0.376556396484375
763,0.44452160596847534
764,0.02057912014424801
765,0.3863760530948639
766,0.4597242474555969
767,0.016283893957734108
768,0.37668853998184204
769,0.41880351305007935
770,0.011855289340019226
771,0.3499757945537567
772,0.3920944333076477
773,0.03521093726158142
774,0.3672977685928345
775,0.4208809435367584
776,0.01976674795150757
777,0.34682485461235046
778,0.4018002152442932
779,0.05479135364294052
780,0.37960144877433777
781,0.3964974880218506
782,0.002269986318424344
783,0.41026753187179565
784,0.32877665758132935
785,-0.017141219228506088
786,0.40961316227912903
787,0.36107388138771057
788,-0.035628337413072586
789,0.4041767716407776
790,0.36371278762817383
791,-0.026234792545437813
792,0.4133739471435547
793,0.35356611013412476
794,-0.04185321182012558
795,0.406403511762619
796,0.27904486656188965
797,-0.004111196380108595
798,0.39324861764907837
799,0.2723764181137085
800,-0.005761956796050072
801,0.38140547275543213
802,0.2707212269306183
803,-0.005214210133999586
804,0.37153375148773193
805,0.2724321484565735
806,-0.0016124711837619543
807,0.36483973264694214
808,0.2773202061653137
809,0.0037889527156949043
810,0.36049145460128784
811,0.2970389723777771
812,0.017296243458986282
813,0.3389611542224884
814,0.3268515169620514
815,0.05564479902386665
816,0.3662230372428894
817,0.3124504089355469
818,0.010923503898084164
819,0.3745402991771698
820,0.31592944264411926
821,0.005903247278183699
822,0.38530394434928894
823,0.316106379032135
824,0.0024047584738582373
825,0.39552852511405945
826,0.3136824369430542
827,0.0009102826006710529
828,0.40349969267845154
829,0.3099463880062103
830,0.00020215871336404234
831,0.40894776582717896
832,0.30618083477020264
833,-0.00041314741247333586
834,0.34062695503234863
835,0.3281398117542267
836,0.0870652124285698
837,0.4044094681739807
838,0.36682847142219543
839,-0.021925194188952446
840,0.4154006838798523
841,0.3312501907348633
842,-0.029973939061164856
843,0.41561105847358704
844,0.36210766434669495
845,-0.04221094772219658
846,0.4202192425727844
847,0.36812031269073486
848,-0.03869643434882164
849,0.41563621163368225
850,0.36391401290893555
851,-0.03803294152021408
852,0.40667715668678284
853,0.37046903371810913
854,-0.01887211762368679
855,0.42168092727661133
856,0.36937376856803894
857,-0.0409490205347538
858,0.42254528403282166
859,0.37174615263938904
860,-0.030769146978855133
861,0.40879470109939575
862,0.2969735562801361
863,0.0034674028865993023
864,0.41329336166381836
865,0.2999337911605835
866,-0.0017854549223557115
867,0.4157312512397766
868,0.30190756916999817
869,-0.007881181314587593
870,0.3704676926136017
871,0.2911960482597351
872,0.008555132895708084
873,0.3659210801124573
874,0.2868976891040802
875,0.008848331868648529
876,0.4363309144973755
877,0.32632753252983093
878,-0.03608105331659317
879,0.4894716739654541
880,0.3003684878349304
881,0.009140761569142342
882,0.43669581413269043
883,0.37010493874549866
884,-0.030927125364542007
885,0.5182071924209595
886,0.25866347551345825
887,0.04737500101327896
888,0.46537142992019653
889,0.30922985076904297
890,0.0006417312542907894
891,0.47354477643966675
892,0.3104505240917206
893,0.0011627527419477701
894,0.4815220236778259
895,0.31022393703460693
896,0.003357727313414216
897,0.4924914836883545
898,0.30455872416496277
899,0.010388964787125587
900,0.45854651927948
901,0.3060256838798523
902,0.0014039681991562247
903,0.47725316882133484
904,0.28084754943847656
905,-0.002795241540297866
906,0.46828514337539673
907,0.28121352195739746
908,-0.002733903471380472
909,0.4855608344078064
910,0.2829461097717285
911,-3.314858622616157e-05
912,0.49102798104286194
913,0.2872324585914612
914,0.0034093079157173634
915,0.49847179651260376
916,0.31237345933914185
917,0.014509428292512894
918,0.45889249444007874
919,0.47611767053604126
920,0.009037240408360958
921,0.49254828691482544
922,0.2978799343109131
923,0.011827148497104645
924,0.5208173990249634
925,0.308592289686203
926,0.05185816437005997
927,0.5072101950645447
928,0.3055432438850403
929,0.022837912663817406
930,0.4717244803905487
931,0.35624197125434875
932,-0.006630386225879192
933,0.4408453106880188
934,0.4019615054130554
935,-0.0229844581335783
936,0.43924054503440857
937,0.4143800437450409
938,-0.019114041700959206
939,0.45254069566726685
940,0.4054732918739319
941,-0.017492864280939102
942,0.4594683349132538
943,0.41027602553367615
944,-0.009703508578240871
945,0.4475444555282593
946,0.41505420207977295
947,-0.01507798582315445
948,0.4536307752132416
949,0.41637369990348816
950,-0.00792241096496582
951,0.4687948524951935
952,0.4338313937187195
953,0.007252119015902281
954,0.43558192253112793
955,0.36452585458755493
956,-0.04631837457418442
957,0.43677330017089844
958,0.35288792848587036
959,-0.04903477057814598
960,0.5030975341796875
961,0.2767883539199829
962,0.005169323645532131
963,0.4549732506275177
964,0.3269464373588562
965,-0.008530993945896626
966,0.45618578791618347
967,0.3611430525779724
968,-0.02533874474465847
969,0.45696043968200684
970,0.3550824820995331
971,-0.02276148460805416
972,0.4955759644508362
973,0.35585424304008484
974,0.003762351581826806
975,0.4366033971309662
976,0.33835849165916443
977,-0.04416707158088684
978,0.48390910029411316
979,0.2641640305519104
980,-0.009881354868412018
981,0.49534523487091064
982,0.26831039786338806
983,-0.003375127213075757
984,0.5112475156784058
985,0.23743176460266113
986,0.030499987304210663
987,0.4476872682571411
988,0.27204737067222595
989,-0.016953805461525917
990,0.46058738231658936
991,0.2845679521560669
992,-0.00014378274499904364
993,0.4747663736343384
994,0.41910627484321594
995,0.007708949036896229
996,0.5085281133651733
997,0.41682592034339905
998,0.07697951048612595
999,0.4500010311603546
1000,0.36742669343948364
1001,-0.02198825404047966
1002,0.4428540766239166
1003,0.37132227420806885
1004,-0.02279617451131344
1005,0.46757271885871887
1006,0.4206584692001343
1007,0.006999139208346605
1008,0.4630621075630188
1009,0.4205237030982971
1010,0.0047640749253332615
1011,0.4998359680175781
1012,0.26094815135002136
1013,0.0006832128274254501
1014,0.4566628336906433
1015,0.3661518692970276
1016,-0.020545056089758873
1017,0.46832364797592163
1018,0.2645946145057678
1019,-0.014614678919315338
1020,0.4700089991092682
1021,0.2549022436141968
1022,-0.01660776510834694
1023,0.4796369969844818
1024,0.2074703574180603
1025,-0.002345399698242545
1026,0.5053172707557678
1027,0.24857008457183838
1028,0.013675362803041935
1029,0.47396591305732727
1030,0.2300066500902176
1031,-0.00995058473199606
1032,0.5078353881835938
1033,0.2718084454536438
1034,0.012297157198190689
1035,0.5130502581596375
1036,0.26570630073547363
1037,0.02898251637816429
1038,0.4402383863925934
1039,0.40914368629455566
1040,-0.021970778703689575
1041,0.4499135911464691
1042,0.4111725389957428
1043,-0.01657671108841896
1044,0.4567020535469055
1045,0.41342565417289734
1046,-0.009480082429945469
1047,0.4479408860206604
1048,0.3695776164531708
1049,-0.020223043859004974
1050,0.46540766954421997
1051,0.42076894640922546
1052,0.005713491700589657
1053,0.4617701768875122
1054,0.4286295771598816
1055,0.001967271789908409
1056,0.4616079032421112
1057,0.41996753215789795
1058,0.0045059495605528355
1059,0.44512805342674255
1060,0.36394476890563965
1061,-0.0339655838906765
1062,0.4517468512058258
1063,0.41560646891593933
1064,-0.006683667190372944
1065,0.44565027952194214
1066,0.4155333936214447
1067,-0.011820253916084766
1068,0.43813326954841614
1069,0.41585391759872437
1070,-0.015608023852109909
1071,0.44102540612220764
1072,0.46581754088401794
1073,-0.0009616629686206579
1074,0.44107136130332947
1075,0.45720037817955017
1076,-0.009879784658551216
1077,0.4404982328414917
1078,0.45001962780952454
1079,-0.011832893826067448
1080,0.43956679105758667
1081,0.44265103340148926
1082,-0.010478352196514606
1083,0.4385486841201782
1084,0.4375544786453247
1085,-0.009339137934148312
1086,0.45285120606422424
1087,0.43078112602233887
1088,-0.0018954046536237001
1089,0.45462170243263245
1090,0.4326418936252594
1091,-0.0030480639543384314
1092,0.4571637809276581
1093,0.4361213743686676
1094,-0.0036153753753751516
1095,0.45910584926605225
1096,0.4398166537284851
1097,-0.0018185669323429465
1098,0.465526282787323
1099,0.3975750505924225
1100,-0.007442041765898466
1101,0.518837034702301
1102,0.3596809506416321
1103,0.0873745009303093
1104,0.45679113268852234
1105,0.4270402789115906
1106,0.00239049200899899
1107,0.4592816233634949
1108,0.42757681012153625
1109,0.0016907680546864867
1110,0.4400801360607147
1111,0.3765578866004944
1112,-0.022742172703146935
1113,0.45393791794776917
1114,0.3731433153152466
1115,-0.013996626250445843
1116,0.441389799118042
1117,0.37407588958740234
1118,-0.023083042353391647
1119,0.46376833319664
1120,0.3336932063102722
1121,-0.005546164698898792
1122,0.47706082463264465
1123,0.34165284037590027
1124,-0.0031810468062758446
1125,0.4584699869155884
1126,0.3602621555328369
1127,-0.01785188354551792
1128,0.49911177158355713
1129,0.21986642479896545
1130,0.012878086417913437
1131,0.49297651648521423
1132,0.23615394532680511
1133,0.0010904609225690365
1134,0.48687130212783813
1135,0.25481441617012024
1136,-0.008419000543653965
1137,0.4620348811149597
1138,0.4458262324333191
1139,0.004250769969075918
1140,0.4507595896720886
1141,0.2567614018917084
1142,-0.020651275292038918
1143,0.45424166321754456
1144,0.22798676788806915
1145,-0.016126640141010284
1146,0.45806604623794556
1147,0.20114994049072266
1148,-0.011191582307219505
1149,0.4884400963783264
1150,0.30845391750335693
1151,0.006958903279155493
1152,0.5066198110580444
1153,0.3207079768180847
1154,0.019390420988202095
1155,0.45429182052612305
1156,0.30282801389694214
1157,0.0024813769850879908
1158,0.49942880868911743
1159,0.29133695363998413
1160,0.01068156212568283
1161,0.44900673627853394
1162,0.31934767961502075
1163,-0.011828864924609661
1164,0.4507192075252533
1165,0.3569667339324951
1166,-0.03379053622484207
1167,0.5145727396011353
1168,0.3290788531303406
1169,0.028827708214521408
1170,0.5011279582977295
1171,0.32799622416496277
1172,0.012054916471242905
1173,0.49086663126945496
1174,0.3314911425113678
1175,0.0043939645402133465
1176,0.47544968128204346
1177,0.3292859196662903
1178,0.00039188971277326345
1179,0.4639253616333008
1180,0.3243306577205658
1181,-0.0013953876914456487
1182,0.45531725883483887
1183,0.3187352418899536
1184,-0.003909947816282511
1185,0.43777570128440857
1186,0.30342012643814087
1187,-0.02130267396569252
1188,0.5132004022598267
1189,0.3527608811855316
1190,0.027007244527339935
1191,0.5057414174079895
1192,0.2900356352329254
1193,0.014475895091891289
1194,0.4328506588935852
1195,0.37056586146354675
1196,-0.042142219841480255
1197,0.45443326234817505
1198,0.337947815656662
1199,-0.011959381401538849
1200,0.5222944021224976
1201,0.30829596519470215
1202,0.07954282313585281
1203,0.448979914188385
1204,0.3122837245464325
1205,-0.005405462812632322
1206,0.45939871668815613
1207,0.36102113127708435
1208,-0.00885676871985197
1209,0.49525636434555054
1210,0.2985610365867615
1211,0.01334062684327364
1212,0.4513583779335022
1213,0.3495163023471832
1214,-0.030637269839644432
1215,0.5155016183853149
1216,0.38734883069992065
1217,0.08435932546854019
1218,0.45456749200820923
1219,0.29864034056663513
1220,0.0046620420180261135
1221,0.44404351711273193
1222,0.34275758266448975
1223,-0.039056599140167236
1224,0.4917217493057251
1225,0.4449864625930786
1226,0.036394163966178894
1227,0.4902971386909485
1228,0.45834359526634216
1229,0.050508543848991394
1230,0.5200339555740356
1231,0.3571006655693054
1232,0.0570995956659317
1233,0.5016171932220459
1234,0.4289836883544922
1235,0.0448998361825943
1236,0.5171619653701782
1237,0.28542137145996094
1238,0.04273483157157898
1239,0.4596419632434845
1240,0.4874081611633301
1241,0.013862176798284054
1242,0.4320523738861084
1243,0.37282198667526245
1244,-0.030741993337869644
1245,0.46201568841934204
1246,0.3464305102825165
1247,-0.008664537221193314
1248,0.5137608051300049
1249,0.3080804646015167
1250,0.031362760812044144
1251,0.4810125231742859
1252,0.30338212847709656
1253,0.004225157201290131
1254,0.473750501871109
1255,0.3040105104446411
1256,0.0021238909102976322
1257,0.4641144573688507
1258,0.43002796173095703
1259,0.003276148345321417
1260,0.5111873149871826
1261,0.3763194978237152
1262,0.030446341261267662
1263,0.44431447982788086
1264,0.5043073892593384
1265,0.01602238416671753
1266,0.4686943590641022
1267,0.48600026965141296
1268,0.03132522106170654
1269,0.4787251651287079
1270,0.4743463695049286
1271,0.03989119455218315
1272,0.466838538646698
1273,0.3031638562679291
1274,0.0016973917372524738
1275,0.4604420065879822
1276,0.3010236620903015
1277,0.00280617643147707
1278,0.45647087693214417
1279,0.2998172342777252
1280,0.004480517003685236
1281,0.5112548470497131
1282,0.2878836691379547
1283,0.022868206724524498
1284,0.46173691749572754
1285,0.2917487323284149
1286,0.0014512259513139725
1287,0.46880272030830383
1288,0.289322167634964
1289,-0.00015549568342976272
1290,0.47594040632247925
1291,0.28897377848625183
1292,0.0002483456628397107
1293,0.4831421971321106
1294,0.2909386456012726
1295,0.0023621630389243364
1296,0.4876997172832489
1297,0.29389819502830505
1298,0.0052230507135391235
1299,0.5216711163520813
1300,0.2808721959590912
1301,0.0652979239821434
1302,0.4859546720981598
1303,0.3020164668560028
1304,0.006818496622145176
1305,0.45812398195266724
1306,0.39032527804374695
1307,-0.01327885128557682
1308,0.45005521178245544
1309,0.3656941056251526
1310,-0.02522778883576393
1311,0.44144096970558167
1312,0.38658207654953003
1313,-0.021503642201423645
1314,0.4811585545539856
1315,0.46098047494888306
1316,0.030031293630599976
1317,0.4708125591278076
1318,0.4739854037761688
1319,0.02253337949514389
1320,0.4449642598628998
1321,0.4971671998500824
1322,0.006206129677593708
1323,0.4995924234390259
1324,0.4408148527145386
1325,0.06401163339614868
1326,0.4567651152610779
1327,0.29578909277915955
1328,0.0033288979902863503
1329,0.4431464970111847
1330,0.32200732827186584
1331,-0.023462491109967232
1332,0.4576224088668823
1333,0.4966299533843994
1334,0.02213502861559391
1335,0.5166738033294678
1336,0.3829439580440521
1337,0.05676618963479996
1338,0.4464591443538666
1339,0.43465161323547363
1340,-0.00608321325853467
1341,0.44819581508636475
1342,0.43832701444625854
1343,-0.00706583121791482
1344,0.45008304715156555
1345,0.4438377618789673
1346,-0.007763389963656664
1347,0.45141708850860596
1348,0.45023226737976074
1349,-0.005935479886829853
1350,0.453237920999527
1351,0.4573725163936615
1352,0.0007649019244126976
1353,0.45930683612823486
1354,0.41773471236228943
1355,-0.0013816230930387974
1356,0.46219876408576965
1357,0.4164808392524719
1358,-0.00130757677834481
1359,0.46474790573120117
1360,0.4145275056362152
1361,-0.0012926473282277584
1362,0.4715229272842407
1363,0.4070923328399658
1364,8.535741653759032e-05
1365,0.5007639527320862
1366,0.38187500834465027
1367,0.013799408450722694
1368,0.4432442784309387
1369,0.31069236993789673
1370,-0.01605415903031826
1371,0.44813185930252075
1372,0.2902357280254364
1373,-0.0016423251945525408
1374,0.45324888825416565
1375,0.2920985221862793
1376,0.001706420909613371
1377,0.4570213556289673
1378,0.41621217131614685
1379,-0.0005490854382514954
1380,0.4999655485153198
1381,0.4111846387386322
1382,0.028388958424329758
1383,0.440777450799942
1384,0.28897780179977417
1385,-0.012697487138211727
1386,0.4562009572982788
1387,0.4654095768928528
1388,0.005644320510327816
1389,0.4371538460254669
1390,0.3155004382133484
1391,-0.02940559573471546
1392,0.4491035044193268
1393,0.33990418910980225
1394,-0.023121971637010574
1395,0.44268494844436646
1396,0.47480669617652893
1397,0.0013798907166346908
1398,0.47459283471107483
1399,0.4377517104148865
1400,0.012304181233048439
1401,0.465903103351593
1402,0.37094032764434814
1403,-0.006223993841558695
1404,0.4664638638496399
1405,0.4529440999031067
1406,0.009643741883337498
1407,0.4839796721935272
1408,0.370915025472641
1409,-0.0024748817086219788
1410,0.4729953110218048
1411,0.3834286332130432
1412,-0.003412356600165367
1413,0.4897333085536957
1414,0.3901366889476776
1415,0.005697131156921387
1416,0.44445928931236267
1417,0.4865938723087311
1418,0.002098104916512966
1419,0.45437413454055786
1420,0.34644022583961487
1421,-0.016875427216291428
1422,0.4799482226371765
1423,0.4473356306552887
1424,0.0202120840549469
1425,0.4696827828884125
1426,0.46218132972717285
1427,0.015986613929271698
1428,0.4810241162776947
1429,0.4210144877433777
1430,0.011278122663497925
1431,0.5079668760299683
1432,0.3967355787754059
1433,0.034512411803007126
1434,0.48996976017951965
1435,0.42417657375335693
1436,0.01911049522459507
1437,0.5109249949455261
1438,0.4070039689540863
1439,0.05428305268287659
1440,0.47872498631477356
1441,0.3985627293586731
1442,0.0016854257555678487
1443,0.4486170709133148
1444,0.32986176013946533
1445,-0.017285853624343872
1446,0.44785961508750916
1447,0.36207816004753113
1448,-0.035659607499837875
1449,0.45357784628868103
1450,0.36485567688941956
1451,-0.026286840438842773
1452,0.44409874081611633
1453,0.3544485867023468
1454,-0.04207367077469826
1455,0.4546900689601898
1456,0.2811387777328491
1457,-0.004293757025152445
1458,0.46807923913002014
1459,0.27549654245376587
1460,-0.0060082473792135715
1461,0.4798467755317688
1462,0.2747599482536316
1463,-0.005551399663090706
1464,0.4896238148212433
1465,0.2770289480686188
1466,-0.0020612969528883696
1467,0.4963092803955078
1468,0.2823522388935089
1469,0.003366875695064664
1470,0.5003626942634583
1471,0.30205032229423523
1472,0.016667507588863373
1473,0.5214533805847168
1474,0.33263352513313293
1475,0.0549863800406456
1476,0.4940820336341858
1477,0.3167512118816376
1478,0.01042539905756712
1479,0.48553016781806946
1480,0.3195531666278839
1481,0.005386186297982931
1482,0.47473663091659546
1483,0.31919944286346436
1484,0.0019539007917046547
1485,0.4643997550010681
1486,0.31619057059288025
1487,0.0005780201754532754
1488,0.4564840793609619
1489,0.31204861402511597
1490,-7.105321128619835e-05
1491,0.4510553479194641
1492,0.30799928307533264
1493,-0.0005972263170406222
1494,0.5206628441810608
1495,0.33382824063301086
1496,0.08626921474933624
1497,0.4534342288970947
1498,0.367786705493927
1499,-0.022019512951374054
1500,0.4429416060447693
1501,0.3320152759552002
1502,-0.030082691460847855
1503,0.4416431188583374
1504,0.3628372848033905
1505,-0.0422564372420311
1506,0.43708059191703796
1507,0.3685111403465271
1508,-0.03873645141720772
1509,0.4417327046394348
1510,0.36461880803108215
1511,-0.03806940093636513
1512,0.4512140154838562
1513,0.37134215235710144
1514,-0.01896662451326847
1515,0.43548646569252014
1516,0.36971813440322876
1517,-0.0409400649368763
1518,0.4347948729991913
1519,0.37195321917533875
1520,-0.03077649511396885
1521,0.4515458047389984
1522,0.29906296730041504
1523,0.003261403413489461
1524,0.4468260407447815
1525,0.301500141620636
1526,-0.0019029217073693871
1527,0.44422459602355957
1528,0.30310478806495667
1529,-0.008043995127081871
1530,0.49043014645576477
1531,0.2961522936820984
1532,0.008076927624642849
1533,0.4949803948402405
1534,0.29193177819252014
1535,0.008361078798770905
1536,0.0
1537,0.0
1538,0.0
1539,0.0
1540,0.0
1541,0.0
1542,0.0
1543,0.0
1544,0.0
1545,0.0
1546,0.0
1547,0.0
1548,0.0
1549,0.0
1550,0.0
1551,0.0
1552,0.0
1553,0.0
1554,0.0
1555,0.0
1556,0.0
1557,0.0
1558,0.0
1559,0.0
1560,0.0
1561,0.0
1562,0.0
1563,0.0
1564,0.0
1565,0.0
1566,0.0
1567,0.0
1568,0.0
1569,0.0
1570,0.0
1571,0.0
1572,0.0
1573,0.0
1574,0.0
1575,0.0
1576,0.0
1577,0.0
1578,0.0
1579,0.0
1580,0.0
1581,0.0
1582,0.0
1583,0.0
1584,0.0
1585,0.0
1586,0.0
1587,0.0
1588,0.0
1589,0.0
1590,0.0
1591,0.0
1592,0.0
1593,0.0
1594,0.0
1595,0.0
1596,0.0
1597,0.0
1598,0.0
1599,0.19394205510616302
1600,0.764117419719696
1601,1.399340732177734e-07
1602,0.17327842116355896
1603,0.6977901458740234
1604,-0.0052961925975978374
1605,0.15955296158790588
1606,0.6052638292312622
1607,-0.018078962340950966
1608,0.14466989040374756
1609,0.5332129597663879
1610,-0.030261851847171783
1611,0.1200588271021843
1612,0.4856766164302826
1613,-0.04154160991311073
1614,0.1607387661933899
1615,0.5923011898994446
1616,-0.039972078055143356
1617,0.19299274682998657
1618,0.5116914510726929
1619,-0.06352478265762329
1620,0.21717728674411774
1621,0.47061803936958313
1622,-0.07541655749082565
1623,0.23940390348434448
1624,0.4402572512626648
1625,-0.08257797360420227
1626,0.18340742588043213
1627,0.6165241599082947
1628,-0.04947657883167267
1629,0.2593138515949249
1630,0.5407835841178894
1631,-0.07834327220916748
1632,0.26127496361732483
1633,0.5720846056938171
1634,-0.07883977144956589
1635,0.24352386593818665
1636,0.6024602055549622
1637,-0.07521403580904007
1638,0.21299445629119873
1639,0.6444970965385437
1640,-0.05760611221194267
1641,0.28192174434661865
1642,0.5809115767478943
1643,-0.07882523536682129
1644,0.27626627683639526
1645,0.6102507710456848
1646,-0.06535737961530685
1647,0.25498166680336
1648,0.6338674426078796
1649,-0.05329606682062149
1650,0.24441362917423248
1651,0.6740670204162598
1652,-0.06584087014198303
1653,0.2987416982650757
1654,0.621505618095398
1655,-0.07467576861381531
1656,0.29107239842414856
1657,0.6471278667449951
1658,-0.06221729516983032
1659,0.26939260959625244
1660,0.6681537628173828
1661,-0.05183803290128708
