,0
0,0.4360610842704773
1,0.3740818202495575
2,-0.7074863910675049
3,0.9999890923500061
4,0.46246686577796936
5,0.3158471882343292
6,-0.6529676914215088
7,0.9999815225601196
8,0.47777146100997925
9,0.31691089272499084
10,-0.6523271203041077
11,0.9999838471412659
12,0.49280110001564026
13,0.31852012872695923
14,-0.651698887348175
15,0.9999821782112122
16,0.41076144576072693
17,0.31349310278892517
18,-0.6651166081428528
19,0.9999812245368958
20,0.3901233673095703
21,0.3123035430908203
22,-0.664035975933075
23,0.9999819397926331
24,0.3735745847225189
25,0.31037789583206177
26,-0.6640108823776245
27,0.999979555606842
28,0.5114403367042542
29,0.35186609625816345
30,-0.32368093729019165
31,0.9999820590019226
32,0.34310969710350037
33,0.3386457860469818
34,-0.3670043349266052
35,0.9999854564666748
36,0.4614657461643219
37,0.44865623116493225
38,-0.5878790616989136
39,0.9999895691871643
40,0.4009762406349182
41,0.4401768445968628
42,-0.6036862730979919
43,0.9999900460243225
44,0.6244875192642212
45,0.6951220631599426
46,-0.1734781563282013
47,0.9999052882194519
48,0.20472486317157745
49,0.6806143522262573
50,-0.19311830401420593
51,0.999676525592804
52,0.7572034597396851
53,1.0519064664840698
54,-0.4850267767906189
55,0.7984947562217712
56,0.10844804346561432
57,1.0001436471939087
58,-0.20166048407554626
59,0.35126519203186035
60,0.7606978416442871
61,0.6595609784126282
62,-0.8714785575866699
63,0.7949392199516296
64,0.0881381556391716
65,1.4461369514465332
66,-0.5727822780609131
67,0.22272594273090363
68,0.7463457584381104
69,0.5071009397506714
70,-0.981375515460968
71,0.7902969717979431
72,0.05296318605542183
73,1.5554224252700806
74,-0.6171938180923462
75,0.2726128101348877
76,0.7114845514297485
77,0.46065986156463623
78,-0.8672337532043457
79,0.8025733232498169
80,0.08193717151880264
81,1.5470331907272339
82,-0.7112613916397095
83,0.37150445580482483
84,0.6973549723625183
85,0.5190470218658447
86,-0.8537607192993164
87,0.7992702126502991
88,0.10634911060333252
89,1.5098220109939575
90,-0.6296760439872742
91,0.38292211294174194
92,0.5526490211486816
93,1.4759042263031006
94,-0.05095355585217476
95,0.003808812703937292
96,0.268717885017395
97,1.468902826309204
98,0.057197462767362595
99,0.002422413555905223
100,0.5329386591911316
101,2.141497850418091
102,-0.19329620897769928
103,0.00045040453551337123
104,0.2708922326564789
105,2.125131845474243
106,0.10664856433868408
107,0.00014155468670651317
108,0.519287109375
109,2.7295033931732178
110,0.20422062277793884
111,3.416912295506336e-05
112,0.2681047320365906
113,2.707760810852051
114,0.4343692660331726
115,5.5603513828828e-06
116,0.5245738625526428
117,2.8123891353607178
118,0.216478630900383
119,3.131075936835259e-05
120,0.2592727541923523
121,2.794884204864502
122,0.4545011520385742
123,1.421490014763549e-05
124,0.47253546118736267
125,2.9076972007751465
126,-0.3014822006225586
127,6.88464060658589e-05
128,0.30543193221092224
129,2.881136178970337
130,-0.10350601375102997
131,2.6456031264388002e-05
132,0.4298371970653534
133,0.43464893102645874
134,-0.020792191848158836
135,0.4316822290420532
136,0.39307621121406555
137,-0.044791966676712036
138,0.4305899441242218
139,0.40349429845809937
140,-0.021532947197556496
141,0.42537376284599304
142,0.35113421082496643
143,-0.036988429725170135
144,0.4322434365749359
145,0.3809240758419037
146,-0.04847569763660431
147,0.43270400166511536
148,0.36422815918922424
149,-0.04627498611807823
150,0.43346625566482544
151,0.3226342797279358
152,-0.027548540383577347
153,0.3720174729824066
154,0.3089105784893036
155,0.003025163896381855
156,0.4345071315765381
157,0.2952435612678528
158,-0.025396479293704033
159,0.4353577792644501
160,0.27973058819770813
161,-0.028932558372616768
162,0.43799859285354614
163,0.21403056383132935
164,-0.02443772368133068
165,0.42957547307014465
166,0.4411633312702179
167,-0.01937265507876873
168,0.42921727895736694
169,0.44631314277648926
170,-0.016065504401922226
171,0.42894914746284485
172,0.448591023683548
173,-0.011851051822304726
174,0.4286195933818817
175,0.45900434255599976
176,-0.007572402711957693
177,0.4284241497516632
178,0.4659404754638672
179,-0.008366973139345646
180,0.4281088709831238
181,0.47397056221961975
182,-0.008912802673876286
183,0.42769187688827515
184,0.4814825654029846
185,-0.00572953512892127
186,0.426885724067688
187,0.48846158385276794
188,0.005344317760318518
189,0.4312540292739868
190,0.3985045552253723
191,-0.040016189217567444
192,0.42277467250823975
193,0.3962137997150421
194,-0.028348665684461594
195,0.34290018677711487
196,0.25663936138153076
197,0.035862985998392105
198,0.3961694836616516
199,0.3218683898448944
200,-0.0035805501975119114
201,0.38792794942855835
202,0.32238131761550903
203,-0.0035466908011585474
204,0.379789263010025
205,0.32147344946861267
206,-0.001759994076564908
207,0.3687519431114197
208,0.3129009008407593
209,0.00427670544013381
210,0.40300965309143066
211,0.3193984925746918
212,-0.0027971763629466295
213,0.38531744480133057
214,0.2926860451698303
215,-0.00973102543503046
216,0.3945346176624298
217,0.2940495014190674
218,-0.009264706633985043
219,0.3768227696418762
220,0.2933841347694397
221,-0.007398067973554134
222,0.37108927965164185
223,0.2961592972278595
224,-0.0038954056799411774
225,0.36181485652923584
226,0.32098379731178284
227,0.008604812435805798
228,0.39480477571487427
229,0.49570271372795105
230,0.015014240518212318
231,0.3688088357448578
232,0.3052421510219574
233,0.005223378539085388
234,0.3371244966983795
235,0.3087491989135742
236,0.044176820665597916
237,0.3522816300392151
238,0.31133782863616943
239,0.01569993793964386
240,0.3890836238861084
241,0.37586984038352966
242,-0.00652132136747241
243,0.4199901223182678
244,0.4320065379142761
245,-0.020089896395802498
246,0.4213569164276123
247,0.4459339380264282
248,-0.015248224139213562
249,0.4098256528377533
250,0.4358822703361511
251,-0.015525488182902336
252,0.40399256348609924
253,0.4414866864681244
254,-0.009490393102169037
255,0.4143870174884796
256,0.44660627841949463
257,-0.012467700056731701
258,0.4093165993690491
259,0.4481569230556488
260,-0.006940468214452267
261,0.3917381167411804
262,0.46008628606796265
263,0.006784867495298386
264,0.42451074719429016
265,0.3920404613018036
266,-0.04438920319080353
267,0.4237111508846283
268,0.380359947681427
269,-0.047884758561849594
270,0.35872092843055725
271,0.2844960689544678
272,-0.004211174789816141
273,0.4059484302997589
274,0.34527310729026794
275,-0.010734493844211102
276,0.40352383255958557
277,0.38525575399398804
278,-0.024153495207428932
279,0.40287894010543823
280,0.37838637828826904
281,-0.021929489448666573
282,0.3651822805404663
283,0.37210506200790405
284,0.0019013922428712249
285,0.42462158203125
286,0.36471548676490784
287,-0.04395537078380585
288,0.37976545095443726
289,0.27697622776031494
290,-0.019117001444101334
291,0.36740925908088684
292,0.2785215973854065
293,-0.013059621676802635
294,0.3519185483455658
295,0.23769932985305786
296,0.01753561943769455
297,0.41685912013053894
298,0.2912270724773407
299,-0.023623928427696228
300,0.4023813307285309
301,0.2980644404888153
302,-0.005988400429487228
303,0.386982262134552
304,0.4474218487739563
305,0.006811773404479027
306,0.3431555926799774
307,0.4193565845489502
308,0.07956153899431229
309,0.40967196226119995
310,0.39225682616233826
311,-0.01978185959160328
312,0.4168001115322113
313,0.3968391716480255
314,-0.02012779377400875
315,0.3970419764518738
316,0.45148390531539917
317,0.005318814422935247
318,0.4013950824737549
319,0.45086467266082764
320,0.0029547817539423704
321,0.3630415201187134
322,0.26965558528900146
323,-0.00970384944230318
324,0.403161883354187
325,0.39043474197387695
326,-0.018880080431699753
327,0.3960696756839752
328,0.2805090844631195
329,-0.022838471457362175
330,0.39498844742774963
331,0.2704346776008606
332,-0.025648295879364014
333,0.38773638010025024
334,0.21514593064785004
335,-0.015482108108699322
336,0.35789045691490173
337,0.25314587354660034
338,0.0018163386266678572
339,0.39247575402259827
340,0.24182510375976562
341,-0.02126910351216793
342,0.35387635231018066
343,0.27788883447647095
344,0.0023975083604454994
345,0.34846770763397217
346,0.2676612436771393
347,0.01804414950311184
348,0.4205572009086609
349,0.43998441100120544
350,-0.018775632604956627
351,0.4123622477054596
352,0.4424007833003998
353,-0.014464452862739563
354,0.4066351652145386
355,0.4451102018356323
356,-0.008928979746997356
357,0.41189044713974
358,0.3946981430053711
359,-0.01806234009563923
360,0.3993004560470581
361,0.45167022943496704
362,0.003976715262979269
363,0.40167900919914246
364,0.4553467333316803
365,0.00031289493199437857
366,0.40229102969169617
367,0.4494193196296692
368,0.0027443398721516132
369,0.41445401310920715
370,0.3891596496105194
371,-0.032439857721328735
372,0.41119176149368286
373,0.4475080668926239
374,-0.005437264684587717
375,0.41613590717315674
376,0.44753286242485046
377,-0.008836428634822369
378,0.4222524166107178
379,0.4479731023311615
380,-0.011386166326701641
381,0.41566506028175354
382,0.48660510778427124
383,0.0049683633260428905
384,0.4169303774833679
385,0.47912776470184326
386,-0.005996940657496452
387,0.41823938488960266
388,0.4716538190841675
389,-0.008674133569002151
390,0.4196755588054657
391,0.4634084701538086
392,-0.008061470463871956
393,0.42087817192077637
394,0.4578434228897095
395,-0.007163370959460735
396,0.40921249985694885
397,0.4541451632976532
398,-0.0023913129698485136
399,0.40753597021102905
400,0.45634108781814575
401,-0.0033383562695235014
402,0.4048407971858978
403,0.4600508511066437
404,-0.0036980793811380863
405,0.4024335443973541
406,0.46382492780685425
407,-0.0018890672363340855
408,0.3965024948120117
409,0.4243771731853485
410,-0.007807587739080191
411,0.33539485931396484
412,0.35786402225494385
413,0.08529334515333176
414,0.4309482276439667
415,0.40004515647888184
416,-0.028135282918810844
417,0.40603208541870117
418,0.4524592161178589
419,0.0007120791706256568
420,0.40411055088043213
421,0.4537704885005951
422,0.00011778654879890382
423,0.41966837644577026
424,0.4026772379875183
425,-0.01965087093412876
426,0.4061313271522522
427,0.39817869663238525
428,-0.011674311943352222
429,0.4182654917240143
430,0.3999159336090088
431,-0.020223230123519897
432,0.3972562551498413
433,0.3515353500843048
434,-0.007301532197743654
435,0.38405710458755493
436,0.3592813313007355
437,-0.004849910736083984
438,0.4014580547809601
439,0.3835519254207611
440,-0.01664632372558117
441,0.36618173122406006
442,0.22345726191997528
443,-0.0005528341862373054
444,0.371919721364975
445,0.2439136803150177
446,-0.010745983570814133
447,0.3771791160106659
448,0.2666170001029968
449,-0.018481824547052383
450,0.39760613441467285
451,0.4691661596298218
452,0.005099846515804529
453,0.4149654805660248
454,0.27562040090560913
455,-0.02875404991209507
456,0.4133446216583252
457,0.24314536154270172
458,-0.02668987214565277
459,0.41093456745147705
460,0.21246269345283508
461,-0.023264821618795395
462,0.37275925278663635
463,0.31831756234169006
464,0.0013391781831160188
465,0.3525576889514923
466,0.32905882596969604
467,0.013678189367055893
468,0.4074844717979431
469,0.31676623225212097
470,-0.0016949559794738889
471,0.3618197441101074
472,0.29828691482543945
473,0.0027504796162247658
474,0.4122535288333893
475,0.33825430274009705
476,-0.014287682250142097
477,0.40898314118385315
478,0.38164395093917847
479,-0.032782718539237976
480,0.3434603810310364
481,0.33547165989875793
482,0.023213988170027733
483,0.35830801725387573
484,0.33953621983528137
485,0.0072203087620437145
486,0.36931902170181274
487,0.3460763692855835
488,0.000566481554415077
489,0.38551265001296997
490,0.345020592212677
491,-0.002806194359436631
492,0.39709165692329407
493,0.34030258655548096
494,-0.004422646481543779
495,0.40574395656585693
496,0.33532044291496277
497,-0.006941420491784811
498,0.4248773157596588
499,0.32466840744018555
500,-0.02446206659078598
501,0.34505629539489746
502,0.3622182309627533
503,0.023232022300362587
504,0.35492536425590515
505,0.29613256454467773
506,0.005960413254797459
507,0.4268694818019867
508,0.39775383472442627
509,-0.03974570333957672
510,0.4062509834766388
511,0.35815370082855225
512,-0.012816153466701508
513,0.33496564626693726
514,0.3046208322048187
515,0.07259097695350647
516,0.4125342071056366
517,0.3297620415687561
518,-0.00868141558021307
519,0.40073147416114807
520,0.38369494676589966
521,-0.0077824038453400135
522,0.36594054102897644
523,0.30556780099868774
524,0.006568344309926033
525,0.4085816442966461
526,0.3733293414115906
527,-0.03004646860063076
528,0.3374626934528351
529,0.3872321546077728
530,0.08467980474233627
531,0.40737390518188477
532,0.31197723746299744
533,5.0704496970865875e-05
534,0.41645547747612
535,0.36776459217071533
536,-0.038725126534700394
537,0.36141353845596313
538,0.4582080841064453
539,0.03939836472272873
540,0.36020171642303467
541,0.4682930111885071
542,0.05557839199900627
543,0.3361883759498596
544,0.3601599335670471
545,0.05377446487545967
546,0.3522490859031677
547,0.43841254711151123
548,0.04720070958137512
549,0.3426262140274048
550,0.28599148988723755
551,0.03322039544582367
552,0.3920504152774811
553,0.5063624382019043
554,0.021209662780165672
555,0.427504301071167
556,0.3993563950061798
557,-0.027704395353794098
558,0.39873597025871277
559,0.3666013181209564
560,-0.008882098831236362
561,0.3450123071670532
562,0.3119606375694275
563,0.02393939532339573
564,0.38072648644447327
565,0.3138766586780548
566,-0.001213053590618074
567,0.3880535960197449
568,0.31532689929008484
569,-0.0029344179201871157
570,0.39906978607177734
571,0.4570367634296417
572,0.001797581440769136
573,0.34713128209114075
574,0.38656505942344666
575,0.029024308547377586
576,0.4060596525669098
577,0.5248692035675049
578,0.026455221697688103
579,0.38128921389579773
580,0.5019193291664124
581,0.03839011862874031
582,0.3712773323059082
583,0.4878069758415222
584,0.045683905482292175
585,0.43684789538383484
586,0.24580100178718567
587,-0.027311138808727264
588,0.42408838868141174
589,0.5292173027992249
590,0.025357672944664955
591,0.39498013257980347
592,0.3149428069591522
593,-0.003062307368963957
594,0.40143510699272156
595,0.3134700059890747
596,-0.0018645109375938773
597,0.40549713373184204
598,0.3127685785293579
599,-0.00016602517280261964
600,0.3490130305290222
601,0.2922718822956085
602,0.013962199911475182
603,0.4006059467792511
604,0.3038812279701233
605,-0.003930951934307814
606,0.3934905529022217
607,0.30036091804504395
608,-0.006084149703383446
609,0.3861255943775177
610,0.2992109954357147
611,-0.005999199580401182
612,0.37859854102134705
613,0.3002677261829376
614,-0.004145362414419651
615,0.3738657832145691
616,0.3024890422821045
617,-0.0013060539495199919
618,0.3376536965370178
619,0.2775508463382721
620,0.05576121062040329
621,0.37564846873283386
622,0.3114539384841919
623,0.0010005031945183873
624,0.4303116798400879
625,0.4130874574184418
626,-0.018975194543600082
627,0.4028400778770447
628,0.4168318212032318
629,-0.011942177079617977
630,0.40954098105430603
631,0.39039137959480286
632,-0.023618342354893684
633,0.41873687505722046
634,0.41382309794425964
635,-0.01865147426724434
636,0.43378785252571106
637,0.307796835899353
638,-0.02297869138419628
639,0.37081483006477356
640,0.47669047117233276
641,0.03386899083852768
642,0.3807944655418396
643,0.4913575053215027
644,0.028117815032601357
645,0.4064897894859314
646,0.5181317329406738
647,0.015319956466555595
648,0.35120394825935364
649,0.44684290885925293
650,0.06828316301107407
651,0.4052615165710449
652,0.30880141258239746
653,-0.00172937021125108
654,0.41839006543159485
655,0.3437538146972656
656,-0.025284772738814354
657,0.4248822331428528
658,0.5226560235023499
659,0.014525344595313072
660,0.3925354778766632
661,0.5150184035301208
662,0.030814891681075096
663,0.33881282806396484
664,0.38711485266685486
665,0.05580277368426323
666,0.4144044816493988
667,0.4560061991214752
668,-0.005111293867230415
669,0.41262221336364746
670,0.4600006937980652
671,-0.006131245754659176
672,0.4103439450263977
673,0.4659997522830963
674,-0.006480817683041096
675,0.4083888530731201
676,0.4725967347621918
677,-0.004379277117550373
678,0.40517178177833557
679,0.478765070438385
680,0.003725457936525345
681,0.4049549102783203
682,0.44932588934898376
683,-0.0020014906767755747
684,0.40216976404190063
685,0.44824835658073425
686,-0.002292123157531023
687,0.39955320954322815
688,0.44601893424987793
689,-0.00260298908688128
690,0.39106038212776184
691,0.4351786673069
692,-0.0014063132693991065
693,0.35927915573120117
694,0.39666396379470825
695,0.013358172960579395
696,0.4186829924583435
697,0.3306213915348053
698,-0.018782464787364006
699,0.41482916474342346
700,0.30642423033714294
701,-0.006560967303812504
702,0.4092029333114624
703,0.3064112067222595
704,-0.003748829709365964
705,0.4069249629974365
706,0.4474457800388336
707,-0.0008951486670412123
708,0.3575402796268463
709,0.42455196380615234
710,0.02940414659678936
711,0.4225459098815918
712,0.30814722180366516
713,-0.017244838178157806
714,0.39972594380378723
715,0.48615628480911255
716,0.010305161587893963
717,0.43295225501060486
718,0.3499907851219177
719,-0.039614610373973846
720,0.42492809891700745
721,0.3385465741157532
722,-0.031579192727804184
723,0.4332093298435211
724,0.3367529511451721
725,-0.03332333639264107
726,0.4113539159297943
727,0.3623591661453247
728,-0.02351262792944908
729,0.4256567060947418
730,0.5116894245147705
731,0.008755898103117943
732,0.42627379298210144
733,0.4987986087799072
734,0.007517427206039429
735,0.4123947024345398
736,0.49578678607940674
737,0.008358274586498737
738,0.38247206807136536
739,0.4606553912162781
740,0.012773608788847923
741,0.3942071199417114
742,0.3932088017463684
743,-0.005336693953722715
744,0.3898637890815735
745,0.4745694398880005
746,0.012035222724080086
747,0.37712961435317993
748,0.3898767828941345
749,-0.0021341736428439617
750,0.3877396881580353
751,0.40576067566871643
752,-0.003404010087251663
753,0.37058404088020325
754,0.4088871479034424
755,0.0060040028765797615
756,0.40873754024505615
757,0.5075467228889465
758,0.009895716793835163
759,0.40583696961402893
760,0.3682193458080292
761,-0.016766851767897606
762,0.37437695264816284
763,0.46638134121894836
764,0.02220001071691513
765,0.3842233419418335
766,0.48158302903175354
767,0.02013223245739937
768,0.3776633143424988
769,0.4447702169418335
770,0.011278998106718063
771,0.34944793581962585
772,0.4071348011493683
773,0.03466447442770004
774,0.3670600652694702
775,0.4421452581882477
776,0.019968509674072266
777,0.3434407114982605
778,0.4128075838088989
779,0.055201057344675064
780,0.3822321891784668
781,0.4227027893066406
782,0.0012918299762532115
783,0.41229304671287537
784,0.35070058703422546
785,-0.01864967867732048
786,0.41178208589553833
787,0.38719746470451355
788,-0.034394145011901855
789,0.4060797691345215
790,0.3893173635005951
791,-0.024690326303243637
792,0.4160043001174927
793,0.3803664445877075
794,-0.04097083583474159
795,0.4089115262031555
796,0.2969992458820343
797,-0.01055426150560379
798,0.3954615890979767
799,0.28991758823394775
800,-0.01358414813876152
801,0.3832744061946869
802,0.2873609960079193
803,-0.013646981678903103
804,0.37303128838539124
805,0.28760766983032227
806,-0.010495882481336594
807,0.365847110748291
808,0.2909623980522156
809,-0.005217704456299543
810,0.3601052165031433
811,0.3086276352405548
812,0.009729936718940735
813,0.3353024423122406
814,0.33396732807159424
815,0.04928181692957878
816,0.3663397431373596
817,0.32717594504356384
818,0.005151740275323391
819,0.3750273585319519
820,0.3321158289909363
821,0.0006350327748805285
822,0.38630416989326477
823,0.33270421624183655
824,-0.002259512897580862
825,0.39679014682769775
826,0.330328106880188
827,-0.0030468108598142862
828,0.40483617782592773
829,0.3269333243370056
830,-0.0037543377839028835
831,0.4105483889579773
832,0.32374483346939087
833,-0.004153838846832514
834,0.33500537276268005
835,0.3309083878993988
836,0.08166376501321793
837,0.4062916040420532
838,0.3925190269947052
839,-0.02016579918563366
840,0.4181123375892639
841,0.355549693107605
842,-0.03077329881489277
843,0.41818511486053467
844,0.3891543447971344
845,-0.04068821296095848
846,0.42251572012901306
847,0.3949006497859955
848,-0.03651277348399162
849,0.41795867681503296
850,0.3905045986175537
851,-0.03637351095676422
852,0.40873706340789795
853,0.3963976800441742
854,-0.01668156497180462
855,0.42416849732398987
856,0.3964994549751282
857,-0.038634371012449265
858,0.42465975880622864
859,0.3982873260974884
860,-0.028012292459607124
861,0.4104551076889038
862,0.313499391078949
863,-0.000993063091300428
864,0.41532427072525024
865,0.3179272711277008
866,-0.005805478896945715
867,0.4180399179458618
868,0.32124313712120056
869,-0.01161961443722248
870,0.37103271484375
871,0.30406486988067627
872,0.0015353014459833503
873,0.36669209599494934
874,0.29945993423461914
875,0.0012821833370253444
876,0.4401129484176636
877,0.35226544737815857
878,-0.036106232553720474
879,0.4916447401046753
880,0.3196234703063965
881,0.009341680444777012
882,0.4389355778694153
883,0.39718735218048096
884,-0.02768590673804283
885,0.5204755067825317
886,0.2715197503566742
887,0.04575025662779808
888,0.4671905040740967
889,0.3283067047595978
890,0.000327418209053576
891,0.475214421749115
892,0.3300010859966278
893,0.0012325935531407595
894,0.48315516114234924
895,0.33021706342697144
896,0.0037537645548582077
897,0.4939822554588318
898,0.3238447308540344
899,0.011014347895979881
900,0.46069011092185974
901,0.32473814487457275
902,0.00029199133859947324
903,0.4807155430316925
904,0.3019261956214905
905,-0.004699360579252243
906,0.471682608127594
907,0.3016337752342224
908,-0.005318749230355024
909,0.4887009859085083
910,0.30402812361717224
911,-0.0014524132711812854
912,0.4936848282814026
913,0.3076465129852295
914,0.00253898068331182
915,0.4995587170124054
916,0.3321208357810974
917,0.01572001911699772
918,0.45594170689582825
919,0.4992557168006897
920,0.017745153978466988
921,0.4947521984577179
922,0.31682389974594116
923,0.011836947873234749
924,0.5207309126853943
925,0.3232297897338867
926,0.054300516843795776
927,0.5087124109268188
928,0.3239452838897705
929,0.02387925423681736
930,0.470986008644104
931,0.3814006745815277
932,-0.002740559633821249
933,0.43955764174461365
934,0.4328570067882538
935,-0.019045688211917877
936,0.4368200898170471
937,0.44647836685180664
938,-0.014380481094121933
939,0.4487897753715515
940,0.43735799193382263
941,-0.013312005437910557
942,0.453657329082489
943,0.44309157133102417
944,-0.006599294487386942
945,0.4432085156440735
946,0.4474826157093048
947,-0.010821845382452011
948,0.44765669107437134
949,0.44921547174453735
950,-0.004648549482226372
951,0.4626011252403259
952,0.46315544843673706
953,0.010279197245836258
954,0.4386941194534302
955,0.3929060697555542
956,-0.04380800575017929
957,0.44049572944641113
958,0.38153886795043945
959,-0.04716113954782486
960,0.5065070390701294
961,0.2978210151195526
962,0.003556647803634405
963,0.45684614777565
964,0.3491896986961365
965,-0.008143671788275242
966,0.45760098099708557
967,0.3887571096420288
968,-0.02152162417769432
969,0.4583977162837982
970,0.38204631209373474
971,-0.019306842237710953
972,0.49310779571533203
973,0.3807721436023712
974,0.008336206898093224
975,0.4404532015323639
976,0.3658928871154785
977,-0.04310767725110054
978,0.4885841906070709
979,0.2877817153930664
980,-0.014013290405273438
981,0.49957358837127686
982,0.2909950017929077
983,-0.006572207901626825
984,0.5152354836463928
985,0.2517600655555725
986,0.02646559104323387
987,0.4520280659198761
988,0.29494786262512207
989,-0.02200566977262497
990,0.4636949896812439
991,0.3041183054447174
992,-0.0027858223766088486
993,0.4681263864040375
994,0.4509691894054413
995,0.01112025510519743
996,0.5032395124435425
997,0.4301532208919525
998,0.08878008276224136
999,0.4511024057865143
1000,0.39480870962142944
1001,-0.018040426075458527
1002,0.4441049098968506
1003,0.3985060155391693
1004,-0.01922997087240219
1005,0.45871347188949585
1006,0.4534071981906891
1007,0.009036602452397346
1008,0.4544278383255005
1009,0.45228317379951477
1010,0.006280933506786823
1011,0.5042179822921753
1012,0.2828695476055145
1013,-0.00265529309399426
1014,0.4571676254272461
1015,0.3937811851501465
1016,-0.01638714037835598
1017,0.47307151556015015
1018,0.28838327527046204
1019,-0.019321827217936516
1020,0.4752715528011322
1021,0.27844518423080444
1022,-0.021924076601862907
1023,0.4859931766986847
1024,0.22381433844566345
1025,-0.010350658558309078
1026,0.5095565319061279
1027,0.2665621340274811
1028,0.00979053508490324
1029,0.4799128770828247
1030,0.24998915195465088
1031,-0.01687675341963768
1032,0.511192798614502
1033,0.29170554876327515
1034,0.010702446103096008
1035,0.5158898830413818
1036,0.28202635049819946
1037,0.027103489264845848
1038,0.4384327530860901
1039,0.4406321048736572
1040,-0.017779504880309105
1041,0.4458725154399872
1042,0.4435116648674011
1043,-0.01252458244562149
1044,0.45083409547805786
1045,0.4464898109436035
1046,-0.006387894507497549
1047,0.4487319588661194
1048,0.3969575762748718
1049,-0.016549302265048027
1050,0.4564950168132782
1051,0.4532757103443146
1052,0.00742030143737793
1053,0.4542655646800995
1054,0.45706358551979065
1055,0.003230597823858261
1056,0.4534083604812622
1057,0.4508669078350067
1058,0.005938983988016844
1059,0.44746264815330505
1060,0.3912912905216217
1061,-0.030645282939076424
1062,0.44547975063323975
1063,0.4483402371406555
1064,-0.0031968026887625456
1065,0.44100821018218994
1066,0.44825854897499084
1067,-0.007331127766519785
1068,0.4353069067001343
1069,0.4483354091644287
1070,-0.010504281148314476
1071,0.43779152631759644
1072,0.4877760708332062
1073,0.005731572397053242
1074,0.43825793266296387
1075,0.4801385998725891
1076,-0.005163188558071852
1077,0.43791627883911133
1078,0.4725785255432129
1079,-0.0078027392737567425
1080,0.4371015429496765
1081,0.46419990062713623
1082,-0.007046837359666824
1083,0.4362885057926178
1084,0.4584892690181732
1085,-0.006243403069674969
1086,0.44719645380973816
1087,0.4553447365760803
1088,-0.00013630218745674938
1089,0.44877389073371887
1090,0.45768484473228455
1091,-0.0011285278014838696
1092,0.45113635063171387
1093,0.4617760479450226
1094,-0.0013865958899259567
1095,0.45307791233062744
1096,0.4658910632133484
1097,0.0006649605347774923
1098,0.4613908529281616
1099,0.42761364579200745
1100,-0.004414868541061878
1101,0.5153673887252808
1102,0.3712499439716339
1103,0.09545928984880447
1104,0.449951708316803
1105,0.45380067825317383
1106,0.0035486079286783934
1107,0.45196881890296936
1108,0.4552672207355499
1109,0.002931091468781233
1110,0.4411401152610779
1111,0.40387704968452454
1112,-0.018749358132481575
1113,0.45356419682502747
1114,0.40099263191223145
1115,-0.009721684269607067
1116,0.4425506889820099
1117,0.4013071656227112
1118,-0.019366905093193054
1119,0.4645814001560211
1120,0.35654351115226746
1121,-0.004021468106657267
1122,0.4766768217086792
1123,0.36586782336235046
1124,-0.00041035274625755847
1125,0.459047794342041
1126,0.38719290494918823
1127,-0.013975191861391068
1128,0.5045336484909058
1129,0.23547907173633575
1130,0.006583732087165117
1131,0.4982425272464752
1132,0.25539371371269226
1133,-0.004315937869250774
1134,0.49190986156463623
1135,0.2777683436870575
1136,-0.012932606972754002
1137,0.4564172029495239
1138,0.4719220995903015
1139,0.007970988750457764
1140,0.4558105766773224
1141,0.2799040675163269
1142,-0.026909178122878075
1143,0.46012353897094727
1144,0.2475062608718872
1145,-0.02434542030096054
1146,0.4645410478115082
1147,0.21717852354049683
1148,-0.020727887749671936
1149,0.48995712399482727
1150,0.3282829523086548
1151,0.007595345843583345
1152,0.5071554183959961
1153,0.34093600511550903
1154,0.021654654294252396
1155,0.45670458674430847
1156,0.32147204875946045
1157,0.0010460480116307735
1158,0.5019199848175049
1159,0.3106652498245239
1160,0.010185172781348228
1161,0.4516574740409851
1162,0.3413805365562439
1163,-0.012265467084944248
1164,0.4532873034477234
1165,0.3846786916255951
1166,-0.030655838549137115
1167,0.5141963958740234
1168,0.34826162457466125
1169,0.032339129596948624
1170,0.5014243125915527
1171,0.3502555787563324
1172,0.014718636870384216
1173,0.49117612838745117
1174,0.35499656200408936
1175,0.006721251644194126
1176,0.4760349690914154
1177,0.35184940695762634
1178,0.00176405964884907
1179,0.4652508497238159
1180,0.34560978412628174
1181,-0.0008733783615753055
1182,0.4573781192302704
1183,0.3395436704158783
1184,-0.004315476398915052
1185,0.4415125250816345
1186,0.3260754644870758
1187,-0.023643292486667633
1188,0.5106179714202881
1189,0.37395527958869934
1190,0.03234090283513069
1191,0.5083175301551819
1192,0.3092195689678192
1193,0.014171281829476357
1194,0.43555060029029846
1195,0.39828628301620483
1196,-0.03926485776901245
1197,0.45588865876197815
1198,0.3618040680885315
1199,-0.01019563153386116
1200,0.5210864543914795
1201,0.31942665576934814
1202,0.0831698551774025
1203,0.4515504539012909
1204,0.3331049382686615
1205,-0.006624528672546148
1206,0.4591754674911499
1207,0.3873775601387024
1208,-0.005051427520811558
1209,0.49719518423080444
1210,0.3173637390136719
1211,0.013512852601706982
1212,0.4538888931274414
1213,0.37650105357170105
1214,-0.02792522870004177
1215,0.5109487771987915
1216,0.39959895610809326
1217,0.09458561986684799
1218,0.45714452862739563
1219,0.3168948292732239
1220,0.002936524571850896
1221,0.44750526547431946
1222,0.36998820304870605
1223,-0.03723038733005524
1224,0.4873594045639038
1225,0.4658782482147217
1226,0.045943714678287506
1227,0.48599308729171753
1228,0.4761340618133545
1229,0.06247369945049286
1230,0.5167464017868042
1231,0.37319910526275635
1232,0.0638013705611229
1233,0.4962726831436157
1234,0.4476602077484131
1235,0.05517532303929329
1236,0.5185999870300293
1237,0.30042973160743713
1238,0.04295279085636139
1239,0.457282692193985
1240,0.5101701617240906
1241,0.024350864812731743
1242,0.43438687920570374
1243,0.39976009726524353
1244,-0.027461126446723938
1245,0.4622823894023895
1246,0.37095028162002563
1247,-0.005835527554154396
1248,0.5147548913955688
1249,0.32550573348999023
1250,0.033095236867666245
1251,0.4831438362598419
1252,0.3229941129684448
1253,0.004266431555151939
1254,0.4758100211620331
1255,0.32334595918655396
1256,0.001892338041216135
1257,0.45657575130462646
1258,0.4590238332748413
1259,0.004904686938971281
1260,0.5063836574554443
1261,0.39732906222343445
1262,0.03753653168678284
1263,0.4419451653957367
1264,0.5269684791564941
1265,0.028160864487290382
1266,0.465912401676178
1267,0.5070348978042603
1268,0.042806241661310196
1269,0.47541001439094543
1270,0.4940946698188782
1271,0.05128367990255356
1272,0.46896106004714966
1273,0.32191482186317444
1274,0.0009435916435904801
1275,0.4627300202846527
1276,0.3192482590675354
1277,0.0015946411294862628
1278,0.45888426899909973
1279,0.31794440746307373
1280,0.0029120289254933596
1281,0.5135457515716553
1282,0.3059493601322174
1283,0.022852567955851555
1284,0.4643825888633728
1285,0.3101349472999573
1286,-0.0004612897173501551
1287,0.47157418727874756
1288,0.30804014205932617
1289,-0.001997997984290123
1290,0.4789978563785553
1291,0.30817073583602905
1292,-0.0011546751484274864
1293,0.48617324233055115
1294,0.3104265332221985
1295,0.0014041124377399683
1296,0.490462064743042
1297,0.31333693861961365
1298,0.004709278233349323
1299,0.5222383737564087
1300,0.2926533818244934
1301,0.06616654247045517
1302,0.4881119132041931
1303,0.32149145007133484
1304,0.007047304883599281
1305,0.455913782119751
1306,0.419583261013031
1307,-0.009371981024742126
1308,0.4515736699104309
1309,0.3930889964103699
1310,-0.021762613207101822
1311,0.44156497716903687
1312,0.4149657189846039
1313,-0.01757032983005047
1314,0.47797393798828125
1315,0.4830223619937897
1316,0.03920204937458038
1317,0.4681438207626343
1318,0.49645039439201355
1319,0.03241309896111488
1320,0.44296079874038696
1321,0.5202985405921936
1322,0.016915589570999146
1323,0.494528204202652
1324,0.45618417859077454
1325,0.07644402980804443
1326,0.45945683121681213
1327,0.3140733540058136
1328,0.0014294720022007823
1329,0.44642460346221924
1330,0.3460032343864441
1331,-0.02386474795639515
1332,0.45516958832740784
1333,0.5186845660209656
1334,0.03405025973916054
1335,0.5118309259414673
1336,0.39913201332092285
1337,0.06539429724216461
1338,0.4424223005771637
1339,0.45703351497650146
1340,-0.0034909353125840425
1341,0.4439253807067871
1342,0.4612460434436798
1343,-0.004420728888362646
1344,0.44569987058639526
1345,0.46748483180999756
1346,-0.0047240061685442924
1347,0.4469607174396515
1348,0.4743430018424988
1349,-0.0025090051349252462
1350,0.4484269618988037
1351,0.4809234142303467
1352,0.005755147896707058
1353,0.4514237344264984
1354,0.45057469606399536
1355,0.0008237432921305299
1356,0.4543726146221161
1357,0.449811726808548
1358,0.0008130778442136943
1359,0.4570804834365845
1360,0.4479053020477295
1361,0.0008638869621790946
1362,0.4656110107898712
1363,0.43854397535324097
1364,0.0027323486283421516
1365,0.4957764446735382
1366,0.4055817127227783
1367,0.020275091752409935
1368,0.44652268290519714
1369,0.3329416811466217
1370,-0.01744319312274456
1371,0.4511866867542267
1372,0.31006601452827454
1373,-0.004696281161159277
1374,0.4561408758163452
1375,0.3110278248786926
1376,-0.0009093814296647906
1377,0.44931432604789734
1378,0.44853365421295166
1379,0.0018249183194711804
1380,0.4941589832305908
1381,0.4331478476524353
1382,0.03653443977236748
1383,0.444410502910614
1384,0.310291588306427
1385,-0.016084596514701843
1386,0.4523192048072815
1387,0.488968163728714
1388,0.01265812199562788
1389,0.44096770882606506
1390,0.33984893560409546
1391,-0.03082885779440403
1392,0.4515124261379242
1393,0.3652554154396057
1394,-0.02156706526875496
1395,0.43987706303596497
1396,0.4972847104072571
1397,0.009348644874989986
1398,0.47037649154663086
1399,0.4653284251689911
1400,0.0169456135481596
1401,0.4649311900138855
1402,0.3976157307624817
1403,-0.002170813037082553
1404,0.4624854326248169
1405,0.4784325957298279
1406,0.015350604429841042
1407,0.481182336807251
1408,0.3966365456581116
1409,0.002602055436000228
1410,0.4704212248325348
1411,0.4107590615749359
1412,0.0004871957644354552
1413,0.4853123128414154
1414,0.41602927446365356
1415,0.011481002904474735
1416,0.44217148423194885
1417,0.5095360279083252
1418,0.01130132470279932
1419,0.45577922463417053
1420,0.3717118799686432
1421,-0.014382672496140003
1422,0.4765981435775757
1423,0.47218063473701477
1424,0.02711358480155468
1425,0.4666149318218231
1426,0.48628535866737366
1427,0.02391887828707695
1428,0.4762679934501648
1429,0.45001062750816345
1430,0.016201438382267952
1431,0.5022493004798889
1432,0.41718727350234985
1433,0.04289183393120766
1434,0.485084593296051
1435,0.4490945339202881
1436,0.025795750319957733
1437,0.5055915117263794
1438,0.42368513345718384
1439,0.06434740126132965
1440,0.47412627935409546
1441,0.4278155267238617
1442,0.005782628897577524
1443,0.4511066675186157
1444,0.3535906672477722
1445,-0.01663140207529068
1446,0.45027151703834534
1447,0.3897378146648407
1448,-0.03247775137424469
1449,0.4549715220928192
1450,0.39250507950782776
1451,-0.022497257217764854
1452,0.4474388360977173
1453,0.38257259130477905
1454,-0.039650656282901764
1455,0.4581204056739807
1456,0.3018733561038971
1457,-0.007911867462098598
1458,0.47193020582199097
1459,0.29740121960639954
1460,-0.009683986194431782
1461,0.4837638735771179
1462,0.2971658706665039
1463,-0.00865162257105112
1464,0.49327149987220764
1465,0.2990162670612335
1466,-0.004392347298562527
1467,0.49941059947013855
1468,0.3032379150390625
1469,0.001766516943462193
1470,0.5021737813949585
1471,0.32070785760879517
1472,0.01708342880010605
1473,0.5199105143547058
1474,0.3480313718318939
1475,0.05964980646967888
1476,0.49507635831832886
1477,0.3374498188495636
1478,0.011860660277307034
1479,0.48668575286865234
1480,0.34090739488601685
1481,0.006379297468811274
1482,0.47599756717681885
1483,0.33997607231140137
1484,0.0024039216805249453
1485,0.46601545810699463
1486,0.3360876739025116
1487,0.0006236107437871397
1488,0.4585620164871216
1489,0.33160439133644104
1490,-0.0009993140120059252
1491,0.45344242453575134
1492,0.32760387659072876
1493,-0.0019373466493561864
1494,0.5181600451469421
1495,0.3449757397174835
1496,0.09218385815620422
1497,0.45424187183380127
1498,0.3954850435256958
1499,-0.018001504242420197
1500,0.4462664723396301
1501,0.3576379716396332
1502,-0.029315529391169548
1503,0.4446328282356262
1504,0.39092952013015747
1505,-0.03949841111898422
1506,0.4396235942840576
1507,0.39589834213256836
1508,-0.0358077697455883
1509,0.4443204700946808
1510,0.39217984676361084
1511,-0.03512232378125191
1512,0.4514118432998657
1513,0.3990236818790436
1514,-0.014941646717488766
1515,0.43817177414894104
1516,0.39731526374816895
1517,-0.03801516816020012
1518,0.43707290291786194
1519,0.3989923298358917
1520,-0.02753085270524025
1521,0.4541867673397064
1522,0.3178325295448303
1523,0.001343997078947723
1524,0.44948747754096985
1525,0.3212457597255707
1526,-0.004007920157164335
1527,0.4472193419933319
1528,0.32391059398651123
1529,-0.010179553180932999
1530,0.4928957223892212
1531,0.31538039445877075
1532,0.007838016375899315
1533,0.49729615449905396
1534,0.31141602993011475
1535,0.008008858188986778
1536,0.752367377281189
1537,0.625463604927063
1538,-5.730948942073155e-07
1539,0.6898245811462402
1540,0.5768688917160034
1541,0.026933766901493073
1542,0.6498392820358276
1543,0.5083838701248169
1544,0.03801482543349266
1545,0.6216025948524475
1546,0.46669214963912964
1547,0.035032011568546295
1548,0.6112967729568481
1549,0.4323176145553589
1550,0.03236847370862961
1551,0.6962133646011353
1552,0.42373254895210266
1553,0.0641997680068016
1554,0.6647476553916931
1555,0.36011868715286255
1556,0.05509240925312042
1557,0.6310898661613464
1558,0.38128870725631714
1559,0.042415790259838104
1560,0.6135484576225281
1561,0.41629743576049805
1562,0.0352032370865345
1563,0.7101684808731079
1564,0.4175580143928528
1565,0.037844326347112656
1566,0.6666514873504639
1567,0.3461264967918396
1568,0.02556128241121769
1569,0.6247550249099731
1570,0.37717723846435547
1571,0.010349924676120281
1572,0.6066031455993652
1573,0.42257004976272583
1574,0.0035816729068756104
1575,0.723538875579834
1576,0.4194808602333069
1577,0.007912470027804375
1578,0.6800017356872559
1579,0.3430916666984558
1580,-0.004803430289030075
1581,0.6338177919387817
1582,0.37474751472473145
1583,-0.014231594279408455
1584,0.6127849221229553
1585,0.42062631249427795
1586,-0.01709183119237423
1587,0.7313880920410156
1588,0.4277421236038208
1589,-0.021194234490394592
1590,0.6905811429023743
1591,0.3655124008655548
1592,-0.029556268826127052
1593,0.6525689363479614
1594,0.37998586893081665
1595,-0.03230331838130951
1596,0.6314371824264526
1597,0.41456103324890137
1598,-0.03249619901180267
1599,0.0
1600,0.0
1601,0.0
1602,0.0
1603,0.0
1604,0.0
1605,0.0
1606,0.0
1607,0.0
1608,0.0
1609,0.0
1610,0.0
1611,0.0
1612,0.0
1613,0.0
1614,0.0
1615,0.0
1616,0.0
1617,0.0
1618,0.0
1619,0.0
1620,0.0
1621,0.0
1622,0.0
1623,0.0
1624,0.0
1625,0.0
1626,0.0
1627,0.0
1628,0.0
1629,0.0
1630,0.0
1631,0.0
1632,0.0
1633,0.0
1634,0.0
1635,0.0
1636,0.0
1637,0.0
1638,0.0
1639,0.0
1640,0.0
1641,0.0
1642,0.0
1643,0.0
1644,0.0
1645,0.0
1646,0.0
1647,0.0
1648,0.0
1649,0.0
1650,0.0
1651,0.0
1652,0.0
1653,0.0
1654,0.0
1655,0.0
1656,0.0
1657,0.0
1658,0.0
1659,0.0
1660,0.0
1661,0.0
