,0
0,0.43455204367637634
1,0.37317734956741333
2,-0.714506983757019
3,0.9999923706054688
4,0.4609642028808594
5,0.31522029638290405
6,-0.6585528254508972
7,0.999987006187439
8,0.4764372706413269
9,0.31617799401283264
10,-0.657889723777771
11,0.9999884963035583
12,0.491229385137558
13,0.3174089193344116
14,-0.6572201251983643
15,0.9999874234199524
16,0.4092061519622803
17,0.31320464611053467
18,-0.667154848575592
19,0.9999865889549255
20,0.38898247480392456
21,0.31207704544067383
22,-0.6661076545715332
23,0.9999866485595703
24,0.37258750200271606
25,0.31029975414276123
26,-0.6661219596862793
27,0.9999848008155823
28,0.5101218819618225
29,0.35063663125038147
30,-0.3267839550971985
31,0.9999873638153076
32,0.3428562879562378
33,0.3388422131538391
34,-0.34979918599128723
35,0.9999894499778748
36,0.4607881009578705
37,0.44735997915267944
38,-0.5939582586288452
39,0.9999920725822449
40,0.4000582695007324
41,0.4392518401145935
42,-0.6038387417793274
43,0.9999924898147583
44,0.628974437713623
45,0.6924313306808472
46,-0.17537854611873627
47,0.9999182820320129
48,0.20630688965320587
49,0.6814185380935669
50,-0.17910850048065186
51,0.9996610879898071
52,0.7623990774154663
53,1.052548885345459
54,-0.5172804594039917
55,0.8309046626091003
56,0.1105629950761795
57,1.003178596496582
58,-0.20933035016059875
59,0.3308097720146179
60,0.7610976696014404
61,0.6504116654396057
62,-0.9108428955078125
63,0.8632018566131592
64,0.10016697645187378
65,1.4541449546813965
66,-0.6132054924964905
67,0.2383343130350113
68,0.7457609176635742
69,0.49512729048728943
70,-1.0243041515350342
71,0.8578181266784668
72,0.06663530319929123
73,1.5650264024734497
74,-0.6731957197189331
75,0.29533663392066956
76,0.7113995552062988
77,0.4570285379886627
78,-0.9103318452835083
79,0.8668160438537598
80,0.09508122503757477
81,1.5551033020019531
82,-0.7605659365653992
83,0.4026382267475128
84,0.6987773180007935
85,0.5171428918838501
86,-0.8890875577926636
87,0.8638808131217957
88,0.11914833635091782
89,1.5165094137191772
90,-0.6681615114212036
91,0.4130162000656128
92,0.5606397390365601
93,1.4753328561782837
94,-0.062258731573820114
95,0.0035478994250297546
96,0.2766786217689514
97,1.4688829183578491
98,0.06869526207447052
99,0.002170332707464695
100,0.5405644178390503
101,2.140620470046997
102,-0.23592858016490936
103,0.00039963770541362464
104,0.27607202529907227
105,2.126054525375366
106,0.11184579133987427
107,0.000112279893073719
108,0.523556113243103
109,2.729966878890991
110,0.16416767239570618
111,2.59897733485559e-05
112,0.2662070095539093
113,2.7090137004852295
114,0.4102819859981537
115,3.830042714980664e-06
116,0.5297312140464783
117,2.8126883506774902
118,0.17502158880233765
119,2.4330725864274427e-05
120,0.2578222155570984
121,2.7960379123687744
122,0.42532816529273987
123,1.0087253940582741e-05
124,0.47120919823646545
125,2.9091784954071045
126,-0.3642677962779999
127,6.287583528319374e-05
128,0.29632073640823364
129,2.8827321529388428
130,-0.13622508943080902
131,2.1614914658130147e-05
132,0.42789560556411743
133,0.43068927526474
134,-0.020016660913825035
135,0.4289795756340027
136,0.39040064811706543
137,-0.04510999843478203
138,0.4284024238586426
139,0.40070420503616333
140,-0.02146133966743946
141,0.42252397537231445
142,0.3481917381286621
143,-0.03750810772180557
144,0.42936596274375916
145,0.3781284987926483
146,-0.048961106687784195
147,0.429767370223999
148,0.3612423241138458
149,-0.04693368077278137
150,0.43057605624198914
151,0.31964918971061707
152,-0.02840350940823555
153,0.3696632385253906
154,0.30708011984825134
155,0.003490513889119029
156,0.43138667941093445
157,0.29229727387428284
158,-0.02642950788140297
159,0.43204182386398315
160,0.2767799198627472
161,-0.030249325558543205
162,0.43435195088386536
163,0.21181166172027588
164,-0.02672603167593479
165,0.4277244508266449
166,0.43702301383018494
167,-0.01847536675632
168,0.42751172184944153
169,0.44181016087532043
170,-0.015157860703766346
171,0.4273889660835266
172,0.4436483085155487
173,-0.010917742736637592
174,0.4273070693016052
175,0.4511018395423889
176,-0.007927019149065018
177,0.427173912525177
178,0.45760560035705566
179,-0.008748245425522327
180,0.4269532859325409
181,0.46529436111450195
182,-0.00946731399744749
183,0.4267154932022095
184,0.47271203994750977
185,-0.006612745579332113
186,0.4262011647224426
187,0.4813401997089386
188,0.004194729030132294
189,0.42870908975601196
190,0.39590439200401306
191,-0.040205176919698715
192,0.42044204473495483
193,0.3935103714466095
194,-0.02829720452427864
195,0.34165632724761963
196,0.2562815248966217
197,0.03653176873922348
198,0.3940821588039398
199,0.3198220729827881
200,-0.003507907036691904
201,0.3857910633087158
202,0.32031822204589844
203,-0.0032861835788935423
204,0.3776363432407379
205,0.31940481066703796
206,-0.0013223503483459353
207,0.36657750606536865
208,0.31113046407699585
209,0.00495733879506588
210,0.40089744329452515
211,0.31737861037254333
212,-0.00280355685390532
213,0.3827560544013977
214,0.2911025583744049
215,-0.009622973389923573
216,0.3919260799884796
217,0.29245656728744507
218,-0.009367143735289574
219,0.3743295669555664
220,0.2919059097766876
221,-0.0070462822914123535
222,0.36867955327033997
223,0.2947661876678467
224,-0.003472606185823679
225,0.3599759638309479
226,0.31906503438949585
227,0.009631744585931301
228,0.39407452940940857
229,0.49127042293548584
230,0.015319566242396832
231,0.36644577980041504
232,0.30351829528808594
233,0.005790676921606064
234,0.3363167643547058
235,0.30813902616500854
236,0.04598550498485565
237,0.3506414294242859
238,0.30989712476730347
239,0.01688094064593315
240,0.38668882846832275
241,0.372723788022995
242,-0.006076070945709944
243,0.4175978899002075
244,0.4278407096862793
245,-0.019289731979370117
246,0.4189720153808594
247,0.44106078147888184
248,-0.014210476540029049
249,0.4071231186389923
250,0.43086352944374084
251,-0.014323937706649303
252,0.40091121196746826
253,0.43536102771759033
254,-0.007841873914003372
255,0.41162076592445374
256,0.4411175847053528
257,-0.01109845470637083
258,0.40618354082107544
259,0.44183915853500366
260,-0.005176077596843243
261,0.38938674330711365
262,0.452993780374527
263,0.008724182844161987
264,0.42176955938339233
265,0.38941919803619385
266,-0.04463650658726692
267,0.420885294675827
268,0.377560555934906
269,-0.0482686348259449
270,0.35614657402038574
271,0.2825669050216675
272,-0.0037257480435073376
273,0.4037802219390869
274,0.34261059761047363
275,-0.01063437107950449
276,0.4012376666069031
277,0.38230541348457336
278,-0.023976588621735573
279,0.4006734788417816
280,0.37539008259773254
281,-0.021779824048280716
282,0.36278411746025085
283,0.3688727617263794
284,0.003234052797779441
285,0.42172566056251526
286,0.3618147075176239
287,-0.04445744678378105
288,0.3765300214290619
289,0.2746191918849945
290,-0.019217489287257195
291,0.3644692003726959
292,0.27629294991493225
293,-0.012866465374827385
294,0.34991323947906494
295,0.23707665503025055
296,0.01759614422917366
297,0.41362008452415466
298,0.28863295912742615
299,-0.024373270571231842
300,0.3997751772403717
301,0.29641106724739075
302,-0.006191152147948742
303,0.383995920419693
304,0.44026172161102295
305,0.008871504105627537
306,0.34325283765792847
307,0.41812464594841003
308,0.0828954204916954
309,0.40735310316085815
310,0.3892616331577301
311,-0.019649986177682877
312,0.41454532742500305
313,0.3938349187374115
314,-0.01995757222175598
315,0.39355286955833435
316,0.4431708753108978
317,0.007684595417231321
318,0.39775294065475464
319,0.44267022609710693
320,0.005267482250928879
321,0.36008280515670776
322,0.26746562123298645
323,-0.009583145380020142
324,0.40088778734207153
325,0.38719427585601807
326,-0.018608426675200462
327,0.3926986753940582
328,0.2780240476131439
329,-0.023314213380217552
330,0.39149507880210876
331,0.26791617274284363
332,-0.026296457275748253
333,0.38442865014076233
334,0.21375732123851776
335,-0.016755765303969383
336,0.3553547263145447
337,0.25171664357185364
338,0.001878014882095158
339,0.38900554180145264
340,0.23982460796833038
341,-0.022265363484621048
342,0.3514613211154938
343,0.27608758211135864
344,0.00287752877920866
345,0.34664198756217957
346,0.2666415572166443
347,0.018621312454342842
348,0.41816410422325134
349,0.43555501103401184
350,-0.01779632456600666
351,0.4096371829509735
352,0.43716588616371155
353,-0.013131323270499706
354,0.40355542302131653
355,0.4388895332813263
356,-0.0071755931712687016
357,0.40957728028297424
358,0.3915984034538269
359,-0.01784522645175457
360,0.3957087993621826
361,0.4432471692562103
362,0.006319490261375904
363,0.39862269163131714
364,0.4470558166503906
365,0.002237279899418354
366,0.39866670966148376
367,0.44150257110595703
368,0.0050475639291107655
369,0.41203638911247253
370,0.3865695595741272
371,-0.032425038516521454
372,0.40801262855529785
373,0.4410751163959503
374,-0.003653695108368993
375,0.41340771317481995
376,0.4417960047721863
377,-0.007429708261042833
378,0.4199880063533783
379,0.44273144006729126
380,-0.0102899931371212
381,0.4146864414215088
382,0.47959035634994507
383,0.004134277813136578
384,0.415743887424469
385,0.4705166816711426
386,-0.0065754614770412445
387,0.41677722334861755
388,0.4629583954811096
389,-0.009022812359035015
390,0.4179328382015228
391,0.4551520049571991
392,-0.008195885457098484
393,0.4190066158771515
394,0.44992244243621826
395,-0.00729947816580534
396,0.40632614493370056
397,0.446124792098999
398,-0.0013565821573138237
399,0.4047585427761078
400,0.4481641948223114
401,-0.0023390999995172024
402,0.4023701846599579
403,0.4517917037010193
404,-0.002720507327467203
405,0.4002503454685211
406,0.4557512104511261
407,-0.0007412589038722217
408,0.39354002475738525
409,0.41922900080680847
410,-0.006216180510818958
411,0.3355245590209961
412,0.3575345575809479
413,0.08805357664823532
414,0.42858460545539856
415,0.3974652886390686
416,-0.028143692761659622
417,0.40281715989112854
418,0.44449007511138916
419,0.0025088698603212833
420,0.40093010663986206
421,0.4455496370792389
422,0.0019553902093321085
423,0.4174090027809143
424,0.399676650762558
425,-0.019458122551441193
426,0.40386468172073364
427,0.39467981457710266
428,-0.011352062225341797
429,0.41601431369781494
430,0.39690348505973816
431,-0.020040959119796753
432,0.3951454162597656
433,0.3488022983074188
434,-0.006948721129447222
435,0.3817877173423767
436,0.3562866747379303
437,-0.004191939253360033
438,0.3992760479450226
439,0.3803575932979584
440,-0.016357336193323135
441,0.3634451925754547
442,0.2224612981081009
443,-0.001085963100194931
444,0.3688015043735504
445,0.2421591877937317
446,-0.011186899617314339
447,0.37386438250541687
448,0.26422426104545593
449,-0.01882093772292137
450,0.395694375038147
451,0.462503045797348
452,0.0063949571922421455
453,0.4114539623260498
454,0.2729802429676056
455,-0.029743565246462822
456,0.4097793400287628
457,0.24088448286056519
458,-0.028153646737337112
459,0.40735435485839844
460,0.21071965992450714
461,-0.025139834731817245
462,0.3705906569957733
463,0.31638091802597046
464,0.0019374225521460176
465,0.3510062098503113
466,0.32717740535736084
467,0.01500227302312851
468,0.40525686740875244
469,0.3147597908973694
470,-0.0018041363218799233
471,0.35963964462280273
472,0.29677414894104004
473,0.0034597713965922594
474,0.4099404215812683
475,0.33561205863952637
476,-0.01433864887803793
477,0.40657562017440796
478,0.3789375424385071
479,-0.03278240188956261
480,0.34226128458976746
481,0.3338404893875122
482,0.02501971647143364
483,0.3566160500049591
484,0.33710435032844543
485,0.008472705259919167
486,0.3674277067184448
487,0.3433260917663574
488,0.001563123776577413
489,0.38347047567367554
490,0.3423122465610504
491,-0.0021027352195233107
492,0.3950669765472412
493,0.3377898037433624
494,-0.004049493465572596
495,0.40366828441619873
496,0.33283132314682007
497,-0.006807330530136824
498,0.42208677530288696
499,0.32186824083328247
500,-0.02509736455976963
501,0.34360986948013306
502,0.35994458198547363
503,0.02532929554581642
504,0.35290223360061646
505,0.2946018874645233
506,0.006790611892938614
507,0.42433109879493713
508,0.3951581120491028
509,-0.03986060246825218
510,0.40406808257102966
511,0.3553735017776489
512,-0.01269449107348919
513,0.3347063362598419
514,0.30450916290283203
515,0.07454845309257507
516,0.41027894616127014
517,0.32726502418518066
518,-0.008735260926187038
519,0.39858949184417725
520,0.38042351603507996
521,-0.007427212782204151
522,0.3638071119785309
523,0.30413955450057983
524,0.007280208636075258
525,0.40622997283935547
526,0.37055766582489014
527,-0.03011862374842167
528,0.3376930356025696
529,0.38672319054603577
530,0.08776511996984482
531,0.405056357383728
532,0.3100599944591522
533,-0.00011619595170486718
534,0.4138122797012329
535,0.3649537265300751
536,-0.03902071341872215
537,0.36038973927497864
538,0.45491650700569153
539,0.04169721528887749
540,0.36022043228149414
541,0.46561360359191895
542,0.05836578458547592
543,0.33560705184936523
544,0.3590235412120819
545,0.05633363872766495
546,0.35106247663497925
547,0.435822993516922
548,0.0498407743871212
549,0.34138554334640503
550,0.2852645516395569
551,0.034406937658786774
552,0.39189326763153076
553,0.5022772550582886
554,0.021666232496500015
555,0.42512840032577515
556,0.3967611789703369
557,-0.02766643837094307
558,0.3965401351451874
559,0.36362963914871216
560,-0.008618601597845554
561,0.3436741828918457
562,0.3107964098453522
563,0.025335397571325302
564,0.3784024715423584
565,0.3118875324726105
566,-0.0008922488195821643
567,0.38578474521636963
568,0.3133191764354706
569,-0.00274659413844347
570,0.396190345287323
571,0.4488789141178131
572,0.0038508006837219
573,0.34538212418556213
574,0.38411280512809753
575,0.031321413815021515
576,0.4064846634864807
577,0.5202599167823792
578,0.026618249714374542
579,0.38182204961776733
580,0.4982736110687256
581,0.03989611938595772
582,0.37165209650993347
583,0.48460233211517334
584,0.047851406037807465
585,0.43333640694618225
586,0.2431294173002243
587,-0.029169868677854538
588,0.4243158996105194
589,0.524263858795166
590,0.025129053741693497
591,0.3927985429763794
592,0.31295788288116455
593,-0.0029962407425045967
594,0.3992747664451599
595,0.3115467429161072
596,-0.0018564980709925294
597,0.4032629728317261
598,0.31084156036376953
599,-0.00024144185590557754
600,0.34720802307128906
601,0.2909435033798218
602,0.014886071905493736
603,0.3981230854988098
604,0.3015468120574951
605,-0.00404233718290925
606,0.3909800350666046
607,0.2977757751941681
608,-0.006061735097318888
609,0.383536696434021
610,0.296555757522583
611,-0.005878224968910217
612,0.3759724199771881
613,0.29778021574020386
614,-0.003878739196807146
615,0.37128469347953796
616,0.30032461881637573
617,-0.0009205645765177906
618,0.33698126673698425
619,0.2773769497871399
620,0.05708051845431328
621,0.3732907474040985
622,0.3095380663871765
623,0.001416817307472229
624,0.42821839451789856
625,0.4099143147468567
626,-0.01873185858130455
627,0.40031781792640686
628,0.4124693274497986
629,-0.01092330738902092
630,0.40719839930534363
631,0.38758206367492676
632,-0.02349315769970417
633,0.41646257042884827
634,0.410306453704834
635,-0.018265368416905403
636,0.43088608980178833
637,0.30488598346710205
638,-0.0239125806838274
639,0.37035030126571655
640,0.473062664270401
641,0.03576841205358505
642,0.38055455684661865
643,0.4875137507915497
644,0.029347185045480728
645,0.406416118144989
646,0.5135630369186401
647,0.01509012095630169
648,0.35119181871414185
649,0.44479960203170776
650,0.07150978595018387
651,0.40288645029067993
652,0.3067255914211273
653,-0.0018757842481136322
654,0.41577401757240295
655,0.34095239639282227
656,-0.025635305792093277
657,0.4248177111148834
658,0.5176964998245239
659,0.013948490843176842
660,0.39303863048553467
661,0.5108895301818848
662,0.031578220427036285
663,0.3381582498550415
664,0.3857395648956299
665,0.05853676423430443
666,0.41200605034828186
667,0.44803422689437866
668,-0.0047033741138875484
669,0.41036370396614075
670,0.4518044590950012
671,-0.005794617347419262
672,0.4084556996822357
673,0.45757943391799927
674,-0.006179420743137598
675,0.40678879618644714
676,0.46428245306015015
677,-0.004037266131490469
678,0.40379273891448975
679,0.4720481038093567
680,0.004087944980710745
681,0.4013745188713074
682,0.44202175736427307
683,0.00010438208846608177
684,0.3986794054508209
685,0.44090956449508667
686,-0.00011007917782990262
687,0.39614275097846985
688,0.4387586712837219
689,-0.0004407749802339822
690,0.3877395987510681
691,0.4288824796676636
692,0.0005766046815551817
693,0.3566991090774536
694,0.3934919238090515
695,0.01512192003428936
696,0.4161406457424164
697,0.3279532194137573
698,-0.01910977251827717
699,0.4122146964073181
700,0.3042793571949005
701,-0.00697356928139925
702,0.40670812129974365
703,0.30460935831069946
704,-0.003958397079259157
705,0.40333324670791626
706,0.44027501344680786
707,0.001191826886497438
708,0.35529887676239014
709,0.4213341474533081
710,0.0315551720559597
711,0.4197121560573578
712,0.30558618903160095
713,-0.01794574223458767
714,0.39864930510520935
715,0.4808650314807892
716,0.010516670532524586
717,0.4300086200237274
718,0.3469727337360382
719,-0.04034237563610077
720,0.42211079597473145
721,0.33566099405288696
722,-0.032194070518016815
723,0.4303016662597656
724,0.3337259888648987
725,-0.03411989286541939
726,0.40901947021484375
727,0.35955810546875
728,-0.02360227145254612
729,0.4253341853618622
730,0.5065521597862244
731,0.007816493511199951
732,0.42576420307159424
733,0.4928452968597412
734,0.006345032248646021
735,0.4115798771381378
736,0.4901372194290161
737,0.0075437286868691444
738,0.3808159828186035
739,0.45501038432121277
740,0.014570438303053379
741,0.3919166922569275
742,0.3896768391132355
743,-0.004732946865260601
744,0.3886348009109497
745,0.469280481338501
746,0.013163470663130283
747,0.3742474317550659
748,0.38633739948272705
749,-0.001367952791042626
750,0.38495075702667236
751,0.4016719162464142
752,-0.0022924344521015882
753,0.36754322052001953
754,0.4049856662750244
755,0.007266955450177193
756,0.40820395946502686
757,0.502784788608551
758,0.00934582855552435
759,0.4036950170993805
760,0.36535677313804626
761,-0.016672171652317047
762,0.37325748801231384
763,0.4619123637676239
764,0.02401098981499672
765,0.38342446088790894
766,0.47719377279281616
767,0.02120538055896759
768,0.37525397539138794
769,0.4390835762023926
770,0.013145160861313343
771,0.34763824939727783
772,0.4045582711696625
773,0.03707287088036537
774,0.36493900418281555
775,0.43783241510391235
776,0.021918822079896927
777,0.3426223397254944
778,0.41100189089775085
779,0.05807862803339958
780,0.3790275752544403
781,0.41748353838920593
782,0.0028164188843220472
783,0.40994709730148315
784,0.3479500710964203
785,-0.01871742308139801
786,0.4093194603919983
787,0.3845926523208618
788,-0.034391917288303375
789,0.40375006198883057
790,0.3864459991455078
791,-0.024528780952095985
792,0.41334906220436096
793,0.37769797444343567
794,-0.04114215075969696
795,0.40603941679000854
796,0.29500526189804077
797,-0.01099801529198885
798,0.39254292845726013
799,0.28800511360168457
800,-0.013790899887681007
801,0.38042908906936646
802,0.28554224967956543
803,-0.013587546534836292
804,0.3703320622444153
805,0.28586527705192566
806,-0.010177499614655972
807,0.3633314073085785
808,0.2892889976501465
809,-0.004719200544059277
810,0.35822027921676636
811,0.30712059140205383
812,0.010662288405001163
813,0.33467650413513184
814,0.33318811655044556
815,0.05155256763100624
816,0.3644813895225525
817,0.32501351833343506
818,0.0060534169897437096
819,0.3731277585029602
820,0.3297795355319977
821,0.001377513399347663
822,0.3843170702457428
823,0.3303769826889038
824,-0.0017100425902754068
825,0.3947755992412567
826,0.32806581258773804
827,-0.0028486091177910566
828,0.4027862846851349
829,0.32470718026161194
830,-0.003658073488622904
831,0.40837132930755615
832,0.3214647173881531
833,-0.004246199037879705
834,0.33499738574028015
835,0.330707311630249
836,0.08406628668308258
837,0.404006689786911
838,0.38940149545669556
839,-0.019931208342313766
840,0.4154713451862335
841,0.3526962995529175
842,-0.031087543815374374
843,0.41555529832839966
844,0.3865685760974884
845,-0.040814921259880066
846,0.42007482051849365
847,0.39226818084716797
848,-0.03657285496592522
849,0.415427565574646
850,0.3878999948501587
851,-0.036435384303331375
852,0.4064364731311798
853,0.39311152696609497
854,-0.016441943123936653
855,0.4216594994068146
856,0.39386454224586487
857,-0.038716237992048264
858,0.4223296344280243
859,0.395636647939682
860,-0.027954351156949997
861,0.4080626368522644
862,0.3115811347961426
863,-0.0012432415969669819
864,0.4129493534564972
865,0.31568437814712524
866,-0.006093275733292103
867,0.4155738353729248
868,0.3187415897846222
869,-0.011939572170376778
870,0.3685321807861328
871,0.3021543622016907
872,0.0020212114322930574
873,0.36438971757888794
874,0.2980905771255493
875,0.0018304034601897001
876,0.4373270869255066
877,0.3491417467594147
878,-0.03689630702137947
879,0.49023905396461487
880,0.31581881642341614
881,0.007845532149076462
882,0.4366644620895386
883,0.3943534791469574
884,-0.027832645922899246
885,0.5193181037902832
886,0.2686672806739807
887,0.04329254478216171
888,0.4654228091239929
889,0.3250208795070648
890,-0.0008411245071329176
891,0.4736078977584839
892,0.32652634382247925
893,-1.578269075253047e-05
894,0.481650710105896
895,0.32662415504455566
896,0.0024094509426504374
897,0.49271929264068604
898,0.32011890411376953
899,0.009554423391819
900,0.45877590775489807
901,0.3216741383075714
902,-0.0007469319389201701
903,0.47866249084472656
904,0.29872170090675354
905,-0.0061386460438370705
906,0.4695708155632019
907,0.2986357808113098
908,-0.006674502976238728
909,0.4867357313632965
910,0.30068129301071167
911,-0.002937548328191042
912,0.49190086126327515
913,0.3042626976966858
914,0.0009455647668801248
915,0.4984890818595886
916,0.3284726142883301
917,0.014407853595912457
918,0.4562493860721588
919,0.49463748931884766
920,0.017298642545938492
921,0.49343520402908325
922,0.3129885792732239
923,0.010312184691429138
924,0.5204469561576843
925,0.32031598687171936
926,0.05277997627854347
927,0.5076719522476196
928,0.3205263018608093
929,0.022388186305761337
930,0.4702151417732239
931,0.37772807478904724
932,-0.0033796390052884817
933,0.43812477588653564
934,0.4287170171737671
935,-0.018463412299752235
936,0.4358729422092438
937,0.4417475461959839
938,-0.01351143978536129
939,0.44815030694007874
940,0.4324698746204376
941,-0.012641155160963535
942,0.4538321793079376
943,0.43729496002197266
944,-0.005587512161582708
945,0.44291818141937256
946,0.44225043058395386
947,-0.009816792793571949
948,0.4480430781841278
949,0.4432928264141083
950,-0.0033640298061072826
951,0.4633658528327942
952,0.4562837481498718
953,0.011390751227736473
954,0.4361356198787689
955,0.3901650011539459
956,-0.0442037507891655
957,0.43773356080055237
958,0.3785718083381653
959,-0.047766298055648804
960,0.504754900932312
961,0.2938750982284546
962,0.0015520226443186402
963,0.45501163601875305
964,0.3459535539150238
965,-0.008816597051918507
966,0.45584702491760254
967,0.38539233803749084
968,-0.022061971947550774
969,0.4566507339477539
970,0.3786090314388275
971,-0.019899509847164154
972,0.4932631850242615
973,0.3767346441745758
974,0.007605680264532566
975,0.43762943148612976
976,0.3628019392490387
977,-0.04385482147336006
978,0.4861873388290405
979,0.28363943099975586
980,-0.015814749523997307
981,0.4974626898765564
982,0.2868082523345947
983,-0.008476510643959045
984,0.5134745240211487
985,0.24877379834651947
986,0.02371499128639698
987,0.44912198185920715
988,0.2916855216026306
989,-0.02332451567053795
990,0.4616190493106842
991,0.30131796002388
992,-0.004006237257272005
993,0.46928074955940247
994,0.4441153407096863
995,0.01214618980884552
996,0.5051538348197937
997,0.4277161657810211
998,0.0892108604311943
999,0.449365496635437
1000,0.3915732502937317
1001,-0.01838395930826664
1002,0.44221851229667664
1003,0.39532604813575745
1004,-0.0192779079079628
1005,0.4601730704307556
1006,0.44565698504447937
1007,0.010526617988944054
1008,0.4559158682823181
1009,0.44473305344581604
1010,0.007876105606555939
1011,0.5021785497665405
1012,0.2786848545074463
1013,-0.004840087611228228
1014,0.4557243585586548
1015,0.3902076780796051
1016,-0.016808465123176575
1017,0.4703975021839142
1018,0.28458255529403687
1019,-0.020930005237460136
1020,0.47248154878616333
1021,0.2746036946773529
1022,-0.023795954883098602
1023,0.48288455605506897
1024,0.22102861106395721
1025,-0.013259412720799446
1026,0.507673978805542
1027,0.2630411386489868
1028,0.007289376575499773
1029,0.4769309461116791
1030,0.24666602909564972
1031,-0.019307522103190422
1032,0.5095689296722412
1033,0.28787297010421753
1034,0.008546698838472366
1035,0.5144808292388916
1036,0.2787267565727234
1037,0.02475118637084961
1038,0.43718278408050537
1039,0.43628209829330444
1040,-0.017010096460580826
1041,0.44534388184547424
1042,0.4385024309158325
1043,-0.011603114195168018
1044,0.4510681629180908
1045,0.44060593843460083
1046,-0.005191104952245951
1047,0.4470754861831665
1048,0.39364659786224365
1049,-0.01675853505730629
1050,0.4579910933971405
1051,0.44551995396614075
1052,0.009010681882500648
1053,0.4551125466823578
1054,0.44925403594970703
1055,0.004509581718593836
1056,0.4548337161540985
1057,0.44363638758659363
1058,0.0075253816321492195
1059,0.44523054361343384
1060,0.38845881819725037
1061,-0.031150780618190765
1062,0.44604238867759705
1063,0.4423319399356842
1064,-0.0018865215824916959
1065,0.44091159105300903
1066,0.442813515663147
1067,-0.006210549734532833
1068,0.4345581829547882
1069,0.44328492879867554
1070,-0.0095833670347929
1071,0.43743646144866943
1072,0.4807742238044739
1073,0.004742684308439493
1074,0.4374898672103882
1075,0.4715472459793091
1076,-0.005896741524338722
1077,0.4370715916156769
1078,0.46393129229545593
1079,-0.008296881802380085
1080,0.43627476692199707
1081,0.45601916313171387
1082,-0.0073750508017838
1083,0.43546390533447266
1084,0.45067501068115234
1085,-0.006534029729664326
1086,0.44764599204063416
1087,0.4477131962776184
1088,0.00043093273416161537
1089,0.4491628110408783
1090,0.4498763978481293
1091,-0.000604345288593322
1092,0.45138537883758545
1093,0.45384538173675537
1094,-0.0009023231687024236
1095,0.45320311188697815
1096,0.4580570459365845
1097,0.0012175195151939988
1098,0.46145498752593994
1099,0.4225708246231079
1100,-0.0036307289265096188
1101,0.5163630843162537
1102,0.3689606785774231
1103,0.09488562494516373
1104,0.4508943557739258
1105,0.44630593061447144
1106,0.004768719431012869
1107,0.4528636336326599
1108,0.4475419223308563
1109,0.004128335975110531
1110,0.4392136037349701
1111,0.40073028206825256
1112,-0.018803592771291733
1113,0.4523356854915619
1114,0.3972490429878235
1115,-0.009906701743602753
1116,0.4406466782093048
1117,0.3981691598892212
1118,-0.019403478130698204
1119,0.46315309405326843
1120,0.3531142473220825
1121,-0.004696771968156099
1122,0.4758208692073822
1123,0.36213013529777527
1124,-0.001140550710260868
1125,0.45757588744163513
1126,0.3836119771003723
1127,-0.014476488344371319
1128,0.5020822286605835
1129,0.23249037563800812
1130,0.0037237454671412706
1131,0.49579092860221863
1132,0.25180649757385254
1133,-0.006818891502916813
1134,0.48942112922668457
1135,0.27360811829566956
1136,-0.015024240128695965
1137,0.45681825280189514
1138,0.46538567543029785
1139,0.00859651155769825
1140,0.4527333378791809
1141,0.2765202522277832
1142,-0.028498204424977303
1143,0.4567957818508148
1144,0.24454347789287567
1145,-0.02650909684598446
1146,0.4610332250595093
1147,0.21464350819587708
1148,-0.023411018773913383
1149,0.48863643407821655
1150,0.3245851397514343
1151,0.006213736720383167
1152,0.5064141154289246
1153,0.3372846245765686
1154,0.020369384437799454
1155,0.45470649003982544
1156,0.31853270530700684
1157,5.1582530431915075e-05
1158,0.5003581047058105
1159,0.3071383237838745
1160,0.008485515601933002
1161,0.44950130581855774
1162,0.3382577896118164
1163,-0.012971783056855202
1164,0.45108386874198914
1165,0.38158485293388367
1166,-0.0312589555978775
1167,0.5138667821884155
1168,0.3448123335838318
1169,0.03115607611835003
1170,0.5006260871887207
1171,0.34631839394569397
1172,0.013580773957073689
1173,0.4901968240737915
1174,0.3510100543498993
1175,0.005731725599616766
1176,0.47478726506233215
1177,0.3481408357620239
1178,0.0009649380808696151
1179,0.46363067626953125
1180,0.3422529101371765
1181,-0.001615377957932651
1182,0.4554746448993683
1183,0.3363668918609619
1184,-0.005027212202548981
1185,0.438800573348999
1186,0.3230508863925934
1187,-0.024536369368433952
1188,0.5110135078430176
1189,0.37029173970222473
1190,0.03151208907365799
1191,0.5068714022636414
1192,0.30563127994537354
1193,0.012343895621597767
1194,0.4330892860889435
1195,0.39561253786087036
1196,-0.03951428085565567
1197,0.4541662931442261
1198,0.3585217595100403
1199,-0.01080770418047905
1200,0.521232008934021
1201,0.316874623298645
1202,0.08168555796146393
1203,0.4494236409664154
1204,0.33003145456314087
1205,-0.007354334928095341
1206,0.45799684524536133
1207,0.3837334215641022
1208,-0.0054556988179683685
1209,0.4957614541053772
1210,0.31379351019859314
1211,0.011972799897193909
1212,0.4517311751842499
1213,0.37329745292663574
1214,-0.02859128825366497
1215,0.5123453140258789
1216,0.3974085748195648
1217,0.09447281807661057
1218,0.45517417788505554
1219,0.3139934241771698
1220,0.001850718166679144
1221,0.4449491798877716
1222,0.36685216426849365
1223,-0.03797321766614914
1224,0.48891159892082214
1225,0.46204397082328796
1226,0.04625222831964493
1227,0.4874904155731201
1228,0.4727107286453247
1229,0.06311940401792526
1230,0.5174205899238586
1231,0.3703436255455017
1232,0.06309416145086288
1233,0.49827054142951965
1234,0.44431138038635254
1235,0.05540194362401962
1236,0.5176562070846558
1237,0.2973681688308716
1238,0.04100808501243591
1239,0.4575839936733246
1240,0.505767285823822
1241,0.02394266426563263
1242,0.4320472478866577
1243,0.39712902903556824
1244,-0.027513738721609116
1245,0.46101945638656616
1246,0.3674609065055847
1247,-0.0064067114144563675
1248,0.5139846801757812
1249,0.32222750782966614
1250,0.03153376653790474
1251,0.4815008342266083
1252,0.31926748156547546
1253,0.0028401503805071115
1254,0.4741112291812897
1255,0.31975874304771423
1256,0.0005688664386980236
1257,0.45739224553108215
1258,0.45131784677505493
1259,0.006250068079680204
1260,0.5076220631599426
1261,0.3938179910182953
1262,0.037146300077438354
1263,0.4420827031135559
1264,0.5221303105354309
1265,0.02782468870282173
1266,0.46636101603507996
1267,0.5029022693634033
1268,0.043008409440517426
1269,0.47625425457954407
1270,0.4903390109539032
1271,0.05176659673452377
1272,0.4671644866466522
1273,0.3185599446296692
1274,-0.0002734473382588476
1275,0.46079909801483154
1276,0.3161402642726898
1277,0.0004555999184958637
1278,0.45690232515335083
1279,0.3149705231189728
1280,0.0018209053669124842
1281,0.5122811794281006
1282,0.30248430371284485
1283,0.020948417484760284
1284,0.4626438021659851
1285,0.30662015080451965
1286,-0.0016747682821005583
1287,0.4699747562408447
1288,0.3040392994880676
1289,-0.00324706407263875
1290,0.4774661660194397
1291,0.303920716047287
1292,-0.0025370600633323193
1293,0.4847815930843353
1294,0.30614519119262695
1295,-5.913434142712504e-05
1296,0.48913460969924927
1297,0.3092189431190491
1298,0.0031645677518099546
1299,0.5216468572616577
1300,0.28994444012641907
1301,0.06415819376707077
1302,0.4866073429584503
1303,0.3177121877670288
1304,0.005557570140808821
1305,0.4551634192466736
1306,0.41517797112464905
1307,-0.008973520249128342
1308,0.44970154762268066
1309,0.3899608552455902
1310,-0.022154919803142548
1311,0.4398396909236908
1312,0.41139131784439087
1313,-0.017433904111385345
1314,0.4788583219051361
1315,0.4789179861545563
1316,0.0395379364490509
1317,0.46871018409729004
1318,0.4922780394554138
1319,0.032389525324106216
1320,0.4429900050163269
1321,0.51551753282547
1322,0.01624009571969509
1323,0.49644652009010315
1324,0.45321977138519287
1325,0.07711838185787201
1326,0.4575384855270386
1327,0.31095096468925476
1328,0.00029092407203279436
1329,0.4439598023891449
1330,0.3428938686847687
1331,-0.02465289831161499
1332,0.45540285110473633
1333,0.5141839385032654
1334,0.03385819122195244
1335,0.5130767822265625
1336,0.3963308334350586
1337,0.06506979465484619
1338,0.44220802187919617
1339,0.4492846131324768
1340,-0.003430300857871771
1341,0.4436832368373871
1342,0.4532400667667389
1343,-0.0044080945663154125
1344,0.44532454013824463
1345,0.4591992199420929
1346,-0.004791693761944771
1347,0.4465296268463135
1348,0.46610257029533386
1349,-0.002579188672825694
1350,0.44845646619796753
1351,0.4742598533630371
1352,0.005653400905430317
1353,0.45256295800209045
1354,0.4438423216342926
1355,0.002354662399739027
1356,0.4554081857204437
1357,0.4430144429206848
1358,0.00230614235624671
1359,0.4580586552619934
1360,0.4411277770996094
1361,0.002236610744148493
1362,0.4664919078350067
1363,0.4325367212295532
1364,0.0037339492700994015
1365,0.49710607528686523
1366,0.40179502964019775
1367,0.019935788586735725
1368,0.44407832622528076
1369,0.32991135120391846
1370,-0.018208343535661697
1371,0.44885194301605225
1372,0.30723825097084045
1373,-0.005685380194336176
1374,0.4540290832519531
1375,0.3083151876926422
1376,-0.0020234454423189163
1377,0.450458824634552
1378,0.44197869300842285
1379,0.003377550980076194
1380,0.49606385827064514
1381,0.4294047951698303
1382,0.03657173737883568
1383,0.44175079464912415
1384,0.30737408995628357
1385,-0.017124447971582413
1386,0.452531635761261
1387,0.4836006760597229
1388,0.012322667054831982
1389,0.43822595477104187
1390,0.3367520570755005
1391,-0.031667787581682205
1392,0.44937536120414734
1393,0.362048476934433
1394,-0.02221486158668995
1395,0.4397233724594116
1396,0.49157655239105225
1397,0.0082665691152215
1398,0.47098538279533386
1399,0.45958003401756287
1400,0.017664834856987
1401,0.4641495645046234
1402,0.39371559023857117
1403,-0.002422172809019685
1404,0.46280980110168457
1405,0.47300922870635986
1406,0.015658101066946983
1407,0.4815036654472351
1408,0.3926669955253601
1409,0.001999566098675132
1410,0.47044387459754944
1411,0.4064317047595978
1412,0.0006045649060979486
1413,0.4865588843822479
1414,0.4118167459964752
1415,0.011206863448023796
1416,0.44213971495628357
1417,0.504626452922821
1418,0.010395681485533714
1419,0.4540195167064667
1420,0.36838099360466003
1421,-0.01494751125574112
1422,0.4773072600364685
1423,0.46736469864845276
1424,0.02758653275668621
1425,0.4670429825782776
1426,0.48163601756095886
1427,0.023940254002809525
1428,0.47730013728141785
1429,0.4442753195762634
1430,0.01681358739733696
1431,0.5039750933647156
1432,0.41378045082092285
1433,0.0428028404712677
1434,0.4865351617336273
1435,0.44448959827423096
1436,0.026119399815797806
1437,0.5073431730270386
1438,0.42078736424446106
1439,0.06436886638402939
1440,0.4751144051551819
1441,0.42259541153907776
1442,0.006156682502478361
1443,0.4489803612232208
1444,0.35042470693588257
1445,-0.01729990541934967
1446,0.4480645954608917
1447,0.38683170080184937
1448,-0.033048104494810104
1449,0.4531932473182678
1450,0.38926446437835693
1451,-0.022938188165426254
1452,0.4449232816696167
1453,0.3796160817146301
1454,-0.04021071642637253
1455,0.4557027220726013
1456,0.29900017380714417
1457,-0.009177448228001595
1458,0.4695156216621399
1459,0.2941955029964447
1460,-0.011119277216494083
1461,0.4814576506614685
1462,0.29368144273757935
1463,-0.010223610326647758
1464,0.49113717675209045
1465,0.29533982276916504
1466,-0.006071147043257952
1467,0.49753865599632263
1468,0.29951849579811096
1469,1.3394610505201854e-06
1470,0.5008870959281921
1471,0.31720051169395447
1472,0.015579107217490673
1473,0.520132303237915
1474,0.34514814615249634
1475,0.058526307344436646
1476,0.49392756819725037
1477,0.33366572856903076
1478,0.01059033628553152
1479,0.48534059524536133
1480,0.3371972441673279
1481,0.005284257233142853
1482,0.4744960367679596
1483,0.3364337980747223
1484,0.0014414715114980936
1485,0.46429726481437683
1486,0.3328196704387665
1487,-0.0003448581846896559
1488,0.45664796233177185
1489,0.3284945785999298
1490,-0.0018035724060609937
1491,0.45137277245521545
1492,0.32461199164390564
1493,-0.002752527594566345
1494,0.5188210010528564
1495,0.3425450325012207
1496,0.0911269336938858
1497,0.45265480875968933
1498,0.392068088054657
1499,-0.018372805789113045
1500,0.44375184178352356
1501,0.3544871211051941
1502,-0.030065013095736504
1503,0.44219064712524414
1504,0.3881359100341797
1505,-0.0399949736893177
1506,0.43723171949386597
1507,0.393145889043808
1508,-0.03608649969100952
1509,0.44197872281074524
1510,0.38939401507377625
1511,-0.03554648160934448
1512,0.4499787390232086
1513,0.39551520347595215
1514,-0.01517723873257637
1515,0.43574410676956177
1516,0.39461708068847656
1517,-0.038273949176073074
1518,0.434773713350296
1519,0.39625003933906555
1520,-0.02761436626315117
1521,0.45216676592826843
1522,0.3150440454483032
1523,0.00035188504261896014
1524,0.4472838342189789
1525,0.31835266947746277
1526,-0.004881737753748894
1527,0.44484832882881165
1528,0.32092979550361633
1529,-0.010951553471386433
1530,0.49160322546958923
1531,0.3114394545555115
1532,0.006312957499176264
1533,0.49569135904312134
1534,0.3079340159893036
1535,0.006401658058166504
1536,0.7439314126968384
1537,0.6324863433837891
1538,-1.1098290286781776e-07
1539,0.6858647465705872
1540,0.584651529788971
1541,0.0007925211102701724
1542,0.6598860621452332
1543,0.5105757713317871
1544,0.001077034859918058
1545,0.6484557390213013
1546,0.45268163084983826
1547,-0.005443718750029802
1548,0.6453399658203125
1549,0.40547963976860046
1550,-0.012206749990582466
1551,0.6970996260643005
1552,0.4361296594142914
1553,0.012931273318827152
1554,0.6912744641304016
1555,0.3510861396789551
1556,-0.0002806138654705137
1557,0.6855432987213135
1558,0.3010569214820862
1559,-0.00804800447076559
1560,0.678524911403656
1561,0.25901350378990173
1562,-0.012824475765228271
1563,0.712011456489563
1564,0.43138816952705383
1565,0.0012350992765277624
1566,0.6518429517745972
1567,0.3933139443397522
1568,-0.02967546507716179
1569,0.6134737133979797
1570,0.4205397069454193
1571,-0.04458792880177498
1572,0.5879603028297424
1573,0.4501453638076782
1574,-0.04617513343691826
1575,0.726036548614502
1576,0.43749865889549255
1577,-0.012241006828844547
1578,0.6502842903137207
1579,0.4157249927520752
1580,-0.04832877591252327
1581,0.6322160959243774
1582,0.47736918926239014
1583,-0.05290133133530617
1584,0.6314710974693298
1585,0.5319863557815552
1586,-0.04282694682478905
1587,0.7386215329170227
1588,0.44837281107902527
1589,-0.02536947838962078
1590,0.6792970299720764
1591,0.4219323396682739
1592,-0.04851198568940163
1593,0.6577951312065125
1594,0.44110170006752014
1595,-0.0492706373333931
1596,0.650787889957428
1597,0.4647277891635895
1598,-0.04179396480321884
1599,0.0
1600,0.0
1601,0.0
1602,0.0
1603,0.0
1604,0.0
1605,0.0
1606,0.0
1607,0.0
1608,0.0
1609,0.0
1610,0.0
1611,0.0
1612,0.0
1613,0.0
1614,0.0
1615,0.0
1616,0.0
1617,0.0
1618,0.0
1619,0.0
1620,0.0
1621,0.0
1622,0.0
1623,0.0
1624,0.0
1625,0.0
1626,0.0
1627,0.0
1628,0.0
1629,0.0
1630,0.0
1631,0.0
1632,0.0
1633,0.0
1634,0.0
1635,0.0
1636,0.0
1637,0.0
1638,0.0
1639,0.0
1640,0.0
1641,0.0
1642,0.0
1643,0.0
1644,0.0
1645,0.0
1646,0.0
1647,0.0
1648,0.0
1649,0.0
1650,0.0
1651,0.0
1652,0.0
1653,0.0
1654,0.0
1655,0.0
1656,0.0
1657,0.0
1658,0.0
1659,0.0
1660,0.0
1661,0.0
