,0
0,0.3035382926464081
1,0.5582172274589539
2,-0.955499529838562
3,0.9985421895980835
4,0.3328688442707062
5,0.4967198371887207
6,-0.9180882573127747
7,0.9969618916511536
8,0.35294124484062195
9,0.4995938539505005
10,-0.9185429811477661
11,0.9976835250854492
12,0.3761299252510071
13,0.5031268000602722
14,-0.9186686277389526
15,0.9971640706062317
16,0.2946752905845642
17,0.4959198534488678
18,-0.8781181573867798
19,0.9968908429145813
20,0.28435757756233215
21,0.49818354845046997
22,-0.8776647448539734
23,0.9976178407669067
24,0.27487343549728394
25,0.501137375831604
26,-0.8783659934997559
27,0.9973207712173462
28,0.4331703782081604
29,0.5519510507583618
30,-0.6306026577949524
31,0.9975715279579163
32,0.29542356729507446
33,0.5509154796600342
34,-0.4199860095977783
35,0.9975106716156006
36,0.34032487869262695
37,0.6304916143417358
38,-0.8474372029304504
39,0.9984152317047119
40,0.2911446690559387
41,0.6293038129806519
42,-0.7915226221084595
43,0.9983225464820862
44,0.6052677631378174
45,0.9213767647743225
46,-0.4555679261684418
47,0.9811511635780334
48,0.1583355963230133
49,0.9386762380599976
50,-0.23852410912513733
51,0.9927717447280884
52,0.708186686038971
53,1.2945765256881714
54,-0.6487454771995544
55,0.07479270547628403
56,0.06696697324514389
57,1.3125156164169312
58,-0.2539946436882019
59,0.14801259338855743
60,0.7052448987960815
61,1.5979158878326416
62,-1.1355277299880981
63,0.019438963383436203
64,0.04358261823654175
65,1.6194969415664673
66,-0.8647116422653198
67,0.0372476652264595
68,0.7336477041244507
69,1.6993489265441895
70,-1.26172935962677
71,0.025007398799061775
72,0.011518648825585842
73,1.7142609357833862
74,-1.0087974071502686
75,0.047321002930402756
76,0.6912399530410767
77,1.7070167064666748
78,-1.3274097442626953
79,0.04064280912280083
80,0.04330291226506233
81,1.713632345199585
82,-1.1011396646499634
83,0.08387584984302521
84,0.6688741445541382
85,1.6667006015777588
86,-1.1843962669372559
87,0.04035303741693497
88,0.06499410420656204
89,1.6774319410324097
90,-0.9321849942207336
91,0.08025114983320236
92,0.5291942358016968
93,1.7140095233917236
94,-0.10639487206935883
95,0.010981913655996323
96,0.2272755354642868
97,1.7002700567245483
98,0.11237688362598419
99,0.012367799878120422
100,0.5126503705978394
101,2.3548948764801025
102,-0.25365835428237915
103,0.00406277272850275
104,0.23805122077465057
105,2.333190679550171
106,-0.008484390564262867
107,0.0026371527928858995
108,0.5258702039718628
109,2.9505867958068848
110,0.2789034843444824
111,0.0009559891768731177
112,0.25490230321884155
113,2.9218530654907227
114,0.30111250281333923
115,0.0009253757889382541
116,0.5400633811950684
117,3.0505475997924805
118,0.2927468717098236
119,0.0008832423482090235
120,0.2544744312763214
121,3.02983021736145
122,0.3079874515533447
123,0.0014633462997153401
124,0.4681364595890045
125,3.109200954437256
126,-0.36665812134742737
127,0.000761075527407229
128,0.28335362672805786
129,3.0962398052215576
130,-0.3387344479560852
131,0.0009967507794499397
132,0.3032865524291992
133,0.613059937953949
134,-0.03140592202544212
135,0.29526299238204956
136,0.5652432441711426
137,-0.039872024208307266
138,0.30165183544158936
139,0.582893967628479
140,-0.025382887572050095
141,0.2908109724521637
142,0.5376569628715515
143,-0.02111666649580002
144,0.2940612733364105
145,0.5542876124382019
146,-0.040413763374090195
147,0.2950276732444763
148,0.5427961945533752
149,-0.03482074663043022
150,0.29944077134132385
151,0.5170924067497253
152,-0.007206147536635399
153,0.25932541489601135
154,0.5354153513908386
155,0.03694287687540054
156,0.2998441755771637
157,0.4926908612251282
158,0.003725440474227071
159,0.29867085814476013
160,0.4787837266921997
161,0.006008158437907696
162,0.2981996238231659
163,0.4372120499610901
164,0.02709260769188404
165,0.3038637638092041
166,0.6192259192466736
167,-0.031238825991749763
168,0.305115282535553
169,0.6250052452087402
170,-0.029324010014533997
171,0.30654609203338623
172,0.6285862922668457
173,-0.026597481220960617
174,0.3078323304653168
175,0.6338865756988525
176,-0.027148963883519173
177,0.3077166974544525
178,0.6389532685279846
179,-0.029123548418283463
180,0.30809900164604187
181,0.6455911993980408
182,-0.03171975910663605
183,0.3092169463634491
184,0.6529240012168884
185,-0.03184759244322777
186,0.31237781047821045
187,0.6653996109962463
188,-0.02707003615796566
189,0.29745998978614807
190,0.572296142578125
191,-0.037216417491436005
192,0.293537974357605
193,0.5762251615524292
194,-0.026334576308727264
195,0.24621567130088806
196,0.5114152431488037
197,0.09056579321622849
198,0.2771802246570587
199,0.5380476117134094
200,0.02254031039774418
201,0.27077198028564453
202,0.5408973097801208
203,0.024888794869184494
204,0.2649199366569519
205,0.542263925075531
206,0.02888428419828415
207,0.2580822706222534
208,0.5402244329452515
209,0.037968605756759644
210,0.28252482414245605
211,0.533444344997406
212,0.021623805165290833
213,0.26625949144363403
214,0.5118347406387329
215,0.026401488110423088
216,0.2733864188194275
217,0.5107987523078918
218,0.024221129715442657
219,0.26016080379486084
220,0.5153571367263794
221,0.030429141595959663
222,0.2567756175994873
223,0.5209428668022156
224,0.03408578038215637
225,0.2540982663631439
226,0.5486502647399902
227,0.041448917239904404
228,0.28824594616889954
229,0.6867715120315552
230,-0.014677232131361961
231,0.2575589716434479
232,0.5340256094932556
233,0.04046529904007912
234,0.2458389699459076
235,0.553551197052002
236,0.08161869645118713
237,0.24928227066993713
238,0.543686032295227
239,0.052819862961769104
240,0.27103960514068604
241,0.5790623426437378
242,0.005119768902659416
243,0.29481175541877747
244,0.613802433013916
245,-0.02747807838022709
246,0.29850462079048157
247,0.6274038553237915
248,-0.025914490222930908
249,0.28757935762405396
250,0.6216338276863098
251,-0.02098393812775612
252,0.284295916557312
253,0.630450963973999
254,-0.014545882120728493
255,0.293494313955307
256,0.6309856176376343
257,-0.020880836993455887
258,0.2901720106601715
259,0.6352949142456055
260,-0.014956480823457241
261,0.28012993931770325
262,0.6531979441642761
263,-0.006093256641179323
264,0.28965628147125244
265,0.566860020160675
266,-0.037788622081279755
267,0.28743597865104675
268,0.5570138692855835
269,-0.03784838318824768
270,0.24822865426540375
271,0.5131141543388367
272,0.04275738447904587
273,0.282897025346756
274,0.5492099523544312
275,0.006717413663864136
276,0.2780478298664093
277,0.57518070936203
278,-0.014964375644922256
279,0.277927428483963
280,0.5710703134536743
281,-0.01160323154181242
282,0.25481748580932617
283,0.5862011313438416
284,0.021581489592790604
285,0.2886677384376526
286,0.5459895133972168
287,-0.03053530491888523
288,0.25838929414749146
289,0.4948630630970001
290,0.0267874114215374
291,0.2515994906425476
292,0.5021200180053711
293,0.03503109887242317
294,0.2475835680961609
295,0.4894132614135742
296,0.07832842320203781
297,0.28525805473327637
298,0.4941508173942566
299,0.010349699296057224
300,0.2801715135574341
301,0.5126191973686218
302,0.02402198687195778
303,0.2747391164302826
304,0.6440373659133911
305,-3.364609074196778e-05
306,0.2617190480232239
307,0.653155505657196
308,0.07324962317943573
309,0.284487247467041
310,0.5796809792518616
311,-0.015033822506666183
312,0.29080960154533386
313,0.5819253921508789
314,-0.019461121410131454
315,0.28239861130714417
316,0.6440325379371643
317,-0.002697928110137582
318,0.28637808561325073
319,0.6421083807945251
320,-0.005924287252128124
321,0.2490837126970291
322,0.49747970700263977
323,0.041554294526576996
324,0.2800332009792328
325,0.5818350315093994
326,-0.012322243303060532
327,0.2689405679702759
328,0.4913390278816223
329,0.018265265971422195
330,0.26718753576278687
331,0.4836886525154114
332,0.0193183571100235
333,0.26390647888183594
334,0.4545246958732605
335,0.04710932448506355
336,0.24794092774391174
337,0.49295946955680847
338,0.05786556378006935
339,0.26566293835639954
340,0.4681594669818878
341,0.03318879380822182
342,0.2460850030183792
343,0.5113494992256165
344,0.05169273540377617
345,0.2458941638469696
346,0.5118467807769775
347,0.07029730081558228
348,0.29628193378448486
349,0.6212030649185181
350,-0.02754371613264084
351,0.29047074913978577
352,0.626933753490448
353,-0.0214641522616148
354,0.286944180727005
355,0.6328856348991394
356,-0.015466070733964443
357,0.28710368275642395
358,0.5819301009178162
359,-0.014819154515862465
360,0.28434309363365173
361,0.6434208750724792
362,-0.004472346510738134
363,0.28621941804885864
364,0.6435228586196899
365,-0.011379620060324669
366,0.2876307964324951
367,0.6408945918083191
368,-0.00651939120143652
369,0.28518590331077576
370,0.5714541077613831
371,-0.024113008752465248
372,0.29280492663383484
373,0.6349692940711975
374,-0.014295181259512901
375,0.2962525188922882
376,0.6322908401489258
377,-0.01883953996002674
378,0.30086585879325867
379,0.630233883857727
380,-0.023267975077033043
381,0.30270275473594666
382,0.6660621166229248
383,-0.024482617154717445
384,0.300129771232605
385,0.6536583304405212
386,-0.028702059760689735
387,0.2996582090854645
388,0.6462820172309875
389,-0.028254037722945213
390,0.3001219928264618
391,0.6394308805465698
392,-0.02547503262758255
393,0.30106085538864136
394,0.6352230906486511
395,-0.02371499314904213
396,0.29217731952667236
397,0.6385192275047302
398,-0.01487087644636631
399,0.2908003330230713
400,0.6403847336769104
401,-0.016622867435216904
402,0.28876397013664246
403,0.644096851348877
404,-0.018404370173811913
405,0.2873828113079071
406,0.6485856771469116
407,-0.01731550134718418
408,0.2781713008880615
409,0.6175673604011536
410,-0.0090049859136343
411,0.2548361122608185
412,0.6034371852874756
413,0.0994209423661232
414,0.29966500401496887
415,0.5766996145248413
416,-0.029075879603624344
417,0.290300577878952
418,0.6399860382080078
419,-0.010076149366796017
420,0.28828954696655273
421,0.641334056854248
422,-0.01122655626386404
423,0.29319876432418823
424,0.5864925980567932
425,-0.021416084840893745
426,0.28428444266319275
427,0.5892778038978577
428,-0.010159830562770367
429,0.2920541763305664
430,0.5842688679695129
431,-0.02047363668680191
432,0.27672407031059265
433,0.5580847859382629
434,0.009894111193716526
435,0.26717376708984375
436,0.5685408711433411
437,0.013825333677232265
438,0.27866631746292114
439,0.5775420069694519
440,-0.008460385724902153
441,0.2528296113014221
442,0.47030138969421387
443,0.06266776472330093
444,0.25406187772750854
445,0.4781929850578308
446,0.0457012876868248
447,0.2560572028160095
448,0.4881073236465454
449,0.03107626549899578
450,0.28589946031570435
451,0.6580678820610046
452,-0.012529650703072548
453,0.2819492220878601
454,0.4812317490577698
455,0.011230205185711384
456,0.2800058126449585
457,0.4626506567001343
458,0.023349719122052193
459,0.2784392237663269
460,0.44442319869995117
461,0.03463086858391762
462,0.2604231536388397
463,0.5424447059631348
464,0.03369322046637535
465,0.24879613518714905
466,0.5581320524215698
467,0.04612576588988304
468,0.286007821559906
469,0.529105544090271
470,0.022363267838954926
471,0.2522568702697754
472,0.5273628830909729
473,0.042792804539203644
474,0.28693267703056335
475,0.5402366518974304
476,0.00412360904738307
477,0.2799696922302246
478,0.5672728419303894
479,-0.022171972319483757
480,0.24454110860824585
481,0.5682191252708435
482,0.05460776761174202
483,0.2508527338504791
484,0.5634478330612183
485,0.03648565709590912
486,0.25711220502853394
487,0.5638287663459778
488,0.026207929477095604
489,0.2687035799026489
490,0.557959794998169
491,0.019401514902710915
492,0.2772911489009857
493,0.5505695939064026
494,0.015742329880595207
495,0.28387147188186646
496,0.5430999994277954
497,0.012772359885275364
498,0.2934761345386505
499,0.5219916105270386
500,-0.002669177483767271
501,0.24508720636367798
502,0.5895658731460571
503,0.04742351546883583
504,0.24845120310783386
505,0.5275540351867676
506,0.04878484457731247
507,0.2941446304321289
508,0.5729885697364807
509,-0.035723522305488586
510,0.2823275029659271
511,0.5576249957084656
512,0.0008349900599569082
513,0.25071677565574646
514,0.5581406354904175
515,0.10701114684343338
516,0.2883993089199066
517,0.5352544784545898
518,0.01171696837991476
519,0.2797359228134155
520,0.5802414417266846
521,-0.0016251544002443552
522,0.25580716133117676
523,0.534828782081604
524,0.04247865080833435
525,0.2801927626132965
526,0.562451183795929
527,-0.018093924969434738
528,0.25728195905685425
529,0.6278464794158936
530,0.08872666954994202
531,0.2864333689212799
532,0.5254449248313904
533,0.025511393323540688
534,0.28405219316482544
535,0.55288165807724
536,-0.02536528743803501
537,0.2648409903049469
538,0.6708986759185791
539,0.02520200051367283
540,0.2699086666107178
541,0.6856491565704346
542,0.035037003457546234
543,0.24659880995750427
544,0.5971130132675171
545,0.07417308539152145
546,0.25934508442878723
547,0.6585530638694763
548,0.04002441093325615
549,0.24596533179283142
550,0.5315933227539062
551,0.07867443561553955
552,0.2882206439971924
553,0.7004228234291077
554,-0.012522213160991669
555,0.2969551682472229
556,0.5771375894546509
557,-0.027838226407766342
558,0.27789753675460815
559,0.5683236718177795
560,0.0031835397239774466
561,0.24641209840774536
562,0.548234224319458
563,0.061763323843479156
564,0.2647835314273834
565,0.5360571146011353
566,0.030346743762493134
567,0.2703079879283905
568,0.5351850390434265
569,0.026956673711538315
570,0.2844213843345642
571,0.64629065990448
572,-0.009900401346385479
573,0.2483828365802765
574,0.610506534576416
575,0.043497949838638306
576,0.30332398414611816
577,0.71729975938797
578,-0.01774556376039982
579,0.28366732597351074
580,0.7050111889839172
581,0.006274295039474964
582,0.2766672670841217
583,0.6971209645271301
584,0.019069302827119827
585,0.2980296313762665
586,0.45784586668014526
587,0.01645241118967533
588,0.32008787989616394
589,0.7180189490318298
590,-0.024559754878282547
591,0.27581238746643066
592,0.532995879650116
593,0.025097113102674484
594,0.28103598952293396
595,0.5297316312789917
596,0.02485617622733116
597,0.2845657467842102
598,0.527319073677063
599,0.02580285631120205
600,0.24629732966423035
601,0.5284728407859802
602,0.05822572112083435
603,0.28068283200263977
604,0.5222206115722656
605,0.025554612278938293
606,0.2749190628528595
607,0.5223061442375183
608,0.02607257291674614
609,0.26919183135032654
610,0.5233388543128967
611,0.028032775968313217
612,0.2638116478919983
613,0.5260993242263794
614,0.031207464635372162
615,0.2606707811355591
616,0.5293996930122375
617,0.03409084305167198
618,0.2474590241909027
619,0.5328346490859985
620,0.1013360470533371
621,0.2614831030368805
622,0.5359140038490295
623,0.033919330686330795
624,0.3026438355445862
625,0.5930406451225281
626,-0.02586500346660614
627,0.28216731548309326
628,0.6073554158210754
629,-0.013440313749015331
630,0.2833265960216522
631,0.5768481492996216
632,-0.01701400801539421
633,0.29313385486602783
634,0.5975368618965149
635,-0.02288661152124405
636,0.30073821544647217
637,0.5059508681297302
638,0.0010207490995526314
639,0.27183476090431213
640,0.6825644969940186
641,0.011933366768062115
642,0.2794981002807617
643,0.6914395093917847
644,-0.0002295345620950684
645,0.30019447207450867
646,0.7061437964439392
647,-0.024519389495253563
648,0.2658589482307434
649,0.6725417971611023
650,0.05433500558137894
651,0.28461477160453796
652,0.523734450340271
653,0.02576335147023201
654,0.2883909344673157
655,0.5381852984428406
656,-0.0077403211034834385
657,0.3168000280857086
658,0.7070010900497437
659,-0.031025655567646027
660,0.29194170236587524
661,0.7121262550354004
662,-0.006780588999390602
663,0.2498810887336731
664,0.6197834610939026
665,0.06631491333246231
666,0.295842707157135
667,0.6365914940834045
668,-0.01930900290608406
669,0.2944577932357788
670,0.6398041844367981
671,-0.02114884927868843
672,0.2931576073169708
673,0.6451215744018555
674,-0.023230992257595062
675,0.29268670082092285
676,0.6518489122390747
677,-0.022968754172325134
678,0.29312676191329956
679,0.6629392504692078
680,-0.019055889919400215
681,0.28782525658607483
682,0.6391189098358154
683,-0.009759193286299706
684,0.2848453223705292
685,0.6387720108032227
686,-0.008779766038060188
687,0.28235507011413574
688,0.637654721736908
689,-0.00791145209223032
690,0.27542129158973694
691,0.6303768157958984
692,-0.003365294076502323
693,0.25393515825271606
694,0.6116026043891907
695,0.024927111342549324
696,0.2903648018836975
697,0.530312180519104
698,0.0013138504000380635
699,0.28959858417510986
700,0.5148664712905884
701,0.019180815666913986
702,0.28672343492507935
703,0.5183719396591187
704,0.023841409012675285
705,0.29026171565055847
706,0.6373835802078247
707,-0.009639513678848743
708,0.25754880905151367
709,0.6397980451583862
710,0.02946467511355877
711,0.2929956316947937
712,0.5108600854873657
713,0.008298487402498722
714,0.2905925214290619
715,0.6743850708007812
716,-0.016536235809326172
717,0.29660624265670776
718,0.5340527296066284
719,-0.02548833377659321
720,0.2918446958065033
721,0.530279278755188
722,-0.012580393813550472
723,0.29799550771713257
724,0.5259802341461182
725,-0.015893112868070602
726,0.2836894989013672
727,0.5552510619163513
728,-0.01013063546270132
729,0.3145696818828583
730,0.6929386854171753
731,-0.03229273483157158
732,0.3133068084716797
733,0.6779066920280457
734,-0.029479000717401505
735,0.3012911379337311
736,0.6782559752464294
737,-0.024911142885684967
738,0.2744866609573364
739,0.6584194898605347
740,-0.0010759771103039384
741,0.2758330702781677
742,0.5914360880851746
743,-6.615462189074606e-05
744,0.2818281650543213
745,0.6679280400276184
746,-0.00896342471241951
747,0.263133704662323
748,0.5953749418258667
749,0.008060865104198456
750,0.27146974205970764
751,0.6048023104667664
752,0.00045810616575181484
753,0.2608075737953186
754,0.6158400177955627
755,0.01163750421255827
756,0.29973942041397095
757,0.6925331950187683
758,-0.02588006854057312
759,0.2812061309814453
760,0.5641098022460938
761,-0.005429707467556
762,0.2708575129508972
763,0.6685745120048523
764,0.005722777917981148
765,0.27929002046585083
766,0.6783756017684937
767,-0.004446070175617933
768,0.26873645186424255
769,0.6458235383033752
770,0.0051783849485218525
771,0.252275675535202
772,0.6287569999694824
773,0.04070078954100609
774,0.2631840407848358
775,0.6497170329093933
776,0.014421064406633377
777,0.2540034353733063
778,0.640667736530304
779,0.05636998638510704
780,0.26905226707458496
781,0.6230006814002991
782,0.002883147681131959
783,0.28546831011772156
784,0.5477386713027954
785,-0.0030973460525274277
786,0.28240448236465454
787,0.5703327655792236
788,-0.02471589483320713
789,0.28030237555503845
790,0.5772356390953064
791,-0.017414145171642303
792,0.28305476903915405
793,0.5611693859100342
794,-0.029795324429869652
795,0.2830922305583954
796,0.5061522722244263
797,0.020479930564761162
798,0.27188366651535034
799,0.5031219720840454
800,0.023053379729390144
801,0.2628461420536041
802,0.5048498511314392
803,0.026304317638278008
804,0.2561931312084198
805,0.509411096572876
806,0.03144603222608566
807,0.25268450379371643
808,0.516947865486145
809,0.0371844545006752
810,0.2530714273452759
811,0.5388534069061279
812,0.046235665678977966
813,0.24527642130851746
814,0.5752158164978027
815,0.07883422821760178
816,0.25624287128448486
817,0.5514943599700928
818,0.035728465765714645
819,0.26156875491142273
820,0.5517197847366333
821,0.02868598699569702
822,0.2695932388305664
823,0.548805832862854
824,0.02304914779961109
825,0.27756446599960327
826,0.5438905358314514
827,0.019653359428048134
828,0.2839151620864868
829,0.5380685925483704
830,0.018025724217295647
831,0.2880651652812958
832,0.532810628414154
833,0.0169407669454813
834,0.2535104751586914
835,0.5809110999107361
836,0.10604044049978256
837,0.2820854187011719
838,0.5816208720207214
839,-0.014588402584195137
840,0.2866879403591156
841,0.545113742351532
842,-0.015555617399513721
843,0.2857404053211212
844,0.5674347877502441
845,-0.032300110906362534
846,0.29182887077331543
847,0.5732120871543884
848,-0.03197801113128662
849,0.28722721338272095
850,0.570242166519165
851,-0.029038794338703156
852,0.28542399406433105
853,0.5855216979980469
854,-0.013861941173672676
855,0.2924456298351288
856,0.5732849836349487
857,-0.03438273072242737
858,0.2949064373970032
859,0.5773154497146606
860,-0.027094336226582527
861,0.2883943021297455
862,0.524573802947998
863,0.02298421412706375
864,0.2912198305130005
865,0.5255128145217896
866,0.01648852974176407
867,0.2917459011077881
868,0.5254703760147095
869,0.01005495898425579
870,0.25880923867225647
871,0.5318893194198608
872,0.0369294136762619
873,0.2549341320991516
874,0.5272234082221985
875,0.03864339366555214
876,0.3038918375968933
877,0.5349035263061523
878,-0.025362646207213402
879,0.3633641302585602
880,0.5115605592727661
881,0.00576634518802166
882,0.30719178915023804
883,0.5729982852935791
884,-0.029638299718499184
885,0.3967221975326538
886,0.4750632047653198
887,0.04323677346110344
888,0.3406619131565094
889,0.5229625701904297
890,0.002387075684964657
891,0.3484977185726166
892,0.5228621363639832
893,0.0008074830984696746
894,0.3562459945678711
895,0.5217328667640686
896,0.000934199255425483
897,0.3675314784049988
898,0.5152844190597534
899,0.005014716647565365
900,0.3340006172657013
901,0.5211171507835388
902,0.005763802211731672
903,0.34698015451431274
904,0.49137890338897705
905,0.001462285639718175
906,0.33870184421539307
907,0.4939573109149933
908,0.004634162411093712
909,0.35566315054893494
910,0.4916679859161377
911,0.0013545878464356065
912,0.3623233139514923
913,0.49523061513900757
914,0.0026742364279925823
915,0.37454113364219666
916,0.5217854380607605
917,0.005975375883281231
918,0.3473278284072876
919,0.6785427927970886
920,-0.02910773642361164
921,0.36633846163749695
922,0.5087372064590454
923,0.007861682213842869
924,0.4045468866825104
925,0.5189658403396606
926,0.03296644985675812
927,0.38417312502861023
928,0.5135957598686218
929,0.012831421568989754
930,0.3455071449279785
931,0.5634942054748535
932,-0.014906821772456169
933,0.31287655234336853
934,0.6093847155570984
935,-0.03261946141719818
936,0.31326696276664734
937,0.6237805485725403
938,-0.030552217736840248
939,0.3247317373752594
940,0.6132510304450989
941,-0.03169809654355049
942,0.33280014991760254
943,0.6191638112068176
944,-0.029126828536391258
945,0.3216860294342041
946,0.6244426369667053
947,-0.030074214562773705
948,0.3285066485404968
949,0.6263249516487122
950,-0.02719556726515293
951,0.3487711548805237
952,0.6394517421722412
953,-0.024540644139051437
954,0.3020724356174469
955,0.5638338923454285
956,-0.0405612476170063
957,0.3022974729537964
958,0.5537733435630798
959,-0.04112204909324646
960,0.3735903799533844
961,0.48290008306503296
962,0.005448382347822189
963,0.32886016368865967
964,0.5393702387809753
965,-0.006417909171432257
966,0.3269062638282776
967,0.5646713972091675
968,-0.027427487075328827
969,0.3282627463340759
970,0.5605008602142334
971,-0.02451372519135475
972,0.3712964653968811
973,0.5618757605552673
974,-0.011795220896601677
975,0.3028342127799988
976,0.5431022047996521
977,-0.034757815301418304
978,0.3507719337940216
979,0.4716311991214752
980,0.0008998533012345433
981,0.3633171021938324
982,0.4746464192867279
983,0.0027044937014579773
984,0.3833428621292114
985,0.4551946520805359
986,0.03584025427699089
987,0.31665319204330444
988,0.48646610975265503
989,0.002016902668401599
990,0.3322214186191559
991,0.49923470616340637
992,0.007974513806402683
993,0.3531671464443207
994,0.6276265382766724
995,-0.022522540763020515
996,0.41264796257019043
997,0.6271425485610962
998,0.028634710237383842
999,0.3215940296649933
1000,0.5714529752731323
1001,-0.02436654269695282
1002,0.31490015983581543
1003,0.576806366443634
1004,-0.024035610258579254
1005,0.3432501256465912
1006,0.6299049854278564
1007,-0.02198881283402443
1008,0.3395230770111084
1009,0.6298002004623413
1010,-0.022728871554136276
1011,0.36775389313697815
1012,0.4680967926979065
1013,0.007015971001237631
1014,0.3285990059375763
1015,0.5716238617897034
1016,-0.02448824793100357
1017,0.33555468916893005
1018,0.47449201345443726
1019,0.0005708113312721252
1020,0.33593547344207764
1021,0.4659965932369232
1022,0.0010748769855126739
1023,0.34347379207611084
1024,0.432941198348999
1025,0.02271777205169201
1026,0.37500590085983276
1027,0.46125680208206177
1028,0.01972001977264881
1029,0.338408499956131
1030,0.4488357901573181
1031,0.01203140802681446
1032,0.3792153000831604
1033,0.47916021943092346
1034,0.011741113848984241
1035,0.38751116394996643
1036,0.4777339994907379
1037,0.02710900269448757
1038,0.31307172775268555
1039,0.6171093583106995
1040,-0.03262292593717575
1041,0.3227784335613251
1042,0.6195052862167358
1043,-0.031339239329099655
1044,0.33041197061538696
1045,0.6227073073387146
1046,-0.028839193284511566
1047,0.3199889063835144
1048,0.5748253464698792
1049,-0.02243533730506897
1050,0.3411533236503601
1051,0.6300574541091919
1052,-0.022368766367435455
1053,0.33780381083488464
1054,0.6317096948623657
1055,-0.026388363912701607
1056,0.33894288539886475
1057,0.6291409730911255
1058,-0.02277689427137375
1059,0.3145691156387329
1060,0.564487099647522
1061,-0.03273050859570503
1062,0.32763299345970154
1063,0.6267764568328857
1064,-0.02587193250656128
1065,0.32098713517189026
1066,0.6264962553977966
1067,-0.02740222029387951
1068,0.3135424852371216
1069,0.6269955635070801
1070,-0.028111914172768593
1071,0.32317644357681274
1072,0.6624472141265869
1073,-0.029002010822296143
1074,0.31944024562835693
1075,0.6497262716293335
1076,-0.03365333005785942
1077,0.31759151816368103
1078,0.642534613609314
1079,-0.03339996561408043
1080,0.3162582814693451
1081,0.6359243392944336
1082,-0.03063223324716091
1083,0.31564265489578247
1084,0.6319227814674377
1085,-0.028593864291906357
1086,0.32982972264289856
1087,0.6300097107887268
1088,-0.02643571048974991
1089,0.3309613764286041
1090,0.6313657164573669
1091,-0.02814357727766037
1092,0.33321988582611084
1093,0.6343153119087219
1094,-0.030252786353230476
1095,0.33575209975242615
1096,0.6382735967636108
1097,-0.03008800745010376
1098,0.3395604193210602
1099,0.604659378528595
1100,-0.025919312611222267
1101,0.4176996648311615
1102,0.5714176297187805
1103,0.04975607246160507
1104,0.33426254987716675
1105,0.6300538778305054
1106,-0.024402543902397156
1107,0.33559584617614746
1108,0.6305598020553589
1109,-0.02564396895468235
1110,0.31241053342819214
1111,0.5825411081314087
1112,-0.025920800864696503
1113,0.32718852162361145
1114,0.5806357860565186
1115,-0.019905494526028633
1116,0.31357139348983765
1117,0.5797868371009827
1118,-0.024867121130228043
1119,0.3381158113479614
1120,0.5449396967887878
1121,-0.0076475804671645164
1122,0.35105445981025696
1123,0.5506078600883484
1124,-0.009852752089500427
1125,0.33068475127220154
1126,0.5667135119438171
1127,-0.021746201440691948
1128,0.3661874532699585
1129,0.4405178427696228
1130,0.027927396818995476
1131,0.3594575822353363
1132,0.4510720372200012
1133,0.014989315532147884
1134,0.35311779379844666
1135,0.46337616443634033
1136,0.0037915182765573263
1137,0.3423498868942261
1138,0.6475661993026733
1139,-0.027753625065088272
1140,0.3174145221710205
1141,0.4721315801143646
1142,0.0020030152518302202
1143,0.3187362849712372
1144,0.4523526430130005
1145,0.01241174153983593
1146,0.3214736878871918
1147,0.4326016902923584
1148,0.02232096530497074
1149,0.3634277284145355
1150,0.5192908048629761
1151,0.00266090570949018
1152,0.384166955947876
1153,0.5287157297134399
1154,0.006638687569648027
1155,0.32950231432914734
1156,0.5187205672264099
1157,0.008257313631474972
1158,0.3726072311401367
1159,0.4991261661052704
1160,0.006682678125798702
1161,0.32190564274787903
1162,0.5326128005981445
1163,-0.006446323823183775
1164,0.3196966052055359
1165,0.5584834814071655
1166,-0.032302308827638626
1167,0.3952193558216095
1168,0.5361646413803101
1169,0.009864367544651031
1170,0.37773337960243225
1171,0.536121129989624
1172,-0.0006059451261535287
1173,0.36612263321876526
1174,0.5403293967247009
1175,-0.005324860569089651
1176,0.350204199552536
1177,0.5401419997215271
1178,-0.0045118979178369045
1179,0.3390021026134491
1180,0.5369871854782104
1181,-0.0023737135343253613
1182,0.33003610372543335
1183,0.5328696370124817
1184,-0.0008827463607303798
1185,0.30766624212265015
1186,0.5187480449676514
1187,-0.007129361853003502
1188,0.3951352834701538
1189,0.5588716268539429
1190,0.0029186203610152006
1191,0.37956127524375916
1192,0.49724259972572327
1193,0.009282159619033337
1194,0.30134129524230957
1195,0.571209728717804
1196,-0.0378948375582695
1197,0.3276517689228058
1198,0.5481589436531067
1199,-0.011804940178990364
1200,0.41302165389060974
1201,0.5229293704032898
1202,0.05599627271294594
1203,0.32284918427467346
1204,0.5274372696876526
1205,0.0010014079743996263
1206,0.33295178413391113
1207,0.5692430734634399
1208,-0.01470562256872654
1209,0.37000712752342224
1210,0.5082942247390747
1211,0.008280309848487377
1212,0.32122713327407837
1213,0.5537177920341492
1214,-0.028462670743465424
1215,0.4172803461551666
1216,0.5980674028396606
1217,0.041142918169498444
1218,0.3296179473400116
1219,0.5151417255401611
1220,0.010815873742103577
1221,0.31177040934562683
1222,0.5470174551010132
1223,-0.03285819664597511
1224,0.3874073624610901
1225,0.651512086391449
1226,-0.007989440113306046
1227,0.39335960149765015
1228,0.6677982807159424
1229,0.0010405953507870436
1230,0.40951746702194214
1231,0.5643627643585205
1232,0.025566894561052322
1233,0.39775002002716064
1234,0.6350962519645691
1235,0.0009473689133301377
1236,0.3963293433189392
1237,0.4970776438713074
1238,0.03236231207847595
1239,0.3519846498966217
1240,0.6923124194145203
1241,-0.028414204716682434
1242,0.30267274379730225
1243,0.5757481455802917
1244,-0.029228055849671364
1245,0.33578363060951233
1246,0.5561551451683044
1247,-0.012360298074781895
1248,0.39268675446510315
1249,0.5159832239151001
1250,0.01796421781182289
1251,0.3549432158470154
1252,0.5153080821037292
1253,0.002948905574157834
1254,0.3479863703250885
1255,0.5168071985244751
1256,0.0027482241857796907
1257,0.34052008390426636
1258,0.6336278319358826
1259,-0.025983713567256927
1260,0.39582008123397827
1261,0.5814380645751953
1262,0.0006326801958493888
1263,0.3386882543563843
1264,0.7134218215942383
1265,-0.026527203619480133
1266,0.36759573221206665
1267,0.6948150396347046
1268,-0.015750626102089882
1269,0.37990736961364746
1270,0.6835751533508301
1271,-0.008573799394071102
1272,0.3415071666240692
1273,0.5171233415603638
1274,0.004444558639079332
1275,0.3356703221797943
1276,0.5164361000061035
1277,0.007189037278294563
1278,0.3317776620388031
1279,0.5159482359886169
1280,0.00999346561729908
1281,0.38662126660346985
1282,0.49601253867149353
1283,0.01572456955909729
1284,0.33516451716423035
1285,0.5091916918754578
1286,0.007379060611128807
1287,0.3413122594356537
1288,0.5063698291778564
1289,0.004975781310349703
1290,0.34740373492240906
1291,0.5048221349716187
1292,0.00355916703119874
1293,0.35443708300590515
1294,0.5048606395721436
1295,0.0032379324547946453
1296,0.35965150594711304
1297,0.506248950958252
1298,0.0042450642213225365
1299,0.40614721179008484
1300,0.49633553624153137
1301,0.051468830555677414
1302,0.35978055000305176
1303,0.513428807258606
1304,0.004220128990709782
1305,0.33165523409843445
1306,0.5972207188606262
1307,-0.026192186400294304
1308,0.3208681643009186
1309,0.5682538151741028
1310,-0.025857696309685707
1311,0.31391236186027527
1312,0.5930969715118408
1313,-0.0282276663929224
1314,0.37663739919662476
1315,0.6674125790596008
1316,-0.01483225915580988
1317,0.36528632044792175
1318,0.6800978183746338
1319,-0.02151583321392536
1320,0.33554965257644653
1321,0.7018346190452576
1322,-0.03308098018169403
1323,0.40401941537857056
1324,0.6506387591362
1325,0.014459336176514626
1326,0.33113640546798706
1327,0.512717604637146
1328,0.009488931857049465
1329,0.3132854998111725
1330,0.532853901386261
1331,-0.014881312847137451
1332,0.35392507910728455
1333,0.7049466371536255
1334,-0.023096555843949318
1335,0.40945011377334595
1336,0.5893815755844116
1337,0.01968524046242237
1338,0.3231201171875
1339,0.6304131150245667
1340,-0.027961796149611473
1341,0.3244103491306305
1342,0.6332045197486877
1343,-0.030061598867177963
1344,0.3263067305088043
1345,0.6380590200424194
1346,-0.03244142234325409
1347,0.3284218907356262
1348,0.6445789933204651
1349,-0.03270002827048302
1350,0.3339674472808838
1351,0.655609130859375
1352,-0.029951805248856544
1353,0.33488786220550537
1354,0.628118634223938
1355,-0.024845384061336517
1356,0.3370380401611328
1357,0.6265636682510376
1358,-0.025584116578102112
1359,0.33940252661705017
1360,0.6243584156036377
1361,-0.025725340470671654
1362,0.34706443548202515
1363,0.61518394947052
1364,-0.02430456504225731
1365,0.3811185359954834
1366,0.5863009691238403
1367,-0.011161758564412594
1368,0.31466394662857056
1369,0.5248896479606628
1370,-0.00612709391862154
1371,0.32096633315086365
1372,0.507339596748352
1373,0.009852311573922634
1374,0.3266180753707886
1375,0.508552610874176
1376,0.010328216478228569
1377,0.33340978622436523
1378,0.6273508667945862
1379,-0.024016793817281723
1380,0.387550950050354
1381,0.6159479022026062
1382,-0.0072165378369390965
1383,0.31191667914390564
1384,0.5064175724983215
1385,0.002742942189797759
1386,0.34119513630867004
1387,0.6665501594543457
1388,-0.02888280712068081
1389,0.3058771789073944
1390,0.5272745490074158
1391,-0.01639563962817192
1392,0.3201748728752136
1393,0.5476861596107483
1394,-0.019484883174300194
1395,0.3273545205593109
1396,0.6743860840797424
1397,-0.030847186222672462
1398,0.3591563105583191
1399,0.6434791684150696
1400,-0.022715086117386818
1401,0.3404541611671448
1402,0.5783102512359619
1403,-0.016514837741851807
1404,0.35183054208755493
1405,0.656524121761322
1406,-0.026029236614704132
1407,0.3587998151779175
1408,0.5755552053451538
1409,-0.017620667815208435
1410,0.3481009900569916
1411,0.5892863869667053
1412,-0.019902393221855164
1413,0.3682994842529297
1414,0.5945169925689697
1415,-0.017638197168707848
1416,0.33175525069236755
1417,0.6881203055381775
1418,-0.03391355648636818
1419,0.32707691192626953
1420,0.554624080657959
1421,-0.017156731337308884
1422,0.36965468525886536
1423,0.6526886820793152
1424,-0.01938728615641594
1425,0.35926538705825806
1426,0.666627824306488
1427,-0.023801077157258987
1428,0.3633817434310913
1429,0.6278868913650513
1430,-0.02095959521830082
1431,0.3960210382938385
1432,0.6016857624053955
1433,-0.0003257052740082145
1434,0.3765859603881836
1435,0.6294268369674683
1436,-0.01618250273168087
1437,0.4065808057785034
1438,0.6131013631820679
1439,0.012194789946079254
1440,0.3558139204978943
1441,0.6054123640060425
1442,-0.021165898069739342
1443,0.3204851448535919
1444,0.5403046607971191
1445,-0.013178379274904728
1446,0.31680363416671753
1447,0.5623221397399902
1448,-0.03397339582443237
1449,0.3242499828338623
1450,0.5675577521324158
1451,-0.02806382067501545
1452,0.3110876679420471
1453,0.5550049543380737
1454,-0.03729917109012604
1455,0.32577985525131226
1456,0.49572664499282837
1457,0.007560425437986851
1458,0.3373735249042511
1459,0.4865341782569885
1460,0.0042292410507798195
1461,0.3482854962348938
1462,0.48324334621429443
1463,0.0016372433165088296
1464,0.35846588015556335
1465,0.484189510345459
1466,0.001253996742889285
1467,0.3668714165687561
1468,0.48935532569885254
1469,0.0033324018586426973
1470,0.3760969042778015
1471,0.5109207034111023
1472,0.0096438555046916
1473,0.4081200361251831
1474,0.5410614013671875
1475,0.028977060690522194
1476,0.36988523602485657
1477,0.5263285636901855
1478,0.002471436280757189
1479,0.3608683943748474
1480,0.5298400521278381
1481,-0.000295297330012545
1482,0.34997060894966125
1483,0.5308808088302612
1484,-0.0008934703655540943
1485,0.3398781716823578
1486,0.5295833945274353
1487,0.0007411983679048717
1488,0.33183255791664124
1489,0.5269814729690552
1490,0.0037886472418904305
1491,0.3259502649307251
1492,0.5239212512969971
1493,0.005261955317109823
1494,0.4159073233604431
1495,0.5473674535751343
1496,0.055250249803066254
1497,0.32511627674102783
1498,0.5723564624786377
1499,-0.024874797090888023
1500,0.31188076734542847
1501,0.5398975610733032
1502,-0.022934993728995323
1503,0.30889594554901123
1504,0.5620834827423096
1505,-0.038218867033720016
1506,0.3062009811401367
1507,0.5697767734527588
1508,-0.035385459661483765
1509,0.31024324893951416
1510,0.5647711157798767
1511,-0.0351511649787426
1512,0.3237108886241913
1513,0.5776284337043762
1514,-0.022540368139743805
1515,0.3041606843471527
1516,0.5704198479652405
1517,-0.037130191922187805
1518,0.30537039041519165
1519,0.5748815536499023
1520,-0.02944357320666313
1521,0.32611212134361267
1522,0.5154586434364319
1523,0.010675863362848759
1524,0.320874959230423
1525,0.51840740442276
1526,0.007385410834103823
1527,0.3170633018016815
1528,0.5195032358169556
1529,0.00251955003477633
1530,0.36317893862724304
1531,0.5074942708015442
1532,0.0057101063430309296
1533,0.3679431676864624
1534,0.5003587007522583
1535,0.0053742388263344765
1536,0.0
1537,0.0
1538,0.0
1539,0.0
1540,0.0
1541,0.0
1542,0.0
1543,0.0
1544,0.0
1545,0.0
1546,0.0
1547,0.0
1548,0.0
1549,0.0
1550,0.0
1551,0.0
1552,0.0
1553,0.0
1554,0.0
1555,0.0
1556,0.0
1557,0.0
1558,0.0
1559,0.0
1560,0.0
1561,0.0
1562,0.0
1563,0.0
1564,0.0
1565,0.0
1566,0.0
1567,0.0
1568,0.0
1569,0.0
1570,0.0
1571,0.0
1572,0.0
1573,0.0
1574,0.0
1575,0.0
1576,0.0
1577,0.0
1578,0.0
1579,0.0
1580,0.0
1581,0.0
1582,0.0
1583,0.0
1584,0.0
1585,0.0
1586,0.0
1587,0.0
1588,0.0
1589,0.0
1590,0.0
1591,0.0
1592,0.0
1593,0.0
1594,0.0
1595,0.0
1596,0.0
1597,0.0
1598,0.0
1599,0.0
1600,0.0
1601,0.0
1602,0.0
1603,0.0
1604,0.0
1605,0.0
1606,0.0
1607,0.0
1608,0.0
1609,0.0
1610,0.0
1611,0.0
1612,0.0
1613,0.0
1614,0.0
1615,0.0
1616,0.0
1617,0.0
1618,0.0
1619,0.0
1620,0.0
1621,0.0
1622,0.0
1623,0.0
1624,0.0
1625,0.0
1626,0.0
1627,0.0
1628,0.0
1629,0.0
1630,0.0
1631,0.0
1632,0.0
1633,0.0
1634,0.0
1635,0.0
1636,0.0
1637,0.0
1638,0.0
1639,0.0
1640,0.0
1641,0.0
1642,0.0
1643,0.0
1644,0.0
1645,0.0
1646,0.0
1647,0.0
1648,0.0
1649,0.0
1650,0.0
1651,0.0
1652,0.0
1653,0.0
1654,0.0
1655,0.0
1656,0.0
1657,0.0
1658,0.0
1659,0.0
1660,0.0
1661,0.0
