,0
0,0.428347647190094
1,0.32824960350990295
2,-0.8860155940055847
3,0.9999817609786987
4,0.45616626739501953
5,0.27566879987716675
6,-0.8203122019767761
7,0.9999692440032959
8,0.4753466546535492
9,0.27666741609573364
10,-0.8202699422836304
11,0.9999598264694214
12,0.4899100661277771
13,0.2784048616886139
14,-0.8204488754272461
15,0.9999665021896362
16,0.3998708724975586
17,0.2787415683269501
18,-0.8058378100395203
19,0.9999668002128601
20,0.38209155201911926
21,0.2807689309120178
22,-0.8051521182060242
23,0.999961793422699
24,0.365852952003479
25,0.28257662057876587
26,-0.8051999807357788
27,0.9999692440032959
28,0.5132131576538086
29,0.31577441096305847
30,-0.4195683002471924
31,0.9999614953994751
32,0.3532871603965759
33,0.31647032499313354
34,-0.3277084231376648
35,0.9999659657478333
36,0.4708053469657898
37,0.39882946014404297
38,-0.7452870607376099
39,0.9999834895133972
40,0.3969593048095703
41,0.40077081322669983
42,-0.7217008471488953
43,0.9999803304672241
44,0.6681760549545288
45,0.6794866919517517
46,-0.2508474886417389
47,0.9997093081474304
48,0.23756423592567444
49,0.6780917644500732
50,-0.20405462384223938
51,0.9994239807128906
52,0.7657997608184814
53,1.0485161542892456
54,-0.3180999457836151
55,0.48300477862358093
56,0.061565350741147995
57,1.018430233001709
58,-0.8135345578193665
59,0.6632983088493347
60,0.7816015481948853
61,1.49954354763031
62,-0.46961814165115356
63,0.21246463060379028
64,0.12363610416650772
65,0.5901286005973816
66,-1.7513004541397095
67,0.536026656627655
68,0.809576153755188
69,1.6056113243103027
70,-0.5597943663597107
71,0.23144569993019104
72,0.12623414397239685
73,0.4113088846206665
74,-1.9629642963409424
75,0.5161960124969482
76,0.7517300844192505
77,1.5907552242279053
78,-0.5989797711372375
79,0.3233592212200165
80,0.15962421894073486
81,0.40627479553222656
82,-1.895813226699829
83,0.5550382733345032
84,0.728797972202301
85,1.5629695653915405
86,-0.5038596391677856
87,0.3132944107055664
88,0.1793798804283142
89,0.47578516602516174
90,-1.7612413167953491
91,0.546622097492218
92,0.6039363145828247
93,1.5066715478897095
94,-0.0852929875254631
95,0.0015085417544469237
96,0.3065539002418518
97,1.5109058618545532
98,0.09053416550159454
99,0.0013746178010478616
100,0.5915350914001465
101,2.1929121017456055
102,-0.2689995765686035
103,0.0006808370817452669
104,0.3154301345348358
105,2.195911169052124
106,0.06261198967695236
107,0.0002809569414239377
108,0.5895090699195862
109,2.8115789890289307
110,0.2629778981208801
111,7.682872819714248e-05
112,0.32642650604248047
113,2.7923216819763184
114,0.3933694064617157
115,7.633436325704679e-06
116,0.6009260416030884
117,2.897991418838501
118,0.27376872301101685
119,4.567021460388787e-05
120,0.3231573700904846
121,2.869904041290283
122,0.41356271505355835
123,1.9523406081134453e-05
124,0.540175199508667
125,2.9848737716674805
126,-0.39114728569984436
127,4.676750904764049e-05
128,0.3560640215873718
129,2.9947357177734375
130,-0.2784237265586853
131,3.2318144803866744e-05
132,0.4300844967365265
133,0.39423319697380066
134,-0.026126598939299583
135,0.4268326461315155
136,0.35242047905921936
137,-0.04692748188972473
138,0.4282909333705902
139,0.36556315422058105
140,-0.025660594925284386
141,0.4189813435077667
142,0.31421640515327454
143,-0.03453890606760979
144,0.4263216257095337
145,0.3398236930370331
146,-0.0495295412838459
147,0.4260660707950592
148,0.3241608738899231
149,-0.04580932855606079
150,0.4258871078491211
151,0.28824901580810547
152,-0.02259111776947975
153,0.368363618850708
154,0.29129254817962646
155,0.01313849538564682
156,0.4255141019821167
157,0.2637409567832947
158,-0.01693900302052498
159,0.42513424158096313
160,0.24870428442955017
161,-0.0184297114610672
162,0.42378175258636475
163,0.1897306591272354
164,-0.007591564673930407
165,0.4304763078689575
166,0.4004792869091034
167,-0.02530904859304428
168,0.430859237909317
169,0.4055595397949219
170,-0.022745585069060326
171,0.4311518371105194
172,0.4077979326248169
173,-0.019107801839709282
174,0.43203362822532654
175,0.4319605827331543
176,-0.012469037435948849
177,0.43221184611320496
178,0.43839532136917114
179,-0.01377347856760025
180,0.4325008988380432
181,0.4460051655769348
182,-0.01506818737834692
183,0.4328642785549164
184,0.453773558139801
185,-0.012485367245972157
186,0.4333435595035553
187,0.4628761410713196
188,-0.003273490583524108
189,0.4273558259010315
190,0.35898280143737793
191,-0.042793381959199905
192,0.4195252060890198
193,0.358997106552124
194,-0.031027939170598984
195,0.342587947845459
196,0.25374215841293335
197,0.053960323333740234
198,0.3920826315879822
199,0.29945826530456543
200,0.003943025600165129
201,0.3841583728790283
202,0.30120205879211426
203,0.004578257445245981
204,0.3763817250728607
205,0.3014717102050781
206,0.006964178290218115
207,0.3655647933483124
208,0.2959479093551636
209,0.014262392185628414
210,0.3985722064971924
211,0.2957371473312378
212,0.0043547083623707294
213,0.3797115385532379
214,0.27153825759887695
215,0.001232196926139295
216,0.3886165916919708
217,0.27174249291419983
218,0.0010774375405162573
219,0.37160077691078186
220,0.27367323637008667
221,0.004027705639600754
222,0.36637330055236816
223,0.27793338894844055
224,0.007621996104717255
225,0.36013063788414
226,0.3049107789993286
227,0.018289200961589813
228,0.4024118185043335
229,0.4741528332233429
230,0.006609702482819557
231,0.36534878611564636
232,0.28878054022789
233,0.0159145500510931
234,0.3398711085319519
235,0.3039652109146118
236,0.0563235729932785
237,0.3516498804092407
238,0.2987968325614929
239,0.027022596448659897
240,0.38673675060272217
241,0.34798482060432434
242,-0.00490594794973731
243,0.4187454283237457
244,0.3931654691696167
245,-0.02444860152900219
246,0.42151737213134766
247,0.40644827485084534
248,-0.02098040096461773
249,0.40816718339920044
250,0.3985903263092041
251,-0.018950186669826508
252,0.4025968313217163
253,0.40546900033950806
254,-0.01135004311800003
255,0.41401922702789307
256,0.4085029065608978
257,-0.016752634197473526
258,0.4088727533817291
259,0.4114578068256378
260,-0.009832550771534443
261,0.3942704498767853
262,0.4314514100551605
263,0.0049935756251215935
264,0.4197336435317993
265,0.35259875655174255
266,-0.04604559764266014
267,0.41819560527801514
268,0.34066206216812134
269,-0.04841669276356697
270,0.35446223616600037
271,0.26837101578712463
272,0.010013294406235218
273,0.40201273560523987
274,0.31696125864982605
275,-0.006553315557539463
276,0.39986416697502136
277,0.35116833448410034
278,-0.02459351159632206
279,0.3992118835449219
280,0.3452130854129791
281,-0.021751737222075462
282,0.36401984095573425
283,0.34959179162979126
284,0.006106230895966291
285,0.4184395968914032
286,0.3260861933231354
287,-0.04295259714126587
288,0.3726310431957245
289,0.25503212213516235
290,-0.0054285600781440735
291,0.3614988327026367
292,0.25942209362983704
293,0.0013599212979897857
294,0.3484649658203125
295,0.23161351680755615
296,0.0376204252243042
297,0.40858668088912964
298,0.2629387676715851
299,-0.013756443746387959
300,0.39647164940834045
301,0.27471792697906494
302,0.0034054149873554707
303,0.38832274079322815
304,0.4170079827308655
305,0.00604182668030262
306,0.3538438677787781
307,0.41544046998023987
308,0.07635430246591568
309,0.4065309166908264
310,0.3573521077632904
311,-0.021340414881706238
312,0.41397231817245483
313,0.36107683181762695
314,-0.022942278534173965
315,0.3966125249862671
316,0.4190537631511688
317,0.004873655736446381
318,0.40122824907302856
319,0.41847890615463257
320,0.0024361975956708193
321,0.35722410678863525
322,0.2523542046546936
323,0.0059682829305529594
324,0.4000970125198364
325,0.35676655173301697
326,-0.019939396530389786
327,0.388163298368454
328,0.25563478469848633
329,-0.010652920231223106
330,0.38638609647750854
331,0.24605897068977356
332,-0.012273671105504036
333,0.37776628136634827
334,0.1999160349369049
335,0.004623018205165863
336,0.35309237241744995
337,0.24134701490402222
338,0.019764920696616173
339,0.38280293345451355
340,0.22141480445861816
341,-0.0042396304197609425
342,0.35030168294906616
343,0.264163613319397
344,0.01765737682580948
345,0.34651869535446167
346,0.2593446373939514
347,0.034994080662727356
348,0.41998913884162903
349,0.40076595544815063
350,-0.023648859933018684
351,0.4113129675388336
352,0.4044811725616455
353,-0.018215032294392586
354,0.4056386947631836
355,0.40859514474868774
356,-0.01126454770565033
357,0.4088866710662842
358,0.3595501780509949
359,-0.02001507766544819
360,0.39886075258255005
361,0.41908779740333557
362,0.0034467149525880814
363,0.40201863646507263
364,0.425829142332077
365,-0.00047172303311526775
366,0.40257424116134644
367,0.41749608516693115
368,0.0021783222910016775
369,0.4105936586856842
370,0.3528618812561035
371,-0.03333660960197449
372,0.4109850823879242
373,0.4107016921043396
374,-0.008678855374455452
375,0.4161887466907501
376,0.409128338098526
377,-0.013676582835614681
378,0.42298266291618347
379,0.40831679105758667
380,-0.017537128180265427
381,0.42073091864585876
382,0.461844801902771
383,-0.0026651336811482906
384,0.4206244647502899
385,0.45235228538513184
386,-0.011512928642332554
387,0.42117807269096375
388,0.4447099268436432
389,-0.01339167170226574
390,0.42201465368270874
391,0.4367988705635071
392,-0.012088727205991745
393,0.4229962229728699
394,0.4314916729927063
395,-0.010884545743465424
396,0.41032546758651733
397,0.42661231756210327
398,-0.00376952369697392
399,0.4085425138473511
400,0.4286932945251465
401,-0.004890218377113342
402,0.40598219633102417
403,0.43237024545669556
404,-0.0056246500462293625
405,0.4039050340652466
406,0.43632516264915466
407,-0.003982491325587034
408,0.3951928913593292
409,0.3918552100658417
410,-0.008659576065838337
411,0.34350258111953735
412,0.35724911093711853
413,0.08966584503650665
414,0.4277750253677368
415,0.36167457699775696
416,-0.03168444335460663
417,0.4069136381149292
418,0.42361581325531006
419,0.00011546712630661204
420,0.40447697043418884
421,0.42444106936454773
422,-0.0005393069586716592
423,0.4170994460582733
424,0.3664315342903137
425,-0.02311466448009014
426,0.4036288261413574
427,0.36426419019699097
428,-0.013873214833438396
429,0.4155857264995575
430,0.36385297775268555
431,-0.023341253399848938
432,0.39378461241722107
433,0.3245002031326294
434,-0.0034545641392469406
435,0.381301611661911
436,0.3335667848587036
437,-0.0008690893300808966
438,0.39825505018234253
439,0.3509543240070343
440,-0.016940133646130562
441,0.35939687490463257
442,0.21327978372573853
443,0.020073607563972473
444,0.3644649088382721
445,0.22814038395881653
446,0.007072543725371361
447,0.36970409750938416
448,0.24585962295532227
449,-0.0034485238138586283
450,0.4006373882293701
451,0.4425824284553528
452,0.0019672743510454893
453,0.4054892063140869
454,0.24789920449256897
455,-0.016871638596057892
456,0.40214452147483826
457,0.2188500463962555
458,-0.011004435829818249
459,0.39851832389831543
460,0.19277355074882507
461,-0.00464984867721796
462,0.3695943057537079
463,0.29992198944091797
464,0.010755401104688644
465,0.3524281978607178
466,0.314352422952652
467,0.02312302403151989
468,0.40266960859298706
469,0.2921563386917114
470,0.005417241714894772
471,0.3584615886211395
472,0.28281792998313904
473,0.015109460800886154
474,0.4076826274394989
475,0.3087979257106781
476,-0.00976285245269537
477,0.40480294823646545
478,0.3460925817489624
479,-0.03297033533453941
480,0.3450332283973694
481,0.32373958826065063
482,0.03235524520277977
483,0.3576553761959076
484,0.32139426469802856
485,0.015370952896773815
486,0.36768069863319397
487,0.32436972856521606
488,0.007469434291124344
489,0.38263195753097534
490,0.32100802659988403
491,0.0030030065681785345
492,0.39360514283180237
493,0.31508514285087585
494,0.0009642820223234594
495,0.40188339352607727
496,0.3087174892425537
497,-0.001617641537450254
498,0.4180894196033478
499,0.2920810878276825
500,-0.01905328780412674
501,0.34672367572784424
502,0.34802061319351196
503,0.029569663107395172
504,0.3526499569416046
505,0.28244146704673767
506,0.019206050783395767
507,0.42299291491508484
508,0.35889846086502075
509,-0.04215078428387642
510,0.40236377716064453
511,0.3279331922531128
512,-0.010414713993668556
513,0.3398527503013611
514,0.30505210161209106
515,0.08427578955888748
516,0.4079350531101227
517,0.3017984926700592
518,-0.0031190612353384495
519,0.397905558347702
520,0.3521657884120941
521,-0.008097272366285324
522,0.3626217544078827
523,0.2897556722164154
524,0.01750294677913189
525,0.4042903482913971
526,0.3387513756752014
527,-0.029510756954550743
528,0.34673842787742615
529,0.3853473961353302
530,0.0851990133523941
531,0.4024636447429657
532,0.2879325747489929
533,0.007848985493183136
534,0.4112287759780884
535,0.3312300741672516
536,-0.03777026757597923
537,0.36961498856544495
538,0.4431855380535126
539,0.03497050330042839
540,0.3710862994194031
541,0.4577769637107849
542,0.04821388050913811
543,0.3408186435699463
544,0.3535061776638031
545,0.05953416973352432
546,0.36020809412002563
547,0.42661741375923157
548,0.044076234102249146
549,0.34309691190719604
550,0.27992624044418335
551,0.04805201664566994
552,0.40120625495910645
553,0.48726916313171387
554,0.010872136801481247
555,0.42431238293647766
556,0.36147540807724
557,-0.031093640252947807
558,0.3955281674861908
559,0.33742278814315796
560,-0.007102359086275101
561,0.34576594829559326
562,0.30207720398902893
563,0.03564746305346489
564,0.37659916281700134
565,0.2941841185092926
566,0.007959747686982155
567,0.3837448060512543
568,0.29449713230133057
569,0.0056986422277987
570,0.3996233642101288
571,0.4274381399154663
572,0.0008368124254047871
573,0.3495246469974518
574,0.3722410202026367
575,0.03205067291855812
576,0.41669148206710815
577,0.5063204765319824
578,0.012338591739535332
579,0.3916870951652527
580,0.486924946308136
581,0.0281758364289999
582,0.3819041848182678
583,0.4745347201824188
584,0.03701751306653023
585,0.4243912696838379
586,0.2176225632429123
587,-0.013420891016721725
588,0.4351924657821655
589,0.5086972713470459
590,0.009618894197046757
591,0.3904991149902344
592,0.2931627035140991
593,0.005151501391083002
594,0.3966748118400574
595,0.29077643156051636
596,0.006105210166424513
597,0.40056973695755005
598,0.28922098875045776
599,0.0077323997393250465
600,0.34780585765838623
601,0.2812480926513672
602,0.02786065824329853
603,0.3955353796482086
604,0.28202715516090393
605,0.0051262471824884415
606,0.3885803818702698
607,0.28019315004348755
608,0.003689199686050415
609,0.381626695394516
610,0.28004133701324463
611,0.004296273924410343
612,0.3745977580547333
613,0.2820482552051544
614,0.006509536877274513
615,0.37013354897499084
616,0.28493785858154297
617,0.009409559890627861
618,0.3399643003940582
619,0.2766503691673279
620,0.07102082669734955
621,0.3717658519744873
622,0.29288679361343384
623,0.010711584240198135
624,0.4289853870868683
625,0.3748858869075775
626,-0.02354862168431282
627,0.40106481313705444
628,0.38292282819747925
629,-0.014040465466678143
630,0.4061180055141449
631,0.35531267523765564
632,-0.024698860943317413
633,0.41679906845092773
634,0.37705400586128235
635,-0.022232254967093468
636,0.42582565546035767
637,0.2758113145828247
638,-0.01634531281888485
639,0.3796013295650482
640,0.4598943591117859
641,0.027642449364066124
642,0.3898886442184448
643,0.47331249713897705
644,0.019833795726299286
645,0.41610726714134216
646,0.4970672130584717
647,0.003000061260536313
648,0.3624724745750427
649,0.4397841691970825
650,0.062430307269096375
651,0.40023937821388245
652,0.2853661775588989
653,0.006709638517349958
654,0.41283512115478516
655,0.3105701208114624
656,-0.021602248772978783
657,0.43474283814430237
658,0.49966397881507874
659,0.0007728117634542286
660,0.4028371274471283
661,0.49823588132858276
662,0.018749402835965157
663,0.34459444880485535
664,0.3798710107803345
665,0.05804574862122536
666,0.4158605635166168
667,0.4294058084487915
668,-0.007611287757754326
669,0.41416195034980774
670,0.43329504132270813
671,-0.008711283095180988
672,0.41221511363983154
673,0.43923377990722656
674,-0.00943719781935215
675,0.41083022952079773
676,0.4459701180458069
677,-0.007783816661685705
678,0.4089045822620392
679,0.4537060260772705
680,-0.0011870485031977296
681,0.4044297933578491
682,0.41435956954956055
683,-0.003482682863250375
684,0.4013163149356842
685,0.4133596420288086
686,-0.003293695393949747
687,0.39857879281044006
688,0.4114740192890167
689,-0.003269800217822194
690,0.3907284140586853
691,0.40331485867500305
692,-0.001301579992286861
693,0.36006900668144226
694,0.37691155076026917
695,0.015256949700415134
696,0.4130402207374573
697,0.29964980483055115
698,-0.01377713494002819
699,0.40870144963264465
700,0.2799466550350189
701,0.001332055777311325
702,0.4036898910999298
703,0.2816523611545563
704,0.004844417329877615
705,0.406707763671875
706,0.4124831557273865
707,-0.0027158677112311125
708,0.3616698086261749
709,0.40768787264823914
710,0.0284988172352314
711,0.41545984148979187
712,0.27878838777542114
713,-0.010011528618633747
714,0.40558281540870667
715,0.4624219238758087
716,0.0034701088443398476
717,0.4260164201259613
718,0.31169724464416504
719,-0.03760121017694473
720,0.4184023141860962
721,0.3036218583583832
722,-0.027495436370372772
723,0.4259607791900635
724,0.3002718687057495
725,-0.02969326823949814
726,0.40695568919181824
727,0.32914966344833374
728,-0.02171802707016468
729,0.4342562258243561
730,0.486901193857193
731,-0.0030233641155064106
732,0.4337484836578369
733,0.4732857644557953
734,-0.0027444742154330015
735,0.4189821183681488
736,0.47154247760772705
737,-0.0007894019363448024
738,0.3872304856777191
739,0.43515124917030334
740,0.010234607383608818
741,0.39255625009536743
742,0.36297938227653503
743,-0.005535337142646313
744,0.3953506350517273
745,0.4501679241657257
746,0.0073695615865290165
747,0.3758006989955902
748,0.3640417158603668
749,-0.0007987553835846484
750,0.3869732618331909
751,0.37668082118034363
752,-0.003226515371352434
753,0.37116408348083496
754,0.384806364774704
755,0.006648722570389509
756,0.41692811250686646
757,0.4844966530799866
758,-0.0005646298523060977
759,0.4020773768424988
760,0.33645445108413696
761,-0.01560110505670309
762,0.3810826241970062
763,0.44529733061790466
764,0.018194912001490593
765,0.3915640115737915
766,0.4602513909339905
767,0.013573158532381058
768,0.38091662526130676
769,0.41831284761428833
770,0.010207396000623703
771,0.3533347547054291
772,0.39319804310798645
773,0.035216350108385086
774,0.3714942932128906
775,0.4211746156215668
776,0.01849697157740593
777,0.35081350803375244
778,0.4043004512786865
779,0.05438949912786484
780,0.3826732635498047
781,0.39396023750305176
782,0.0015286188572645187
783,0.40773019194602966
784,0.3191293478012085
785,-0.015553944744169712
786,0.4077323079109192
787,0.35106557607650757
788,-0.03494540601968765
789,0.4025658071041107
790,0.3546620309352875
791,-0.025736212730407715
792,0.411052405834198
793,0.3428157567977905
794,-0.04115874320268631
795,0.40223050117492676
796,0.2713718116283417
797,-0.0008756445604376495
798,0.38869935274124146
799,0.266028493642807
800,-0.0022667807061225176
801,0.37689560651779175
802,0.26527777314186096
803,-0.0015846306923776865
804,0.36728084087371826
805,0.2677532732486725
806,0.0022178159561008215
807,0.3610711693763733
808,0.2733834981918335
809,0.007748887874186039
810,0.35803332924842834
811,0.29420483112335205
812,0.02093784138560295
813,0.33919858932495117
814,0.3284517824649811
815,0.0584460124373436
816,0.3643609583377838
817,0.3091130256652832
818,0.014011525548994541
819,0.3726063370704651
820,0.31160640716552734
821,0.008621917106211185
822,0.38311684131622314
823,0.310478538274765
824,0.004869251977652311
825,0.3930794298648834
826,0.3067825734615326
827,0.0033780732192099094
828,0.4007848799228668
829,0.30198174715042114
830,0.0024522943422198296
831,0.4060387909412384
832,0.2975362241268158
833,0.0019133671885356307
834,0.34176886081695557
835,0.3312186598777771
836,0.08988149464130402
837,0.4032086730003357
838,0.358093798160553
839,-0.021570932120084763
840,0.41264858841896057
841,0.3205522298812866
842,-0.028488194569945335
843,0.41370606422424316
844,0.3512146770954132
845,-0.041741468012332916
846,0.4188772439956665
847,0.3572239875793457
848,-0.038669027388095856
849,0.4139389991760254
850,0.3533169627189636
851,-0.03764548525214195
852,0.40595799684524536
853,0.3618147373199463
854,-0.018748270347714424
855,0.4203352630138397
856,0.3582313656806946
857,-0.04098851978778839
858,0.42148876190185547
859,0.3608325123786926
860,-0.031029323115944862
861,0.4053915739059448
862,0.2882968485355377
863,0.006221817806363106
864,0.4100528955459595
865,0.2908737361431122
866,0.0006603074725717306
867,0.4124353528022766
868,0.292428582906723
869,-0.005676437169313431
870,0.3674444854259491
871,0.28703346848487854
872,0.01229927223175764
873,0.36265134811401367
874,0.28289884328842163
875,0.01269522961229086
876,0.4334445595741272
877,0.3132704496383667
878,-0.03495347127318382
879,0.48707860708236694
880,0.28501302003860474
881,0.009888283908367157
882,0.43602752685546875
883,0.3578171730041504
884,-0.03139520063996315
885,0.5138437747955322
886,0.24264666438102722
887,0.04914481192827225
888,0.4630865752696991
889,0.29564133286476135
890,0.0016664108261466026
891,0.47136399149894714
892,0.2963947653770447
893,0.001894689747132361
894,0.4794013500213623
895,0.29557809233665466
896,0.003889813320711255
897,0.49031245708465576
898,0.2890479564666748
899,0.010831826366484165
900,0.45614200830459595
901,0.29275083541870117
902,0.0026038794312626123
903,0.47360098361968994
904,0.2665325999259949
905,-0.0014438722282648087
906,0.4646669626235962
907,0.2677119970321655
908,-0.0010458404431119561
909,0.4820501208305359
910,0.26767489314079285
911,0.001066027325578034
912,0.48780375719070435
913,0.2713151276111603
914,0.004365568980574608
915,0.496487557888031
916,0.2966301441192627
917,0.014487221837043762
918,0.4662548899650574
919,0.47044622898101807
920,0.004928424023091793
921,0.49002352356910706
922,0.2822495102882385
923,0.012533576227724552
924,0.5195289254188538
925,0.29252299666404724
926,0.05138363689184189
927,0.5051618814468384
928,0.289295494556427
929,0.022890638560056686
930,0.4708915948867798
931,0.34215280413627625
932,-0.0073722051456570625
933,0.44170239567756653
934,0.3912299573421478
935,-0.02513531595468521
936,0.4406900405883789
937,0.4047420620918274
938,-0.02172890678048134
939,0.45369648933410645
940,0.3947167992591858
941,-0.020266031846404076
942,0.4608253538608551
943,0.4002212882041931
944,-0.013198778964579105
945,0.4489938020706177
946,0.40534383058547974
947,-0.01817971281707287
948,0.4550771117210388
949,0.40705570578575134
950,-0.01158654224127531
951,0.47215473651885986
952,0.4250839352607727
953,0.002646600129082799
954,0.4341563284397125
955,0.35156548023223877
956,-0.046355247497558594
957,0.4347958266735077
958,0.33955439925193787
959,-0.04868055880069733
960,0.4994916319847107
961,0.2600235641002655
962,0.006264929194003344
963,0.45304277539253235
964,0.3136724829673767
965,-0.008084806613624096
966,0.45573559403419495
967,0.3471457362174988
968,-0.02585594169795513
969,0.45624080300331116
970,0.3410828411579132
971,-0.023108460009098053
972,0.49482131004333496
973,0.34060248732566833
974,0.002161705633625388
975,0.4340473413467407
976,0.325067937374115
977,-0.043365344405174255
978,0.47926896810531616
979,0.24927285313606262
980,-0.008225418627262115
981,0.4912036061286926
982,0.25222712755203247
983,-0.0020714602433145046
984,0.5054696202278137
985,0.22142857313156128
986,0.033301837742328644
987,0.44291284680366516
988,0.261130690574646
989,-0.0146304527297616
990,0.45711979269981384
991,0.27154073119163513
992,0.001649560988880694
993,0.47719570994377136
994,0.4097134470939636
995,0.003330589970573783
996,0.5149557590484619
997,0.40579870343208313
998,0.07188234478235245
999,0.44970160722732544
1000,0.35419023036956787
1001,-0.022544432431459427
1002,0.4425027668476105
1003,0.358890563249588
1004,-0.023523928597569466
1005,0.46915727853775024
1006,0.4122409224510193
1007,0.002445845166221261
1008,0.4645063281059265
1009,0.41229525208473206
1010,0.00031735136872157454
1011,0.4953896105289459
1012,0.2445317804813385
1013,0.002416236326098442
1014,0.4564671218395233
1015,0.35260510444641113
1016,-0.02131883054971695
1017,0.46336156129837036
1018,0.2516101598739624
1019,-0.012538554146885872
1020,0.4645451605319977
1021,0.2416631430387497
1022,-0.014143788255751133
1023,0.4716739356517792
1024,0.19368624687194824
1025,0.002198409754782915
1026,0.5000537037849426
1027,0.2322804033756256
1028,0.015951739624142647
1029,0.4671245217323303
1030,0.21621061861515045
1031,-0.006357376463711262
1032,0.5039735436439514
1033,0.2549619674682617
1034,0.013611404225230217
1035,0.5088205337524414
1036,0.24929189682006836
1037,0.03060881420969963
1038,0.44142207503318787
1039,0.39890679717063904
1040,-0.024429868906736374
1041,0.4512665867805481
1042,0.40095800161361694
1043,-0.019589679315686226
1044,0.45807111263275146
1045,0.40375736355781555
1046,-0.013088183477520943
1047,0.447650283575058
1048,0.35669100284576416
1049,-0.020886410027742386
1050,0.466872900724411
1051,0.4124987721443176
1052,0.0011794476304203272
1053,0.46380364894866943
1054,0.4200581908226013
1055,-0.0023767538368701935
1056,0.4631212055683136
1057,0.4117061197757721
1058,8.596175030106679e-05
1059,0.44438159465789795
1060,0.3505544662475586
1061,-0.03425244987010956
1062,0.45312023162841797
1063,0.4066128432750702
1064,-0.01031304057687521
1065,0.4471172094345093
1066,0.40627628564834595
1067,-0.015001916326582432
1068,0.43976378440856934
1069,0.4067637622356415
1070,-0.018312586471438408
1071,0.4461802542209625
1072,0.46009355783462524
1073,-0.003417079569771886
1074,0.4453124403953552
1075,0.4504985809326172
1076,-0.012379194609820843
1077,0.44413140416145325
1078,0.44297415018081665
1079,-0.014376826584339142
1080,0.4426872730255127
1081,0.4351623058319092
1082,-0.012908585369586945
1083,0.4414627254009247
1084,0.43001747131347656
1085,-0.011667792685329914
1086,0.45500433444976807
1087,0.42245811223983765
1088,-0.005344558972865343
1089,0.4568999707698822
1090,0.4242410659790039
1091,-0.006541403941810131
1092,0.45970314741134644
1093,0.42760539054870605
1094,-0.007267025299370289
1095,0.4621344804763794
1096,0.4312746822834015
1097,-0.005618502385914326
1098,0.46659669280052185
1099,0.3861635625362396
1100,-0.010577869601547718
1101,0.5217808485031128
1102,0.34601277112960815
1103,0.08449301868677139
1104,0.4587140679359436
1105,0.4187202453613281
1106,-0.0017085877479985356
1107,0.4611797034740448
1108,0.4191410541534424
1109,-0.0024677373003214598
1110,0.4399292767047882
1111,0.3646484911441803
1112,-0.02365698292851448
1113,0.45395374298095703
1114,0.36041060090065
1115,-0.014959476888179779
1116,0.44113677740097046
1117,0.36189770698547363
1118,-0.02385956235229969
1119,0.46210241317749023
1120,0.31997379660606384
1121,-0.005588090978562832
1122,0.4755883514881134
1123,0.32719510793685913
1124,-0.003799501108005643
1125,0.45803892612457275
1126,0.34651878476142883
1127,-0.01847311109304428
1128,0.49211734533309937
1129,0.20452719926834106
1130,0.016520442441105843
1131,0.4868737459182739
1132,0.2205655872821808
1133,0.004016429651528597
1134,0.4817557632923126
1135,0.2396150678396225
1136,-0.006259556394070387
1137,0.4661937355995178
1138,0.43761005997657776
1139,2.069957190542482e-05
1140,0.4451664090156555
1141,0.24563921988010406
1142,-0.017824940383434296
1143,0.44713878631591797
1144,0.216043159365654
1145,-0.012002497911453247
1146,0.44964590668678284
1147,0.18931491672992706
1148,-0.005928909871727228
1149,0.48636049032211304
1150,0.29329514503479004
1151,0.007335998583585024
1152,0.5050602555274963
1153,0.3045508861541748
1154,0.018947400152683258
1155,0.451755553483963
1156,0.28978633880615234
1157,0.0038775235880166292
1158,0.49660927057266235
1159,0.274933397769928
1160,0.011412205174565315
1161,0.44664838910102844
1162,0.30634158849716187
1163,-0.010987955145537853
1164,0.44978445768356323
1165,0.3430011570453644
1166,-0.03396381437778473
1167,0.513812780380249
1168,0.3127994239330292
1169,0.027709994465112686
1170,0.4996334910392761
1171,0.31210780143737793
1172,0.011398096568882465
1173,0.4892708659172058
1174,0.31624460220336914
1175,0.003834639210253954
1176,0.47370001673698425
1177,0.31506192684173584
1178,0.00017092911002691835
1179,0.46202096343040466
1180,0.3107721507549286
1181,-0.0011744926450774074
1182,0.4531342387199402
1183,0.30565568804740906
1184,-0.0032674313988536596
1185,0.4343407452106476
1186,0.2911125123500824
1187,-0.01958201266825199
1188,0.5134015083312988
1189,0.3370458483695984
1190,0.024905549362301826
1191,0.5028396844863892
1192,0.27345457673072815
1193,0.01519301813095808
1194,0.43180862069129944
1195,0.35825031995773315
1196,-0.04236621409654617
1197,0.4529498517513275
1198,0.32453522086143494
1199,-0.011774219572544098
1200,0.5215224027633667
1201,0.2934325933456421
1202,0.07894077897071838
1203,0.44642406702041626
1204,0.2995818853378296
1205,-0.004336298909038305
1206,0.45900383591651917
1207,0.3476385474205017
1208,-0.009504258632659912
1209,0.4929371476173401
1210,0.2826800048351288
1211,0.013937306590378284
1212,0.45013874769210815
1213,0.33559146523475647
1214,-0.030589979141950607
1215,0.5203375220298767
1216,0.3746870458126068
1217,0.08043882995843887
1218,0.4519670009613037
1219,0.2857017517089844
1220,0.006262946408241987
1221,0.4420929253101349
1222,0.32914528250694275
1223,-0.03859371319413185
1224,0.49902060627937317
1225,0.43564826250076294
1226,0.03145676106214523
1227,0.49944329261779785
1228,0.4508441090583801
1229,0.04474901780486107
1230,0.5217423439025879
1231,0.3419417142868042
1232,0.05450385808944702
1233,0.5075512528419495
1234,0.4178553521633148
1235,0.04009329900145531
1236,0.5141766667366028
1237,0.2691422998905182
1238,0.043427012860774994
1239,0.4686169922351837
1240,0.483602911233902
1241,0.009230630472302437
1242,0.43128156661987305
1243,0.3609551787376404
1244,-0.03124224953353405
1245,0.4608651399612427
1246,0.33281370997428894
1247,-0.008904930204153061
1248,0.5119568109512329
1249,0.2916836142539978
1250,0.031194791197776794
1251,0.47864100337028503
1252,0.2887527048587799
1253,0.005076553672552109
1254,0.471284955739975
1255,0.2899164855480194
1256,0.003093309234827757
1257,0.46640586853027344
1258,0.4213767349720001
1259,-0.0011946256272494793
1260,0.5127091407775879
1261,0.36153551936149597
1262,0.02735133282840252
1263,0.4539046883583069
1264,0.504447877407074
1265,0.011304470710456371
1266,0.4791574478149414
1267,0.4824647903442383
1268,0.025904754176735878
1269,0.48895835876464844
1270,0.4689984917640686
1271,0.03425503894686699
1272,0.46429166197776794
1273,0.289436936378479
1274,0.0028477392625063658
1275,0.4578612446784973
1276,0.287637859582901
1277,0.004095511045306921
1278,0.45389872789382935
1279,0.2866958975791931
1280,0.005928887519985437
1281,0.508251428604126
1282,0.2713181674480438
1283,0.02354983240365982
1284,0.45878130197525024
1285,0.27899593114852905
1286,0.0030862349085509777
1287,0.46569135785102844
1288,0.27645131945610046
1289,0.0012973197735846043
1290,0.4726512134075165
1291,0.27557629346847534
1292,0.0015464725438505411
1293,0.4798867702484131
1294,0.2767239212989807
1295,0.00345137482509017
1296,0.48465561866760254
1297,0.2790011465549469
1298,0.006241958122700453
1299,0.5188360810279846
1300,0.2651890516281128
1301,0.06595709919929504
1302,0.4835966229438782
1303,0.28697630763053894
1304,0.007600058801472187
1305,0.4589160084724426
1306,0.37844985723495483
1307,-0.015574915334582329
1308,0.44967108964920044
1309,0.35221943259239197
1310,-0.025625601410865784
1311,0.44178369641304016
1312,0.3750658631324768
1313,-0.022938650101423264
1314,0.48968932032585144
1315,0.45360687375068665
1316,0.024832872673869133
1317,0.47977736592292786
1318,0.46848729252815247
1319,0.0175758246332407
1320,0.4535062313079834
1321,0.4950328469276428
1322,0.0019942184444516897
1323,0.5074314475059509
1324,0.4315604567527771
1325,0.05833190679550171
1326,0.45399630069732666
1327,0.28288906812667847
1328,0.004937044810503721
1329,0.4405113160610199
1330,0.30887508392333984
1331,-0.02238425239920616
1332,0.467848002910614
1333,0.4949148893356323
1334,0.01703059859573841
1335,0.5199286937713623
1336,0.36883097887039185
1337,0.05323658883571625
1338,0.4489966034889221
1339,0.4265148639678955
1340,-0.008946138434112072
1341,0.4509149193763733
1342,0.4301605224609375
1343,-0.010014123283326626
1344,0.45323196053504944
1345,0.43579208850860596
1346,-0.010858675464987755
1347,0.45519956946372986
1348,0.4424140453338623
1349,-0.009149190038442612
1350,0.4580310583114624
1351,0.45013922452926636
1352,-0.0027761387173086405
1353,0.4605797827243805
1354,0.40897321701049805
1355,-0.005551445763558149
1356,0.46350663900375366
1357,0.40754207968711853
1358,-0.005541589576750994
1359,0.4660978317260742
1360,0.4052598774433136
1361,-0.005451108794659376
1362,0.47301650047302246
1363,0.3965763449668884
1364,-0.0037232087925076485
1365,0.5017028450965881
1366,0.36735305190086365
1367,0.010977794416248798
1368,0.44031694531440735
1369,0.2980175316333771
1370,-0.01473469939082861
1371,0.4446411430835724
1372,0.2782266438007355
1373,0.00029613898368552327
1374,0.45009830594062805
1375,0.27939343452453613
1376,0.00347195309586823
1377,0.4582732915878296
1378,0.40749430656433105
1379,-0.00467738276347518
1380,0.5036507248878479
1381,0.3985733687877655
1382,0.024394888430833817
1383,0.43693995475769043
1384,0.2776709496974945
1385,-0.01057592686265707
1386,0.4622151255607605
1387,0.4587705135345459
1388,0.0019360127625986934
1389,0.4340181052684784
1390,0.3026447892189026
1391,-0.027893103659152985
1392,0.44743770360946655
1393,0.32641443610191345
1394,-0.02269481122493744
1395,0.44872403144836426
1396,0.46968895196914673
1397,-0.0015821134438738227
1398,0.4794977009296417
1399,0.42871353030204773
1400,0.007700562011450529
1401,0.46595078706741333
1402,0.357634037733078
1403,-0.007520101498812437
1404,0.47220802307128906
1405,0.4450145959854126
1406,0.005334323272109032
1407,0.4837203025817871
1408,0.35654333233833313
1409,-0.0040313974022865295
1410,0.47354641556739807
1411,0.3703983426094055
1412,-0.005679705645889044
1413,0.4908510744571686
1414,0.3765980005264282
1415,0.0030687563121318817
1416,0.4516887068748474
1417,0.4824894666671753
1418,-0.0015473047969862819
1419,0.4532496929168701
1420,0.3328878581523895
1421,-0.016861597076058388
1422,0.4865945875644684
1423,0.4386691749095917
1424,0.015407749451696873
1425,0.47695282101631165
1426,0.45516282320022583
1427,0.01144327875226736
1428,0.4846048653125763
1429,0.41077354550361633
1430,0.006973633076995611
1431,0.5109877586364746
1432,0.383074015378952
1433,0.030707750469446182
1434,0.4945027232170105
1435,0.41320350766181946
1436,0.01489102654159069
1437,0.5155770778656006
1438,0.3941275477409363
1439,0.04986646771430969
1440,0.4801468253135681
1441,0.38671648502349854
1442,-0.0015266977716237307
1443,0.4465870261192322
1444,0.31655633449554443
1445,-0.016635071486234665
1446,0.4470676779747009
1447,0.34835806488990784
1448,-0.03588680922985077
1449,0.45324641466140747
1450,0.35108208656311035
1451,-0.026883559301495552
1452,0.4426040053367615
1453,0.3407135009765625
1454,-0.04206857085227966
1455,0.4506981074810028
1456,0.26892879605293274
1457,-0.0022920125629752874
1458,0.463911771774292
1459,0.2620687782764435
1460,-0.004241786897182465
1461,0.47576045989990234
1462,0.259992778301239
1463,-0.004118209704756737
1464,0.4858187437057495
1465,0.2612200677394867
1466,-0.0009389748447574675
1467,0.4929465651512146
1468,0.26598450541496277
1469,0.004328366834670305
1470,0.49815094470977783
1471,0.28597691655158997
1472,0.017032217234373093
1473,0.5216884016990662
1474,0.3168593943119049
1475,0.05335245281457901
1476,0.49223726987838745
1477,0.30127620697021484
1478,0.010368101298809052
1479,0.4836769998073578
1480,0.30466973781585693
1481,0.005383613053709269
1482,0.4728431701660156
1483,0.3050525486469269
1484,0.00212645111605525
1485,0.46232855319976807
1486,0.30267202854156494
1487,0.0012345453724265099
1488,0.45417970418930054
1489,0.2989537715911865
1490,0.0008422149694524705
1491,0.44851112365722656
1492,0.295248419046402
1493,0.0006104489439167082
1494,0.5217130184173584
1495,0.31968367099761963
1496,0.08453189581632614
1497,0.4532214105129242
1498,0.3543680012226105
1499,-0.02269081585109234
1500,0.4405975043773651
1501,0.3186747431755066
1502,-0.029303209856152534
1503,0.44048765301704407
1504,0.3494412302970886
1505,-0.042363084852695465
1506,0.4362170696258545
1507,0.3559434413909912
1508,-0.038989026099443436
1509,0.4408102333545685
1510,0.3514573574066162
1511,-0.038268692791461945
1512,0.45108792185783386
1513,0.3584643006324768
1514,-0.019740846008062363
1515,0.4345710277557373
1516,0.35718855261802673
1517,-0.04122474789619446
1518,0.43411484360694885
1519,0.3598785996437073
1520,-0.03124678134918213
1521,0.44875985383987427
1522,0.2862764000892639
1523,0.004856654908508062
1524,0.4439288377761841
1525,0.2891708314418793
1526,-0.0002995386312250048
1527,0.44120049476623535
1528,0.2908499538898468
1529,-0.006538018584251404
1530,0.48762065172195435
1531,0.2808274030685425
1532,0.008941839449107647
1533,0.4921497106552124
1534,0.2757936418056488
1535,0.009192072786390781
1536,0.0
1537,0.0
1538,0.0
1539,0.0
1540,0.0
1541,0.0
1542,0.0
1543,0.0
1544,0.0
1545,0.0
1546,0.0
1547,0.0
1548,0.0
1549,0.0
1550,0.0
1551,0.0
1552,0.0
1553,0.0
1554,0.0
1555,0.0
1556,0.0
1557,0.0
1558,0.0
1559,0.0
1560,0.0
1561,0.0
1562,0.0
1563,0.0
1564,0.0
1565,0.0
1566,0.0
1567,0.0
1568,0.0
1569,0.0
1570,0.0
1571,0.0
1572,0.0
1573,0.0
1574,0.0
1575,0.0
1576,0.0
1577,0.0
1578,0.0
1579,0.0
1580,0.0
1581,0.0
1582,0.0
1583,0.0
1584,0.0
1585,0.0
1586,0.0
1587,0.0
1588,0.0
1589,0.0
1590,0.0
1591,0.0
1592,0.0
1593,0.0
1594,0.0
1595,0.0
1596,0.0
1597,0.0
1598,0.0
1599,0.1399022489786148
1600,0.5503672957420349
1601,2.4008463128666335e-07
1602,0.18454360961914062
1603,0.521622896194458
1604,-0.0008749897824600339
1605,0.207281231880188
1606,0.4542524814605713
1607,0.0038811468984931707
1608,0.21682801842689514
1609,0.3949025273323059
1610,0.005484278779476881
1611,0.22779347002506256
1612,0.34592756628990173
1613,0.008085271343588829
1614,0.15871360898017883
1615,0.35027825832366943
1616,0.03296682983636856
1617,0.15822243690490723
1618,0.2683667838573456
1619,0.03212868794798851
1620,0.16671760380268097
1621,0.21936404705047607
1622,0.02551688626408577
1623,0.17754055559635162
1624,0.1819676160812378
1625,0.02104302868247032
1626,0.14384722709655762
1627,0.3429816961288452
1628,0.027368908748030663
1629,0.1408313661813736
1630,0.26031145453453064
1631,0.030793877318501472
1632,0.1528606414794922
1633,0.21157363057136536
1634,0.02389478124678135
1635,0.16885033249855042
1636,0.1734393686056137
1637,0.017866868525743484
1638,0.1296025663614273
1639,0.34185728430747986
1640,0.01823103055357933
1641,0.12878727912902832
1642,0.26378607749938965
1643,0.02028898522257805
1644,0.1417044699192047
1645,0.21869446337223053
1646,0.018108496442437172
1647,0.1570751965045929
1648,0.1836993247270584
1649,0.015608806163072586
1650,0.11579814553260803
1651,0.3461812436580658
1652,0.007324879057705402
1653,0.11531880497932434
1654,0.2779722809791565
1655,0.010453315451741219
1656,0.1249668076634407
1657,0.23685549199581146
1658,0.013875192031264305
1659,0.13778544962406158
1660,0.20631714165210724
1661,0.016135061159729958
