,0
0,0.43540820479393005
1,0.3308016359806061
2,-0.8474730253219604
3,0.9999746084213257
4,0.461998850107193
5,0.2726195454597473
6,-0.7777511477470398
7,0.9999516606330872
8,0.4785548150539398
9,0.27352723479270935
10,-0.7775986790657043
11,0.9999321103096008
12,0.4920162260532379
13,0.27537742257118225
14,-0.7775896787643433
15,0.999945342540741
16,0.4092027544975281
17,0.275870144367218
18,-0.7663730382919312
19,0.999951183795929
20,0.3902154564857483
21,0.27833476662635803
22,-0.7657739520072937
23,0.9999441504478455
24,0.3728485703468323
25,0.28080111742019653
26,-0.7658851146697998
27,0.9999615550041199
28,0.515250563621521
29,0.3121947646141052
30,-0.37714284658432007
31,0.999931812286377
32,0.35466188192367554
33,0.31467950344085693
34,-0.31039977073669434
35,0.9999538660049438
36,0.4731980860233307
37,0.4023474156856537
38,-0.7112390995025635
39,0.9999731183052063
40,0.4037942886352539
41,0.40450429916381836
42,-0.6937404870986938
43,0.9999719262123108
44,0.6659864783287048
45,0.6792093515396118
46,-0.21235521137714386
47,0.9995599389076233
48,0.24325208365917206
49,0.6601389646530151
50,-0.21145042777061462
51,0.9995858073234558
52,0.7619190812110901
53,1.049420952796936
54,-0.21842022240161896
55,0.5138168334960938
56,0.05474771931767464
57,1.007610559463501
58,-0.7947853207588196
59,0.8980165123939514
60,0.8045859336853027
61,1.496126413345337
62,-0.44858211278915405
63,0.2582557797431946
64,0.10452960431575775
65,0.5659751296043396
66,-1.7184890508651733
67,0.8602844476699829
68,0.8327885866165161
69,1.6038635969161987
70,-0.535923421382904
71,0.2728448212146759
72,0.0862804725766182
73,0.38896381855010986
74,-1.9258720874786377
75,0.8181586265563965
76,0.784763753414154
77,1.5911184549331665
78,-0.5816104412078857
79,0.3751468062400818
80,0.12848681211471558
81,0.37169554829597473
82,-1.8714481592178345
83,0.8383587002754211
84,0.7558072209358215
85,1.5590190887451172
86,-0.487691730260849
87,0.3717511296272278
88,0.15529121458530426
89,0.4271295666694641
90,-1.7336479425430298
91,0.8275086283683777
92,0.5903881192207336
93,1.4839355945587158
94,-0.07487013190984726
95,0.0012983662309125066
96,0.2881820499897003
97,1.4815281629562378
98,0.07993315160274506
99,0.0013964856043457985
100,0.5760113596916199
101,2.1685004234313965
102,-0.2503197193145752
103,0.0004745279438793659
104,0.3069402575492859
105,2.170044422149658
106,0.005926173646003008
107,0.0002899895771406591
108,0.5698736906051636
109,2.78867244720459
110,0.2961096167564392
111,4.163080666330643e-05
112,0.30946892499923706
113,2.771273612976074
114,0.32537466287612915
115,5.351708750822581e-06
116,0.5790428519248962
117,2.8736512660980225
118,0.31011441349983215
119,2.1491430743481033e-05
120,0.3028915822505951
121,2.8504722118377686
122,0.34361591935157776
123,1.1610614819801413e-05
124,0.5245743989944458
125,2.9666621685028076
126,-0.32697242498397827
127,2.2075908418628387e-05
128,0.3349590599536896
129,2.970855236053467
130,-0.342393696308136
131,2.3791732019162737e-05
132,0.43924543261528015
133,0.4042893052101135
134,-0.02322259545326233
135,0.4366541802883148
136,0.3602478504180908
137,-0.044809624552726746
138,0.43768784403800964
139,0.3728056252002716
140,-0.02294880524277687
141,0.42864495515823364
142,0.32099321484565735
143,-0.03443705663084984
144,0.4362233877182007
145,0.34785494208335876
146,-0.04792559891939163
147,0.4359290599822998
148,0.33185797929763794
149,-0.044911809265613556
150,0.435502290725708
151,0.294064998626709
152,-0.023894738405942917
153,0.37764599919319153
154,0.2929235100746155
155,0.010666768066585064
156,0.4352022707462311
157,0.26914456486701965
158,-0.01977565698325634
159,0.4349341094493866
160,0.2540590167045593
161,-0.022151343524456024
162,0.43366459012031555
163,0.1925768107175827
164,-0.013672547414898872
165,0.4395466148853302
166,0.4107934832572937
167,-0.022077029570937157
168,0.43983104825019836
169,0.4160503149032593
170,-0.01906518265604973
171,0.44006866216659546
172,0.41845792531967163
173,-0.015085132792592049
174,0.4404709041118622
175,0.42700859904289246
176,-0.012453891336917877
177,0.4406565725803375
178,0.4333575665950775
179,-0.013596567325294018
180,0.4409096837043762
181,0.44109493494033813
182,-0.014821444638073444
183,0.4412200152873993
184,0.4489284157752991
185,-0.012594538740813732
186,0.4416554868221283
187,0.4591466784477234
188,-0.002987863728776574
189,0.436998188495636
190,0.36632174253463745
191,-0.04043623059988022
192,0.4291383624076843
193,0.3657647669315338
194,-0.028664765879511833
195,0.35086554288864136
196,0.2513018846511841
197,0.048664726316928864
198,0.4011600613594055
199,0.30191096663475037
200,0.0022239270620048046
201,0.39329999685287476
202,0.3034464418888092
203,0.002754004206508398
204,0.3855910301208496
205,0.3035796284675598
206,0.005032242275774479
207,0.374958336353302
208,0.2975709140300751
209,0.01192870270460844
210,0.4075896441936493
211,0.2985040545463562
212,0.0026403821539133787
213,0.38927698135375977
214,0.2753545641899109
215,-0.0018174127908423543
216,0.39799630641937256
217,0.27556177973747253
218,-0.001887468621134758
219,0.3813883066177368
220,0.27712953090667725
221,0.0008987576584331691
222,0.37624654173851013
223,0.28078073263168335
224,0.004476931877434254
225,0.36923134326934814
226,0.30627956986427307
227,0.01617000438272953
228,0.4113873243331909
229,0.4739570617675781
230,0.0076628178358078
231,0.3746579885482788
232,0.29024291038513184
233,0.013210535049438477
234,0.3477923274040222
235,0.3020559549331665
236,0.05343944579362869
237,0.3603137135505676
238,0.29924145340919495
239,0.024307122454047203
240,0.39680325984954834
241,0.3528602123260498
242,-0.004063709639012814
243,0.42924660444259644
244,0.4026448130607605
245,-0.02184494584798813
246,0.43184399604797363
247,0.41649770736694336
248,-0.017630694434046745
249,0.4197092354297638
250,0.407521516084671
251,-0.016775164753198624
252,0.4145076870918274
253,0.41387033462524414
254,-0.010413763113319874
255,0.4250858724117279
256,0.4178659915924072
257,-0.014194618910551071
258,0.42031410336494446
259,0.420038104057312
260,-0.008385763503611088
261,0.4053137004375458
262,0.43472954630851746
263,0.004144731909036636
264,0.4295843541622162
265,0.3601282835006714
266,-0.04406118020415306
267,0.42799094319343567
268,0.3484366834163666
269,-0.04688368737697601
270,0.3638749122619629
271,0.2706916034221649
272,0.006031157914549112
273,0.4114230275154114
274,0.3214285969734192
275,-0.0070591517724096775
276,0.4098479747772217
277,0.35775190591812134
278,-0.022800009697675705
279,0.4090858995914459
280,0.35156872868537903
281,-0.020229259505867958
282,0.37418413162231445
283,0.3533218801021576
284,0.00639417814090848
285,0.4282107353210449
286,0.33346930146217346
287,-0.04213724657893181
288,0.38237300515174866
289,0.25913041830062866
290,-0.00958697497844696
291,0.3711509108543396
292,0.26280105113983154
293,-0.0028919335454702377
294,0.35713356733322144
295,0.2301965057849884
296,0.03135845065116882
297,0.4182961583137512
298,0.2677605152130127
299,-0.016801707446575165
300,0.4056922495365143
301,0.27832546830177307
302,0.0007480258936993778
303,0.39942336082458496
304,0.4226073920726776
305,0.005615730304270983
306,0.3605595827102661
307,0.41242730617523193
308,0.07954877614974976
309,0.41638150811195374
310,0.3639744818210602
311,-0.019259648397564888
312,0.4237375557422638
313,0.3678104281425476
314,-0.020544886589050293
315,0.40904074907302856
316,0.4245598316192627
317,0.00410187104716897
318,0.4132665693759918
319,0.4235498011112213
320,0.0015993419801816344
321,0.3667525053024292
322,0.2551756799221039
323,0.0013102578232064843
324,0.4101080894470215
325,0.3633648753166199
326,-0.017928993329405785
327,0.3979126214981079
328,0.26013582944869995
329,-0.014401509426534176
330,0.3961608409881592
331,0.2503741383552551
332,-0.016447650268673897
333,0.3870750963687897
334,0.20087920129299164
335,-0.0020452705211937428
336,0.3621976375579834
337,0.2418762445449829
338,0.014186916872859001
339,0.39245080947875977
340,0.22408615052700043
341,-0.009816684760153294
342,0.3594614267349243
343,0.26572105288505554
344,0.013299363665282726
345,0.355204701423645
346,0.25877413153648376
347,0.029994411394000053
348,0.43045148253440857
349,0.41055527329444885
350,-0.02075793966650963
351,0.4226892590522766
352,0.41371655464172363
353,-0.015937210991978645
354,0.41737794876098633
355,0.4171740412712097
356,-0.01009997446089983
357,0.418796181678772
358,0.3662613332271576
359,-0.017866279929876328
360,0.41121429204940796
361,0.4244048297405243
362,0.00267422990873456
363,0.41395169496536255
364,0.42727744579315186
365,-0.001929089310579002
366,0.41420453786849976
367,0.4222806692123413
368,0.0012937438441440463
369,0.42038068175315857
370,0.359497606754303
371,-0.031459227204322815
372,0.42229577898979187
373,0.41939789056777954
374,-0.007042219862341881
375,0.42712780833244324
376,0.41876256465911865
377,-0.010830974206328392
378,0.4331810772418976
379,0.41852837800979614
380,-0.013947265222668648
381,0.43059754371643066
382,0.4583117961883545
383,-0.0026271336246281862
384,0.43074360489845276
385,0.4477376341819763
386,-0.012011907063424587
387,0.43123623728752136
388,0.4398574233055115
389,-0.013800788670778275
390,0.4319244921207428
391,0.4318734109401703
392,-0.012470511719584465
393,0.4327383041381836
394,0.42671269178390503
395,-0.011308242566883564
396,0.4211786389350891
397,0.42503345012664795
398,-0.005105150863528252
399,0.4197068214416504
400,0.42715898156166077
401,-0.006310482509434223
402,0.41747379302978516
403,0.4310312569141388
404,-0.007078252732753754
405,0.4155818521976471
406,0.43531811237335205
407,-0.00540522625669837
408,0.4062887728214264
409,0.3984496593475342
410,-0.007943423464894295
411,0.3503985106945038
412,0.3537817597389221
413,0.09007154405117035
414,0.4372681677341461
415,0.36865970492362976
416,-0.029048822820186615
417,0.4180489182472229
418,0.42426830530166626
419,-0.0013088313862681389
420,0.4161795377731323
421,0.42544013261795044
422,-0.002023113425821066
423,0.4269026815891266
424,0.3733605444431305
425,-0.0205629151314497
426,0.4137985110282898
427,0.3710612952709198
428,-0.01168761309236288
429,0.42535853385925293
430,0.3707232177257538
431,-0.02085583470761776
432,0.4034389853477478
433,0.3289068341255188
434,-0.0036048779729753733
435,0.39128100872039795
436,0.33798059821128845
437,-0.000807618722319603
438,0.40827736258506775
439,0.35723286867141724
440,-0.015262997709214687
441,0.368415892124176
442,0.21300385892391205
443,0.013415810652077198
444,0.3739045560359955
445,0.22983099520206451
446,0.001445288653485477
447,0.37937498092651367
448,0.2495105266571045
449,-0.008051934652030468
450,0.4116932451725006
451,0.4431627690792084
452,0.0010545853292569518
453,0.41528815031051636
454,0.2526507079601288
455,-0.020799990743398666
456,0.41192007064819336
457,0.22228266298770905
458,-0.016380151733756065
459,0.4081837236881256
460,0.19470618665218353
461,-0.011031207628548145
462,0.3788957893848419
463,0.3017979860305786
464,0.008624730631709099
465,0.36128148436546326
466,0.3155236542224884
467,0.021261418238282204
468,0.4116784334182739
469,0.2951725721359253
470,0.0036973359528928995
471,0.36783093214035034
472,0.2844175696372986
473,0.011756571009755135
474,0.416998952627182
475,0.3134056627750397
476,-0.010509103536605835
477,0.4146120250225067
478,0.3528496325016022
479,-0.031320128589868546
480,0.3536188304424286
481,0.32403069734573364
482,0.030752092599868774
483,0.36678653955459595
484,0.3237883448600769
485,0.014016153290867805
486,0.377125084400177
487,0.32783013582229614
488,0.006461033131927252
489,0.39218640327453613
490,0.3247261643409729
491,0.0021647587418556213
492,0.4029575288295746
493,0.31877854466438293
494,6.69186920276843e-05
495,0.4110540747642517
496,0.3125881254673004
497,-0.002640006598085165
498,0.4275650680065155
499,0.2974451780319214
500,-0.020379558205604553
501,0.3559712767601013
502,0.3492259383201599
503,0.029161332175135612
504,0.3615882396697998
505,0.283539742231369
506,0.015615439042448997
507,0.4327080547809601
508,0.3660854697227478
509,-0.03985615819692612
510,0.41204914450645447
511,0.3331126570701599
512,-0.010024793446063995
513,0.3472761809825897
514,0.3015018403530121
515,0.08170926570892334
516,0.4171142280101776
517,0.3059215545654297
518,-0.004329688381403685
519,0.4079605042934418
520,0.358193576335907
521,-0.006542278919368982
522,0.372084379196167
523,0.29125750064849854
524,0.014741029590368271
525,0.41401785612106323
526,0.3453105390071869
527,-0.028205564245581627
528,0.35367053747177124
529,0.38213708996772766
530,0.0870818942785263
531,0.41142573952674866
532,0.29068633913993835
533,0.005807208828628063
534,0.420910507440567
535,0.3381364047527313
536,-0.03677951544523239
537,0.3774118721485138
538,0.443155974149704
539,0.036760106682777405
540,0.3782043159008026
541,0.4561086893081665
542,0.05172251909971237
543,0.34922295808792114
544,0.3520354628562927
545,0.059386685490608215
546,0.367950975894928
547,0.4257638156414032
548,0.046352315694093704
549,0.35137057304382324
550,0.27849119901657104
551,0.044010307639837265
552,0.4096067547798157
553,0.4867960214614868
554,0.012965084053575993
555,0.4338655173778534
556,0.36836308240890503
557,-0.028465382754802704
558,0.4054394066333771
559,0.34260931611061096
560,-0.006323345936834812
561,0.35409051179885864
562,0.30176621675491333
563,0.03288337588310242
564,0.3858063519001007
565,0.2960659861564636
566,0.005817569326609373
567,0.39287444949150085
568,0.29654592275619507
569,0.0036874220240861177
570,0.41165369749069214
571,0.42948082089424133
572,-0.0004427165840752423
573,0.35910364985466003
574,0.37326377630233765
575,0.0328797772526741
576,0.42493078112602234
577,0.5052204728126526
578,0.01581212505698204
579,0.3997120261192322
580,0.48594966530799866
581,0.031137807294726372
582,0.3895052373409271
583,0.4734286367893219
584,0.040073297917842865
585,0.43431735038757324
586,0.22180062532424927
587,-0.018411627039313316
588,0.44316214323043823
589,0.5077104568481445
590,0.013390968553721905
591,0.399586945772171
592,0.2953717112541199
593,0.003160164225846529
594,0.40569815039634705
595,0.2931550145149231
596,0.00410578865557909
597,0.4095737636089325
598,0.29181984066963196
599,0.005715689156204462
600,0.3564285933971405
601,0.28157514333724976
602,0.024076003581285477
603,0.40458324551582336
604,0.28432726860046387
605,0.002648657187819481
606,0.39768749475479126
607,0.28225189447402954
608,0.0009735191706568003
609,0.3906930387020111
610,0.28200218081474304
611,0.001487240893766284
612,0.383667528629303
613,0.28389427065849304
614,0.003670972539111972
615,0.37928536534309387
616,0.28669095039367676
617,0.006610728334635496
618,0.34781476855278015
619,0.2735730707645416
620,0.06695424765348434
621,0.3809926509857178
622,0.29458239674568176
623,0.008382624015212059
624,0.438265860080719
625,0.38279178738594055
626,-0.02088063396513462
627,0.4118402302265167
628,0.3899306356906891
629,-0.012364398688077927
630,0.4159460961818695
631,0.36188578605651855
632,-0.02279341220855713
633,0.42690929770469666
634,0.38464486598968506
635,-0.019951725378632545
636,0.43536773324012756
637,0.2810404896736145
638,-0.01835346594452858
639,0.3875432014465332
640,0.4600203037261963
641,0.02915414236485958
642,0.39798155426979065
643,0.4733681082725525
644,0.02158270962536335
645,0.4244559109210968
646,0.4963010549545288
647,0.005371528677642345
648,0.3691737949848175
649,0.4372348487377167
650,0.06627698987722397
651,0.4092586934566498
652,0.2879568934440613
653,0.004436096642166376
654,0.42234957218170166
655,0.31623631715774536
656,-0.022051576524972916
657,0.44289544224739075
658,0.49901387095451355
659,0.0033282439690083265
660,0.4111611545085907
661,0.4971890151500702
662,0.021877175197005272
663,0.3530788719654083
664,0.37828975915908813
665,0.05922585353255272
666,0.4262804687023163
667,0.4257965385913849
668,-0.00848126970231533
669,0.424870103597641
670,0.4296637773513794
671,-0.009765700437128544
672,0.42322468757629395
673,0.43565189838409424
674,-0.010625516064465046
675,0.4219845235347748
676,0.44268178939819336
677,-0.008995868265628815
678,0.41979798674583435
679,0.45177754759788513
680,-0.0019014754798263311
681,0.4162958860397339
682,0.42166829109191895
683,-0.0032632395159453154
684,0.41343867778778076
685,0.42081448435783386
686,-0.003334668232128024
687,0.4107527732849121
688,0.4189613163471222
689,-0.0033808753360062838
690,0.401863694190979
691,0.4097825586795807
692,-0.0015269947471097112
693,0.3700876235961914
694,0.37952011823654175
695,0.016222482547163963
696,0.4223816394805908
697,0.30459064245224
698,-0.014838779345154762
699,0.4179733693599701
700,0.2837139070034027
701,-0.0008607625495642424
702,0.4128068685531616
703,0.28503310680389404
704,0.0024329021107405424
705,0.41826164722442627
706,0.4198320508003235
707,-0.002356693847104907
708,0.3708013594150543
709,0.40881550312042236
710,0.029943395406007767
711,0.42492249608039856
712,0.2833709418773651
713,-0.01201856043189764
714,0.41538089513778687
715,0.4619711935520172
716,0.0036570834927260876
717,0.435776025056839
718,0.31875666975975037
719,-0.0375022292137146
720,0.42795613408088684
721,0.3097275495529175
722,-0.028245145455002785
723,0.4356701672077179
724,0.30672433972358704
725,-0.03038640134036541
726,0.4166078567504883
727,0.33514243364334106
728,-0.021119505167007446
729,0.4425264298915863
730,0.486063152551651
731,-0.0016148831928148866
732,0.44202977418899536
733,0.4713289737701416
734,-0.00193524151109159
735,0.42828571796417236
736,0.4697316288948059
737,-0.00022452529810834676
738,0.3968595862388611
739,0.43816184997558594
740,0.009841836988925934
741,0.4025133550167084
742,0.3686789274215698
743,-0.0042741382494568825
744,0.40514951944351196
745,0.45156264305114746
746,0.007115016225725412
747,0.3860238790512085
748,0.3682854473590851
749,3.699947046698071e-05
750,0.39702242612838745
751,0.3819137215614319
752,-0.002505643293261528
753,0.3810137212276459
754,0.3885481655597687
755,0.007406300865113735
756,0.4256707429885864
757,0.483643114566803
758,0.0007076691254042089
759,0.4118316173553467
760,0.34222981333732605
761,-0.01464258972555399
762,0.38980039954185486
763,0.44693121314048767
764,0.018680261448025703
765,0.4003884196281433
766,0.46118709444999695
767,0.014382250607013702
768,0.39066484570503235
769,0.4226241409778595
770,0.0101478211581707
771,0.3625677227973938
772,0.3937210440635681
773,0.036699727177619934
774,0.3807137906551361
775,0.42341458797454834
776,0.019086362794041634
777,0.3587534725666046
778,0.40272054076194763
779,0.0564507432281971
780,0.3927845358848572
781,0.399415522813797
782,0.00180067028850317
783,0.41724926233291626
784,0.32446789741516113
785,-0.015600823797285557
786,0.41756299138069153
787,0.3577577769756317
788,-0.03319501131772995
789,0.4124999940395355
790,0.3612855076789856
791,-0.023750560358166695
792,0.420866996049881
793,0.3499886989593506
794,-0.03964212164282799
795,0.41160932183265686
796,0.2754872441291809
797,-0.0037376456893980503
798,0.3982977271080017
799,0.27032583951950073
800,-0.005688592325896025
801,0.3866364061832428
802,0.26941031217575073
803,-0.005147983320057392
804,0.37711089849472046
805,0.27123814821243286
806,-0.0014669341035187244
807,0.37078040838241577
808,0.2760123610496521
809,0.004068032838404179
810,0.36708569526672363
811,0.29517048597335815
812,0.018114738166332245
813,0.3472208082675934
814,0.32670801877975464
815,0.05689267814159393
816,0.37357014417648315
817,0.31113260984420776
818,0.012208634987473488
819,0.3818396031856537
820,0.3141985535621643
821,0.006987186148762703
822,0.3923901915550232
823,0.3133052587509155
824,0.003421663073822856
825,0.40226539969444275
826,0.3097272217273712
827,0.0020313882268965244
828,0.4098571240901947
829,0.30523863434791565
830,0.0010671097552403808
831,0.4151204824447632
832,0.30106788873672485
833,0.0005245030042715371
834,0.3488295078277588
835,0.327578604221344
836,0.08871543407440186
837,0.4131597876548767
838,0.3647739589214325
839,-0.019485894590616226
840,0.4222599267959595
841,0.3268667757511139
842,-0.02818622626364231
843,0.42351946234703064
844,0.3582979440689087
845,-0.03989580646157265
846,0.4285575747489929
847,0.3640752136707306
848,-0.036477211862802505
849,0.4236990511417389
850,0.36008936166763306
851,-0.03569721803069115
852,0.4160076677799225
853,0.36861172318458557
854,-0.016512129455804825
855,0.4300796687602997
856,0.3652322590351105
857,-0.038685571402311325
858,0.43107283115386963
859,0.3676144480705261
860,-0.02855069376528263
861,0.4143759310245514
862,0.2915140688419342
863,0.004396578762680292
864,0.4192432165145874
865,0.2946215867996216
866,-0.0009395055822096765
867,0.4217231273651123
868,0.2967210114002228
869,-0.007131368853151798
870,0.3766900300979614
871,0.2886427342891693
872,0.009484325535595417
873,0.3723336458206177
874,0.28494951128959656
875,0.009692915715277195
876,0.44321930408477783
877,0.32047683000564575
878,-0.03463904187083244
879,0.4954862594604492
880,0.2900915741920471
881,0.009136157110333443
882,0.44529038667678833
883,0.36507824063301086
884,-0.028844770044088364
885,0.5219899415969849
886,0.24505099654197693
887,0.046501439064741135
888,0.4718770980834961
889,0.3002801537513733
890,0.0010686095338314772
891,0.48005473613739014
892,0.30124619603157043
893,0.0014624082250520587
894,0.48794516921043396
895,0.30072832107543945
896,0.003512471914291382
897,0.4984494745731354
898,0.294321745634079
899,0.010308117605745792
900,0.4650002717971802
901,0.2972636818885803
902,0.001741059124469757
903,0.48263466358184814
904,0.2732642889022827
905,-0.0031199937220662832
906,0.47382616996765137
907,0.2738695740699768
908,-0.002978984732180834
909,0.4907318651676178
910,0.2745925188064575
911,-0.0005273149581626058
912,0.49617207050323486
913,0.2778919041156769
914,0.0029491204768419266
915,0.5047471523284912
916,0.30195826292037964
917,0.014333217404782772
918,0.47333791851997375
919,0.4719613790512085
920,0.006867022719234228
921,0.49836573004722595
922,0.2874090075492859
923,0.011598730459809303
924,0.5271907448768616
925,0.29553133249282837
926,0.051242172718048096
927,0.5135614275932312
928,0.29409459233283997
929,0.02237219549715519
930,0.47887420654296875
931,0.3496246337890625
932,-0.0053270296193659306
933,0.44934800267219543
934,0.40159985423088074
935,-0.022135619074106216
936,0.4481745958328247
937,0.4155407249927521
938,-0.01799037493765354
939,0.4598783254623413
940,0.40540024638175964
941,-0.017333509400486946
942,0.4662027955055237
943,0.41085144877433777
944,-0.011265202425420284
945,0.4554499685764313
946,0.41608545184135437
947,-0.014919937588274479
948,0.4608305096626282
949,0.4174792766571045
950,-0.009241735562682152
951,0.47747424244880676
952,0.4309975206851959
953,0.002945637097582221
954,0.4438227117061615
955,0.359488308429718
956,-0.04417478293180466
957,0.444668173789978
958,0.3477911949157715
959,-0.0470178984105587
960,0.508309543132782
961,0.2666587829589844
962,0.0043039144948124886
963,0.4620203971862793
964,0.3197292387485504
965,-0.007833628915250301
966,0.46445432305336
967,0.3555150628089905
968,-0.02333815209567547
969,0.4650101661682129
970,0.3492981195449829
971,-0.020870266482234
972,0.5021848678588867
973,0.34828421473503113
974,0.004447750747203827
975,0.4438823461532593
976,0.3329176604747772
977,-0.042341090738773346
978,0.4886609613895416
979,0.256705641746521
980,-0.010991553775966167
981,0.5003355741500854
982,0.2595101296901703
983,-0.004579988773912191
984,0.5142037272453308
985,0.2244899719953537
986,0.029409870505332947
987,0.4524385333061218
988,0.2670888900756836
989,-0.01730731502175331
990,0.46625491976737976
991,0.27699634432792664
992,-0.00019323462038300931
993,0.48258453607559204
994,0.41829824447631836
995,0.0042982506565749645
996,0.521277904510498
997,0.4069296717643738
998,0.07760747522115707
999,0.4583701193332672
1000,0.3621870279312134
1001,-0.019854243844747543
1002,0.4512925148010254
1003,0.3665711283683777
1004,-0.020801760256290436
1005,0.47325170040130615
1006,0.4205373525619507
1007,0.002967803506180644
1008,0.46889013051986694
1009,0.4198622703552246
1010,0.0006041879532858729
1011,0.5045157074928284
1012,0.2515459954738617
1013,-0.00041120449895970523
1014,0.4648168981075287
1015,0.361012727022171
1016,-0.01857822760939598
1017,0.4728791117668152
1018,0.2585568428039551
1019,-0.015343830920755863
1020,0.47420868277549744
1021,0.24852217733860016
1022,-0.017352355644106865
1023,0.48141947388648987
1024,0.1974707543849945
1025,-0.0031518805772066116
1026,0.5090128779411316
1027,0.23714739084243774
1028,0.012486543506383896
1029,0.4769129157066345
1030,0.22154997289180756
1031,-0.010795285925269127
1032,0.5127993822097778
1033,0.261016845703125
1034,0.011459222994744778
1035,0.5173602104187012
1036,0.2533724904060364
1037,0.02797965705394745
1038,0.44897082448005676
1039,0.4095247685909271
1040,-0.021131575107574463
1041,0.4575311839580536
1042,0.4117743968963623
1043,-0.016586387529969215
1044,0.4636162221431732
1045,0.4143930673599243
1046,-0.010990888811647892
1047,0.45619678497314453
1048,0.36467379331588745
1049,-0.018276426941156387
1050,0.4710138440132141
1051,0.42049774527549744
1052,0.0015867644688114524
1053,0.46837401390075684
1054,0.42389366030693054
1055,-0.002863390138372779
1056,0.46780768036842346
1057,0.4188809394836426
1058,0.00030046780011616647
1059,0.4535421133041382
1060,0.358193576335907
1061,-0.0318756178021431
1062,0.4589017629623413
1063,0.4169541597366333
1064,-0.007791636511683464
1065,0.45362699031829834
1066,0.417134165763855
1067,-0.011514397338032722
1068,0.4472050070762634
1069,0.41764530539512634
1070,-0.014316754415631294
1071,0.4528311491012573
1072,0.457378625869751
1073,-0.0030148986261337996
1074,0.4518832564353943
1075,0.44674572348594666
1076,-0.012447753921151161
1077,0.45083439350128174
1078,0.4389040470123291
1079,-0.014318560250103474
1080,0.4495409429073334
1081,0.4310099184513092
1082,-0.012846779078245163
1083,0.4485258162021637
1084,0.4259038269519806
1085,-0.011676649563014507
1086,0.4607345163822174
1087,0.422590970993042
1088,-0.005857923999428749
1089,0.46233728528022766
1090,0.424529492855072
1091,-0.007116573862731457
1092,0.4648211896419525
1093,0.4282473027706146
1094,-0.007851854898035526
1095,0.46703970432281494
1096,0.4324222803115845
1097,-0.006175523158162832
1098,0.4728829562664032
1099,0.395255446434021
1100,-0.008834486827254295
1101,0.52839195728302
1102,0.34732669591903687
1103,0.08772199600934982
1104,0.46399223804473877
1105,0.4213496744632721
1106,-0.0021751089952886105
1107,0.46595829725265503
1108,0.4223399758338928
1109,-0.003001328557729721
1110,0.44863590598106384
1111,0.37229594588279724
1112,-0.020830051973462105
1113,0.46193042397499084
1114,0.36888813972473145
1115,-0.012174895964562893
1116,0.44990137219429016
1117,0.3695312738418579
1118,-0.02109009586274624
1119,0.4706915318965912
1120,0.32653000950813293
1121,-0.004735999274998903
1122,0.4837401211261749
1123,0.3345104455947876
1124,-0.002289701486006379
1125,0.46640515327453613
1126,0.35476356744766235
1127,-0.01599867083132267
1128,0.5013956427574158
1129,0.20814211666584015
1130,0.011639571748673916
1131,0.4962022006511688
1132,0.22595226764678955
1133,1.6655099898343906e-05
1134,0.49119341373443604
1135,0.2467532753944397
1136,-0.009397509507834911
1137,0.47151127457618713
1138,0.4403509199619293
1139,8.072714990703389e-05
1140,0.45491617918014526
1141,0.2517685890197754
1142,-0.021292027086019516
1143,0.4570290446281433
1144,0.22087150812149048
1145,-0.016786569729447365
1146,0.4595632255077362
1147,0.1928015947341919
1148,-0.011671151034533978
1149,0.49469080567359924
1150,0.29859164357185364
1151,0.007012498565018177
1152,0.513269305229187
1153,0.31009531021118164
1154,0.019304336979985237
1155,0.4606899917125702
1156,0.29425475001335144
1157,0.0028733473736792803
1158,0.5050685405731201
1159,0.2806181311607361
1160,0.010058349929749966
1161,0.45590561628341675
1162,0.31213927268981934
1163,-0.01118278969079256
1164,0.45901232957839966
1165,0.3511529266834259
1166,-0.03175834193825722
1167,0.5216033458709717
1168,0.3178771138191223
1169,0.02860341966152191
1170,0.5078654885292053
1171,0.31864306330680847
1172,0.012159946374595165
1173,0.4976065754890442
1174,0.32330116629600525
1175,0.004659002181142569
1176,0.482187956571579
1177,0.32150834798812866
1178,0.0007133155595511198
1179,0.47079235315322876
1180,0.316537082195282
1181,-0.0010219145333394408
1182,0.46216580271720886
1183,0.31108370423316956
1184,-0.0035183539148420095
1185,0.44394025206565857
1186,0.2969544529914856
1187,-0.02066158317029476
1188,0.5204445123672485
1189,0.3430778980255127
1190,0.02709384262561798
1191,0.5114848613739014
1192,0.27892881631851196
1193,0.013782588765025139
1194,0.44136765599250793
1195,0.36568161845207214
1196,-0.03994676470756531
1197,0.46174702048301697
1198,0.3313550353050232
1199,-0.010650510899722576
1200,0.5286683440208435
1201,0.2947918474674225
1202,0.07930596172809601
1203,0.45559364557266235
1204,0.3048734664916992
1205,-0.004971796181052923
1206,0.4670487940311432
1207,0.3556632399559021
1208,-0.007185011170804501
1209,0.5010545253753662
1210,0.28801053762435913
1211,0.013048706576228142
1212,0.4593919813632965
1213,0.34360069036483765
1214,-0.028709573671221733
1215,0.5265785455703735
1216,0.376040518283844
1217,0.08503767102956772
1218,0.4608543813228607
1219,0.28992190957069397
1220,0.005029574502259493
1221,0.4517362713813782
1222,0.33697444200515747
1223,-0.03718740865588188
1224,0.5059353113174438
1225,0.4389491677284241
1226,0.03516174107789993
1227,0.5062156915664673
1228,0.4522224962711334
1229,0.050280727446079254
1230,0.5281870365142822
1231,0.3454558551311493
1232,0.0571603998541832
1233,0.5141685009002686
1234,0.4208638668060303
1235,0.04466769099235535
1236,0.5222766995429993
1237,0.27245086431503296
1238,0.04192809388041496
1239,0.47602978348731995
1240,0.4848124384880066
1241,0.012264822609722614
1242,0.44072476029396057
1243,0.3680289685726166
1244,-0.028562024235725403
1245,0.4692196846008301
1246,0.3400731384754181
1247,-0.00725014740601182
1248,0.5201839804649353
1249,0.2960011661052704
1250,0.030896052718162537
1251,0.48726752400398254
1252,0.29361236095428467
1253,0.004422048106789589
1254,0.4800509512424469
1255,0.2945690155029297
1256,0.002419155091047287
1257,0.4708442687988281
1258,0.42591020464897156
1259,-0.0014374847523868084
1260,0.5189456343650818
1261,0.3672052025794983
1262,0.030677109956741333
1263,0.46143749356269836
1264,0.5041943192481995
1265,0.015350894071161747
1266,0.4861554503440857
1267,0.48359039425849915
1268,0.03015587292611599
1269,0.4958529472351074
1270,0.47045499086380005
1271,0.038900189101696014
1272,0.4731559455394745
1273,0.2938639521598816
1274,0.0020082369446754456
1275,0.4667398929595947
1276,0.29189082980155945
1277,0.0031121245119720697
1278,0.4627836346626282
1279,0.2909015119075775
1280,0.004805829841643572
1281,0.5168119668960571
1282,0.27619120478630066
1283,0.022155942395329475
1284,0.4676585793495178
1285,0.28319549560546875
1286,0.0015664049424231052
1287,0.4746030867099762
1288,0.28082525730133057
1289,-0.0002446042199153453
1290,0.48166581988334656
1291,0.280252605676651
1292,0.00013338059943635017
1293,0.4888026714324951
1294,0.2817331552505493
1295,0.002141006290912628
1296,0.4933850169181824
1297,0.2841540575027466
1298,0.005057634320110083
1299,0.5264292359352112
1300,0.26699820160865784
1301,0.06470528244972229
1302,0.4921109974384308
1303,0.2919187843799591
1304,0.006932249758392572
1305,0.46592584252357483
1306,0.3873896896839142
1307,-0.013112631626427174
1308,0.45847293734550476
1309,0.3601636588573456
1310,-0.023189794272184372
1311,0.4500262141227722
1312,0.3835335075855255
1313,-0.020286593586206436
1314,0.49684494733810425
1315,0.45656463503837585
1316,0.027910517528653145
1317,0.4870924949645996
1318,0.4707362651824951
1319,0.020617330446839333
1320,0.46128880977630615
1321,0.49519214034080505
1322,0.004893719218671322
1323,0.5140380263328552
1324,0.4325857162475586
1325,0.06452411413192749
1326,0.46290528774261475
1327,0.287038117647171
1328,0.003527066670358181
1329,0.45006078481674194
1330,0.31538474559783936
1331,-0.022428158670663834
1332,0.4750664234161377
1333,0.49538320302963257
1334,0.02114275097846985
1335,0.5258409976959229
1336,0.37202537059783936
1337,0.05711447820067406
1338,0.45528459548950195
1339,0.42412829399108887
1340,-0.009141066111624241
1341,0.4569210112094879
1342,0.4278736412525177
1343,-0.010392308235168457
1344,0.45894619822502136
1345,0.4336819648742676
1346,-0.011312485672533512
1347,0.4607106149196625
1348,0.4406556189060211
1349,-0.009691228158771992
1350,0.4635840654373169
1351,0.4498231112957001
1352,-0.002668319968506694
1353,0.46547818183898926
1354,0.4185289740562439
1355,-0.004280528984963894
1356,0.46826407313346863
1357,0.41742488741874695
1358,-0.004428904503583908
1359,0.47084638476371765
1360,0.4153352379798889
1361,-0.004410609602928162
1362,0.4787844121456146
1363,0.40583956241607666
1364,-0.002667049877345562
1365,0.5082378387451172
1366,0.3741719722747803
1367,0.014149518683552742
1368,0.4497818946838379
1369,0.3037823736667633
1370,-0.015360899269580841
1371,0.45377302169799805
1372,0.28311610221862793
1373,-0.00145028589759022
1374,0.45915019512176514
1375,0.28420087695121765
1376,0.0017568801995366812
1377,0.4633485972881317
1378,0.4168991148471832
1379,-0.003298693336546421
1380,0.5099376440048218
1381,0.4037306308746338
1382,0.028033901005983353
1383,0.4463355243206024
1384,0.2829645574092865
1385,-0.012325732968747616
1386,0.4686106741428375
1387,0.45996570587158203
1388,0.0029117208905518055
1389,0.44374388456344604
1390,0.3092253506183624
1391,-0.028454814106225967
1392,0.45665648579597473
1393,0.3337017595767975
1394,-0.021578695625066757
1395,0.4559178054332733
1396,0.4687288999557495
1397,-0.0006705907871946692
1398,0.4859580993652344
1399,0.43449708819389343
1400,0.008642707020044327
1401,0.4738130271434784
1402,0.36563023924827576
1403,-0.005267259664833546
1404,0.47854262590408325
1405,0.4486546218395233
1406,0.00617106631398201
1407,0.4911501109600067
1408,0.36409229040145874
1409,-0.001630993327125907
1410,0.48093435168266296
1411,0.3783671259880066
1412,-0.003736197715625167
1413,0.4978930652141571
1414,0.38392752408981323
1415,0.005607247352600098
1416,0.4593049883842468
1417,0.482577383518219
1418,0.0002313982113264501
1419,0.4620438516139984
1420,0.3403220772743225
1421,-0.015255702659487724
1422,0.49357280135154724
1423,0.4431755542755127
1424,0.017414722591638565
1425,0.4839264452457428
1426,0.45840755105018616
1427,0.013388675637543201
1428,0.49113398790359497
1429,0.41826173663139343
1430,0.008582917973399162
1431,0.5170248746871948
1432,0.38805025815963745
1433,0.03469137102365494
1434,0.5010876059532166
1435,0.4188882112503052
1436,0.017336182296276093
1437,0.5218068361282349
1438,0.397022545337677
1439,0.05454721301794052
1440,0.48696082830429077
1441,0.3952491879463196
1442,0.00021697745251003653
1443,0.455807626247406
1444,0.32310470938682556
1445,-0.016135577112436295
1446,0.4562477171421051
1447,0.35624486207962036
1448,-0.033626023679971695
1449,0.46195581555366516
1450,0.3593374788761139
1451,-0.024260707199573517
1452,0.4522053897380829
1453,0.34883183240890503
1454,-0.04014645889401436
1455,0.45993104577064514
1456,0.2745572626590729
1457,-0.004460116382688284
1458,0.4731887876987457
1459,0.2687108814716339
1460,-0.006624132394790649
1461,0.4848899245262146
1462,0.2672305107116699
1463,-0.006398697383701801
1464,0.49468758702278137
1465,0.26836368441581726
1466,-0.0029982493724673986
1467,0.5015320777893066
1468,0.2725772261619568
1469,0.0024864294100552797
1470,0.5064981579780579
1471,0.2910791337490082
1472,0.016234859824180603
1473,0.5288978815078735
1474,0.32009753584861755
1475,0.05460888892412186
1476,0.5005171298980713
1477,0.30701449513435364
1478,0.010428113862872124
1479,0.4921664595603943
1480,0.31056004762649536
1481,0.00541264470666647
1482,0.48143449425697327
1483,0.3105827271938324
1484,0.0020137690007686615
1485,0.47110795974731445
1486,0.30773329734802246
1487,0.0009384320583194494
1488,0.46311241388320923
1489,0.3038485646247864
1490,0.00022137085034046322
1491,0.457522451877594
1492,0.3000796437263489
1493,-0.00020101474365219474
1494,0.5285792350769043
1495,0.32092440128326416
1496,0.08631129562854767
1497,0.46173471212387085
1498,0.3626856803894043
1499,-0.01998469978570938
1500,0.45016539096832275
1501,0.3258441090583801
1502,-0.028585711494088173
1503,0.4499911367893219
1504,0.35726192593574524
1505,-0.04018697515130043
1506,0.44558006525039673
1507,0.36327120661735535
1508,-0.0366157665848732
1509,0.4501260221004486
1510,0.3590078055858612
1511,-0.03599881753325462
1512,0.45929810404777527
1513,0.36675113439559937
1514,-0.017008088529109955
1515,0.4440120756626129
1516,0.36460214853286743
1517,-0.038757339119911194
1518,0.4434409737586975
1519,0.3670215308666229
1520,-0.02866753749549389
1521,0.45779865980148315
1522,0.2908197343349457
1523,0.0036371611058712006
1524,0.4529648721218109
1525,0.29401353001594543
1526,-0.0014610257931053638
1527,0.4504203796386719
1528,0.2960459589958191
1529,-0.007589671295136213
1530,0.4961516559123993
1531,0.286032497882843
1532,0.00786991324275732
1533,0.5003888010978699
1534,0.28168919682502747
1535,0.007983457297086716
1536,0.0
1537,0.0
1538,0.0
1539,0.0
1540,0.0
1541,0.0
1542,0.0
1543,0.0
1544,0.0
1545,0.0
1546,0.0
1547,0.0
1548,0.0
1549,0.0
1550,0.0
1551,0.0
1552,0.0
1553,0.0
1554,0.0
1555,0.0
1556,0.0
1557,0.0
1558,0.0
1559,0.0
1560,0.0
1561,0.0
1562,0.0
1563,0.0
1564,0.0
1565,0.0
1566,0.0
1567,0.0
1568,0.0
1569,0.0
1570,0.0
1571,0.0
1572,0.0
1573,0.0
1574,0.0
1575,0.0
1576,0.0
1577,0.0
1578,0.0
1579,0.0
1580,0.0
1581,0.0
1582,0.0
1583,0.0
1584,0.0
1585,0.0
1586,0.0
1587,0.0
1588,0.0
1589,0.0
1590,0.0
1591,0.0
1592,0.0
1593,0.0
1594,0.0
1595,0.0
1596,0.0
1597,0.0
1598,0.0
1599,0.09609528630971909
1600,0.5650303363800049
1601,2.7195068241780973e-07
1602,0.15527647733688354
1603,0.5139469504356384
1604,-0.01633790321648121
1605,0.17939136922359467
1606,0.4257338047027588
1607,-0.017152495682239532
1608,0.18351280689239502
1609,0.3525770306587219
1610,-0.018536806106567383
1611,0.19546730816364288
1612,0.2979709208011627
1613,-0.020196640864014626
1614,0.13186557590961456
1615,0.32733866572380066
1616,0.0029729995876550674
1617,0.12980540096759796
1618,0.24120178818702698
1619,-0.00975221861153841
1620,0.1264076977968216
1621,0.18691349029541016
1622,-0.023262521252036095
1623,0.12197009474039078
1624,0.13800543546676636
1625,-0.03413041681051254
1626,0.09914112091064453
1627,0.32265448570251465
1628,-0.0013616849901154637
1629,0.09580271691083908
1630,0.22435469925403595
1631,-0.014035378582775593
1632,0.09305855631828308
1633,0.1591605693101883
1634,-0.02842390350997448
1635,0.08948022127151489
1636,0.10137265920639038
1637,-0.03911615535616875
1638,0.06924377381801605
1639,0.336032509803772
1640,-0.009769834578037262
1641,0.06374876946210861
1642,0.23952198028564453
1643,-0.025276100262999535
1644,0.06181437149643898
1645,0.17908643186092377
1646,-0.03762520104646683
1647,0.05932353064417839
1648,0.12606267631053925
1649,-0.045565832406282425
1650,0.038509465754032135
1651,0.3645178973674774
1652,-0.02023601159453392
1653,0.031121760606765747
1654,0.288276731967926
1655,-0.036079369485378265
1656,0.03122769296169281
1657,0.23815280199050903
1658,-0.044093433767557144
1659,0.033230848610401154
1660,0.1902642697095871
1661,-0.04904022440314293
