,0
0,0.4542570114135742
1,0.5930315852165222
2,-2.296431064605713
3,0.9997434616088867
4,0.5046387314796448
5,0.47734248638153076
6,-2.193718910217285
7,0.9996834397315979
8,0.5299991369247437
9,0.47183576226234436
10,-2.1935853958129883
11,0.999703049659729
12,0.5522168874740601
13,0.4667697846889496
14,-2.1934421062469482
15,0.9996489882469177
16,0.4133950173854828
17,0.4808952212333679
18,-2.1724743843078613
19,0.9996269941329956
20,0.3850852847099304
21,0.4782730042934418
22,-2.1721417903900146
23,0.9996141791343689
24,0.36208412051200867
25,0.47558680176734924
26,-2.1723859310150146
27,0.9996206164360046
28,0.5921155214309692
29,0.49009767174720764
30,-1.5237715244293213
31,0.9997272491455078
32,0.3431287109851837
33,0.502607524394989
34,-1.395322561264038
35,0.9996584057807922
36,0.5085397362709045
37,0.6923410296440125
38,-2.041038751602173
39,0.9996589422225952
40,0.3961784541606903
41,0.685856282711029
42,-2.008352518081665
43,0.9996258616447449
44,0.7640787363052368
45,0.9654940366744995
46,-1.219832181930542
47,0.9898378252983093
48,0.192430779337883
49,0.9415627121925354
50,-1.0035874843597412
51,0.9886370301246643
52,0.9264370203018188
53,1.5136561393737793
54,-2.571171522140503
55,0.6030860543251038
56,-0.02369200810790062
57,1.4449386596679688
58,-2.0832247734069824
59,0.8019896149635315
60,0.7701689004898071
61,0.8747626543045044
62,-3.5442638397216797
63,0.9119644165039062
64,0.1290370523929596
65,0.8216711282730103
66,-3.2779555320739746
67,0.9371383786201477
68,0.7385998964309692
69,0.6684819459915161
70,-3.7385640144348145
71,0.8823124170303345
72,0.19571536779403687
73,0.611916720867157
74,-3.515314817428589
75,0.8999525308609009
76,0.7320078611373901
77,0.6097350716590881
78,-3.5137100219726562
79,0.8937395215034485
80,0.21793758869171143
81,0.5779001116752625
82,-3.336350917816162
83,0.9132063388824463
84,0.7087442874908447
85,0.6840614676475525
86,-3.4885826110839844
87,0.8705211281776428
88,0.21462540328502655
89,0.6424193978309631
90,-3.2525508403778076
91,0.8950516581535339
92,0.6480745077133179
93,2.045886993408203
94,-0.12768873572349548
95,0.0047059194184839725
96,0.23284867405891418
97,2.0367953777313232
98,0.1335599571466446
99,0.005032487213611603
100,0.6571558713912964
101,2.9377083778381348
102,-0.48930758237838745
103,0.011674829758703709
104,0.2989639639854431
105,2.8811707496643066
106,-0.47802844643592834
107,0.0059087867848575115
108,0.673742413520813
109,3.6946537494659424
110,0.5926560163497925
111,0.00022149148571770638
112,0.32456743717193604
113,3.6618149280548096
114,0.19967858493328094
115,6.960669998079538e-05
116,0.6805905103683472
117,3.815659999847412
118,0.6450772285461426
119,0.00011726781667675823
120,0.32018738985061646
121,3.794879198074341
122,0.24793961644172668
123,7.692591316299513e-05
124,0.6259115934371948
125,3.9743399620056152
126,-0.31969600915908813
127,0.0002631568058859557
128,0.3891182243824005
129,3.9229214191436768
130,-0.7347757816314697
131,0.0006815590313635767
132,0.45284315943717957
133,0.6928452849388123
134,-0.020325955003499985
135,0.44556790590286255
136,0.638316810131073
137,-0.06730400025844574
138,0.44943997263908386
139,0.6492664217948914
140,-0.02854251116514206
141,0.4322657585144043
142,0.5723716616630554
143,-0.06035313755273819
144,0.4441045820713043
145,0.6207287907600403
146,-0.07496275752782822
147,0.44349023699760437
148,0.5939137935638428
149,-0.07432147115468979
150,0.443631649017334
151,0.5228720903396606
152,-0.053197670727968216
153,0.3544095456600189
154,0.5028378367424011
155,0.00714352959766984
156,0.4424223303794861
157,0.4762446880340576
158,-0.05471719801425934
159,0.4410897195339203
160,0.4521237015724182
161,-0.06348765641450882
162,0.4368896484375
163,0.3459656834602356
164,-0.07059668004512787
165,0.45367908477783203
166,0.7021591663360596
167,-0.016739100217819214
168,0.45477139949798584
169,0.7084964513778687
170,-0.010998202487826347
171,0.4557591378688812
172,0.7100866436958313
173,-0.0041669937781989574
174,0.45607873797416687
175,0.716684103012085
176,0.0005813147872686386
177,0.4564828872680664
178,0.7263959646224976
179,-6.234368629520759e-05
180,0.4572177529335022
181,0.7375909090042114
182,-0.0006381688872352242
183,0.4583739936351776
184,0.748199462890625
185,0.003615624736994505
186,0.4607117772102356
187,0.757312536239624
188,0.019857218489050865
189,0.4468717575073242
190,0.645175576210022
191,-0.05893373489379883
192,0.43402913212776184
193,0.6407756805419922
194,-0.03891979530453682
195,0.314220130443573
196,0.418859601020813
197,0.05318011716008186
198,0.39491355419158936
199,0.5183631777763367
200,-0.006163699086755514
201,0.38265031576156616
202,0.520530641078949
203,-0.004003151785582304
204,0.36995139718055725
205,0.5209654569625854
206,0.00023864710237830877
207,0.35158467292785645
208,0.508014440536499
209,0.010921637527644634
210,0.4041394591331482
211,0.5142846703529358
212,-0.007239339407533407
213,0.3696039319038391
214,0.4771437644958496
215,-0.017122700810432434
216,0.38452354073524475
217,0.47804009914398193
218,-0.019190479069948196
219,0.35686352849006653
220,0.4792235791683197
221,-0.011394810862839222
222,0.34936201572418213
223,0.48405131697654724
224,-0.004706013016402721
225,0.34441304206848145
226,0.5205603837966919
227,0.020084578543901443
228,0.41605615615844727
229,0.7710959911346436
230,0.04871637001633644
231,0.3486682176589966
232,0.49693793058395386
233,0.010585111565887928
234,0.3160144090652466
235,0.49842536449432373
236,0.07856225222349167
237,0.3307136297225952
238,0.5059225559234619
239,0.031047729775309563
240,0.386279821395874
241,0.6042420864105225
242,-0.0012924853945150971
243,0.43537601828575134
244,0.6891294121742249
245,-0.017535367980599403
246,0.44042858481407166
247,0.707797646522522
248,-0.007504214998334646
249,0.4192335903644562
250,0.6924325823783875
251,-0.006561469752341509
252,0.41094380617141724
253,0.6967645287513733
254,0.006552672944962978
255,0.4285008907318115
256,0.7066786289215088
257,-0.00035279872827231884
258,0.42023372650146484
259,0.7064143419265747
260,0.010876919142901897
261,0.3986818194389343
262,0.7188032269477844
263,0.03734041377902031
264,0.4342343211174011
265,0.6375036239624023
266,-0.06543736159801483
267,0.4308226406574249
268,0.6208285689353943
269,-0.07245571166276932
270,0.3312597870826721
271,0.46848762035369873
272,-0.006422640290111303
273,0.4085797667503357
274,0.5560166239738464
275,-0.015741975978016853
276,0.4034622609615326
277,0.6232794523239136
278,-0.030256545171141624
279,0.4028255045413971
280,0.6117623448371887
281,-0.027565788477659225
282,0.35347801446914673
283,0.5973802804946899
284,0.0179196335375309
285,0.43104368448257446
286,0.5954893231391907
287,-0.06878745555877686
288,0.35662075877189636
289,0.4583451449871063
290,-0.03621508926153183
291,0.3405335545539856
292,0.46050745248794556
293,-0.02347097359597683
294,0.31990158557891846
295,0.39279690384864807
296,0.018916109576821327
297,0.41363945603370667
298,0.4744681715965271
299,-0.0491001158952713
300,0.39755871891975403
301,0.482988178730011
302,-0.015348372049629688
303,0.3882441222667694
304,0.701359212398529
305,0.03740967437624931
306,0.3476855158805847
307,0.6513219475746155
308,0.15631482005119324
309,0.41374671459198
310,0.6330187320709229
311,-0.024078164249658585
312,0.4252810776233673
313,0.6398839354515076
314,-0.025425923988223076
315,0.40100914239883423
316,0.7052069902420044
317,0.03507886081933975
318,0.4073524475097656
319,0.7050769329071045
320,0.030559705570340157
321,0.33395329117774963
322,0.4468759298324585
323,-0.01942260004580021
324,0.40414363145828247
325,0.629100501537323
326,-0.021310273557901382
327,0.38006922602653503
328,0.4618843197822571
329,-0.045185528695583344
330,0.3764393627643585
331,0.44691288471221924
332,-0.051376037299633026
333,0.3608616292476654
334,0.3582310676574707
335,-0.044550225138664246
336,0.3271324634552002
337,0.419497013092041
338,-0.0032205565366894007
339,0.3700036406517029
340,0.40188100934028625
341,-0.049191929399967194
342,0.32468903064727783
343,0.45741820335388184
344,0.003187461756169796
345,0.3195067048072815
346,0.4393240809440613
347,0.026424245908856392
348,0.4376036822795868
349,0.7002997994422913
350,-0.013912010006606579
351,0.4243042469024658
352,0.7014297842979431
353,-0.0037959881592541933
354,0.4154778718948364
355,0.7021586894989014
356,0.007733352016657591
357,0.4174119234085083
358,0.6362001299858093
359,-0.02178218588232994
360,0.4042244851589203
361,0.7056369781494141
362,0.03239135816693306
363,0.40962105989456177
364,0.7119091749191284
365,0.025471121072769165
366,0.40902408957481384
367,0.703499436378479
368,0.02984330989420414
369,0.4198174476623535
370,0.6310840249061584
371,-0.04471546784043312
372,0.4236976206302643
373,0.7047529220581055
374,0.013167345896363258
375,0.4323267638683319
376,0.7069058418273926
377,0.005357218440622091
378,0.4433169960975647
379,0.7089930772781372
380,-0.0010368896182626486
381,0.4426940977573395
382,0.7564032673835754
383,0.022114241495728493
384,0.44059181213378906
385,0.7461615800857544
386,0.006012194789946079
387,0.44048231840133667
388,0.7354869842529297
389,0.002230321988463402
390,0.44115832448005676
391,0.7238520979881287
392,0.00291055697016418
393,0.4424121379852295
394,0.7157784104347229
395,0.003775017336010933
396,0.42187535762786865
397,0.7103602290153503
398,0.016514217481017113
399,0.419641375541687
400,0.713731050491333
401,0.015422348864376545
402,0.416353315114975
403,0.7193511128425598
404,0.015801064670085907
405,0.41402140259742737
406,0.7250531911849976
407,0.019747773185372353
408,0.39888882637023926
409,0.6740864515304565
410,0.007275836542248726
411,0.32829952239990234
412,0.5630239844322205
413,0.15357480943202972
414,0.4479675590991974
415,0.6461780071258545
416,-0.039466843008995056
417,0.41628724336624146
418,0.7076942920684814
419,0.024677585810422897
420,0.4130399525165558
421,0.7097010612487793
422,0.024209920316934586
423,0.43084824085235596
424,0.6485520005226135
425,-0.023648561909794807
426,0.40981724858283997
427,0.6391206383705139
428,-0.010172408074140549
429,0.4281025826931
430,0.6445020437240601
431,-0.025182833895087242
432,0.3974464535713196
433,0.5652160048484802
434,-0.007259448990225792
435,0.3789745569229126
436,0.5780314803123474
437,0.00030340225202962756
438,0.40208616852760315
439,0.6179307699203491
440,-0.018414974212646484
441,0.3340027332305908
442,0.372352659702301
443,-0.014825991354882717
444,0.3428352475166321
445,0.4062436819076538
446,-0.02756122499704361
447,0.35139450430870056
448,0.44258323311805725
449,-0.03689585626125336
450,0.4108869433403015
451,0.7326273918151855
452,0.03246694058179855
453,0.4074103832244873
454,0.45179831981658936
455,-0.05959700420498848
456,0.40112757682800293
457,0.40024590492248535
458,-0.06236405670642853
459,0.3941364884376526
460,0.34998762607574463
461,-0.06287992000579834
462,0.3584684729576111
463,0.516657829284668
464,0.006045471411198378
465,0.33362728357315063
466,0.5329956412315369
467,0.03117450326681137
468,0.4096130132675171
469,0.5105113983154297
470,-0.006963285151869059
471,0.3388793170452118
472,0.48751527070999146
473,0.006954191718250513
474,0.41619980335235596
475,0.5461269021034241
476,-0.023732639849185944
477,0.41049543023109436
478,0.6201491355895996
479,-0.04553302749991417
480,0.3238709568977356
481,0.5415239334106445
482,0.05014246329665184
483,0.34198248386383057
484,0.5490517616271973
485,0.021973883733153343
486,0.3576621413230896
487,0.5585287809371948
488,0.010213813744485378
489,0.3810265362262726
490,0.5552213191986084
491,0.0014229848748072982
492,0.3973234295845032
493,0.5467865467071533
494,-0.004373439121991396
495,0.40838634967803955
496,0.5392088890075684
497,-0.011413644067943096
498,0.43124526739120483
499,0.527011513710022
500,-0.04595306143164635
501,0.3288714587688446
502,0.5802646279335022
503,0.055320028215646744
504,0.32988715171813965
505,0.48435914516448975
506,0.012615981511771679
507,0.4398841857910156
508,0.6445732712745667
509,-0.05747191607952118
510,0.40903496742248535
511,0.5773721933364868
512,-0.01687891222536564
513,0.31730613112449646
514,0.48607558012008667
515,0.1220889687538147
516,0.4167884588241577
517,0.5315278172492981
518,-0.01683145947754383
519,0.4022161364555359
520,0.6160635948181152
521,-0.004717607516795397
522,0.34586262702941895
523,0.49724772572517395
524,0.013505546376109123
525,0.40988391637802124
526,0.6060367226600647
527,-0.042522311210632324
528,0.3360349237918854
529,0.6053435802459717
530,0.15842650830745697
531,0.4082610011100769
532,0.5037188529968262
533,-0.005127730313688517
534,0.42001309990882874
535,0.599361002445221
536,-0.05845331400632858
537,0.3693777918815613
538,0.7138528227806091
539,0.09365110099315643
540,0.37485605478286743
541,0.7244012355804443
542,0.12175165116786957
543,0.32320913672447205
544,0.573062002658844
545,0.10455874353647232
546,0.3550351560115814
547,0.6847227215766907
548,0.10569090396165848
549,0.31715959310531616
550,0.4653358459472656
551,0.05543304607272148
552,0.4161640405654907
553,0.7846851944923401
554,0.061523955315351486
555,0.44214582443237305
556,0.6456167697906494
557,-0.03819802775979042
558,0.3995378613471985
559,0.5894571542739868
560,-0.008124248124659061
561,0.32282108068466187
562,0.5064430832862854
563,0.04559829831123352
564,0.36924344301223755
565,0.5099065899848938
566,-0.00029856408946216106
567,0.3812781870365143
568,0.5104371309280396
569,-0.0041892086155712605
570,0.4063860774040222
571,0.7142382860183716
572,0.02884729951620102
573,0.3354426622390747
574,0.6144852042198181
575,0.06901656091213226
576,0.4408225417137146
577,0.8078503012657166
578,0.0689196065068245
579,0.40573012828826904
580,0.7745669484138489
581,0.09222126752138138
582,0.39170873165130615
583,0.7534340620040894
584,0.10520777851343155
585,0.43883466720581055
586,0.398139625787735
587,-0.06835336238145828
588,0.46736952662467957
589,0.812348484992981
590,0.0635237991809845
591,0.3918462097644806
592,0.5083423256874084
593,-0.006163987796753645
594,0.40115082263946533
595,0.5051639080047607
596,-0.005981259047985077
597,0.40644145011901855
598,0.5041385889053345
599,-0.0046667358838021755
600,0.32281896471977234
601,0.4774351119995117
602,0.025386348366737366
603,0.3964318037033081
604,0.4909307360649109
605,-0.010469798929989338
606,0.38481375575065613
607,0.4856402575969696
608,-0.012695809826254845
609,0.3724662959575653
610,0.48503679037094116
611,-0.01090299803763628
612,0.36065590381622314
613,0.4878501892089844
614,-0.0062993960455060005
615,0.35404807329177856
616,0.4922115206718445
617,-0.0008547849720343947
618,0.31341928243637085
619,0.44810009002685547
620,0.08952254801988602
621,0.3607102930545807
622,0.5068950057029724
623,0.0038358154706656933
624,0.45091167092323303
625,0.6623818278312683
626,-0.02287483960390091
627,0.40721115469932556
628,0.6654412746429443
629,-0.0041150255128741264
630,0.4129837155342102
631,0.6313270926475525
632,-0.030736906453967094
633,0.4315297305583954
634,0.6638853549957275
635,-0.019637223333120346
636,0.44355884194374084
637,0.4967780113220215
638,-0.04898928850889206
639,0.38473987579345703
640,0.7407216429710388
641,0.0850144550204277
642,0.3997744023799896
643,0.7621408700942993
644,0.07451511174440384
645,0.4377251863479614
646,0.8017013669013977
647,0.04944934695959091
648,0.3610461950302124
649,0.6918293833732605
650,0.14124983549118042
651,0.4042469561100006
652,0.4989219903945923
653,-0.007646733894944191
654,0.42329689860343933
655,0.5582185983657837
656,-0.0420198068022728
657,0.4656011462211609
658,0.8063110709190369
659,0.04469478130340576
660,0.42131099104881287
661,0.7940551042556763
662,0.07846388965845108
663,0.3310791254043579
664,0.6110665798187256
665,0.11242254823446274
666,0.4310007393360138
667,0.713436484336853
668,0.009638585150241852
669,0.4289029836654663
670,0.719372570514679
671,0.008580350317060947
672,0.42671912908554077
673,0.7280279994010925
674,0.008783424273133278
675,0.42564281821250916
676,0.7377445101737976
677,0.01269806083291769
678,0.4248237907886505
679,0.7462157011032104
680,0.02621193416416645
681,0.4127907454967499
682,0.7054542303085327
683,0.020991208031773567
684,0.40840548276901245
685,0.703696072101593
686,0.0212123803794384
687,0.40431877970695496
688,0.7002333998680115
689,0.020820314064621925
690,0.39190685749053955
691,0.6868013143539429
692,0.021569106727838516
693,0.3497428894042969
694,0.6314932703971863
695,0.04248783364892006
696,0.4237523376941681
697,0.5356501936912537
698,-0.03398305922746658
699,0.41679444909095764
700,0.4956125020980835
701,-0.018806181848049164
702,0.40924257040023804
703,0.4953252077102661
704,-0.01239394024014473
705,0.41628921031951904
706,0.7028306722640991
707,0.02251870557665825
708,0.354439377784729
709,0.6684556603431702
710,0.07352297753095627
711,0.42687344551086426
712,0.4989474415779114
713,-0.03719605877995491
714,0.42013823986053467
715,0.7571166157722473
716,0.03833742439746857
717,0.4435802400112152
718,0.56988126039505
719,-0.06654275953769684
720,0.4314747452735901
721,0.5509777069091797
722,-0.05495739355683327
723,0.44363462924957275
724,0.5473336577415466
725,-0.05959761142730713
726,0.41480985283851624
727,0.5869717597961426
728,-0.03476672247052193
729,0.46382248401641846
730,0.7920476198196411
731,0.032652176916599274
732,0.4621101915836334
733,0.7730350494384766
734,0.026859290897846222
735,0.44023627042770386
736,0.7705593109130859
737,0.031147951260209084
738,0.3896898031234741
739,0.7206010818481445
740,0.0476444810628891
741,0.39395368099212646
742,0.6298766732215881
743,0.0021096165291965008
744,0.40367886424064636
745,0.7403730154037476
746,0.04446667432785034
747,0.3703620731830597
748,0.624934196472168
749,0.010682397522032261
750,0.38614532351493835
751,0.6479228734970093
752,0.010409374721348286
753,0.36425715684890747
754,0.6507805585861206
755,0.029453422874212265
756,0.43751460313796997
757,0.7881968021392822
758,0.0377943329513073
759,0.408204585313797
760,0.594135046005249
761,-0.021875113248825073
762,0.3832553029060364
763,0.7281433343887329
764,0.064577616751194
765,0.3994750380516052
766,0.7498986721038818
767,0.05943138152360916
768,0.37865495681762695
769,0.6987029910087585
770,0.04478726163506508
771,0.34256529808044434
772,0.6428898572921753
773,0.08109283447265625
774,0.36761826276779175
775,0.6943314075469971
776,0.05931505188345909
777,0.34087297320365906
778,0.6474714279174805
779,0.11629567295312881
780,0.3802242577075958
781,0.6698964238166809
782,0.023162072524428368
783,0.41616204380989075
784,0.5674203634262085
785,-0.028626175597310066
786,0.4151601791381836
787,0.6286227703094482
788,-0.04788719490170479
789,0.40756645798683167
790,0.6297121047973633
791,-0.031309016048908234
792,0.41983532905578613
793,0.6200011968612671
794,-0.05984625592827797
795,0.40533021092414856
796,0.4824100732803345
797,-0.025049051269888878
798,0.38323524594306946
799,0.47380098700523376
800,-0.028005950152873993
801,0.3644152581691742
802,0.4715564250946045
803,-0.025243496522307396
804,0.34996700286865234
805,0.4726373553276062
806,-0.01750321127474308
807,0.3413853347301483
808,0.47763317823410034
809,-0.007459660526365042
810,0.33984729647636414
811,0.5018339157104492
812,0.019762882962822914
813,0.31795746088027954
814,0.5356285572052002
815,0.09272747486829758
816,0.351386696100235
817,0.5300095081329346
818,0.014833440072834492
819,0.36489033699035645
820,0.5370222926139832
821,0.006543428171426058
822,0.38159605860710144
823,0.5361952781677246
824,-7.43575583328493e-05
825,0.39654994010925293
826,0.5310673117637634
827,-0.003993886988610029
828,0.40706536173820496
829,0.5256736874580383
830,-0.007896463386714458
831,0.4143577814102173
832,0.5213012099266052
833,-0.010415379889309406
834,0.3232388198375702
835,0.5235965251922607
836,0.14195282757282257
837,0.40874606370925903
838,0.6329751014709473
839,-0.023951275274157524
840,0.42276468873023987
841,0.5783981084823608
842,-0.0482301227748394
843,0.42450588941574097
844,0.6329807043075562
845,-0.05886456370353699
846,0.433015912771225
847,0.6398569345474243
848,-0.052154216915369034
849,0.42509725689888
850,0.6337335705757141
851,-0.05176425352692604
852,0.4130525588989258
853,0.6378007531166077
854,-0.018737593665719032
855,0.4355972707271576
856,0.6426622271537781
857,-0.055534664541482925
858,0.43744051456451416
859,0.6440353393554688
860,-0.038501571863889694
861,0.4126325845718384
862,0.5061825513839722
863,-0.00752877164632082
864,0.41979286074638367
865,0.5128804445266724
866,-0.015572910197079182
867,0.42316317558288574
868,0.5189808011054993
869,-0.024522945284843445
870,0.3507007956504822
871,0.49521374702453613
872,0.00416547292843461
873,0.34479063749313354
874,0.4889473617076874
875,0.004253392573446035
876,0.45625248551368713
877,0.5710510611534119
878,-0.06288954615592957
879,0.5459753274917603
880,0.4920058846473694
881,-0.01146775484085083
882,0.46203377842903137
883,0.6395363807678223
884,-0.04087933525443077
885,0.5944517850875854
886,0.398762583732605
887,0.024557486176490784
888,0.504075825214386
889,0.5121886730194092
890,-0.018289243802428246
891,0.5176207423210144
892,0.5128753185272217
893,-0.018497146666049957
894,0.5314720869064331
895,0.5115571618080139
896,-0.01660322956740856
897,0.5509697794914246
898,0.4967256784439087
899,-0.008788090199232101
900,0.49317196011543274
901,0.509235680103302
902,-0.016764698550105095
903,0.5257135033607483
904,0.4666343629360199
905,-0.03254886344075203
906,0.5101050138473511
907,0.46931779384613037
908,-0.03133051097393036
909,0.5396707057952881
910,0.4675039052963257
911,-0.02911602146923542
912,0.5489044189453125
913,0.4717416763305664
914,-0.023862672969698906
915,0.5615710020065308
916,0.507684051990509
917,-0.001114187529310584
918,0.5137386322021484
919,0.7687682509422302
920,0.04057340323925018
921,0.5521476864814758
922,0.4853878617286682
923,-0.008918030187487602
924,0.6015301942825317
925,0.47986897826194763
926,0.04976353421807289
927,0.5772590041160583
928,0.4906775951385498
929,0.00720067135989666
930,0.5195807814598083
931,0.5972403883934021
932,-0.013114424422383308
933,0.4710172116756439
934,0.6878318786621094
935,-0.020656488835811615
936,0.47058120369911194
937,0.7066887021064758
938,-0.010305123403668404
939,0.4908875823020935
940,0.6901345252990723
941,-0.012965960428118706
942,0.5032781362533569
943,0.6934358477592468
944,-0.002281305380165577
945,0.4846857786178589
946,0.7046405673027039
947,-0.006032086443156004
948,0.49545907974243164
949,0.7033381462097168
950,0.003434965619817376
951,0.5242394804954529
952,0.7138042449951172
953,0.026331884786486626
954,0.4573977291584015
955,0.6362922787666321
956,-0.06712344288825989
957,0.4583621323108673
958,0.6193551421165466
959,-0.0743875727057457
960,0.567843496799469
961,0.45260298252105713
962,-0.02888476476073265
963,0.4902171492576599
964,0.5513955950737
965,-0.023833472281694412
966,0.49499577283859253
967,0.6192595958709717
968,-0.03759581595659256
969,0.49603891372680664
970,0.6074752807617188
971,-0.035207197070121765
972,0.5584661960601807
973,0.5863397121429443
974,-0.0015840546693652868
975,0.45704910159111023
976,0.5941148400306702
977,-0.07125287503004074
978,0.5340911149978638
979,0.4448775053024292
980,-0.05131925269961357
981,0.5540428757667542
982,0.44534948468208313
983,-0.042797744274139404
984,0.5803436040878296
985,0.3733155131340027
986,-0.006810514256358147
987,0.47272470593452454
988,0.4699670374393463
989,-0.05401343107223511
990,0.496936172246933
991,0.4762055575847626
992,-0.025228187441825867
993,0.532848596572876
994,0.6951884031295776
995,0.02427954599261284
996,0.5934102535247803
997,0.6404725313186646
998,0.13040415942668915
999,0.4853947162628174
1000,0.6300813555717468
1001,-0.02957313135266304
1002,0.4737171232700348
1003,0.6377462148666382
1004,-0.02816467545926571
1005,0.5191828012466431
1006,0.6999127268791199
1007,0.02343694120645523
1008,0.5125204920768738
1009,0.7003025412559509
1010,0.020302480086684227
1011,0.5610918998718262
1012,0.43038156628608704
1013,-0.04006768390536308
1014,0.4966522455215454
1015,0.6251242160797119
1016,-0.02852000668644905
1017,0.507442057132721
1018,0.4520801901817322
1019,-0.05567077919840813
1020,0.5090618133544922
1021,0.43634647130966187
1022,-0.062065962702035904
1023,0.5205368995666504
1024,0.34550344944000244
1025,-0.05904356762766838
1026,0.569982647895813
1027,0.40162086486816406
1028,-0.02619355358183384
1029,0.5126936435699463
1030,0.3905643820762634
1031,-0.06182434782385826
1032,0.5757927298545837
1033,0.44018954038619995
1034,-0.020934496074914932
1035,0.5848883986473083
1036,0.4207894802093506
1037,0.00022512779105454683
1038,0.4710841476917267
1039,0.6990296840667725
1040,-0.01693909242749214
1041,0.48742690682411194
1042,0.6993764042854309
1043,-0.009872842580080032
1044,0.4993572533130646
1045,0.6990411877632141
1046,-0.0002757727343123406
1047,0.4822648763656616
1048,0.6337068676948547
1049,-0.026111207902431488
1050,0.5157787203788757
1051,0.7004987597465515
1052,0.02167639136314392
1053,0.5096487402915955
1054,0.7073986530303955
1055,0.01620502583682537
1056,0.5108801126480103
1057,0.6988801956176758
1058,0.019901322200894356
1059,0.4753916263580322
1060,0.6286755800247192
1061,-0.04969111829996109
1062,0.492904394865036
1063,0.7016246318817139
1064,0.006132925394922495
1065,0.48228538036346436
1066,0.704840898513794
1067,0.00011616767733357847
1068,0.4696648418903351
1069,0.7078850269317627
1070,-0.0038560524117201567
1071,0.47986742854118347
1072,0.7550830245018005
1073,0.019453944638371468
1074,0.47722312808036804
1075,0.7448433637619019
1076,0.0028722218703478575
1077,0.475069135427475
1078,0.7341176271438599
1079,-0.0010446124942973256
1080,0.47278860211372375
1081,0.722615659236908
1082,-0.00020410335855558515
1083,0.4711519479751587
1084,0.7146235704421997
1085,0.00065438641468063
1086,0.4956457018852234
1087,0.7071158289909363
1088,0.0093653853982687
1089,0.49804455041885376
1090,0.7103034257888794
1091,0.008341362699866295
1092,0.5020032525062561
1093,0.7156598567962646
1094,0.008319931104779243
1095,0.5054822564125061
1096,0.7212616205215454
1097,0.011954868212342262
1098,0.5127840638160706
1099,0.6691605448722839
1100,-0.002801760332658887
1101,0.6047276854515076
1102,0.5470879077911377
1103,0.12431243062019348
1104,0.5026568174362183
1105,0.7037992477416992
1106,0.015759427100419998
1107,0.5058475136756897
1108,0.7055491209030151
1109,0.015351824462413788
1110,0.4689711928367615
1111,0.6468173861503601
1112,-0.026274876669049263
1113,0.492912620306015
1114,0.6355870366096497
1115,-0.01577855460345745
1116,0.47119125723838806
1117,0.6425672173500061
1118,-0.02780703827738762
1119,0.5042169094085693
1120,0.5592489242553711
1121,-0.01784709468483925
1122,0.5262816548347473
1123,0.5698177218437195
1124,-0.013763317838311195
1125,0.49906954169273376
1126,0.6134717464447021
1127,-0.02622329071164131
1128,0.5567029714584351
1129,0.3549044132232666
1130,-0.035957206040620804
1131,0.5469197630882263
1132,0.3904016613960266
1133,-0.04599951207637787
1134,0.5381348729133606
1135,0.4281417727470398
1136,-0.0530766062438488
1137,0.5123518109321594
1138,0.7289482951164246
1139,0.023429550230503082
1140,0.47577837109565735
1141,0.4460673928260803
1142,-0.06476066261529922
1143,0.4779241979122162
1144,0.394231915473938
1145,-0.06872257590293884
1146,0.4817887544631958
1147,0.3430420458316803
1148,-0.07021298259496689
1149,0.5439140796661377
1150,0.5059939026832581
1151,-0.012608546763658524
1152,0.5761945247650146
1153,0.51849365234375
1154,0.007593387272208929
1155,0.4864978492259979
1156,0.5062755346298218
1157,-0.01551995612680912
1158,0.562568724155426
1159,0.47366926074028015
1160,-0.014615828171372414
1161,0.47985395789146423
1162,0.5424896478652954
1163,-0.03024691715836525
1164,0.4846312701702118
1165,0.6167053580284119
1166,-0.051550090312957764
1167,0.5908452272415161
1168,0.5257415771484375
1169,0.02366703376173973
1170,0.5667167901992798
1171,0.5358385443687439
1172,-4.0467635699314997e-05
1173,0.5490415096282959
1174,0.5473962426185608
1175,-0.008723215200006962
1176,0.5225228071212769
1177,0.547116756439209
1178,-0.013024094514548779
1179,0.5036388635635376
1180,0.5406391024589539
1181,-0.015384779311716557
1182,0.4901881814002991
1183,0.5345172882080078
1184,-0.019747350364923477
1185,0.458089143037796
1186,0.5253223776817322
1187,-0.04861818999052048
1188,0.5892949104309082
1189,0.5660767555236816
1190,0.02923133410513401
1191,0.5735564231872559
1192,0.46871304512023926
1193,-0.011211899109184742
1194,0.454153835773468
1195,0.6438064575195312
1196,-0.05875888466835022
1197,0.4902576804161072
1198,0.5730648040771484
1199,-0.024556782096624374
1200,0.6058609485626221
1201,0.46667543053627014
1202,0.09180029481649399
1203,0.479312926530838
1204,0.5279107093811035
1205,-0.02326073683798313
1206,0.5006828308105469
1207,0.6114912033081055
1208,-0.012370508164167404
1209,0.5560746192932129
1210,0.48506712913513184
1211,-0.006885634269565344
1212,0.48559319972991943
1213,0.6025131940841675
1214,-0.04859812930226326
1215,0.6013342142105103
1216,0.5916574597358704
1217,0.13063077628612518
1218,0.48774242401123047
1219,0.4994873106479645
1220,-0.013968480750918388
1221,0.4713837504386902
1222,0.5967095494270325
1223,-0.06286782771348953
1224,0.5664925575256348
1225,0.7075473070144653
1226,0.07449901103973389
1227,0.5669949054718018
1228,0.7185925245285034
1229,0.10225939750671387
1230,0.6026861071586609
1231,0.557451605796814
1232,0.07599635422229767
1233,0.5809773802757263
1234,0.6761773824691772
1235,0.08315523713827133
1236,0.5935065150260925
1237,0.44656527042388916
1238,0.027722805738449097
1239,0.5173348188400269
1240,0.7826902866363525
1241,0.052650727331638336
1242,0.4538123905658722
1243,0.6449092626571655
1244,-0.03903556615114212
1245,0.5029974579811096
1246,0.584023118019104
1247,-0.017497004941105843
1248,0.5887112617492676
1249,0.4897266924381256
1250,0.019419370219111443
1251,0.5300037860870361
1252,0.5007213354110718
1253,-0.016654951497912407
1254,0.5173293948173523
1255,0.5026918053627014
1256,-0.018653307110071182
1257,0.5138031244277954
1258,0.7094236612319946
1259,0.018907519057393074
1260,0.5877082347869873
1261,0.601908266544342
1262,0.04390255734324455
1263,0.4948520064353943
1264,0.806826114654541
1265,0.06403888016939163
1266,0.5331215262413025
1267,0.7722344398498535
1268,0.07958079874515533
1269,0.54896479845047
1270,0.750022828578949
1271,0.08940058946609497
1272,0.5060353875160217
1273,0.5018651485443115
1274,-0.018569795414805412
1275,0.49555692076683044
1276,0.49981746077537537
1277,-0.016603579744696617
1278,0.489717960357666
1279,0.4995439648628235
1280,-0.014263803139328957
1281,0.5830901265144348
1282,0.46027570962905884
1283,-7.932665903354064e-05
1284,0.4996974766254425
1285,0.4848594665527344
1286,-0.02157461829483509
1287,0.5120832920074463
1288,0.47789984941482544
1289,-0.02551702968776226
1290,0.5246678590774536
1291,0.4760688245296478
1292,-0.025959579274058342
1293,0.537198543548584
1294,0.4776677191257477
1295,-0.0233344417065382
1296,0.5448060631752014
1297,0.4813951849937439
1298,-0.01908855140209198
1299,0.6021164059638977
1300,0.4280490577220917
1301,0.059803787618875504
1302,0.5391350984573364
1303,0.4968106150627136
1304,-0.01394923496991396
1305,0.5003170967102051
1306,0.6615414023399353
1307,-0.011729350313544273
1308,0.4849660098552704
1309,0.6283305287361145
1310,-0.03589670732617378
1311,0.47162580490112305
1312,0.6621929407119751
1313,-0.022867048159241676
1314,0.5510010123252869
1315,0.7364963889122009
1316,0.06950586289167404
1317,0.5350126624107361
1318,0.7594130039215088
1319,0.06242820620536804
1320,0.49435245990753174
1321,0.8006323575973511
1322,0.04481230676174164
1323,0.5813189148902893
1324,0.6836270093917847
1325,0.11795421689748764
1326,0.49148714542388916
1327,0.4942340552806854
1328,-0.017439372837543488
1329,0.46901553869247437
1330,0.5557116866111755
1331,-0.046410590410232544
1332,0.5155816078186035
1333,0.7924031019210815
1334,0.06921710819005966
1335,0.5993596315383911
1336,0.5976746082305908
1337,0.08528725802898407
1338,0.4843165874481201
1339,0.7111344337463379
1340,0.004181008320301771
1341,0.486984521150589
1342,0.7169276475906372
1343,0.002986721694469452
1344,0.49027299880981445
1345,0.7253592014312744
1346,0.0028545858804136515
1347,0.4930969476699829
1348,0.7349493503570557
1349,0.006735146511346102
1350,0.49823206663131714
1351,0.7437010407447815
1352,0.0197343397885561
1353,0.505406379699707
1354,0.701309323310852
1355,0.011870138347148895
1356,0.5096290707588196
1357,0.6992952823638916
1358,0.011092932894825935
1359,0.5134994983673096
1360,0.6956137418746948
1361,0.010159547440707684
1362,0.524470865726471
1363,0.6809213757514954
1364,0.009232722222805023
1365,0.570008397102356
1366,0.6207794547080994
1367,0.021440058946609497
1368,0.4687590003013611
1369,0.5329411029815674
1370,-0.03861237317323685
1371,0.4757043123245239
1372,0.49193131923675537
1373,-0.024719784036278725
1374,0.48511171340942383
1375,0.490816593170166
1376,-0.02062920667231083
1377,0.5020246505737305
1378,0.6989377737045288
1379,0.013720990158617496
1380,0.5739692449569702
1381,0.6592187285423279
1382,0.05235767364501953
1383,0.46270686388015747
1384,0.4965776801109314
1385,-0.04072853550314903
1386,0.5064435601234436
1387,0.7547421455383301
1388,0.03126777708530426
1389,0.4574793577194214
1390,0.5494528412818909
1391,-0.057250265032052994
1392,0.48111045360565186
1393,0.5835253000259399
1394,-0.04044593125581741
1395,0.48535701632499695
1396,0.7693208456039429
1397,0.02778571844100952
1398,0.5360094904899597
1399,0.7155032157897949
1400,0.0351669043302536
1401,0.5124807953834534
1402,0.6241963505744934
1403,-0.007560932543128729
1404,0.5232914090156555
1405,0.7367473840713501
1406,0.03457150235772133
1407,0.5409730672836304
1408,0.6162964105606079
1409,-0.004428431391716003
1410,0.5247174501419067
1411,0.6412400007247925
1412,-0.001746674650348723
1413,0.5535500645637512
1414,0.6419382691383362
1415,0.01219355221837759
1416,0.491122305393219
1417,0.7869158387184143
1418,0.03338850662112236
1419,0.49094685912132263
1420,0.5899826884269714
1421,-0.02896198257803917
1422,0.546978235244751
1423,0.7232128977775574
1424,0.050087299197912216
1425,0.5310206413269043
1426,0.746711015701294
1427,0.04837600514292717
1428,0.5446523427963257
1429,0.6919191479682922
1430,0.029532181099057198
1431,0.5852270126342773
1432,0.6318308115005493
1433,0.057401444762945175
1434,0.5598767995834351
1435,0.6870707273483276
1436,0.041530538350343704
1437,0.5934300422668457
1438,0.6363537311553955
1439,0.09050844609737396
1440,0.53631991147995
1441,0.6626297831535339
1442,0.008941908366978168
1443,0.4796629548072815
1444,0.5640034079551697
1445,-0.03484240919351578
1446,0.4797725975513458
1447,0.6259219646453857
1448,-0.05335382744669914
1449,0.4908629357814789
1450,0.6263349652290344
1451,-0.0374985933303833
1452,0.4719695448875427
1453,0.617486834526062
1454,-0.06436287611722946
1455,0.48598968982696533
1456,0.4769369959831238
1457,-0.03308586776256561
1458,0.5084425806999207
1459,0.4649624526500702
1460,-0.03930060938000679
1461,0.5283851623535156
1462,0.4602924883365631
1463,-0.04009348154067993
1464,0.5450406670570374
1465,0.4598482549190521
1466,-0.03554926812648773
1467,0.5566010475158691
1468,0.4637848436832428
1469,-0.02762741968035698
1470,0.564935028553009
1471,0.4882405400276184
1472,-0.0020372055005282164
1473,0.6039585471153259
1474,0.5184189677238464
1475,0.0632464736700058
1476,0.5538275837898254
1477,0.5180557370185852
1478,-0.0052820779383182526
1479,0.5391504764556885
1480,0.526770830154419
1481,-0.011075971648097038
1482,0.5204129219055176
1483,0.528179943561554
1484,-0.01436880324035883
1485,0.5034977197647095
1486,0.5249005556106567
1487,-0.015375775285065174
1488,0.49101993441581726
1489,0.520906388759613
1490,-0.016505911946296692
1491,0.4821557104587555
1492,0.5174334645271301
1493,-0.017448443919420242
1494,0.6056032180786133
1495,0.5057519674301147
1496,0.11187006533145905
1497,0.49129045009613037
1498,0.6296095848083496
1499,-0.030034741386771202
1500,0.4689006805419922
1501,0.5759190917015076
1502,-0.05277002230286598
1503,0.468259334564209
1504,0.6309666633605957
1505,-0.0622330904006958
1506,0.46174871921539307
1507,0.6385548710823059
1508,-0.05419090762734413
1509,0.4691254198551178
1510,0.6317195296287537
1511,-0.055340759456157684
1512,0.48800578713417053
1513,0.6347946524620056
1514,-0.023849137127399445
1515,0.458759605884552
1516,0.641537070274353
1517,-0.05711163580417633
1518,0.45867934823036194
1519,0.6429976224899292
1520,-0.03990878537297249
1521,0.48254579305648804
1522,0.5022900700569153
1523,-0.01505315862596035
1524,0.47478219866752625
1525,0.5096936225891113
1526,-0.021059758961200714
1527,0.4702783524990082
1528,0.5161526203155518
1529,-0.029120396822690964
1530,0.5490288734436035
1531,0.48396050930023193
1532,-0.014667229726910591
1533,0.5553002953529358
1534,0.47623389959335327
1535,-0.015839779749512672
1536,0.7500976920127869
1537,0.8738107085227966
1538,7.714560723570685e-08
1539,0.6836738586425781
1540,0.8301900029182434
1541,0.0008882765541784465
1542,0.649761438369751
1543,0.7416848540306091
1544,0.004106910899281502
1545,0.6398586630821228
1546,0.6714089512825012
1547,0.0016668286407366395
1548,0.6219756007194519
1549,0.6193169355392456
1550,-0.0006529844831675291
1551,0.6566838622093201
1552,0.5961741209030151
1553,0.03024573251605034
1554,0.6250344514846802
1555,0.4973929524421692
1556,0.02046165242791176
1557,0.6021490097045898
1558,0.4386538863182068
1559,0.005718275438994169
1560,0.5823783874511719
1561,0.38737523555755615
1562,-0.006293282378464937
1563,0.6839073896408081
1564,0.5787922739982605
1565,0.014750595204532146
1566,0.6491634845733643
1567,0.47180089354515076
1568,0.006103740073740482
1569,0.6204481720924377
1570,0.4060099720954895
1571,-0.010032915510237217
1572,0.5931654572486877
1573,0.3516065180301666
1574,-0.02246367745101452
1575,0.7141830921173096
1576,0.5774343013763428
1577,-0.0045283762738108635
1578,0.6834589242935181
1579,0.46627306938171387
1580,-0.01413457840681076
1581,0.6589442491531372
1582,0.4036928713321686
1583,-0.02455032989382744
1584,0.6342905163764954
1585,0.35358962416648865
1586,-0.03224218264222145
1587,0.7480894327163696
1588,0.5906410217285156
1589,-0.02574058808386326
1590,0.7275358438491821
1591,0.4964050054550171
1592,-0.03492637723684311
1593,0.7093076109886169
1594,0.4368550777435303
1595,-0.03890752047300339
1596,0.6893431544303894
1597,0.3873843550682068
1598,-0.0414256751537323
1599,0.14341090619564056
1600,0.881442666053772
1601,3.5921328844779055e-07
1602,0.21608299016952515
1603,0.8440687656402588
1604,-0.002693003509193659
1605,0.2554163932800293
1606,0.7498164772987366
1607,0.005406971089541912
1608,0.27076417207717896
1609,0.681912899017334
1610,0.008899198845028877
1611,0.28789523243904114
1612,0.6259080171585083
1613,0.012127322144806385
1614,0.23670434951782227
1615,0.6396769881248474
1616,0.0280438382178545
1617,0.27196091413497925
1618,0.5451263189315796
1619,0.015006479807198048
1620,0.301519513130188
1621,0.4833938479423523
1622,0.0010224663419649005
1623,0.32383888959884644
1624,0.42936378717422485
1625,-0.008993208408355713
1626,0.2173253744840622
1627,0.6217091679573059
1628,0.014838325791060925
1629,0.2611650228500366
1630,0.5171172618865967
1631,0.002651587361469865
1632,0.29529616236686707
1633,0.44999271631240845
1634,-0.012425088323652744
1635,0.32462188601493835
1636,0.38923680782318115
1637,-0.022818155586719513
1638,0.192722350358963
1639,0.6140346527099609
1640,-0.0036102391313761473
1641,0.23508699238300323
1642,0.5106841325759888
1643,-0.02004360780119896
1644,0.2707131505012512
1645,0.44322752952575684
1646,-0.034419406205415726
1647,0.3023208677768707
1648,0.38435229659080505
1649,-0.04283851012587547
1650,0.16075211763381958
1651,0.6151071786880493
1652,-0.023523207753896713
1653,0.1865271031856537
1654,0.5236958861351013
1655,-0.03902527317404747
1656,0.21393921971321106
1657,0.46667149662971497
1658,-0.04661349579691887
1659,0.2428603321313858
1660,0.4180854558944702
1661,-0.05122560262680054
