,0
0,0.44283851981163025
1,0.34484532475471497
2,-0.6690817475318909
3,0.9999029636383057
4,0.4632995128631592
5,0.2886908948421478
6,-0.6040893197059631
7,0.9998128414154053
8,0.4760696291923523
9,0.29044586420059204
10,-0.604106068611145
11,0.9998412132263184
12,0.48920074105262756
13,0.292811781167984
14,-0.6034613251686096
15,0.9997748732566833
16,0.4145568013191223
17,0.2854434847831726
18,-0.6150553226470947
19,0.9998399615287781
20,0.39535248279571533
21,0.284727543592453
22,-0.6148146986961365
23,0.9998731017112732
24,0.3784838020801544
25,0.28420743346214294
26,-0.6152291297912598
27,0.9998626708984375
28,0.5085307359695435
29,0.32360565662384033
30,-0.209329292178154
31,0.999784529209137
32,0.3501037061214447
33,0.31278955936431885
34,-0.24244239926338196
35,0.9998994469642639
36,0.46793872117996216
37,0.4108548164367676
38,-0.5238593220710754
39,0.9998255372047424
40,0.4051377773284912
41,0.40692242980003357
42,-0.5339211225509644
43,0.9998775720596313
44,0.6303009986877441
45,0.6446459889411926
46,0.027701515704393387
47,0.998386561870575
48,0.23169608414173126
49,0.6457157731056213
50,-0.1360517144203186
51,0.9991471171379089
52,0.7335870265960693
53,0.985592246055603
54,-0.5035973191261292
55,0.569259762763977
56,0.12304459512233734
57,1.0155415534973145
58,-0.6515206098556519
59,0.7892574667930603
60,0.5747463703155518
61,0.7566874027252197
62,-1.1628859043121338
63,0.6728280782699585
64,0.30690985918045044
65,0.7414667010307312
66,-1.4484752416610718
67,0.7563892006874084
68,0.5265299081802368
69,0.6377131342887878
70,-1.288371205329895
71,0.655007004737854
72,0.3542403280735016
73,0.642771303653717
74,-1.5661077499389648
75,0.7329275608062744
76,0.5255252718925476
77,0.5882857441902161
78,-1.194576382637024
79,0.6844939589500427
80,0.3484380841255188
81,0.6078062057495117
82,-1.4291937351226807
83,0.7547600269317627
84,0.5242488980293274
85,0.6212366819381714
86,-1.1445398330688477
87,0.6677371263504028
88,0.34411710500717163
89,0.6312555074691772
90,-1.4173709154129028
91,0.7438632249832153
92,0.5581936836242676
93,1.3578054904937744
94,0.023043425753712654
95,0.00432541174814105
96,0.2715313732624054
97,1.3644737005233765
98,-0.01941593736410141
99,0.004739420488476753
100,0.5461553931236267
101,1.9703487157821655
102,-0.016589362174272537
103,0.0016057328321039677
104,0.28010088205337524
105,1.964656949043274
106,-0.08392287790775299
107,0.0009617540054023266
108,0.5637998580932617
109,2.502227306365967
110,0.4588618278503418
111,0.00020475024939514697
112,0.31400105357170105
113,2.5011839866638184
114,0.18395021557807922
115,3.1805560865905136e-05
116,0.5715451240539551
117,2.5741167068481445
118,0.4708314836025238
119,0.00013913663860876113
120,0.3064716160297394
121,2.573683500289917
122,0.19390587508678436
123,6.635921454289928e-05
124,0.5462049245834351
125,2.662368059158325
126,-0.07702744752168655
127,0.00021024867601227015
128,0.36307480931282043
129,2.667056083679199
130,-0.3925345540046692
131,0.00014596694381907582
132,0.45315825939178467
133,0.38184380531311035
134,-0.02891049161553383
135,0.45876121520996094
136,0.33730337023735046
137,-0.04581015184521675
138,0.454202264547348
139,0.35183459520339966
140,-0.02634546160697937
141,0.4497068524360657
142,0.303496390581131
143,-0.03399018943309784
144,0.4596247971057892
145,0.3260263502597809
146,-0.04791417717933655
147,0.4587799906730652
148,0.3126845955848694
149,-0.04357629269361496
150,0.45507460832595825
151,0.28092023730278015
152,-0.018329894170165062
153,0.3878757953643799
154,0.2773023247718811
155,0.0007991010206751525
156,0.45485466718673706
157,0.25451475381851196
158,-0.010894468054175377
159,0.4557676315307617
160,0.23942461609840393
161,-0.011159653775393963
162,0.45646148920059204
163,0.18595567345619202
164,0.002781226998195052
165,0.4526982605457306
166,0.3881537914276123
167,-0.028164854273200035
168,0.451534628868103
169,0.39359530806541443
170,-0.025684120133519173
171,0.4502548277378082
172,0.3964554965496063
173,-0.0221857987344265
174,0.4489491879940033
175,0.41613709926605225
176,-0.01642877608537674
177,0.4489433765411377
178,0.4223150312900543
179,-0.017924703657627106
180,0.4485417604446411
181,0.4295088052749634
182,-0.019399918615818024
183,0.44755348563194275
184,0.4365394413471222
185,-0.017350371927022934
186,0.44532573223114014
187,0.442469984292984
188,-0.009102486073970795
189,0.45734143257141113
190,0.3436313569545746
191,-0.04210132732987404
192,0.4476945400238037
193,0.3442164361476898
194,-0.032524242997169495
195,0.35175710916519165
196,0.23424068093299866
197,0.036333028227090836
198,0.41212356090545654
199,0.28887325525283813
200,-0.00333581306040287
201,0.4035385251045227
202,0.28946974873542786
203,-0.004625699482858181
204,0.3952106237411499
205,0.2884218990802765
206,-0.004077949561178684
207,0.38385143876075745
208,0.281260222196579
209,0.0008029126329347491
210,0.4195691645145416
211,0.2859611511230469
212,-0.000637018121778965
213,0.40324866771698
214,0.2554011940956116
215,-0.00738519849255681
216,0.4126582443714142
217,0.2571498155593872
218,-0.0048123556189239025
219,0.3940202593803406
220,0.2566746473312378
221,-0.006579006556421518
222,0.38744911551475525
223,0.26077041029930115
224,-0.004245067480951548
225,0.37608394026756287
226,0.28893575072288513
227,0.003353774780407548
228,0.41031286120414734
229,0.4487629532814026
230,-0.007672530598938465
231,0.38472896814346313
232,0.2740435004234314
233,0.0030036051757633686
234,0.34605202078819275
235,0.2832080125808716
236,0.03464281186461449
237,0.3657883107662201
238,0.28043052554130554
239,0.01033433061093092
240,0.40693193674087524
241,0.33424171805381775
242,-0.01490700338035822
243,0.4417508840560913
244,0.38013115525245667
245,-0.02986321598291397
246,0.4417504668235779
247,0.39397841691970825
248,-0.02655675821006298
249,0.42871493101119995
250,0.38584157824516296
251,-0.02749296836555004
252,0.42005640268325806
253,0.39289653301239014
254,-0.02264493703842163
255,0.43262049555778503
256,0.39625298976898193
257,-0.025085696950554848
258,0.42532452940940857
259,0.3991624414920807
260,-0.020283065736293793
261,0.40452614426612854
262,0.415629506111145
263,-0.010277645662426949
264,0.4516212046146393
265,0.33676642179489136
266,-0.046361908316612244
267,0.45095115900039673
268,0.326255738735199
269,-0.0484301894903183
270,0.37467682361602783
271,0.2490856796503067
272,-0.003191887168213725
273,0.42459601163864136
274,0.3061244785785675
275,-0.011185255832970142
276,0.42632219195365906
277,0.33721524477005005
278,-0.030345551669597626
279,0.4248589277267456
280,0.3319159150123596
281,-0.027539193630218506
282,0.3797305226325989
283,0.33341649174690247
284,-0.010174919851124287
285,0.45062822103500366
286,0.31370484828948975
287,-0.042833179235458374
288,0.39830681681632996
289,0.2369379997253418
290,-0.011502809822559357
291,0.38489896059036255
292,0.24048016965389252
293,-0.008152086287736893
294,0.3637024164199829
295,0.21317826211452484
296,0.024026261642575264
297,0.43656569719314575
298,0.24998533725738525
299,-0.011769792065024376
300,0.4203451871871948
301,0.2621247470378876
302,-0.000924152962397784
303,0.39989173412323
304,0.4027099609375
305,-0.010121953673660755
306,0.34812629222869873
307,0.39126870036125183
308,0.04968637973070145
309,0.4325758218765259
310,0.3435841202735901
311,-0.026056747883558273
312,0.44000300765037537
313,0.3476519286632538
314,-0.025422273203730583
315,0.4087391793727875
316,0.40622076392173767
317,-0.010254377499222755
318,0.41324323415756226
319,0.4058874249458313
320,-0.011632484383881092
321,0.3797760009765625
322,0.2329191267490387
323,-0.004456535913050175
324,0.42493119835853577
325,0.34356436133384705
326,-0.026081345975399017
327,0.41536352038383484
328,0.23933640122413635
329,-0.012907002121210098
330,0.4145858585834503
331,0.2299661934375763
332,-0.014142434112727642
333,0.4053286910057068
334,0.1871330887079239
335,0.0021946076303720474
336,0.3722638487815857
337,0.22288817167282104
338,0.00792132131755352
339,0.41132277250289917
340,0.20779824256896973
341,-0.006088492926210165
342,0.36864790320396423
343,0.24447040259838104
344,0.0033530511427670717
345,0.36053526401519775
346,0.23987053334712982
347,0.01917365938425064
348,0.4417591094970703
349,0.3878183662891388
350,-0.029293233528733253
351,0.4309711456298828
352,0.3918359875679016
353,-0.02673925645649433
354,0.42275428771972656
355,0.39611512422561646
356,-0.022245852276682854
357,0.43453899025917053
358,0.3463590443134308
359,-0.02384590543806553
360,0.4110642373561859
361,0.4064657688140869
362,-0.010950329713523388
363,0.41435790061950684
364,0.41152825951576233
365,-0.014053381979465485
366,0.41433289647102356
367,0.40485680103302
368,-0.011677122674882412
369,0.4393826723098755
370,0.33738070726394653
371,-0.03679725527763367
372,0.4266073405742645
373,0.39886921644210815
374,-0.018905755132436752
375,0.4336737096309662
376,0.39730334281921387
377,-0.02183043397963047
378,0.44176754355430603
379,0.39637425541877747
380,-0.02333797514438629
381,0.43241050839424133
382,0.4411460757255554
383,-0.011159198358654976
384,0.43479984998703003
385,0.4345763325691223
386,-0.019384214654564857
387,0.43667030334472656
388,0.427701473236084
389,-0.020925164222717285
390,0.43833357095718384
391,0.4202677011489868
392,-0.019387725740671158
393,0.4393862783908844
394,0.415182888507843
395,-0.01786058209836483
396,0.4238072335720062
397,0.41151052713394165
398,-0.014992372132837772
399,0.4220349192619324
400,0.41329169273376465
401,-0.016357384622097015
402,0.41900697350502014
403,0.4165438413619995
404,-0.017619196325540543
405,0.4162338376045227
406,0.4198625683784485
407,-0.016632020473480225
408,0.41372305154800415
409,0.37803876399993896
410,-0.020248830318450928
411,0.33958637714385986
412,0.33442386984825134
413,0.06376887112855911
414,0.45583948493003845
415,0.346926212310791
416,-0.03181012347340584
417,0.4192661941051483
418,0.40935230255126953
419,-0.012840576469898224
420,0.4170894920825958
421,0.41028380393981934
422,-0.013771198689937592
423,0.4427039623260498
424,0.352885365486145
425,-0.026109442114830017
426,0.4270522892475128
427,0.35162413120269775
428,-0.019505321979522705
429,0.44147390127182007
430,0.35039299726486206
431,-0.025946948677301407
432,0.4148087501525879
433,0.31270718574523926
434,-0.010758460499346256
435,0.4006965160369873
436,0.3200705945491791
437,-0.011442231014370918
438,0.42248091101646423
439,0.33797237277030945
440,-0.02345009706914425
441,0.38094842433929443
442,0.19696462154388428
443,0.011553844437003136
444,0.3884861469268799
445,0.21140852570533752
446,-0.00018991107936017215
447,0.3955186903476715
448,0.22772002220153809
449,-0.009870864450931549
450,0.4113695025444031
451,0.42453598976135254
452,-0.01207292266190052
453,0.43510282039642334
454,0.2345915138721466
455,-0.014166293665766716
456,0.4330393373966217
457,0.2091015875339508
458,-0.007637937553226948
459,0.4297427535057068
460,0.1841583102941513
461,-0.0006904308684170246
462,0.38792648911476135
463,0.28580549359321594
464,-0.001891167601570487
465,0.36597907543182373
466,0.29684749245643616
467,0.005641961470246315
468,0.42466428875923157
469,0.28289809823036194
470,0.0014711307594552636
471,0.3771764934062958
472,0.26526719331741333
473,0.00109003612305969
474,0.43172183632850647
475,0.29865896701812744
476,-0.01258781086653471
477,0.4335138201713562
478,0.33120033144950867
479,-0.03694341331720352
480,0.3553081750869751
481,0.304489403963089
482,0.011665820144116879
483,0.372470498085022
484,0.3051012456417084
485,-0.0014013310428708792
486,0.384479284286499
487,0.30955350399017334
488,-0.006841982714831829
489,0.4015706479549408
490,0.3081549108028412
491,-0.007201225496828556
492,0.41382768750190735
493,0.30367714166641235
494,-0.006189311388880014
495,0.423415869474411
496,0.29839450120925903
497,-0.006121266633272171
498,0.4462401270866394
499,0.28339719772338867
500,-0.0172151867300272
501,0.3564766049385071
502,0.3288317024707794
503,0.007700760383158922
504,0.3696187138557434
505,0.2637220025062561
506,0.003721374785527587
507,0.4530848264694214
508,0.34323421120643616
509,-0.04265414550900459
510,0.4259200990200043
511,0.31632664799690247
512,-0.015601555816829205
513,0.3398524522781372
514,0.2835603356361389
515,0.060923200100660324
516,0.4310145676136017
517,0.29222631454467773
518,-0.005598451942205429
519,0.42054182291030884
520,0.3396022617816925
521,-0.0150769567117095
522,0.3810313940048218
523,0.27390021085739136
524,0.003873188281431794
525,0.43203526735305786
526,0.3251436650753021
527,-0.03339109942317009
528,0.34172776341438293
529,0.36168572306632996
530,0.05884294956922531
531,0.4246867895126343
532,0.27876266837120056
533,0.0036963592283427715
534,0.4413708448410034
535,0.3180687725543976
536,-0.039662595838308334
537,0.37196627259254456
538,0.42034050822257996
539,0.012565236538648605
540,0.36873775720596313
541,0.4328661262989044
542,0.024762678891420364
543,0.3441271483898163
544,0.3316282629966736
545,0.03494080528616905
546,0.3610367476940155
547,0.4039320945739746
548,0.01977747492492199
549,0.35294193029403687
550,0.26003512740135193
551,0.029141174629330635
552,0.40741732716560364
553,0.45895689725875854
554,-0.004488040693104267
555,0.45259255170822144
556,0.34641775488853455
557,-0.0318019799888134
558,0.41735297441482544
559,0.3251354694366455
560,-0.014389692805707455
561,0.35713261365890503
562,0.28248098492622375
563,0.016707004979252815
564,0.39656612277030945
565,0.28174877166748047
566,-0.0026675788685679436
567,0.4039842486381531
568,0.2831864058971405
569,-0.00329949171282351
570,0.41148093342781067
571,0.4128398597240448
572,-0.013284427113831043
573,0.35743045806884766
574,0.3521815836429596
575,0.00928819365799427
576,0.4216233193874359
577,0.475259006023407
578,-0.00042683398351073265
579,0.393894761800766
580,0.45865243673324585
581,0.009539236314594746
582,0.3820803165435791
583,0.4480898976325989
584,0.016004987061023712
585,0.4563973546028137
586,0.2121850550174713
587,-0.004665730986744165
588,0.4397050142288208
589,0.4777904152870178
590,0.0011305687949061394
591,0.4110822379589081
592,0.28279900550842285
593,-0.001991009572520852
594,0.41785767674446106
595,0.2811107039451599
596,0.00043064026976935565
597,0.4223475456237793
598,0.27997809648513794
599,0.0029873326420783997
600,0.3623105585575104
601,0.26155492663383484
602,0.010939977131783962
603,0.4179205894470215
604,0.27141720056533813
605,-0.0005186586058698595
606,0.41070669889450073
607,0.2684432566165924
608,-0.0031874128617346287
609,0.4036804735660553
610,0.26752009987831116
611,-0.004339304752647877
612,0.39624303579330444
613,0.2685565948486328
614,-0.003822748549282551
615,0.39103350043296814
616,0.2707624137401581
617,-0.002090492518618703
618,0.3443644642829895
619,0.25635984539985657
620,0.05039430037140846
621,0.39146456122398376
622,0.2795979380607605
623,-0.0009525077184662223
624,0.45344218611717224
625,0.3618552088737488
626,-0.02506534568965435
627,0.4222361743450165
628,0.36973342299461365
629,-0.022789008915424347
630,0.43303531408309937
631,0.340861439704895
632,-0.028690870851278305
633,0.44081395864486694
634,0.36394453048706055
635,-0.026639685034751892
636,0.45416924357414246
637,0.26794904470443726
638,-0.011378633789718151
639,0.3830198049545288
640,0.4356529116630554
641,0.007475998252630234
642,0.39456772804260254
643,0.44718775153160095
644,0.0018949536606669426
645,0.4232530891895294
646,0.4680154025554657
647,-0.009113969281315804
648,0.35776054859161377
649,0.4154290556907654
650,0.03686244785785675
651,0.42274561524391174
652,0.2758815884590149
653,0.0019344741012901068
654,0.4402703046798706
655,0.3002060651779175
656,-0.022469334304332733
657,0.4418758153915405
658,0.4705568253993988
659,-0.007322914432734251
660,0.4068809747695923
661,0.46809524297714233
662,0.0026768469251692295
663,0.3461960256099701
664,0.3572465479373932
665,0.03280867636203766
666,0.43103307485580444
667,0.4134771525859833
668,-0.01701379008591175
669,0.42913350462913513
670,0.41706082224845886
671,-0.018462257459759712
672,0.4265705347061157
673,0.42246213555336
674,-0.01981368288397789
675,0.424184650182724
676,0.42836129665374756
677,-0.018795302137732506
678,0.4201295077800751
679,0.4337729215621948
680,-0.013310190290212631
681,0.41843488812446594
682,0.4022069275379181
683,-0.01597890816628933
684,0.4156220853328705
685,0.4010314345359802
686,-0.01647147350013256
687,0.413005530834198
688,0.39902010560035706
689,-0.016781114041805267
690,0.40603411197662354
691,0.389493852853775
692,-0.015722310170531273
693,0.37177562713623047
694,0.3585679829120636
695,-0.004121298436075449
696,0.4391128718852997
697,0.2901902496814728
698,-0.0141933374106884
699,0.4329884648323059
700,0.27002519369125366
701,0.00043672852916643023
702,0.42706313729286194
703,0.2714468836784363
704,0.0016969054704532027
705,0.42032590508461
706,0.4006598889827728
707,-0.015016516670584679
708,0.3681721091270447
709,0.38728535175323486
710,0.006673521362245083
711,0.44215068221092224
712,0.2691490948200226
713,-0.00841807946562767
714,0.41482701897621155
715,0.44012343883514404
716,-0.00955205038189888
717,0.4574573040008545
718,0.30190509557724
719,-0.03483104705810547
720,0.447890967130661
721,0.2940891683101654
722,-0.025973469018936157
723,0.45624321699142456
724,0.29196906089782715
725,-0.026075454428792
726,0.4331985116004944
727,0.31708019971847534
728,-0.024868689477443695
729,0.44343456625938416
730,0.4605555534362793
731,-0.010374424047768116
732,0.44438695907592773
733,0.4501402974128723
734,-0.009387936443090439
735,0.4291507303714752
736,0.44838443398475647
737,-0.010452764108777046
738,0.3960123658180237
739,0.4170488715171814
740,-0.00653780996799469
741,0.41304826736450195
742,0.349700391292572
743,-0.014833181165158749
744,0.40382182598114014
745,0.4298097491264343
746,-0.007873386144638062
747,0.39340007305145264
748,0.34835153818130493
749,-0.014470253139734268
750,0.4050586521625519
751,0.36209818720817566
752,-0.015448515303432941
753,0.38514500856399536
754,0.3677685856819153
755,-0.010307630524039268
756,0.42581722140312195
757,0.4582860469818115
758,-0.011732270009815693
759,0.4264680743217468
760,0.32410696148872375
761,-0.02064107358455658
762,0.3875337541103363
763,0.42392876744270325
764,-0.0006630608695559204
765,0.39832741022109985
766,0.4367974102497101
767,-0.0029698587022721767
768,0.39119234681129456
769,0.4015791416168213
770,-0.007585102692246437
771,0.3589359223842621
772,0.3722835183143616
773,0.012036724016070366
774,0.3793526589870453
775,0.401704341173172
776,-0.0014327936805784702
777,0.35092872381210327
778,0.3813645541667938
779,0.02872183360159397
780,0.39762070775032043
781,0.3789806365966797
782,-0.013496838510036469
783,0.43309032917022705
784,0.3080689013004303
785,-0.01874302327632904
786,0.4367617070674896
787,0.3355850279331207
788,-0.038566142320632935
789,0.42929649353027344
790,0.34036973118782043
791,-0.030722660943865776
792,0.4421517550945282
793,0.32777366042137146
794,-0.04326687753200531
795,0.4273318350315094
796,0.25908398628234863
797,-0.002910834737122059
798,0.41394102573394775
799,0.25088876485824585
800,-0.006644730921834707
801,0.4015381634235382
802,0.24842151999473572
803,-0.008607488125562668
804,0.39058101177215576
805,0.2500331997871399
806,-0.0076706064864993095
807,0.3822289705276489
808,0.2554120719432831
809,-0.00431733438745141
810,0.37451881170272827
811,0.2771689295768738
812,0.006081434898078442
813,0.34382161498069763
814,0.30702733993530273
815,0.03464064002037048
816,0.38090068101882935
817,0.2939070165157318
818,-0.0003500484745018184
819,0.39020442962646484
820,0.2975325286388397
821,-0.003580196760594845
822,0.40191829204559326
823,0.297981858253479
824,-0.004793635569512844
825,0.4129619300365448
826,0.2957034409046173
827,-0.003813080955296755
828,0.42175033688545227
829,0.2919832170009613
830,-0.0019947579130530357
831,0.4280913770198822
832,0.28817105293273926
833,-0.0011045417049899697
834,0.3391345739364624
835,0.308963418006897
836,0.06493633985519409
837,0.4287351965904236
838,0.34453028440475464
839,-0.02674195170402527
840,0.44148164987564087
841,0.3089856207370758
842,-0.02998979762196541
843,0.4446743130683899
844,0.33532094955444336
845,-0.04359089955687523
846,0.44816651940345764
847,0.34177929162979126
848,-0.03970487415790558
849,0.4435889422893524
850,0.3376176655292511
851,-0.039743680506944656
852,0.4305984079837799
853,0.3488975763320923
854,-0.023422254249453545
855,0.45020872354507446
856,0.3425450325012207
857,-0.041742417961359024
858,0.44969016313552856
859,0.34587299823760986
860,-0.03218381479382515
861,0.42822447419166565
862,0.2790553569793701
863,0.0033181998878717422
864,0.43336185812950134
865,0.2817407548427582
866,-0.0005277120508253574
867,0.43700212240219116
868,0.2832694351673126
869,-0.005821686238050461
870,0.3876676857471466
871,0.2724393308162689
872,5.965352556813741e-06
873,0.3823572099208832
874,0.2660626769065857
875,-0.0003663488896563649
876,0.4638115465641022
877,0.3045342266559601
878,-0.030203325673937798
879,0.5037811994552612
880,0.2873520255088806
881,0.028093421831727028
882,0.4625696837902069
883,0.3447273075580597
884,-0.029587101191282272
885,0.5226590037345886
886,0.2507026791572571
887,0.07845848053693771
888,0.48256486654281616
889,0.2949526309967041
890,0.014135402627289295
891,0.48995402455329895
892,0.2965834438800812
893,0.01637774519622326
894,0.4969817101955414
895,0.29656317830085754
896,0.020277265459299088
897,0.5055559873580933
898,0.29153963923454285
899,0.029736634343862534
900,0.4764377474784851
901,0.29125136137008667
902,0.013189609162509441
903,0.4945775866508484
904,0.26572099328041077
905,0.014878032729029655
906,0.48612508177757263
907,0.26583725214004517
908,0.012729036621749401
909,0.5020725131034851
910,0.2681361436843872
911,0.019197562709450722
912,0.5063772201538086
913,0.27294808626174927
914,0.023530753329396248
915,0.5103633999824524
916,0.2992480397224426
917,0.034381669014692307
918,0.4708152413368225
919,0.44835373759269714
920,0.004835307132452726
921,0.5059016942977905
922,0.2849773168563843
923,0.03172542527318001
924,0.52308189868927
925,0.29712551832199097
926,0.07747206836938858
927,0.5167598128318787
928,0.2925431430339813
929,0.04535510390996933
930,0.4884343147277832
931,0.3383016288280487
932,0.002522528637200594
933,0.4629397392272949
934,0.38031211495399475
935,-0.024983294308185577
936,0.45927393436431885
937,0.3938905596733093
938,-0.022180991247296333
939,0.47138071060180664
940,0.3853544592857361
941,-0.01748868264257908
942,0.47521713376045227
943,0.39219439029693604
944,-0.00911625288426876
945,0.46514496207237244
946,0.3956194519996643
947,-0.016456516459584236
948,0.46887603402137756
949,0.39846891164779663
950,-0.00885371770709753
951,0.4800342619419098
952,0.4156857132911682
953,0.006551911123096943
954,0.4649922847747803
955,0.33750277757644653
956,-0.04392577335238457
957,0.4667474925518036
958,0.3272212743759155
959,-0.04542025923728943
960,0.516963541507721
961,0.2635204792022705
962,0.029759304597973824
963,0.4746118485927582
964,0.309491902589798
965,0.00033601594623178244
966,0.4791153371334076
967,0.3392970561981201
968,-0.019162718206644058
969,0.47924527525901794
970,0.3342289328575134
971,-0.01606229692697525
972,0.5074526071548462
973,0.34029197692871094
974,0.018772486597299576
975,0.46572238206863403
976,0.31466034054756165
977,-0.03917160630226135
978,0.5032857656478882
979,0.24997387826442719
980,0.010822921991348267
981,0.5120530724525452
982,0.25470685958862305
983,0.019960209727287292
984,0.5200926661491394
985,0.22961559891700745
986,0.06170603632926941
987,0.4713178873062134
988,0.25492408871650696
989,-0.004486211575567722
990,0.47853338718414307
991,0.269094318151474
992,0.01329432800412178
993,0.4851289391517639
994,0.4029812812805176
995,0.009863156825304031
996,0.5034769177436829
997,0.39696475863456726
998,0.08864501863718033
999,0.47278887033462524
1000,0.3448774814605713
1001,-0.017853597179055214
1002,0.46629709005355835
1003,0.3484148681163788
1004,-0.02139965631067753
1005,0.47819995880126953
1006,0.4056335687637329
1007,0.007329812739044428
1008,0.4737497568130493
1009,0.4050634801387787
1010,0.004064625129103661
1011,0.515433669090271
1012,0.2481919825077057
1013,0.025838684290647507
1014,0.47794923186302185
1015,0.3452269732952118
1016,-0.015205140225589275
1017,0.4902607500553131
1018,0.24925830960273743
1019,0.0023862109519541264
1020,0.4922349452972412
1021,0.24030426144599915
1022,0.0017909917514771223
1023,0.4986608028411865
1024,0.19817814230918884
1025,0.023690497502684593
1026,0.5178899765014648
1027,0.23832952976226807
1028,0.041525308042764664
1029,0.4950302541255951
1030,0.2181815803050995
1031,0.012328318320214748
1032,0.5200147032737732
1033,0.2595372498035431
1034,0.03869219124317169
1035,0.5216197967529297
1036,0.2555144131183624
1037,0.057534534484148026
1038,0.46153903007507324
1039,0.3877905011177063
1040,-0.024482261389493942
1041,0.46829742193222046
1042,0.39119386672973633
1043,-0.01741419918835163
1044,0.4723659157752991
1045,0.3953552842140198
1046,-0.009775588288903236
1047,0.47038984298706055
1048,0.34735140204429626
1049,-0.017186980694532394
1050,0.476112961769104
1051,0.40572670102119446
1052,0.005415322259068489
1053,0.47412869334220886
1054,0.41113710403442383
1055,0.0001957545173354447
1056,0.4722915589809418
1057,0.4040294289588928
1058,0.00360739603638649
1059,0.4709099531173706
1060,0.33870840072631836
1061,-0.029234498739242554
1062,0.4661097526550293
1063,0.39812856912612915
1064,-0.007982850074768066
1065,0.4622250497341156
1066,0.3968767821788788
1067,-0.013758408837020397
1068,0.4568827748298645
1069,0.396315336227417
1070,-0.018861548975110054
1071,0.45654571056365967
1072,0.4413829743862152
1073,-0.006827934179455042
1074,0.4586504101753235
1075,0.43482065200805664
1076,-0.01445374172180891
1077,0.45884838700294495
1078,0.42790883779525757
1079,-0.015820566564798355
1080,0.4581001400947571
1081,0.4203487038612366
1082,-0.014149269089102745
1083,0.4569217264652252
1084,0.415139377117157
1085,-0.012888941913843155
1086,0.4669013023376465
1087,0.41099342703819275
1088,-0.0038174318615347147
1089,0.46873530745506287
1090,0.41300255060195923
1091,-0.0051148682832717896
1092,0.4713713824748993
1093,0.4165268540382385
1094,-0.0060603260062634945
1095,0.47318699955940247
1096,0.42012155055999756
1097,-0.004334513563662767
1098,0.4809333086013794
1099,0.3788969814777374
1100,-0.0047843242064118385
1101,0.5137819051742554
1102,0.34537971019744873
1103,0.10735911130905151
1104,0.4691689610481262
1105,0.4087938070297241
1106,0.0008218090515583754
1107,0.4716831147670746
1108,0.4098309874534607
1109,2.5158078642562032e-05
1110,0.46378883719444275
1111,0.3533232510089874
1112,-0.02216297574341297
1113,0.4740878641605377
1114,0.3527839481830597
1115,-0.010824237018823624
1116,0.4649609625339508
1117,0.3509409725666046
1118,-0.02207953669130802
1119,0.4819571077823639
1120,0.31689199805259705
1121,0.004477622453123331
1122,0.4930715262889862
1123,0.32557767629623413
1124,0.009062162600457668
1125,0.47918254137039185
1126,0.3400646150112152
1127,-0.011652977205812931
1128,0.5129776000976562
1129,0.21183401346206665
1130,0.042227111756801605
1131,0.5098153352737427
1132,0.22552184760570526
1133,0.026765868067741394
1134,0.5060858130455017
1135,0.24137547612190247
1136,0.014023767784237862
1137,0.4742104709148407
1138,0.42458048462867737
1139,0.0018826838349923491
1140,0.47497689723968506
1141,0.24059486389160156
1142,-0.00636663381010294
1143,0.47780168056488037
1144,0.2146792709827423
1145,0.0019007101655006409
1146,0.48048079013824463
1147,0.19028659164905548
1148,0.010072935372591019
1149,0.502511739730835
1150,0.2951503396034241
1151,0.025449087843298912
1152,0.5166108012199402
1153,0.30770179629325867
1154,0.0402153804898262
1155,0.4725574851036072
1156,0.28757214546203613
1157,0.01376278419047594
1158,0.5124825835227966
1159,0.2778068780899048
1160,0.032812897115945816
1161,0.46990954875946045
1162,0.30147695541381836
1163,-0.0033592612016946077
1164,0.4761580526828766
1165,0.33330076932907104
1166,-0.027961917221546173
1167,0.5216067433357239
1168,0.315913587808609
1169,0.05086640641093254
1170,0.5130994319915771
1171,0.31471481919288635
1172,0.031030908226966858
1173,0.5051010251045227
1174,0.3174493610858917
1175,0.02064516767859459
1176,0.49169227480888367
1177,0.3141959607601166
1178,0.013671829365193844
1179,0.4817260205745697
1180,0.30845680832862854
1181,0.009676745161414146
1182,0.4742152690887451
1183,0.30229270458221436
1184,0.005818434990942478
1185,0.46196430921554565
1186,0.2848384380340576
1187,-0.013363346457481384
1188,0.5198175311088562
1189,0.33827513456344604
1190,0.046586357057094574
1191,0.5172654986381531
1192,0.2770443856716156
1193,0.03861452266573906
1194,0.4610111117362976
1195,0.34359705448150635
1196,-0.040693249553442
1197,0.4747682511806488
1198,0.3191731572151184
1199,-0.00427501555532217
1200,0.51964271068573
1201,0.2981804609298706
1202,0.10611257702112198
1203,0.4689159095287323
1204,0.2954261600971222
1205,0.0036873130593448877
1206,0.47846972942352295
1207,0.34170272946357727
1208,-0.003285487648099661
1209,0.5082234144210815
1210,0.2853017747402191
1211,0.03386794775724411
1212,0.47594037652015686
1213,0.32729867100715637
1214,-0.02426871284842491
1215,0.5101888179779053
1216,0.3702488839626312
1217,0.10051143169403076
1218,0.47214046120643616
1219,0.28356075286865234
1220,0.01658429205417633
1221,0.47112151980400085
1222,0.3197106122970581
1223,-0.03312736749649048
1224,0.49456924200057983
1225,0.42115575075149536
1226,0.04107869789004326
1227,0.490471214056015
1228,0.4332648515701294
1229,0.05403103679418564
1230,0.5206725001335144
1231,0.3423019349575043
1232,0.07758533209562302
1233,0.5020269155502319
1234,0.406985342502594
1235,0.05367588624358177
1236,0.5225578546524048
1237,0.2749286890029907
1238,0.07021696120500565
1239,0.47051212191581726
1240,0.457915335893631
1241,0.009013816714286804
1242,0.45889922976493835
1243,0.34672316908836365
1244,-0.03062761016190052
1245,0.48041877150535583
1246,0.32836055755615234
1247,-0.0006026275223121047
1248,0.5207829475402832
1249,0.295322984457016
1250,0.055425193160772324
1251,0.49708127975463867
1252,0.2903692424297333
1253,0.021310346201062202
1254,0.49055442214012146
1255,0.2907871603965759
1256,0.017830071970820427
1257,0.4762345552444458
1258,0.4126713275909424
1259,0.0018201160710304976
1260,0.515821099281311
1261,0.3597577214241028
1262,0.046694979071617126
1263,0.4561100900173187
1264,0.4745570421218872
1265,0.007159195374697447
1266,0.4754730463027954
1267,0.45723628997802734
1268,0.028460759669542313
1269,0.4824320673942566
1270,0.4468994438648224
1271,0.039746761322021484
1272,0.4840591549873352
1273,0.2895086109638214
1274,0.015961162745952606
1275,0.47813645005226135
1276,0.28691574931144714
1277,0.01578865386545658
1278,0.4742688238620758
1279,0.28510716557502747
1280,0.016804328188300133
1281,0.5206344723701477
1282,0.2756805717945099
1283,0.04851704463362694
1284,0.4783526659011841
1285,0.2778742015361786
1286,0.015285026282072067
1287,0.48474788665771484
1288,0.27636197209358215
1289,0.01519082672894001
1290,0.49152591824531555
1291,0.27646803855895996
1292,0.017198260873556137
1293,0.4980814456939697
1294,0.27843236923217773
1295,0.02070421539247036
1296,0.5020115375518799
1297,0.2812057435512543
1298,0.02422204427421093
1299,0.5224816203117371
1300,0.27226221561431885
1301,0.09464960545301437
1302,0.5011688470840454
1303,0.2889881730079651
1304,0.025102030485868454
1305,0.4764694571495056
1306,0.3704153895378113
1307,-0.011030789464712143
1308,0.4737354516983032
1309,0.3424531817436218
1310,-0.020886829122900963
1311,0.4641716480255127
1312,0.3641943633556366
1313,-0.02181737683713436
1314,0.48687630891799927
1315,0.4350917935371399
1316,0.030531590804457664
1317,0.47891712188720703
1318,0.4459351599216461
1319,0.020228222012519836
1320,0.45849451422691345
1321,0.4675268232822418
1322,-0.0018429610645398498
1323,0.49672621488571167
1324,0.4183483421802521
1325,0.07171031087636948
1326,0.4741310179233551
1327,0.2810540795326233
1328,0.016074277460575104
1329,0.4671871066093445
1330,0.30212050676345825
1331,-0.01618051342666149
1332,0.46724897623062134
1333,0.46686211228370667
1334,0.016607945784926414
1335,0.516286313533783
1336,0.3657516837120056
1337,0.07361491769552231
1338,0.4627666175365448
1339,0.41326695680618286
1340,-0.008439833298325539
1341,0.46454349160194397
1342,0.41699543595314026
1343,-0.009587076492607594
1344,0.46640297770500183
1345,0.42266660928726196
1346,-0.010574497282505035
1347,0.467342734336853
1348,0.4287836253643036
1349,-0.009156445972621441
1350,0.46686556935310364
1351,0.4340146481990814
1352,-0.0029730768874287605
1353,0.4717472493648529
1354,0.40133535861968994
1355,-0.0018984134076163173
1356,0.4749680161476135
1357,0.4002363085746765
1358,-0.0011780468048527837
1359,0.4775257706642151
1360,0.3983871638774872
1361,-0.0005703297792933881
1362,0.4839145839214325
1363,0.3900582194328308
1364,0.0030761798843741417
1365,0.5084273219108582
1366,0.36439332365989685
1367,0.02712337113916874
1368,0.46577391028404236
1369,0.29241326451301575
1370,-0.007861403748393059
1371,0.4680570363998413
1372,0.2739892899990082
1373,0.008902084082365036
1374,0.47164472937583923
1375,0.27634626626968384
1376,0.013812783174216747
1377,0.4690713882446289
1378,0.3997604548931122
1379,-0.001473237294703722
1380,0.5037481784820557
1381,0.39121076464653015
1382,0.038335200399160385
1383,0.46327775716781616
1384,0.27161455154418945
1385,-0.003363446332514286
1386,0.46866467595100403
1387,0.4398147761821747
1388,0.001460179453715682
1389,0.46302592754364014
1390,0.29527291655540466
1391,-0.022620810195803642
1392,0.4724310636520386
1393,0.3192814290523529
1394,-0.016465075314044952
1395,0.4575084149837494
1396,0.4482892155647278
1397,-0.005338565446436405
1398,0.48474863171577454
1399,0.41747328639030457
1400,0.012657438404858112
1401,0.4830884337425232
1402,0.35210686922073364
1403,-0.00016542508092243224
1404,0.47756439447402954
1405,0.42957043647766113
1406,0.007430101279169321
1407,0.4972655475139618
1408,0.3530302941799164
1409,0.007716849911957979
1410,0.4876718819141388
1411,0.36487841606140137
1412,0.0025927533861249685
1413,0.4996393322944641
1414,0.371848464012146
1415,0.015142636373639107
1416,0.45894068479537964
1417,0.45808765292167664
1418,-0.0049802083522081375
1419,0.4756889343261719
1420,0.32653120160102844
1421,-0.010145331732928753
1422,0.48804396390914917
1423,0.4241544008255005
1424,0.021283157169818878
1425,0.4794500768184662
1426,0.43628737330436707
1427,0.013896120712161064
1428,0.49053263664245605
1429,0.4029017984867096
1430,0.015302996151149273
1431,0.5108331441879272
1432,0.3782089650630951
1433,0.04772669076919556
1434,0.49654340744018555
1435,0.40359336137771606
1436,0.025109542533755302
1437,0.5101637244224548
1438,0.3873598575592041
1439,0.06751243770122528
1440,0.4901461899280548
1441,0.38122010231018066
1442,0.007712152786552906
1443,0.47080618143081665
1444,0.31044575572013855
1445,-0.00980022270232439
1446,0.4737239181995392
1447,0.33720266819000244
1448,-0.030390651896595955
1449,0.47686856985092163
1450,0.3422206938266754
1451,-0.021253779530525208
1452,0.47201913595199585
1453,0.32936954498291016
1454,-0.03686613589525223
1455,0.4749058783054352
1456,0.2648041844367981
1457,0.00866114441305399
1458,0.48776552081108093
1459,0.2596473693847656
1460,0.00994698517024517
1461,0.4984956681728363
1462,0.25962430238723755
1463,0.013047945685684681
1464,0.5067195296287537
1465,0.262643963098526
1466,0.018664982169866562
1467,0.5114519000053406
1468,0.26860418915748596
1469,0.02528735250234604
1470,0.5118674635887146
1471,0.2888281047344208
1472,0.037984658032655716
1473,0.5228192806243896
1474,0.31955236196517944
1475,0.07842758297920227
1476,0.5072647929191589
1477,0.30339160561561584
1478,0.02892986685037613
1479,0.500443160533905
1480,0.30557331442832947
1481,0.02179460972547531
1482,0.4910416007041931
1483,0.3046705424785614
1484,0.016086839139461517
1485,0.4817962646484375
1486,0.3011544942855835
1487,0.012608816847205162
1488,0.474678635597229
1489,0.2964518368244171
1490,0.010401519015431404
1491,0.46993422508239746
1492,0.29198136925697327
1493,0.00898370984941721
1494,0.5161815881729126
1495,0.32181426882743835
1496,0.10987229645252228
1497,0.4755224287509918
1498,0.3460039794445038
1499,-0.017467159777879715
1500,0.46861380338668823
1501,0.3106369078159332
1502,-0.023522045463323593
1503,0.46954724192619324
1504,0.3365022540092468
1505,-0.038461778312921524
1506,0.463908851146698
1507,0.3424304723739624
1508,-0.03671769052743912
1509,0.46848607063293457
1510,0.3386848270893097
1511,-0.03451409563422203
1512,0.4726020097732544
1513,0.35000845789909363
1514,-0.01566045545041561
1515,0.46310168504714966
1516,0.34308940172195435
1517,-0.0392337404191494
1518,0.4610408544540405
1519,0.3462822437286377
1520,-0.030076874420046806
1521,0.46982333064079285
1522,0.28336116671562195
1523,0.014065295457839966
1524,0.4663577675819397
1525,0.28516319394111633
1526,0.007431140169501305
1527,0.46508750319480896
1528,0.2860359847545624
1529,0.0006653985474258661
1530,0.5042308568954468
1531,0.28318360447883606
1532,0.02748420089483261
1533,0.5089358687400818
1534,0.2782052457332611
1535,0.02895370125770569
1536,0.5631094574928284
1537,0.7741930484771729
1538,-6.64026416075103e-08
1539,0.5818803906440735
1540,0.6935552954673767
1541,0.02463972382247448
1542,0.5761377811431885
1543,0.6314179301261902
1544,0.034979403018951416
1545,0.5580562949180603
1546,0.5861482620239258
1547,0.03975215181708336
1548,0.5355172157287598
1549,0.561804473400116
1550,0.04232405126094818
1551,0.5581135749816895
1552,0.5901907086372375
1553,0.02326871082186699
1554,0.5186665654182434
1555,0.5324724912643433
1556,0.024902986362576485
1557,0.4928213953971863
1558,0.5042394399642944
1559,0.024342691525816917
1560,0.47034651041030884
1561,0.48436909914016724
1562,0.02355888858437538
1563,0.5315142869949341
1564,0.5965446829795837
1565,0.008602745831012726
1566,0.49374809861183167
1567,0.5295081734657288
1568,0.011757031083106995
1569,0.4709283113479614
1570,0.49830204248428345
1571,0.011564693413674831
1572,0.45146045088768005
1573,0.47734782099723816
1574,0.010559768415987492
1575,0.5051274299621582
1576,0.6144396066665649
1577,-0.0045133610256016254
1578,0.47246962785720825
1579,0.5453640222549438
1580,-0.0011236205464228988
1581,0.4531139135360718
1582,0.512700080871582
1583,-0.0003441347798798233
1584,0.43684130907058716
1585,0.4883386492729187
1586,-0.001279034768231213
1587,0.47982949018478394
1588,0.6401103734970093
1589,-0.015531533397734165
1590,0.45467063784599304
1591,0.5764663219451904
1592,-0.013791068457067013
1593,0.4404526948928833
1594,0.5442661046981812
1595,-0.009863633662462234
1596,0.4271373152732849
1597,0.5177251100540161
1598,-0.00677274027839303
1599,0.2873547673225403
1600,0.7355388402938843
1601,2.7614274245024717e-07
1602,0.263313353061676
1603,0.6725901961326599
1604,0.004373761359602213
1605,0.26480063796043396
1606,0.6056709885597229
1607,0.003472119104117155
1608,0.2837395668029785
1609,0.5534528493881226
1610,0.00189512362703681
1611,0.3027808964252472
1612,0.5208355784416199
1613,0.0007291352958418429
1614,0.30283012986183167
1615,0.5719442367553711
1616,-0.006317361257970333
1617,0.3442355990409851
1618,0.5115704536437988
1619,-0.012849843129515648
1620,0.36919471621513367
1621,0.49036455154418945
1622,-0.015377046540379524
1623,0.38710087537765503
1624,0.48058396577835083
1625,-0.0150989955291152
1626,0.32994601130485535
1627,0.5904542207717896
1628,-0.01255833264440298
1629,0.3718305826187134
1630,0.5234918594360352
1631,-0.016157934442162514
1632,0.3985925316810608
1633,0.4927881360054016
1634,-0.016386236995458603
1635,0.41918709874153137
1636,0.47235751152038574
1637,-0.015560833737254143
1638,0.3533842861652374
1639,0.6153000593185425
1640,-0.01814131811261177
1641,0.38898909091949463
1642,0.5515873432159424
1643,-0.019902989268302917
1644,0.4122713506221771
1645,0.5202212929725647
1646,-0.017920278012752533
1647,0.4300808608531952
1648,0.49793434143066406
1649,-0.015937691554427147
1650,0.3725776970386505
1651,0.6435959935188293
1652,-0.023305339738726616
1653,0.3986959755420685
1654,0.5875151753425598
1655,-0.021963488310575485
1656,0.41455692052841187
1657,0.5584979057312012
1658,-0.016355527564883232
1659,0.4279249310493469
1660,0.5376429557800293
1661,-0.011074383743107319
