,0
0,0.4182756543159485
1,0.32961949706077576
2,-0.6482802033424377
3,0.9999731779098511
4,0.445037305355072
5,0.2750928997993469
6,-0.6013755202293396
7,0.999943733215332
8,0.46201595664024353
9,0.27629178762435913
10,-0.6010132431983948
11,0.9999338388442993
12,0.4754874110221863
13,0.27837464213371277
14,-0.6009756922721863
15,0.9999437928199768
16,0.39323168992996216
17,0.27856481075286865
18,-0.5773105621337891
19,0.9999452829360962
20,0.37565457820892334
21,0.2827779948711395
22,-0.5765346884727478
23,0.9999353885650635
24,0.3595088720321655
25,0.2869250178337097
26,-0.576522946357727
27,0.9999527931213379
28,0.4947868287563324
29,0.3144678473472595
30,-0.3062177300453186
31,0.9999358654022217
32,0.3438045084476471
33,0.3203698396682739
34,-0.16734391450881958
35,0.9999397397041321
36,0.4584504961967468
37,0.398865669965744
38,-0.5461244583129883
39,0.9999666213989258
40,0.3868168592453003
41,0.39738187193870544
42,-0.5074107646942139
43,0.999966025352478
44,0.6338943243026733
45,0.6775999069213867
46,-0.195458322763443
47,0.9996383190155029
48,0.22364850342273712
49,0.6423633098602295
50,-0.056143779307603836
51,0.9997902512550354
52,0.7044503092765808
53,1.0250808000564575
54,-0.2530401051044464
55,0.4826310873031616
56,0.049664001911878586
57,0.9542822241783142
58,-0.501070499420166
59,0.9262756109237671
60,0.7064512968063354
61,1.4182610511779785
62,-0.42375510931015015
63,0.22179916501045227
64,0.10069485753774643
65,0.5545642375946045
66,-1.2741049528121948
67,0.920699417591095
68,0.7295326590538025
69,1.5172524452209473
70,-0.5082670450210571
71,0.2538319528102875
72,0.11044780910015106
73,0.40512481331825256
74,-1.442036747932434
75,0.8938068747520447
76,0.6774781942367554
77,1.4919793605804443
78,-0.5301929712295532
79,0.3550058603286743
80,0.13765588402748108
81,0.3910466432571411
82,-1.368137001991272
83,0.9034054279327393
84,0.6576269268989563
85,1.4590206146240234
86,-0.4502642750740051
87,0.3620453178882599
88,0.15471692383289337
89,0.44695428013801575
90,-1.2770650386810303
91,0.8994000554084778
92,0.550702691078186
93,1.4358090162277222
94,-0.07122348248958588
95,0.0015117935836315155
96,0.25997310876846313
97,1.4272359609603882
98,0.0765325203537941
99,0.002231820486485958
100,0.5467389822006226
101,2.0764849185943604
102,-0.13674667477607727
103,0.00043628911953419447
104,0.28985506296157837
105,2.0688211917877197
106,0.0789036899805069
107,0.000386762956622988
108,0.5444463491439819
109,2.6446778774261475
110,0.3914635479450226
111,4.0994018490891904e-05
112,0.29431530833244324
113,2.630476951599121
114,0.4542813301086426
115,4.836284915654687e-06
116,0.5540593266487122
117,2.7214932441711426
118,0.40561753511428833
119,2.654748095665127e-05
120,0.2862738072872162
121,2.7060160636901855
122,0.48011070489883423
123,1.08285548776621e-05
124,0.4983398914337158
125,2.820327043533325
126,-0.16568605601787567
127,1.8946020645671524e-05
128,0.3249226212501526
129,2.8193655014038086
130,-0.13153517246246338
131,1.4306333468994126e-05
132,0.4198343753814697
133,0.4042516350746155
134,-0.02249768003821373
135,0.41916215419769287
136,0.3637327551841736
137,-0.04445509985089302
138,0.41931331157684326
139,0.3760218024253845
140,-0.023284485563635826
141,0.4115123450756073
142,0.32549309730529785
143,-0.03396046534180641
144,0.4189811646938324
145,0.3515733778476715
146,-0.047417618334293365
147,0.41873738169670105
148,0.3359881043434143
149,-0.044403474777936935
150,0.41809311509132385
151,0.29924261569976807
152,-0.022869039326906204
153,0.3603881299495697
154,0.29987093806266785
155,0.010049493983387947
156,0.4177630841732025
157,0.2738240957260132
158,-0.01796751469373703
159,0.4176710247993469
160,0.2585034668445587
161,-0.01991531439125538
162,0.4169074594974518
163,0.19884732365608215
164,-0.011589405126869678
165,0.419923335313797
166,0.4102422893047333
167,-0.021201232448220253
168,0.41992589831352234
169,0.4144327640533447
170,-0.018356289714574814
171,0.41994133591651917
172,0.41575169563293457
173,-0.014624515548348427
174,0.41993001103401184
175,0.41867300868034363
176,-0.0143012385815382
177,0.42002391815185547
178,0.4233814477920532
179,-0.01568163000047207
180,0.42011207342147827
181,0.42948147654533386
182,-0.01764770783483982
183,0.42018353939056396
184,0.43636786937713623
185,-0.016799647361040115
186,0.4202394485473633
187,0.44867515563964844
188,-0.009408801794052124
189,0.4192306399345398
190,0.3698928654193878
191,-0.04015403613448143
192,0.4112209975719452
193,0.3692854940891266
194,-0.028790077194571495
195,0.3319689631462097
196,0.2579556703567505
197,0.047671351581811905
198,0.38357651233673096
199,0.30851802229881287
200,0.0020149596966803074
201,0.37560999393463135
202,0.30977165699005127
203,0.0024940469302237034
204,0.3679102957248688
205,0.30956944823265076
206,0.0046711573377251625
207,0.35736656188964844
208,0.3042183518409729
209,0.011342194862663746
210,0.390232115983963
211,0.30527693033218384
212,0.002774772234261036
213,0.37252628803253174
214,0.283165842294693
215,-0.001903377822600305
216,0.3809012472629547
217,0.28324568271636963
218,-0.0016550038708373904
219,0.3648032546043396
220,0.28497427701950073
221,0.0007317467243410647
222,0.35959598422050476
223,0.28853073716163635
224,0.004166151396930218
225,0.3510945439338684
226,0.31170108914375305
227,0.015567690134048462
228,0.3894611597061157
229,0.468642920255661
230,0.0017589611234143376
231,0.35748276114463806
232,0.2975798547267914
233,0.01259577739983797
234,0.3283865451812744
235,0.3082292973995209
236,0.052124686539173126
237,0.34209442138671875
238,0.3049910366535187
239,0.023628588765859604
240,0.3773350417613983
241,0.3555980920791626
242,-0.005312909372150898
243,0.40893128514289856
244,0.40257135033607483
245,-0.021587876603007317
246,0.4103429615497589
247,0.4143774211406708
248,-0.017135031521320343
249,0.3978082835674286
250,0.4059777855873108
251,-0.01650627888739109
252,0.3906438946723938
253,0.41041550040245056
254,-0.009835897944867611
255,0.4021669030189514
256,0.4148666560649872
257,-0.013598654419183731
258,0.3957555890083313
259,0.41574764251708984
260,-0.007561043836176395
261,0.3810405731201172
262,0.4282320737838745
263,0.0033561568707227707
264,0.4121600389480591
265,0.36361151933670044
266,-0.04379181191325188
267,0.41092541813850403
268,0.35204023122787476
269,-0.04653453081846237
270,0.34663495421409607
271,0.27698051929473877
272,0.005844655446708202
273,0.39360642433166504
274,0.3261832594871521
275,-0.006964169442653656
276,0.39178961515426636
277,0.36079269647598267
278,-0.02332330495119095
279,0.39116618037223816
280,0.35468369722366333
281,-0.020779043436050415
282,0.3533555567264557
283,0.3552102744579315
284,0.005308504682034254
285,0.41118037700653076
286,0.33752214908599854
287,-0.04179944470524788
288,0.3655945360660553
289,0.26482319831848145
290,-0.008718067780137062
291,0.3542822301387787
292,0.26889917254447937
293,-0.0023477154318243265
294,0.3390192985534668
295,0.2366454154253006
296,0.0310116708278656
297,0.4010549783706665
298,0.27260392904281616
299,-0.015475365333259106
300,0.3883555829524994
301,0.285808265209198
302,0.0010311338119208813
303,0.3742963373661041
304,0.417064905166626
305,0.005245305597782135
306,0.3377006947994232
307,0.41670286655426025
308,0.0764065533876419
309,0.3979302942752838
310,0.3670390248298645
311,-0.01992618665099144
312,0.4052774906158447
313,0.37080392241477966
314,-0.020862741395831108
315,0.3824746310710907
316,0.41703638434410095
317,0.004747543949633837
318,0.38631361722946167
319,0.4164430499076843
320,0.0024636615999042988
321,0.3496965169906616
322,0.2610989511013031
323,0.0016146056586876512
324,0.3914044201374054
325,0.3658424913883209
326,-0.018617786467075348
327,0.38098210096359253
328,0.2653103172779083
329,-0.013257148675620556
330,0.37930047512054443
331,0.25531065464019775
332,-0.015186167322099209
333,0.37034299969673157
334,0.20697684586048126
335,-0.00108518626075238
336,0.34457871317863464
337,0.2480250746011734
338,0.014282823540270329
339,0.3757043480873108
340,0.22965067625045776
341,-0.008496418595314026
342,0.3418453633785248
343,0.27184343338012695
344,0.012845494784414768
345,0.336936891078949
346,0.26517972350120544
347,0.029368769377470016
348,0.4095403850078583
349,0.40965139865875244
350,-0.020286723971366882
351,0.4003148376941681
352,0.41149452328681946
353,-0.015377195551991463
354,0.39330026507377625
355,0.41330838203430176
356,-0.009370971471071243
357,0.40013471245765686
358,0.3691500127315521
359,-0.018349753692746162
360,0.3844141364097595
361,0.4168720841407776
362,0.00350925768725574
363,0.3884865343570709
364,0.41925129294395447
365,-0.001857968047261238
366,0.3873298168182373
367,0.41594037413597107
368,0.002146041253581643
369,0.40268245339393616
370,0.3632369637489319
371,-0.03169647231698036
372,0.39733272790908813
373,0.41488632559776306
374,-0.006233459338545799
375,0.4038335084915161
376,0.4150776267051697
377,-0.010296480730175972
378,0.41139644384384155
379,0.41555383801460266
380,-0.013603645376861095
381,0.4089522957801819
382,0.4484970271587372
383,-0.008876215666532516
384,0.40952354669570923
385,0.4357471466064453
386,-0.016101360321044922
387,0.40996500849723816
388,0.4285525679588318
389,-0.01683342456817627
390,0.41045185923576355
391,0.42241257429122925
392,-0.01470265258103609
393,0.411080002784729
394,0.4185170531272888
395,-0.013256813399493694
396,0.39647045731544495
397,0.4175025224685669
398,-0.005942589603364468
399,0.3952696919441223
400,0.4189474284648895
401,-0.007407276891171932
402,0.39352214336395264
403,0.4221391975879669
404,-0.008578022010624409
405,0.3919984996318817
406,0.42627352476119995
407,-0.007038515526801348
408,0.3836744725704193
409,0.39713743329048157
410,-0.007608603686094284
411,0.3290073275566101
412,0.360103577375412
413,0.08748677372932434
414,0.4192695617675781
415,0.3722527027130127
416,-0.029091792181134224
417,0.39223039150238037
418,0.4172070026397705
419,-0.0011724940268322825
420,0.3905102014541626
421,0.41771650314331055
422,-0.0020222049206495285
423,0.4082736670970917
424,0.3761453330516815
425,-0.021194040775299072
426,0.39449065923690796
427,0.3729396462440491
428,-0.012522983364760876
429,0.40684637427330017
430,0.3735695779323578
431,-0.021247277036309242
432,0.38509640097618103
433,0.33311933279037476
434,-0.003912950400263071
435,0.37209996581077576
436,0.3411532938480377
437,-0.0014602647861465812
438,0.38980141282081604
439,0.3598429262638092
440,-0.01598411053419113
441,0.3510931432247162
442,0.2192762792110443
443,0.013799131847918034
444,0.35685157775878906
445,0.23573023080825806
446,0.0021226704120635986
447,0.36255884170532227
448,0.2550196349620819
449,-0.007271966431289911
450,0.388453871011734
451,0.4360469579696655
452,-0.0012289925944060087
453,0.3982667028903961
454,0.25717514753341675
455,-0.01915009506046772
456,0.39514851570129395
457,0.22778457403182983
458,-0.01453343778848648
459,0.39157527685165405
460,0.2008010298013687
461,-0.009507914073765278
462,0.36124175786972046
463,0.30796346068382263
464,0.00814372394233942
465,0.3426419496536255
466,0.3201444149017334
467,0.02043423242866993
468,0.394410640001297
469,0.3020786643028259
470,0.0038540721870958805
471,0.3505593538284302
472,0.29134103655815125
473,0.011306173168122768
474,0.39944350719451904
475,0.31850117444992065
476,-0.010191259905695915
477,0.39716774225234985
478,0.3564339876174927
479,-0.03159501776099205
480,0.33442169427871704
481,0.32865002751350403
482,0.02970387600362301
483,0.3481341600418091
484,0.32753708958625793
485,0.013213319703936577
486,0.3584369719028473
487,0.3311316967010498
488,0.005762758199125528
489,0.3736895024776459
490,0.32884418964385986
491,0.0018580832984298468
492,0.3849107325077057
493,0.3237581253051758
494,-3.85626990464516e-05
495,0.3933660686016083
496,0.31797918677330017
497,-0.0023776665329933167
498,0.4102551341056824
499,0.3026689291000366
500,-0.019572284072637558
501,0.33540254831314087
502,0.35247570276260376
503,0.027958575636148453
504,0.34389007091522217
505,0.2898671329021454
506,0.01507977582514286
507,0.4150020182132721
508,0.3695603013038635
509,-0.03967257961630821
510,0.39409139752388
511,0.3372909426689148
512,-0.010249475948512554
513,0.3269009590148926
514,0.3081261217594147
515,0.07967416942119598
516,0.39959222078323364
517,0.3114928603172302
518,-0.00385427032597363
519,0.38908499479293823
520,0.36064451932907104
521,-0.0074635655619204044
522,0.3548800051212311
523,0.29852646589279175
524,0.014130184426903725
525,0.39664724469184875
526,0.3490074574947357
527,-0.028470488265156746
528,0.33183518052101135
529,0.38791367411613464
530,0.08417633920907974
531,0.39421379566192627
532,0.29790857434272766
533,0.005884841084480286
534,0.40383395552635193
535,0.3420913517475128
536,-0.03673045337200165
537,0.35412710905075073
538,0.4426174461841583
539,0.033257465809583664
540,0.35551849007606506
541,0.4563830494880676
542,0.04790196567773819
543,0.32855820655822754
544,0.3570825159549713
545,0.057591065764427185
546,0.3439662754535675
547,0.4273155927658081
548,0.043243929743766785
549,0.3325633108615875
550,0.284865140914917
551,0.04303280636668205
552,0.38809776306152344
553,0.4811440408229828
554,0.006628185044974089
555,0.4159078598022461
556,0.37189650535583496
557,-0.028578530997037888
558,0.38685300946235657
559,0.3460513651371002
560,-0.007033790927380323
561,0.3354630768299103
562,0.30754292011260986
563,0.03192886337637901
564,0.36844611167907715
565,0.30258917808532715
566,0.005325525067746639
567,0.375457227230072
568,0.3032020032405853
569,0.0033569384831935167
570,0.386440247297287
571,0.4215853214263916
572,-0.0003082152979914099
573,0.3367595672607422
574,0.37609440088272095
575,0.031252115964889526
576,0.40337470173835754
577,0.4970649480819702
578,0.00873936153948307
579,0.3786192238330841
580,0.4820244610309601
581,0.025687603279948235
582,0.36788395047187805
583,0.47153231501579285
584,0.03554036468267441
585,0.41733047366142273
586,0.22746828198432922
587,-0.016185401007533073
588,0.4204365611076355
589,0.49873602390289307
590,0.0064170085825026035
591,0.3821850121021271
592,0.3022556006908417
593,0.0030143449548631907
594,0.3884023129940033
595,0.3002460300922394
596,0.0040961443446576595
597,0.39230936765670776
598,0.2989857792854309
599,0.0057764542289078236
600,0.33829712867736816
601,0.28771206736564636
602,0.02331831492483616
603,0.3872660994529724
604,0.29173731803894043
605,0.0026668135542422533
606,0.3803541958332062
607,0.28986334800720215
608,0.0009739932138472795
609,0.37361758947372437
610,0.28971928358078003
611,0.001306083402596414
612,0.3667382001876831
613,0.2915495038032532
614,0.003305212128907442
615,0.3622804284095764
616,0.294198602437973
617,0.006079783663153648
618,0.3282463848590851
619,0.2802925407886505
620,0.06545082479715347
621,0.3636661469936371
622,0.30126953125
623,0.007835040800273418
624,0.419451504945755
625,0.3850971460342407
626,-0.021167289465665817
627,0.39112183451652527
628,0.39001861214637756
629,-0.012685032561421394
630,0.39780789613723755
631,0.36525630950927734
632,-0.023171747103333473
633,0.40761280059814453
634,0.386305034160614
635,-0.020586255937814713
636,0.4178670644760132
637,0.28624531626701355
638,-0.01710655726492405
639,0.3654691278934479
640,0.45783624053001404
641,0.025056906044483185
642,0.37633493542671204
643,0.46964067220687866
644,0.016345396637916565
645,0.40277421474456787
646,0.4887862205505371
647,-0.0017222381429746747
648,0.34594443440437317
649,0.4395134150981903
650,0.06296796351671219
651,0.39207473397254944
652,0.2952321767807007
653,0.004546847194433212
654,0.4049936830997467
655,0.32106342911720276
656,-0.021614287048578262
657,0.4204202890396118
658,0.49021899700164795
659,-0.0037349355407059193
660,0.3900776505470276
661,0.4909944236278534
662,0.01545636635273695
663,0.33122873306274414
664,0.38275668025016785
665,0.056946709752082825
666,0.4031534194946289
667,0.4178832769393921
668,-0.009986445307731628
669,0.40196719765663147
670,0.4207764267921448
671,-0.011567060835659504
672,0.4008209705352783
673,0.42557159066200256
674,-0.013062364421784878
675,0.3999130129814148
676,0.4319823682308197
677,-0.011938966810703278
678,0.39749571681022644
679,0.4433028995990753
680,-0.006018888205289841
681,0.38995927572250366
682,0.41607213020324707
683,-0.0022183796390891075
684,0.38747885823249817
685,0.4152337610721588
686,-0.002228114055469632
687,0.38506314158439636
688,0.4135758578777313
689,-0.002379282144829631
690,0.37731030583381653
691,0.4062579572200775
692,-0.0011213674442842603
693,0.34697815775871277
694,0.38112810254096985
695,0.014589102007448673
696,0.4049951434135437
697,0.3098498284816742
698,-0.014250022359192371
699,0.40057942271232605
700,0.2899937629699707
701,-0.00013813600526191294
702,0.39554837346076965
703,0.292193204164505
704,0.00288686016574502
705,0.3918724060058594
706,0.4145868420600891
707,-0.001404153066687286
708,0.3465157151222229
709,0.4098281264305115
710,0.027527645230293274
711,0.4075121581554413
712,0.28884050250053406
713,-0.011228526942431927
714,0.39322468638420105
715,0.45576614141464233
716,-0.0017557621467858553
717,0.41851383447647095
718,0.32336434721946716
719,-0.03682762011885643
720,0.41074714064598083
721,0.3146496117115021
722,-0.02754339389503002
723,0.41833049058914185
724,0.31171733140945435
725,-0.029538942500948906
726,0.39909422397613525
727,0.3392726182937622
728,-0.02115914225578308
729,0.420383095741272
730,0.47772520780563354
731,-0.008647439070045948
732,0.420293927192688
733,0.4623199701309204
734,-0.009019339457154274
735,0.40639588236808777
736,0.46192675828933716
737,-0.007184421177953482
738,0.3739794194698334
739,0.4338569939136505
740,0.007901631295681
741,0.38280099630355835
742,0.3704075515270233
743,-0.005323033779859543
744,0.38285303115844727
745,0.4465167820453644
746,0.0035618331748992205
747,0.36447444558143616
748,0.36974504590034485
749,-0.0017190738581120968
750,0.3754696249961853
751,0.38246455788612366
752,-0.0033190890680998564
753,0.35762086510658264
754,0.3889809250831604
755,0.005535989999771118
756,0.4038049876689911
757,0.4766790568828583
758,-0.006337814033031464
759,0.393908828496933
760,0.3459428548812866
761,-0.015050229616463184
762,0.3675183653831482
763,0.4438612461090088
764,0.015610753558576107
765,0.37844419479370117
766,0.45708590745925903
767,0.009786768816411495
768,0.3668285012245178
769,0.4192078113555908
770,0.008766219951212406
771,0.33905571699142456
772,0.3961637318134308
773,0.034575991332530975
774,0.35698220133781433
775,0.42195212841033936
776,0.01689276471734047
777,0.33568036556243896
778,0.4062352776527405
779,0.053809139877557755
780,0.36896976828575134
781,0.3977930545806885
782,0.0010360631858929992
783,0.39966675639152527
784,0.32904383540153503
785,-0.015484297648072243
786,0.39995595812797546
787,0.3614572286605835
788,-0.03339437395334244
789,0.39433637261390686
790,0.36444777250289917
791,-0.024251224473118782
792,0.40370607376098633
793,0.3537115454673767
794,-0.039450258016586304
795,0.3942466676235199
796,0.28189390897750854
797,-0.0029588837642222643
798,0.38124096393585205
799,0.27705517411231995
800,-0.0049347239546477795
801,0.369960218667984
802,0.2763403654098511
803,-0.004620002117007971
804,0.3605058193206787
805,0.27823972702026367
806,-0.0011940216645598412
807,0.35393187403678894
808,0.2830236852169037
809,0.00404279725626111
810,0.34937554597854614
811,0.3015996217727661
812,0.017520004883408546
813,0.327350378036499
814,0.332415908575058
815,0.05536465346813202
816,0.35552260279655457
817,0.31625524163246155
818,0.011537919752299786
819,0.36377373337745667
820,0.31900516152381897
821,0.006597275845706463
822,0.3743942975997925
823,0.3186173737049103
824,0.0032740295864641666
825,0.38445863127708435
826,0.31557148694992065
827,0.0018721469677984715
828,0.392318457365036
829,0.3113764524459839
830,0.0013904962688684464
831,0.3976641595363617
832,0.30723267793655396
833,0.0008561443537473679
834,0.32787200808525085
835,0.334077924489975
836,0.08638366311788559
837,0.39458227157592773
838,0.3674807846546173
839,-0.02007507160305977
840,0.40502429008483887
841,0.3312453329563141
842,-0.027943667024374008
843,0.40613654255867004
844,0.36197784543037415
845,-0.03980913758277893
846,0.41085198521614075
847,0.36763718724250793
848,-0.03635719418525696
849,0.4060889184474945
850,0.3637985289096832
851,-0.03574288263916969
852,0.397028386592865
853,0.3709940016269684
854,-0.01716187223792076
855,0.4124032258987427
856,0.3687330484390259
857,-0.03854554891586304
858,0.41316336393356323
859,0.37111735343933105
860,-0.028673220425844193
861,0.3971044421195984
862,0.2985314726829529
863,0.004657778423279524
864,0.40179067850112915
865,0.3008559048175812
866,-0.0003982431662734598
867,0.4042659401893616
868,0.3024461269378662
869,-0.006404932122677565
870,0.3596019446849823
871,0.29609572887420654
872,0.008924728259444237
873,0.3553774654865265
874,0.2924562692642212
875,0.009158329106867313
876,0.4256318509578705
877,0.32509148120880127
878,-0.03385842218995094
879,0.4762056767940521
880,0.29666590690612793
881,0.011068463325500488
882,0.4271102845668793
883,0.36875349283218384
884,-0.02870052307844162
885,0.502871036529541
886,0.25284865498542786
887,0.04929400235414505
888,0.45293986797332764
889,0.3067638576030731
890,0.0025999092031270266
891,0.4610503017902374
892,0.30752626061439514
893,0.0032324395142495632
894,0.4688149392604828
895,0.3068348169326782
896,0.0054969172924757
897,0.4791696071624756
898,0.3007742166519165
899,0.012404571287333965
900,0.4460885226726532
901,0.3039318025112152
902,0.003247987013310194
903,0.46349984407424927
904,0.2804567217826843
905,-0.001045517041347921
906,0.4550881087779999
907,0.2811219096183777
908,-0.0010074530728161335
909,0.47135093808174133
910,0.2817309498786926
911,0.0017371143912896514
912,0.4766595959663391
913,0.2850743234157562
914,0.005212654825299978
915,0.4855028986930847
916,0.30776575207710266
917,0.016657888889312744
918,0.45085495710372925
919,0.46674877405166626
920,0.0021513416431844234
921,0.4789508879184723
922,0.2941591143608093
923,0.013663697987794876
924,0.5073740482330322
925,0.30272942781448364
926,0.05368897691369057
927,0.4941011071205139
928,0.30037108063697815
929,0.024875618517398834
930,0.460552453994751
931,0.353026807308197
932,-0.004697715397924185
933,0.43060317635536194
934,0.40172791481018066
935,-0.021369103342294693
936,0.42947933077812195
937,0.41361743211746216
938,-0.01696920022368431
939,0.4417853057384491
940,0.4042702317237854
941,-0.016050394624471664
942,0.4489244222640991
943,0.40801095962524414
944,-0.009257553145289421
945,0.4376130998134613
946,0.4134354889392853
947,-0.013281941413879395
948,0.44388869404792786
949,0.4137595295906067
950,-0.00709720142185688
951,0.458336740732193
952,0.4252898693084717
953,0.003975027706474066
954,0.426164835691452
955,0.3631177544593811
956,-0.04370777681469917
957,0.4270140826702118
958,0.3515578508377075
959,-0.046418868005275726
960,0.48928123712539673
961,0.27239125967025757
962,0.0071058496832847595
963,0.4433586001396179
964,0.3247898817062378
965,-0.006554564461112022
966,0.4461780786514282
967,0.35902392864227295
968,-0.022895047441124916
969,0.4466114640235901
970,0.35291236639022827
971,-0.02039281092584133
972,0.48439520597457886
973,0.3511461615562439
974,0.006334446836262941
975,0.42636215686798096
976,0.3370688557624817
977,-0.041686464101076126
978,0.47015824913978577
979,0.2614023685455322
980,-0.007880814373493195
981,0.481489360332489
982,0.26470163464546204
983,-0.0013276414247229695
984,0.4955887198448181
985,0.23197343945503235
986,0.032398685812950134
987,0.4347011148929596
988,0.2715781629085541
989,-0.015123841352760792
990,0.447684109210968
991,0.284248948097229
992,0.0015212318394333124
993,0.4647577404975891
994,0.413671612739563
995,0.006008738186210394
996,0.499918133020401
997,0.41168734431266785
998,0.07780850678682327
999,0.44021788239479065
1000,0.3656350374221802
1001,-0.01976129040122032
1002,0.4331144690513611
1003,0.369866281747818
1004,-0.020767470821738243
1005,0.45663803815841675
1006,0.41397833824157715
1007,0.005475008860230446
1008,0.45282047986984253
1009,0.41363102197647095
1010,0.003148458432406187
1011,0.4858526885509491
1012,0.25660085678100586
1013,0.002780052600428462
1014,0.44665294885635376
1015,0.36398547887802124
1016,-0.018245117738842964
1017,0.45478448271751404
1018,0.26294660568237305
1019,-0.012660867534577847
1020,0.4562751352787018
1021,0.2527621388435364
1022,-0.014541069976985455
1023,0.4637819826602936
1024,0.20426684617996216
1025,-0.0002833544567693025
1026,0.4905131757259369
1027,0.24351099133491516
1028,0.015612942166626453
1029,0.45922303199768066
1030,0.22711926698684692
1031,-0.00785095151513815
1032,0.49385759234428406
1033,0.2668910026550293
1034,0.014172274619340897
1035,0.49842289090156555
1036,0.26022347807884216
1037,0.030779024586081505
1038,0.4302479028701782
1039,0.4088398516178131
1040,-0.020084010437130928
1041,0.4394906163215637
1042,0.40991634130477905
1043,-0.015007993206381798
1044,0.446377694606781
1045,0.41110464930534363
1046,-0.008840699680149555
1047,0.43813061714172363
1048,0.36789265275001526
1049,-0.018127180635929108
1050,0.4547075927257538
1051,0.41386568546295166
1052,0.004184295888990164
1053,0.4508746266365051
1054,0.41668567061424255
1055,-0.001216973876580596
1056,0.4517461359500885
1057,0.41328346729278564
1058,0.0028255057986825705
1059,0.4354168176651001
1060,0.36216387152671814
1061,-0.03146571293473244
1062,0.4422246217727661
1063,0.41297292709350586
1064,-0.005730637814849615
1065,0.4359077215194702
1066,0.4138385057449341
1067,-0.009988206438720226
1068,0.4284532964229584
1069,0.4148680567741394
1070,-0.013391250744462013
1071,0.43146806955337524
1072,0.44770941138267517
1073,-0.008665905334055424
1074,0.43079403042793274
1075,0.4349128305912018
1076,-0.015874739736318588
1077,0.43020015954971313
1078,0.4277461767196655
1079,-0.016627056524157524
1080,0.42950302362442017
1081,0.4217108488082886
1082,-0.01438695564866066
1083,0.4287618100643158
1084,0.4178284704685211
1085,-0.012984451837837696
1086,0.443040132522583
1087,0.4155934751033783
1088,-0.005439555272459984
1089,0.44430220127105713
1090,0.41688743233680725
1091,-0.00690231891348958
1092,0.4461078941822052
1093,0.4199914336204529
1094,-0.0080185541883111
1095,0.4476843476295471
1096,0.4240095615386963
1097,-0.006432823836803436
1098,0.45534422993659973
1099,0.3946298360824585
1100,-0.006973592098802328
1101,0.5074895620346069
1102,0.35459184646606445
1103,0.0889364704489708
1104,0.4470745325088501
1105,0.41495051980018616
1106,-0.0005615617847070098
1107,0.4488372802734375
1108,0.41532644629478455
1109,-0.0014419152867048979
1110,0.43028944730758667
1111,0.37534579634666443
1112,-0.021072305738925934
1113,0.44384488463401794
1114,0.3712519705295563
1115,-0.01221741084009409
1116,0.4316403269767761
1117,0.3727326989173889
1118,-0.02114236354827881
1119,0.45212820172309875
1120,0.3312007784843445
1121,-0.003404211951419711
1122,0.4653996229171753
1123,0.33840540051460266
1124,-0.0007790728705003858
1125,0.4480808675289154
1126,0.35794270038604736
1127,-0.01557853166013956
1128,0.4832533001899719
1129,0.2153226137161255
1130,0.014810340479016304
1131,0.47810080647468567
1132,0.23190099000930786
1133,0.003101986600086093
1134,0.4729059636592865
1135,0.25138357281684875
1136,-0.006341430824249983
1137,0.451317697763443
1138,0.43373680114746094
1139,-0.0006820191629230976
1140,0.437343955039978
1141,0.2558668851852417
1142,-0.018824588507413864
1143,0.4396935999393463
1144,0.22651414573192596
1145,-0.014152510091662407
1146,0.44238531589508057
1147,0.19932147860527039
1148,-0.009166540578007698
1149,0.4754798114299774
1150,0.30475834012031555
1151,0.009081668220460415
1152,0.4939655661582947
1153,0.315573126077652
1154,0.021628396585583687
1155,0.44188153743743896
1156,0.3010199964046478
1157,0.004274046514183283
1158,0.4856645464897156
1159,0.287227064371109
1160,0.012476653791964054
1161,0.4373551309108734
1162,0.3174571990966797
1163,-0.009904518723487854
1164,0.44074180722236633
1165,0.35512691736221313
1166,-0.031277187168598175
1167,0.502117931842804
1168,0.32351937890052795
1169,0.03108237497508526
1170,0.48874759674072266
1171,0.3233301043510437
1172,0.014375156722962856
1173,0.4786909222602844
1174,0.3274945020675659
1175,0.006685230880975723
1176,0.46343162655830383
1177,0.32621344923973083
1178,0.002582705579698086
1179,0.45197784900665283
1180,0.3218623399734497
1181,0.0005639049923047423
1182,0.4433351755142212
1183,0.3166828751564026
1184,-0.0019993502646684647
1185,0.4261105954647064
1186,0.3022348880767822
1187,-0.019453611224889755
1188,0.5016865730285645
1189,0.34735924005508423
1190,0.029363296926021576
1191,0.4921761155128479
1192,0.2852487862110138
1193,0.016335442662239075
1194,0.42349523305892944
1195,0.3692444860935211
1196,-0.039604123681783676
1197,0.44324496388435364
1198,0.3358990550041199
1199,-0.009804854169487953
1200,0.5085465908050537
1201,0.30263909697532654
1202,0.08131687343120575
1203,0.4369328022003174
1204,0.3105316758155823
1205,-0.003502995241433382
1206,0.4487445056438446
1207,0.35869404673576355
1208,-0.006935437209904194
1209,0.48146572709083557
1210,0.29483214020729065
1211,0.015234929509460926
1212,0.4410424828529358
1213,0.3476499319076538
1214,-0.028165489435195923
1215,0.5052293539047241
1216,0.38255375623703003
1217,0.08563818037509918
1218,0.4420422911643982
1219,0.29686304926872253
1220,0.006351442076265812
1221,0.4337363839149475
1222,0.34115564823150635
1223,-0.03656124323606491
1224,0.48461729288101196
1225,0.43848729133605957
1226,0.03419172763824463
1227,0.48334234952926636
1228,0.45237767696380615
1229,0.04890038073062897
1230,0.5081676244735718
1231,0.3514960706233978
1232,0.0590573288500309
1233,0.49418970942497253
1234,0.4226672649383545
1235,0.04447050392627716
1236,0.5029555559158325
1237,0.27967414259910583
1238,0.04453234747052193
1239,0.45242226123809814
1240,0.4791257381439209
1241,0.007148935925215483
1242,0.4226396083831787
1243,0.37166643142700195
1244,-0.028553206473588943
1245,0.4507293105125427
1246,0.3440904915332794
1247,-0.0065239849500358105
1248,0.5006057024002075
1249,0.30251604318618774
1250,0.03336846083402634
1251,0.4682050049304962
1252,0.30000486969947815
1253,0.006194757763296366
1254,0.4611090123653412
1255,0.3010662794113159
1256,0.00411519268527627
1257,0.45288151502609253
1258,0.418817400932312
1259,0.000289404415525496
1260,0.5007386207580566
1261,0.37093332409858704
1262,0.03251977264881134
1263,0.43742281198501587
1264,0.49604368209838867
1265,0.009045775979757309
1266,0.4614587426185608
1267,0.47944527864456177
1268,0.026360753923654556
1269,0.47163450717926025
1270,0.4683241844177246
1271,0.03639274463057518
1272,0.45425301790237427
1273,0.30054759979248047
1274,0.0036024220753461123
1275,0.44787806272506714
1276,0.298775315284729
1277,0.004629773553460836
1278,0.4439653158187866
1279,0.29783010482788086
1280,0.006246712524443865
1281,0.49755069613456726
1282,0.28266260027885437
1283,0.024692101404070854
1284,0.4488263726234436
1285,0.2902362048625946
1286,0.0031695764046162367
1287,0.45569589734077454
1288,0.2878916561603546
1289,0.0015937188873067498
1290,0.46257126331329346
1291,0.2872258722782135
1292,0.002088524168357253
1293,0.469573438167572
1294,0.2886049449443817
1295,0.004182091448456049
1296,0.4740848243236542
1297,0.2909492254257202
1298,0.007055217400193214
1299,0.5068610906600952
1300,0.2749912142753601
1301,0.06714975833892822
1302,0.47295036911964417
1303,0.2983580231666565
1304,0.008823047392070293
1305,0.44779282808303833
1306,0.38803377747535706
1307,-0.012246537022292614
1308,0.4403128921985626
1309,0.36386486887931824
1310,-0.022918201982975006
1311,0.43133363127708435
1312,0.385415256023407
1313,-0.020397968590259552
1314,0.4739358127117157
1315,0.4543752670288086
1316,0.025851642712950706
1317,0.46354371309280396
1318,0.4668959379196167
1319,0.01700490154325962
1320,0.43802717328071594
1321,0.4877185821533203
1322,-0.0014678044244647026
1323,0.4922521412372589
1324,0.43503162264823914
1325,0.06417971104383469
1326,0.4440877139568329
1327,0.29400235414505005
1328,0.005022390279918909
1329,0.43197259306907654
1330,0.32034122943878174
1331,-0.021398592740297318
1332,0.4504757821559906
1333,0.4890866279602051
1334,0.015963289886713028
1335,0.5058846473693848
1336,0.37728697061538696
1337,0.05839943513274193
1338,0.4365476369857788
1339,0.4165509343147278
1340,-0.009632403030991554
1341,0.4378485381603241
1342,0.4193543791770935
1343,-0.0111464848741889
1344,0.4391074776649475
1345,0.423990398645401
1346,-0.01262444257736206
1347,0.4401370584964752
1348,0.4303601086139679
1349,-0.01146315224468708
1350,0.4426109194755554
1351,0.4416995048522949
1352,-0.005565889645367861
1353,0.44944947957992554
1354,0.4136064052581787
1355,-0.0016766325570642948
1356,0.4519095718860626
1357,0.41255444288253784
1358,-0.0016886575613170862
1359,0.4542774558067322
1360,0.4107465445995331
1361,-0.0017426306148990989
1362,0.4617462158203125
1363,0.40318816900253296
1364,-0.00036031188210472465
1365,0.4910416007041931
1366,0.3766458332538605
1367,0.015681365504860878
1368,0.4315398633480072
1369,0.3091428875923157
1370,-0.014092769473791122
1371,0.4354330897331238
1372,0.2891879677772522
1373,6.283148832153529e-05
1374,0.4405278265476227
1375,0.2911268472671509
1376,0.0033803004771471024
1377,0.44740551710128784
1378,0.4123072624206543
1379,-0.0008510834886692464
1380,0.49165213108062744
1381,0.4052564799785614
1382,0.028617100790143013
1383,0.42838454246520996
1384,0.28831034898757935
1385,-0.011011498048901558
1386,0.4469238519668579
1387,0.45395442843437195
1388,-0.0012832535430788994
1389,0.426022469997406
1390,0.3142196834087372
1391,-0.02745313197374344
1392,0.4383072257041931
1393,0.3381013870239258
1394,-0.020875466987490654
1395,0.434134840965271
1396,0.46100685000419617
1397,-0.007011442445218563
1398,0.46534958481788635
1399,0.43074947595596313
1400,0.008705665357410908
1401,0.4554045498371124
1402,0.36804819107055664
1403,-0.004804461263120174
1404,0.4569145739078522
1405,0.4440063238143921
1406,0.004156892653554678
1407,0.4737425446510315
1408,0.3663668930530548
1409,-0.0010159565135836601
1410,0.4630855917930603
1411,0.37967896461486816
1412,-0.0026993092615157366
1413,0.4808366298675537
1414,0.3851172626018524
1415,0.0063957818783819675
1416,0.43692415952682495
1417,0.4756445586681366
1418,-0.00610540434718132
1419,0.4435635507106781
1420,0.34443292021751404
1421,-0.014669634401798248
1422,0.47176480293273926
1423,0.440410315990448
1424,0.016432035714387894
1425,0.4613672196865082
1426,0.4544222354888916
1427,0.01040465384721756
1428,0.4721323251724243
1429,0.4156392514705658
1430,0.009605772793293
1431,0.4986726641654968
1432,0.3911803364753723
1433,0.03584790974855423
1434,0.4817211329936981
1435,0.4179370701313019
1436,0.01776907406747341
1437,0.5019130110740662
1438,0.40107959508895874
1439,0.05517740920186043
1440,0.4697118401527405
1441,0.394490510225296
1442,0.00172228435985744
1443,0.43742635846138
1444,0.32794997096061707
1445,-0.015183872543275356
1446,0.4380931556224823
1447,0.36022424697875977
1448,-0.03311676159501076
1449,0.44377008080482483
1450,0.3628841042518616
1451,-0.023908600211143494
1452,0.43426868319511414
1453,0.3528229892253876
1454,-0.039403196424245834
1455,0.44176554679870605
1456,0.28056737780570984
1457,-0.002579539781436324
1458,0.45472705364227295
1459,0.27480417490005493
1460,-0.0042292033322155476
1461,0.46597740054130554
1462,0.2734144628047943
1463,-0.003749309806153178
1464,0.475483238697052
1465,0.27467119693756104
1466,-0.0002441040996927768
1467,0.4822078049182892
1468,0.27902472019195557
1469,0.005194902885705233
1470,0.4870111048221588
1471,0.29750528931617737
1472,0.018618794158101082
1473,0.5088953971862793
1474,0.3268268406391144
1475,0.05692686140537262
1476,0.4812541604042053
1477,0.31256788969039917
1478,0.012575631961226463
1479,0.4730444848537445
1480,0.3158811628818512
1481,0.007508597336709499
1482,0.4624435603618622
1483,0.31619882583618164
1484,0.004003643058240414
1485,0.45216649770736694
1486,0.31374654173851013
1487,0.002456210320815444
1488,0.44419848918914795
1489,0.31004011631011963
1490,0.0018050586804747581
1491,0.4387494623661041
1492,0.3062651753425598
1493,0.0011661113239824772
1494,0.5080775618553162
1495,0.32851502299308777
1496,0.08795477449893951
1497,0.44360750913619995
1498,0.3658379018306732
1499,-0.01972910948097706
1500,0.43218258023262024
1501,0.33042994141578674
1502,-0.02777823992073536
1503,0.4320788085460663
1504,0.36114537715911865
1505,-0.03967801481485367
1506,0.42751163244247437
1507,0.3670210838317871
1508,-0.03627396747469902
1509,0.4320980906486511
1510,0.36292338371276855
1511,-0.03557860106229782
1512,0.44127801060676575
1513,0.369523286819458
1514,-0.01694260910153389
1515,0.4260449707508087
1516,0.36826393008232117
1517,-0.03843657672405243
1518,0.4252961277961731
1519,0.3706669807434082
1520,-0.02859947644174099
1521,0.43913185596466064
1522,0.297608345746994
1523,0.0049287620931863785
1524,0.4344309866428375
1525,0.30013561248779297
1526,-0.00010604267299640924
1527,0.4320404827594757
1528,0.30177631974220276
1529,-0.006184388417750597
1530,0.4768220782279968
1531,0.2927834093570709
1532,0.009932472370564938
1533,0.4809116721153259
1534,0.2886909246444702
1535,0.010167603380978107
1536,0.0
1537,0.0
1538,0.0
1539,0.0
1540,0.0
1541,0.0
1542,0.0
1543,0.0
1544,0.0
1545,0.0
1546,0.0
1547,0.0
1548,0.0
1549,0.0
1550,0.0
1551,0.0
1552,0.0
1553,0.0
1554,0.0
1555,0.0
1556,0.0
1557,0.0
1558,0.0
1559,0.0
1560,0.0
1561,0.0
1562,0.0
1563,0.0
1564,0.0
1565,0.0
1566,0.0
1567,0.0
1568,0.0
1569,0.0
1570,0.0
1571,0.0
1572,0.0
1573,0.0
1574,0.0
1575,0.0
1576,0.0
1577,0.0
1578,0.0
1579,0.0
1580,0.0
1581,0.0
1582,0.0
1583,0.0
1584,0.0
1585,0.0
1586,0.0
1587,0.0
1588,0.0
1589,0.0
1590,0.0
1591,0.0
1592,0.0
1593,0.0
1594,0.0
1595,0.0
1596,0.0
1597,0.0
1598,0.0
1599,0.09482001513242722
1600,0.5235868692398071
1601,-1.7169059063348868e-08
1602,0.1510685533285141
1603,0.5019359588623047
1604,-0.011951819062232971
1605,0.19446584582328796
1606,0.43291932344436646
1607,-0.009946796111762524
1608,0.21725404262542725
1609,0.37354975938796997
1610,-0.009203383699059486
1611,0.2358105480670929
1612,0.34517788887023926
1613,-0.00819484144449234
1614,0.1560402810573578
1615,0.3365778625011444
1616,0.01113282609730959
1617,0.16841836273670197
1618,0.26894229650497437
1619,0.008628795854747295
1620,0.17372597754001617
1621,0.22619286179542542
1622,0.0057112667709589005
1623,0.1748443841934204
1624,0.18933503329753876
1625,0.0025485469959676266
1626,0.12537781894207
1627,0.3305147886276245
1628,0.007906971499323845
1629,0.12835288047790527
1630,0.248381108045578
1631,-0.015839017927646637
1632,0.13870282471179962
1633,0.27967962622642517
1634,-0.03096153400838375
1635,0.1407109498977661
1636,0.32434555888175964
1637,-0.032496411353349686
1638,0.09545943886041641
1639,0.33257296681404114
1640,0.0032644039019942284
1641,0.09593997895717621
1642,0.2591719925403595
1643,-0.02050894685089588
1644,0.10898049175739288
1645,0.2981855571269989
1646,-0.027124717831611633
1647,0.11362889409065247
1648,0.3403136730194092
1649,-0.022936861962080002
1650,0.06420727074146271
1651,0.3410748541355133
1652,-0.002304218942299485
1653,0.049434445798397064
1654,0.2719181180000305
1655,-0.015438941307365894
1656,0.04625683277845383
1657,0.2307276427745819
1658,-0.020357519388198853
1659,0.04294074326753616
1660,0.1918642371892929
1661,-0.02102598547935486
