,0
0,0.41201281547546387
1,0.33783629536628723
2,-0.6605738401412964
3,0.9999856352806091
4,0.43922871351242065
5,0.28074684739112854
6,-0.6206092238426208
7,0.999968945980072
8,0.4584621489048004
9,0.28170791268348694
10,-0.6202552318572998
11,0.999965488910675
12,0.4739597737789154
13,0.28316035866737366
14,-0.6200968027114868
15,0.9999694228172302
16,0.3855302631855011
17,0.28477683663368225
18,-0.588981032371521
19,0.9999687671661377
20,0.3693493604660034
21,0.2875819504261017
22,-0.5881897211074829
23,0.9999637603759766
24,0.3544459939002991
25,0.29075363278388977
26,-0.5881186723709106
27,0.9999709129333496
28,0.4942489564418793
29,0.31711822748184204
30,-0.33413463830947876
31,0.9999685287475586
32,0.34075433015823364
33,0.32486391067504883
34,-0.1703563630580902
35,0.9999638795852661
36,0.45330938696861267
37,0.4055559039115906
38,-0.5619683265686035
39,0.9999802708625793
40,0.38059547543525696
41,0.40561720728874207
42,-0.5149913430213928
43,0.9999769330024719
44,0.6374273896217346
45,0.6803057789802551
46,-0.21897625923156738
47,0.9996940493583679
48,0.22961020469665527
49,0.654684841632843
50,-0.030919775366783142
51,0.999808132648468
52,0.7064334154129028
53,1.042941689491272
54,-0.2705962061882019
55,0.5132315754890442
56,0.07015211880207062
57,0.996130108833313
58,-0.4746161997318268
59,0.8988270163536072
60,0.7146375775337219
61,1.443641185760498
62,-0.4503036439418793
63,0.3263014256954193
64,0.0836869329214096
65,0.6256447434425354
66,-1.2951425313949585
67,0.9160479307174683
68,0.7358445525169373
69,1.5473408699035645
70,-0.5349289178848267
71,0.4045822024345398
72,0.09065449982881546
73,0.49152958393096924
74,-1.4695245027542114
75,0.9049525260925293
76,0.6834887862205505
77,1.5237650871276855
78,-0.5687092542648315
79,0.526402473449707
80,0.11506432294845581
81,0.45910215377807617
82,-1.410701036453247
83,0.9134080410003662
84,0.6623491644859314
85,1.488215684890747
86,-0.48007068037986755
87,0.536456823348999
88,0.13179174065589905
89,0.5145272016525269
90,-1.3068339824676514
91,0.9118115901947021
92,0.5606932044029236
93,1.4416521787643433
94,-0.08387695252895355
95,0.0012338608503341675
96,0.2699074149131775
97,1.4377027750015259
98,0.08913935720920563
99,0.0016807150095701218
100,0.5522066950798035
101,2.0895676612854004
102,-0.15180383622646332
103,0.00031153502641245723
104,0.29321590065956116
105,2.089993715286255
106,0.11802760511636734
107,0.0002438502269797027
108,0.5454356670379639
109,2.667515754699707
110,0.41347354650497437
111,3.125499279121868e-05
112,0.29845207929611206
113,2.6622374057769775
114,0.5009461045265198
115,3.199190132363583e-06
116,0.5547693967819214
117,2.7461178302764893
118,0.43185076117515564
119,1.9284254449303262e-05
120,0.29328805208206177
121,2.739593029022217
122,0.5268253684043884
123,6.45185627945466e-06
124,0.5001329779624939
125,2.8382186889648438
126,-0.14287203550338745
127,1.677388536336366e-05
128,0.32199013233184814
129,2.846709966659546
130,-0.09058897197246552
131,1.0944235327770002e-05
132,0.41920754313468933
133,0.4048726558685303
134,-0.02331298217177391
135,0.41698822379112244
136,0.3654574155807495
137,-0.046201612800359726
138,0.4176631569862366
139,0.37718233466148376
140,-0.024213043972849846
141,0.4085015058517456
142,0.327867329120636
143,-0.035698920488357544
144,0.4165268838405609
145,0.3534297049045563
146,-0.04926970228552818
147,0.4159848690032959
148,0.3380703628063202
149,-0.04624757543206215
150,0.41473281383514404
151,0.30165109038352966
152,-0.02462955005466938
153,0.3560062646865845
154,0.30233967304229736
155,0.009102399460971355
156,0.41384953260421753
157,0.27545201778411865
158,-0.020008111372590065
159,0.4134310185909271
160,0.2602713406085968
161,-0.02223183400928974
162,0.4116686284542084
163,0.20196841657161713
164,-0.014620530419051647
165,0.41952577233314514
166,0.4110010266304016
167,-0.022106753662228584
168,0.4197128415107727
169,0.41565799713134766
170,-0.019349733367562294
171,0.4198145270347595
172,0.4173777997493744
173,-0.015553814359009266
174,0.4203181564807892
175,0.43203914165496826
176,-0.011707465164363384
177,0.420552521944046
178,0.4379734694957733
179,-0.012920279987156391
180,0.42082273960113525
181,0.44506150484085083
182,-0.014287767931818962
183,0.421080619096756
184,0.45237234234809875
185,-0.012203380465507507
186,0.42129817605018616
187,0.46135061979293823
188,-0.003286833642050624
189,0.41725659370422363
190,0.37143200635910034
191,-0.04177052155137062
192,0.4091944694519043
193,0.370944082736969
194,-0.030073847621679306
195,0.32798516750335693
196,0.262024462223053
197,0.046811942011117935
198,0.37994521856307983
199,0.31100937724113464
200,0.0008143052691593766
201,0.37193822860717773
202,0.3123931288719177
203,0.0013365605846047401
204,0.3641097843647003
205,0.3123816251754761
206,0.0035637603141367435
207,0.353165864944458
208,0.3066166937351227
209,0.010447126813232899
210,0.38654783368110657
211,0.30770593881607056
212,0.0014928500168025494
213,0.3677413761615753
214,0.28351402282714844
215,-0.003097167005762458
216,0.3766806423664093
217,0.2837977111339569
218,-0.003028848674148321
219,0.3595309853553772
220,0.285561740398407
221,-0.00032084473059512675
222,0.35421866178512573
223,0.2896311283111572
224,0.003206598339602351
225,0.34743863344192505
226,0.31478336453437805
227,0.014810549095273018
228,0.3904176652431488
229,0.47387123107910156
230,0.007873249240219593
231,0.3529179096221924
232,0.2997470498085022
233,0.01177600584924221
234,0.3258042335510254
235,0.31143826246261597
236,0.051984842866659164
237,0.33855366706848145
238,0.3081635534763336
239,0.022975439205765724
240,0.3748032748699188
241,0.35844922065734863
242,-0.0058481949381530285
243,0.40771791338920593
244,0.4034216105937958
245,-0.022213075309991837
246,0.40979209542274475
247,0.4159335494041443
248,-0.01797669567167759
249,0.3964436948299408
250,0.4075125753879547
251,-0.01681198552250862
252,0.38973361253738403
253,0.41261112689971924
254,-0.009330092929303646
255,0.40162086486816406
256,0.4169219732284546
257,-0.014049204997718334
258,0.3955637812614441
259,0.41846963763237
260,-0.007197925820946693
261,0.3806172013282776
262,0.43396735191345215
263,0.006807376630604267
264,0.40992847084999084
265,0.3654159903526306
266,-0.04549035057425499
267,0.4083766043186188
268,0.3540627658367157
269,-0.0483674481511116
270,0.34175369143486023
271,0.27930328249931335
272,0.004799321293830872
273,0.3905121386051178
274,0.32880786061286926
275,-0.008148514665663242
276,0.3893156051635742
277,0.3629918098449707
278,-0.02468126267194748
279,0.388474702835083
280,0.35702624917030334
281,-0.022122137248516083
282,0.3512130379676819
283,0.3584998846054077
284,0.00485971150919795
285,0.40833014249801636
286,0.33976081013679504
287,-0.04360665753483772
288,0.3603803217411041
289,0.2666974663734436
290,-0.010240301489830017
291,0.34909501671791077
292,0.2709060609340668
293,-0.0036473351065069437
294,0.3342098891735077
295,0.24098889529705048
296,0.02967805601656437
297,0.3965471088886261
298,0.2743995189666748
299,-0.017361093312501907
300,0.38446182012557983
301,0.2869247794151306
302,-0.00041058764327317476
303,0.3741769790649414
304,0.42083486914634705
305,0.00763910636305809
306,0.33973708748817444
307,0.41721734404563904
308,0.07830900698900223
309,0.39578136801719666
310,0.3689448833465576
311,-0.02105056494474411
312,0.4032430052757263
313,0.3726038932800293
314,-0.02193531207740307
315,0.38190481066703796
316,0.4221101403236389
317,0.006977576296776533
318,0.386296808719635
319,0.4217268228530884
320,0.00464764516800642
321,0.34453630447387695
322,0.26354509592056274
323,0.0002598160644993186
324,0.3891245126724243
325,0.36806464195251465
326,-0.01981056109070778
327,0.3759033679962158
328,0.2671542763710022
329,-0.015063304454088211
330,0.3741012513637543
331,0.2576269209384918
332,-0.01722257398068905
333,0.3646465241909027
334,0.2111329734325409
335,-0.0035360734909772873
336,0.33962905406951904
337,0.25171732902526855
338,0.012984935194253922
339,0.37025919556617737
340,0.23314595222473145
341,-0.01080329716205597
342,0.33719873428344727
343,0.27455204725265503
344,0.011890470050275326
345,0.3326689600944519
346,0.2686973810195923
347,0.02848203293979168
348,0.40865668654441833
349,0.4106864333152771
350,-0.02099408209323883
351,0.3993147909641266
352,0.41316962242126465
353,-0.015733003616333008
354,0.39264392852783203
355,0.4156886041164398
356,-0.00891738012433052
357,0.3980444371700287
358,0.3710617423057556
359,-0.019435547292232513
360,0.3840430974960327
361,0.4221465587615967
362,0.00566526222974062
363,0.3879026472568512
364,0.4276825189590454
365,0.001307112630456686
366,0.3875725567340851
367,0.4209928512573242
368,0.004372341092675924
369,0.4003884792327881
370,0.3650115430355072
371,-0.03319241851568222
372,0.397419810295105
373,0.4176708459854126
374,-0.005948800127953291
375,0.4035334587097168
376,0.4173596501350403
377,-0.010759425349533558
378,0.4109952449798584
379,0.4174058437347412
380,-0.014400220476090908
381,0.40881282091140747
382,0.4608154296875
383,-0.0027690427377820015
384,0.40893593430519104
385,0.45126402378082275
386,-0.01146744005382061
387,0.40939608216285706
388,0.44388702511787415
389,-0.013126770034432411
390,0.41006791591644287
391,0.436522901058197
392,-0.011676609516143799
393,0.41088515520095825
394,0.43160852789878845
395,-0.010458145290613174
396,0.39656323194503784
397,0.42774802446365356
398,-0.0029016516637057066
399,0.394991397857666
400,0.4296967089176178
401,-0.0040524667128920555
402,0.39269936084747314
403,0.4332549571990967
404,-0.004824729636311531
405,0.3908827304840088
406,0.4372186064720154
407,-0.002989257453009486
408,0.38258907198905945
409,0.399607390165329
410,-0.00711906747892499
411,0.3290083706378937
412,0.3615805506706238
413,0.08840968459844589
414,0.41741058230400085
415,0.37371405959129333
416,-0.03036298044025898
417,0.3925057649612427
418,0.42553722858428955
419,0.001728557050228119
420,0.39026153087615967
421,0.4262819290161133
422,0.0010403830092400312
423,0.40636053681373596
424,0.37776926159858704
425,-0.021966414526104927
426,0.39235615730285645
427,0.37504225969314575
428,-0.013311374001204967
429,0.4048655927181244
430,0.37527018785476685
431,-0.02224673703312874
432,0.38204798102378845
433,0.3357895016670227
434,-0.004919686820358038
435,0.3692338168621063
436,0.34409067034721375
437,-0.0022655476350337267
438,0.3872423768043518
439,0.3622495234012604
440,-0.017154287546873093
441,0.3456580638885498
442,0.22366559505462646
443,0.011957257986068726
444,0.35143741965293884
445,0.23937010765075684
446,0.00029484988772310317
447,0.3572290241718292
448,0.25742268562316895
449,-0.008980633690953255
450,0.38783496618270874
451,0.44403600692749023
452,0.003278671996667981
453,0.3934383988380432
454,0.25939565896987915
455,-0.021286729723215103
456,0.3899655342102051
457,0.2309628129005432
458,-0.017129523679614067
459,0.3859742283821106
460,0.20452572405338287
461,-0.01235386822372675
462,0.357258141040802
463,0.3106355667114258
464,0.007149919867515564
465,0.3394845128059387
466,0.3235263526439667
467,0.01983472891151905
468,0.390735000371933
469,0.3043898046016693
470,0.00249086762778461
471,0.3459334373474121
472,0.2936423718929291
473,0.01056397520005703
474,0.3962300717830658
475,0.3211265206336975
476,-0.011505520902574062
477,0.39455685019493103
478,0.3584563434123993
479,-0.03314147889614105
480,0.3318307101726532
481,0.3319169282913208
482,0.02938145026564598
483,0.3449721336364746
484,0.3308236002922058
485,0.012547177262604237
486,0.35529831051826477
487,0.3343050181865692
488,0.005044491495937109
489,0.37053191661834717
490,0.33167383074760437
491,0.0009951390093192458
492,0.38168346881866455
493,0.326393187046051
494,-0.0010493714362382889
495,0.3900652825832367
496,0.3205273747444153
497,-0.003576858900487423
498,0.4068560302257538
499,0.3051977753639221
500,-0.021245945245027542
501,0.333538681268692
502,0.355445921421051
503,0.02781645767390728
504,0.33971548080444336
505,0.2926490008831024
506,0.014330857433378696
507,0.4129670560359955
508,0.3712540864944458
509,-0.04125961288809776
510,0.3911293148994446
511,0.3397709131240845
512,-0.011517869308590889
513,0.32485756278038025
514,0.3109896183013916
515,0.07979574054479599
516,0.3962048292160034
517,0.3140014111995697
518,-0.0052236467599868774
519,0.38654235005378723
520,0.3630141019821167
521,-0.008350116200745106
522,0.35026228427886963
523,0.30058759450912476
524,0.013395650312304497
525,0.3938269019126892
526,0.3511933386325836
527,-0.029985183849930763
528,0.3326985239982605
529,0.38863828778266907
530,0.08558867871761322
531,0.3904963433742523
532,0.3001488745212555
533,0.004567001014947891
534,0.4009611904621124
535,0.3443528115749359
536,-0.038404930382966995
537,0.3565673828125
538,0.4445935785770416
539,0.0368049219250679
540,0.35837408900260925
541,0.4572654962539673
542,0.05134030058979988
543,0.3274223208427429
544,0.3593848943710327
545,0.05795126408338547
546,0.3463268280029297
547,0.42905935645103455
548,0.045714009553194046
549,0.32908540964126587
550,0.2883557081222534
551,0.0425051674246788
552,0.3897208869457245
553,0.48513495922088623
554,0.01284707896411419
555,0.4140177369117737
556,0.37344491481781006
557,-0.029855087399482727
558,0.38400107622146606
559,0.3485986292362213
560,-0.008040904067456722
561,0.33232763409614563
562,0.3108007609844208
563,0.03144930675625801
564,0.3643687665462494
565,0.30539408326148987
566,0.004234107676893473
567,0.3715318441390991
568,0.30589067935943604
569,0.002190534258261323
570,0.3856350779533386
571,0.4294600188732147
572,0.0027781298849731684
573,0.3360639810562134
574,0.37858596444129944
575,0.03159360587596893
576,0.40511372685432434
577,0.5011810660362244
578,0.01526509691029787
579,0.38060814142227173
580,0.48400023579597473
581,0.031065408140420914
582,0.3703308701515198
583,0.47276464104652405
584,0.04008367285132408
585,0.4125867187976837
586,0.2300741970539093
587,-0.018957743421196938
588,0.42237430810928345
589,0.5031529664993286
590,0.012989215552806854
591,0.3783622980117798
592,0.30482637882232666
593,0.0017758933827280998
594,0.3846229016780853
595,0.3027293086051941
596,0.002856975421309471
597,0.3885926306247711
598,0.30135437846183777
599,0.004481145646423101
600,0.3344053626060486
601,0.2907496392726898
602,0.02265717275440693
603,0.3833552598953247
604,0.2935972511768341
605,0.0013532519806176424
606,0.37630510330200195
607,0.2913244068622589
608,-0.0003054489498026669
609,0.3692842125892639
610,0.2910845875740051
611,0.00013374246191233397
612,0.36215946078300476
613,0.2930641174316406
614,0.0022372049279510975
615,0.35765790939331055
616,0.29595670104026794
617,0.005115341395139694
618,0.32510778307914734
619,0.28390568494796753
620,0.06503469496965408
621,0.3594592809677124
622,0.3039771318435669
623,0.006798034068197012
624,0.4181743562221527
625,0.3862001597881317
626,-0.021758705377578735
627,0.3894137442111969
628,0.3922044038772583
629,-0.012689049355685711
630,0.3955879807472229
631,0.36712148785591125
632,-0.02449646219611168
633,0.40592753887176514
634,0.3878890872001648
635,-0.020883798599243164
636,0.41425228118896484
637,0.28827905654907227
638,-0.01897088624536991
639,0.36755263805389404
640,0.4601103365421295
641,0.02980702370405197
642,0.3782232999801636
643,0.47242289781570435
644,0.021920228376984596
645,0.40436652302742004
646,0.49406057596206665
647,0.005009167827665806
648,0.34874677658081055
649,0.4402555525302887
650,0.06537074595689774
651,0.38824450969696045
652,0.2974126935005188
653,0.0032140121329575777
654,0.4018629491329193
655,0.3236190974712372
656,-0.02316383831202984
657,0.42224767804145813
658,0.4959765672683716
659,0.0031838237773627043
660,0.3917781114578247
661,0.4941287338733673
662,0.021504702046513557
663,0.331137090921402
664,0.38456085324287415
665,0.05781157314777374
666,0.40299755334854126
667,0.42995065450668335
668,-0.007076260168105364
669,0.40149495005607605
670,0.4335489869117737
671,-0.00829219538718462
672,0.39988312125205994
673,0.4391588270664215
674,-0.00913219340145588
675,0.39872658252716064
676,0.44570302963256836
677,-0.007410712074488401
678,0.39674559235572815
679,0.4538033902645111
680,-0.000628146284725517
681,0.3900211453437805
682,0.41963180899620056
683,-0.000985656981356442
684,0.3871251344680786
685,0.41858258843421936
686,-0.0009094009292311966
687,0.38453248143196106
688,0.41674405336380005
689,-0.001101612113416195
690,0.37700149416923523
691,0.4091813862323761
692,0.00018613130669109523
693,0.3465006649494171
694,0.38399016857147217
695,0.014968836680054665
696,0.4016779065132141
697,0.31243181228637695
698,-0.015752539038658142
699,0.3966835141181946
700,0.29213497042655945
701,-0.0018369538011029363
702,0.39167970418930054
703,0.2940143346786499
704,0.001382632995955646
705,0.3922051191329956
706,0.4179956912994385
707,-0.00019432253611739725
708,0.34772804379463196
709,0.41227370500564575
710,0.029259977862238884
711,0.40369653701782227
712,0.2909923791885376
713,-0.01300111599266529
714,0.3933834731578827
715,0.4628766179084778
716,0.004236322361975908
717,0.41555050015449524
718,0.3256068527698517
719,-0.0386057123541832
720,0.40756693482398987
721,0.3171716630458832
722,-0.029225150123238564
723,0.41517773270606995
724,0.31409329175949097
725,-0.03128586709499359
726,0.39614418148994446
727,0.3416059613227844
728,-0.022638961672782898
729,0.4219668209552765
730,0.4849555492401123
731,-0.0015989936655387282
732,0.4215761721134186
733,0.47199124097824097
734,-0.0022346749901771545
735,0.40691542625427246
736,0.4709435999393463
737,-0.00044584201532416046
738,0.3743215799331665
739,0.4378889799118042
740,0.011774305254220963
741,0.38071098923683167
742,0.37299391627311707
743,-0.005647181533277035
744,0.38293883204460144
745,0.4518241286277771
746,0.008671953342854977
747,0.3630450367927551
748,0.3730335235595703
749,-0.001571954577229917
750,0.3743133246898651
751,0.38534507155418396
752,-0.0028914548456668854
753,0.35761359333992004
754,0.39200177788734436
755,0.006418728735297918
756,0.4049268960952759
757,0.48334991931915283
758,0.0005529776681214571
759,0.39107510447502136
760,0.34826016426086426
761,-0.016316823661327362
762,0.36867061257362366
763,0.44711002707481384
764,0.019830798730254173
765,0.3794696629047394
766,0.4609740376472473
767,0.015137940645217896
768,0.36736834049224854
769,0.42236581444740295
770,0.011364748701453209
771,0.33954355120658875
772,0.3983028531074524
773,0.0356217697262764
774,0.35813331604003906
775,0.42489510774612427
776,0.019482137635350227
777,0.33694887161254883
778,0.40783676505088806
779,0.05533960089087486
780,0.3690076172351837
781,0.400541216135025
782,0.0021598718594759703
783,0.39662447571754456
784,0.3315986692905426
785,-0.016864623874425888
786,0.3975609540939331
787,0.36332008242607117
788,-0.03495310619473457
789,0.3920544683933258
790,0.3664415180683136
791,-0.025580594316124916
792,0.4011252224445343
793,0.35570982098579407
794,-0.04117023944854736
795,0.39007967710494995
796,0.28342998027801514
797,-0.004635489080101252
798,0.3766494393348694
799,0.2780504822731018
800,-0.006412841379642487
801,0.36486220359802246
802,0.27732500433921814
803,-0.005886710714548826
804,0.35517749190330505
805,0.2796236276626587
806,-0.002272470621392131
807,0.34876152873039246
808,0.28482842445373535
809,0.003136990126222372
810,0.3453485667705536
811,0.3043258786201477
812,0.016841165721416473
813,0.32550257444381714
814,0.335233211517334
815,0.05546296387910843
816,0.35184961557388306
817,0.31918731331825256
818,0.010716889053583145
819,0.3602980077266693
820,0.321980357170105
821,0.005747170187532902
822,0.37098583579063416
823,0.32134518027305603
824,0.002294768812134862
825,0.381040096282959
826,0.31814661622047424
827,0.0007994546904228628
828,0.38882189989089966
829,0.313819944858551
830,0.00010354693949921057
831,0.3940970301628113
832,0.30964675545692444
833,-0.000516161962877959
834,0.3268803358078003
835,0.336229532957077
836,0.08692970126867294
837,0.3923969864845276
838,0.36953607201576233
839,-0.021267244592308998
840,0.4020310044288635
841,0.3336713910102844
842,-0.02958996221423149
843,0.40381303429603577
844,0.3638360798358917
845,-0.04147404059767723
846,0.40873685479164124
847,0.3693702518939972
848,-0.03788747265934944
849,0.403859406709671
850,0.3655848503112793
851,-0.03729403018951416
852,0.39489778876304626
853,0.3730029761791229
854,-0.018189530819654465
855,0.4103226363658905
856,0.37047696113586426
857,-0.04010215401649475
858,0.4111994206905365
859,0.37275218963623047
860,-0.029933620244264603
861,0.39343008399009705
862,0.3006916046142578
863,0.003204920096322894
864,0.3981395363807678
865,0.30316871404647827
866,-0.001957566011697054
867,0.40073245763778687
868,0.30486148595809937
869,-0.007984361611306667
870,0.3549925684928894
871,0.2980477213859558
872,0.00804704800248146
873,0.35035479068756104
874,0.29416367411613464
875,0.008306446485221386
876,0.42285245656967163
877,0.3271067142486572
878,-0.035636693239212036
879,0.4739886522293091
880,0.29708579182624817
881,0.009390780702233315
882,0.4252651631832123
883,0.37003660202026367
884,-0.03004518151283264
885,0.4997652471065521
886,0.2528938353061676
887,0.0472588911652565
888,0.4505106210708618
889,0.30800661444664
890,0.0008958338294178247
891,0.4587431252002716
892,0.3085324466228485
893,0.001490535563789308
894,0.46662193536758423
895,0.3075524866580963
896,0.003736087353900075
897,0.47704482078552246
898,0.30090537667274475
899,0.010740629397332668
900,0.44349509477615356
901,0.30537688732147217
902,0.0015767738223075867
903,0.4609570801258087
904,0.2793017625808716
905,-0.0028648432344198227
906,0.45208656787872314
907,0.2804186940193176
908,-0.002873179968446493
909,0.46927183866500854
910,0.2805461287498474
911,-2.199289701820817e-05
912,0.4748358130455017
913,0.2841537296772003
914,0.003498595207929611
915,0.4833606481552124
916,0.30793678760528564
917,0.015066813677549362
918,0.45252785086631775
919,0.47070077061653137
920,0.007990986108779907
921,0.4768192768096924
922,0.29429900646209717
923,0.012052394449710846
924,0.5046998858451843
925,0.3018871545791626
926,0.052377816289663315
927,0.4916365146636963
928,0.30022144317626953
929,0.023321129381656647
930,0.45928657054901123
931,0.35372769832611084
932,-0.0057383449748158455
933,0.43058186769485474
934,0.40199631452560425
935,-0.022079627960920334
936,0.4297025203704834
937,0.41466397047042847
938,-0.017910845577716827
939,0.4423210322856903
940,0.40456122159957886
941,-0.01653607189655304
942,0.44952186942100525
943,0.40864256024360657
944,-0.009034564718604088
945,0.43798115849494934
946,0.4145286977291107
947,-0.013951749540865421
948,0.4441455900669098
949,0.41516193747520447
950,-0.007053561508655548
951,0.4598538875579834
952,0.4290320873260498
953,0.006993278861045837
954,0.4240459203720093
955,0.3646238446235657
956,-0.04545913264155388
957,0.42473533749580383
958,0.35322025418281555
959,-0.048262570053339005
960,0.48654621839523315
961,0.27213627099990845
962,0.005220664199441671
963,0.44121092557907104
964,0.3261915147304535
965,-0.008041540160775185
966,0.44452738761901855
967,0.35989809036254883
968,-0.02443133294582367
969,0.44500306248664856
970,0.35385793447494507
971,-0.021911002695560455
972,0.4828323721885681
973,0.35118407011032104
974,0.005047324579209089
975,0.42379435896873474
976,0.33894261717796326
977,-0.04353360831737518
978,0.46712568402290344
979,0.2615397274494171
980,-0.010045900009572506
981,0.47860026359558105
982,0.2645556926727295
983,-0.0034372450318187475
984,0.4921332895755768
985,0.2326188087463379
986,0.030057726427912712
987,0.4313153326511383
988,0.2727622091770172
989,-0.0173023771494627
990,0.4445308446884155
991,0.28427988290786743
992,-0.00030261094798333943
993,0.46528762578964233
994,0.4151146113872528
995,0.007898764684796333
996,0.4979463815689087
997,0.40904954075813293
998,0.07879859209060669
999,0.4385601580142975
1000,0.366551011800766
1001,-0.02107890695333481
1002,0.4315222203731537
1003,0.37094518542289734
1004,-0.021916691213846207
1005,0.4578632712364197
1006,0.41699323058128357
1007,0.007228231057524681
1008,0.4534541368484497
1009,0.4170835316181183
1010,0.004941251128911972
1011,0.4827035367488861
1012,0.25668102502822876
1013,0.0005498631508089602
1014,0.4451756775379181
1015,0.36485055088996887
1016,-0.019612420350313187
1017,0.45162704586982727
1018,0.26353079080581665
1019,-0.014933058060705662
1020,0.4528123140335083
1021,0.25369709730148315
1022,-0.017021995037794113
1023,0.459421843290329
1024,0.20605430006980896
1025,-0.0032744104973971844
1026,0.4871711730957031
1027,0.24404820799827576
1028,0.01335927378386259
1029,0.4552186131477356
1030,0.22877170145511627
1031,-0.010632320307195187
1032,0.49088314175605774
1033,0.2667064964771271
1034,0.012264772318303585
1035,0.4953506290912628
1036,0.26027438044548035
1037,0.028844596818089485
1038,0.43039584159851074
1039,0.4092791676521301
1040,-0.02091466821730137
1041,0.4400525689125061
1042,0.4104956388473511
1043,-0.015564369969069958
1044,0.4469499886035919
1045,0.4120190739631653
1046,-0.008688862435519695
1047,0.43653351068496704
1048,0.3688943684101105
1049,-0.01934557408094406
1050,0.45575159788131714
1051,0.4171968102455139
1052,0.005923063028603792
1053,0.4524049460887909
1054,0.42337319254875183
1055,0.0015795689541846514
1056,0.4520663917064667
1057,0.41661953926086426
1058,0.004631625022739172
1059,0.433511883020401
1060,0.36327922344207764
1061,-0.0330616720020771
1062,0.4422283470630646
1063,0.41454821825027466
1064,-0.005747358314692974
1065,0.43611788749694824
1066,0.4152343273162842
1067,-0.010633972473442554
1068,0.4286675453186035
1069,0.41623765230178833
1070,-0.01433834433555603
1071,0.43369483947753906
1072,0.45941096544265747
1073,-0.0027432774659246206
1074,0.4331226348876953
1075,0.4498043954372406
1076,-0.011436015367507935
1077,0.43220990896224976
1078,0.44248905777931213
1079,-0.013098327443003654
1080,0.4309731423854828
1081,0.43525782227516174
1082,-0.011551769450306892
1083,0.42979517579078674
1084,0.4304172992706299
1085,-0.010336008854210377
1086,0.44383764266967773
1087,0.4245811998844147
1088,-0.0026484348345547915
1089,0.4455675482749939
1090,0.42627349495887756
1091,-0.003856085008010268
1092,0.44810083508491516
1093,0.4296308159828186
1094,-0.004558175802230835
1095,0.45014527440071106
1096,0.43336427211761475
1097,-0.0027223287615925074
1098,0.45509156584739685
1099,0.39514872431755066
1100,-0.006763560231775045
1101,0.5049947500228882
1102,0.3522263467311859
1103,0.08868636935949326
1104,0.4476052522659302
1105,0.42182305455207825
1106,0.002010768512263894
1107,0.44994184374809265
1108,0.42228466272354126
1109,0.0012695894110947847
1110,0.4289375841617584
1111,0.3763577342033386
1112,-0.021913066506385803
1113,0.44262370467185974
1114,0.3720816969871521
1115,-0.013133008033037186
1116,0.4301517903804779
1117,0.37379133701324463
1118,-0.022206230089068413
1119,0.4502737522125244
1120,0.3321817219257355
1121,-0.0048316000029444695
1122,0.46380138397216797
1123,0.33894678950309753
1124,-0.0021962104365229607
1125,0.44666892290115356
1126,0.3588584065437317
1127,-0.016947176307439804
1128,0.4793863892555237
1129,0.21646881103515625
1130,0.012158756144344807
1131,0.4744596481323242
1132,0.23295196890830994
1133,0.0005790144787169993
1134,0.46959546208381653
1135,0.25186794996261597
1136,-0.008744730614125729
1137,0.4534868001937866
1138,0.44011229276657104
1139,0.003457236336544156
1140,0.43362897634506226
1141,0.25736337900161743
1142,-0.02119595929980278
1143,0.4353853464126587
1144,0.22863122820854187
1145,-0.016982633620500565
1146,0.4375876486301422
1147,0.20172563195228577
1148,-0.012280975468456745
1149,0.47333019971847534
1150,0.30515435338020325
1151,0.007367611862719059
1152,0.4917762875556946
1153,0.31542930006980896
1154,0.020107511430978775
1155,0.43908029794692993
1156,0.3025533854961395
1157,0.0025770689826458693
1158,0.4833732843399048
1159,0.28702256083488464
1160,0.010883537121117115
1161,0.43490371108055115
1162,0.31916239857673645
1163,-0.011446396820247173
1164,0.4388751685619354
1165,0.35611218214035034
1166,-0.03293740376830101
1167,0.49989765882492065
1168,0.32287275791168213
1169,0.029729088768363
1170,0.4868277907371521
1171,0.32324615120887756
1172,0.01285646017640829
1173,0.4769461154937744
1174,0.32767757773399353
1175,0.00520502682775259
1176,0.4615668058395386
1177,0.32686036825180054
1178,0.0010833678534254432
1179,0.4498962163925171
1180,0.3229222893714905
1181,-0.0008917591185308993
1182,0.4410499930381775
1183,0.31809568405151367
1184,-0.0035267160274088383
1185,0.4229975938796997
1186,0.3044153153896332
1187,-0.02123301476240158
1188,0.49973392486572266
1189,0.3464219570159912
1190,0.028235062956809998
1191,0.4895710349082947
1192,0.28502601385116577
1193,0.014690513722598553
1194,0.4215378761291504
1195,0.37074244022369385
1196,-0.041238848119974136
1197,0.4413418173789978
1198,0.3370971381664276
1199,-0.011281068436801434
1200,0.505848228931427
1201,0.30133795738220215
1202,0.08020768314599991
1203,0.43441271781921387
1204,0.3122202455997467
1205,-0.005154874175786972
1206,0.4474716782569885
1207,0.359543114900589
1208,-0.008044354617595673
1209,0.47947072982788086
1210,0.29469239711761475
1211,0.013645085506141186
1212,0.43913954496383667
1213,0.348748117685318
1214,-0.029834548011422157
1215,0.5030643939971924
1216,0.379709929227829
1217,0.08598963916301727
1218,0.4391024112701416
1219,0.2983865737915039
1220,0.004668400622904301
1221,0.4314752519130707
1222,0.3426688313484192
1223,-0.038345564156770706
1224,0.4835311770439148
1225,0.4380479156970978
1226,0.037075549364089966
1227,0.482510507106781
1228,0.4511076509952545
1229,0.05171472579240799
1230,0.5061134099960327
1231,0.3497762978076935
1232,0.058325622230768204
1233,0.49233561754226685
1234,0.4215382933616638
1235,0.046144966036081314
1236,0.5000866651535034
1237,0.27933865785598755
1238,0.0429183654487133
1239,0.4539712071418762
1240,0.4819186329841614
1241,0.01308494247496128
1242,0.420796662569046
1243,0.3730337917804718
1244,-0.029855476692318916
1245,0.44921404123306274
1246,0.34492823481559753
1247,-0.007868364453315735
1248,0.4980586767196655
1249,0.30207955837249756
1250,0.03187183290719986
1251,0.46586066484451294
1252,0.300935834646225
1253,0.004479815252125263
1254,0.4586670696735382
1255,0.3022199869155884
1256,0.0023639288265258074
1257,0.4547528624534607
1258,0.4248771071434021
1259,0.003001146949827671
1260,0.4988943934440613
1261,0.36968162655830383
1262,0.03189648315310478
1263,0.4395347833633423
1264,0.49950939416885376
1265,0.015379690565168858
1266,0.46265262365341187
1267,0.48004215955734253
1268,0.031364697962999344
1269,0.47194042801856995
1270,0.46784287691116333
1271,0.04043877497315407
1272,0.4516701400279999
1273,0.3019269108772278
1274,0.0018888500053435564
1275,0.4451288878917694
1276,0.30030199885368347
1277,0.0029202846344560385
1278,0.4410824179649353
1279,0.29940491914749146
1280,0.004529761150479317
1281,0.49477192759513855
1282,0.28234007954597473
1283,0.02307259477674961
1284,0.4459189176559448
1285,0.29105353355407715
1286,0.0013872745912522078
1287,0.4528746008872986
1288,0.28814029693603516
1289,-0.00020081116235814989
1290,0.45998191833496094
1291,0.2872162163257599
1292,0.0002515508676879108
1293,0.46722227334976196
1294,0.2884874939918518
1295,0.002421107143163681
1296,0.4718869924545288
1297,0.2909047603607178
1298,0.005340277682989836
1299,0.5040090084075928
1300,0.2744331359863281
1301,0.06556066125631332
1302,0.4706554710865021
1303,0.2990715801715851
1304,0.007113487459719181
1305,0.4473932087421417
1306,0.388675719499588
1307,-0.01247307751327753
1308,0.4385484457015991
1309,0.3647778630256653
1310,-0.024358881637454033
1311,0.4306248426437378
1312,0.38633856177330017
1313,-0.020799260586500168
1314,0.473930686712265
1315,0.45464226603507996
1316,0.030108891427516937
1317,0.464324027299881
1318,0.4681384563446045
1319,0.022185400128364563
1320,0.4399309754371643
1321,0.4922991991043091
1322,0.0051094964146614075
1323,0.4906368553638458
1324,0.43314287066459656
1325,0.06578335911035538
1326,0.44115835428237915
1327,0.2953713536262512
1328,0.0033119500149041414
1329,0.4293428957462311
1330,0.32224351167678833
1331,-0.023092366755008698
1332,0.45229819416999817
1333,0.49114978313446045
1334,0.02175498567521572
1335,0.5040515065193176
1336,0.3753666877746582
1337,0.0582263320684433
1338,0.4375619888305664
1339,0.4277057647705078
1340,-0.006952137220650911
1341,0.4393743872642517
1342,0.431132435798645
1343,-0.008101116865873337
1344,0.4413772523403168
1345,0.43649452924728394
1346,-0.008950172923505306
1347,0.4429436922073364
1348,0.4429427981376648
1349,-0.007217364851385355
1350,0.445212721824646
1351,0.4509942829608917
1352,-0.0005009554442949593
1353,0.4497568905353546
1354,0.4155654311180115
1355,-0.0008114723605103791
1356,0.45254892110824585
1357,0.4141658842563629
1358,-0.0007742098532617092
1359,0.4550037384033203
1360,0.4120439887046814
1361,-0.0008206161437556148
1362,0.4616144895553589
1363,0.4038866460323334
1364,0.0005236637662164867
1365,0.48924940824508667
1366,0.37613582611083984
1367,0.015141635201871395
1368,0.4287468194961548
1369,0.31109169125556946
1370,-0.015807317569851875
1371,0.4323772192001343
1372,0.29067710041999817
1373,-0.001811765949241817
1374,0.4375114142894745
1375,0.2921595871448517
1376,0.0015898062847554684
1377,0.44737040996551514
1378,0.41426628828048706
1379,3.042653770535253e-05
1380,0.4899832308292389
1381,0.4045996367931366
1382,0.029521210119128227
1383,0.4251420199871063
1384,0.2900245189666748
1385,-0.012896539643406868
1386,0.44896233081817627
1387,0.45980924367904663
1388,0.0044184280559420586
1389,0.423074334859848
1390,0.3163577616214752
1391,-0.02918924391269684
1392,0.4362765848636627
1393,0.3394504487514496
1394,-0.022482242435216904
1395,0.4361181855201721
1396,0.46935951709747314
1397,-0.0004300228029023856
1398,0.46608495712280273
1399,0.43265265226364136
1400,0.01205516792833805
1401,0.4543538987636566
1402,0.3687382638454437
1403,-0.0054613747633993626
1404,0.458585649728775
1405,0.44757533073425293
1406,0.008878964930772781
1407,0.47225290536880493
1408,0.36691775918006897
1409,-0.0015040177386254072
1410,0.46202683448791504
1411,0.3802924156188965
1412,-0.0026965918950736523
1413,0.4790751039981842
1414,0.3852209746837616
1415,0.006597933359444141
1416,0.4387950003147125
1417,0.48162099719047546
1418,0.0005874192574992776
1419,0.44182124733924866
1420,0.34547749161720276
1421,-0.016144316643476486
1422,0.4720466434955597
1423,0.4414806067943573
1424,0.020132435485720634
1425,0.46251893043518066
1426,0.4566219747066498
1427,0.01539168693125248
1428,0.47182580828666687
1429,0.41626542806625366
1430,0.011582693085074425
1431,0.4968647062778473
1432,0.3898513615131378
1433,0.03596894443035126
1434,0.4808599352836609
1435,0.41817212104797363
1436,0.01966608315706253
1437,0.4999532401561737
1438,0.3993101418018341
1439,0.055848151445388794
1440,0.46858644485473633
1441,0.39470329880714417
1442,0.0023076103534549475
1443,0.435162216424942
1444,0.32955560088157654
1445,-0.01676708459854126
1446,0.4361954927444458
1447,0.3612779378890991
1448,-0.034785058349370956
1449,0.4420739710330963
1450,0.3637547791004181
1451,-0.02538338303565979
1452,0.4321252703666687
1453,0.35410773754119873
1454,-0.04122472554445267
1455,0.4385942816734314
1456,0.28124651312828064
1457,-0.00455300509929657
1458,0.4517228603363037
1459,0.2745826840400696
1460,-0.006220077630132437
1461,0.4633553922176361
1462,0.27278581261634827
1463,-0.005639226641505957
1464,0.4731491506099701
1465,0.27403971552848816
1466,-0.0020568412728607655
1467,0.4799533188343048
1468,0.2785632312297821
1469,0.003460527863353491
1470,0.4847223162651062
1471,0.2974914014339447
1472,0.01703144982457161
1473,0.506449818611145
1474,0.32554611563682556
1475,0.05587892234325409
1476,0.47926902770996094
1477,0.3127482831478119
1478,0.01101690623909235
1479,0.4710270166397095
1480,0.3163241744041443
1481,0.005913286469876766
1482,0.46032828092575073
1483,0.3169730007648468
1484,0.0024252808652818203
1485,0.44990769028663635
1486,0.3148902356624603
1487,0.0009301459067501128
1488,0.44176775217056274
1489,0.311430960893631
1490,0.0001978906657313928
1491,0.43615251779556274
1492,0.30786851048469543
1493,-0.0004281158035155386
1494,0.5054888725280762
1495,0.3266368806362152
1496,0.0872640460729599
1497,0.44204115867614746
1498,0.3667197823524475
1499,-0.021078497171401978
1500,0.4297275245189667
1501,0.3321530222892761
1502,-0.02953326515853405
1503,0.43000665307044983
1504,0.36244362592697144
1505,-0.04138905182480812
1506,0.42559537291526794
1507,0.36837828159332275
1508,-0.03784139081835747
1509,0.43011581897735596
1510,0.36416563391685486
1511,-0.037210382521152496
1512,0.4398796856403351
1513,0.3704741299152374
1514,-0.018061907961964607
1515,0.42410796880722046
1516,0.36968064308166504
1517,-0.04003436863422394
1518,0.4234682619571686
1519,0.3719867169857025
1520,-0.02988540753722191
1521,0.43615689873695374
1522,0.2990809679031372
1523,0.003247853834182024
1524,0.4316151440143585
1525,0.30182868242263794
1526,-0.0018651210702955723
1527,0.4292065501213074
1528,0.3036017417907715
1529,-0.007937169633805752
1530,0.47467055916786194
1531,0.29281070828437805
1532,0.00823977217078209
1533,0.478934645652771
1534,0.2882196009159088
1535,0.008528117090463638
1536,0.0
1537,0.0
1538,0.0
1539,0.0
1540,0.0
1541,0.0
1542,0.0
1543,0.0
1544,0.0
1545,0.0
1546,0.0
1547,0.0
1548,0.0
1549,0.0
1550,0.0
1551,0.0
1552,0.0
1553,0.0
1554,0.0
1555,0.0
1556,0.0
1557,0.0
1558,0.0
1559,0.0
1560,0.0
1561,0.0
1562,0.0
1563,0.0
1564,0.0
1565,0.0
1566,0.0
1567,0.0
1568,0.0
1569,0.0
1570,0.0
1571,0.0
1572,0.0
1573,0.0
1574,0.0
1575,0.0
1576,0.0
1577,0.0
1578,0.0
1579,0.0
1580,0.0
1581,0.0
1582,0.0
1583,0.0
1584,0.0
1585,0.0
1586,0.0
1587,0.0
1588,0.0
1589,0.0
1590,0.0
1591,0.0
1592,0.0
1593,0.0
1594,0.0
1595,0.0
1596,0.0
1597,0.0
1598,0.0
1599,0.08075816184282303
1600,0.5948222875595093
1601,-4.0486082042434646e-08
1602,0.13686886429786682
1603,0.5718539357185364
1604,-0.013819924555718899
1605,0.17853796482086182
1606,0.5043807625770569
1607,-0.014709796756505966
1608,0.2008475363254547
1609,0.44542476534843445
1610,-0.016305329278111458
1611,0.2241673767566681
1612,0.41660672426223755
1613,-0.017516665160655975
1614,0.1413310021162033
1615,0.4052950143814087
1616,0.0043350220657885075
1617,0.15538479387760162
1618,0.336858868598938
1619,-0.0008046983857639134
1620,0.16221365332603455
1621,0.2939814627170563
1622,-0.004722412675619125
1623,0.16469994187355042
1624,0.25559186935424805
1625,-0.008266816847026348
1626,0.10758774727582932
1627,0.39990612864494324
1628,0.0021467378828674555
1629,0.11410565674304962
1630,0.32857203483581543
1631,-0.023870941251516342
1632,0.12289803475141525
1633,0.3718947172164917
1634,-0.03826359659433365
1635,0.1226310059428215
1636,0.4197515845298767
1637,-0.03934303671121597
1638,0.07515907287597656
1639,0.4025714099407196
1640,-0.0013725694734603167
1641,0.07874652743339539
1642,0.3311258554458618
1643,-0.02716236747801304
1644,0.09109175950288773
1645,0.377257376909256
1646,-0.032470155507326126
1647,0.0950641855597496
1648,0.42264726758003235
1649,-0.027373701333999634
1650,0.042896270751953125
1651,0.4119187891483307
1652,-0.005726853851228952
1653,0.024483613669872284
1654,0.34360435605049133
1655,-0.019796226173639297
1656,0.019791193306446075
1657,0.30233466625213623
1658,-0.024278346449136734
1659,0.016224756836891174
1660,0.2613939940929413
1661,-0.024560488760471344
