,0
0,0.4292175769805908
1,0.3593100309371948
2,-0.8829239010810852
3,0.999980092048645
4,0.4564168453216553
5,0.29658472537994385
6,-0.8225234150886536
7,0.9999480843544006
8,0.4721551537513733
9,0.29746562242507935
10,-0.8222967982292175
11,0.9999459385871887
12,0.4834023416042328
13,0.29829642176628113
14,-0.8219985961914062
15,0.9999343752861023
16,0.40502795577049255
17,0.2994805872440338
18,-0.8196974992752075
19,0.9999563097953796
20,0.3884407877922058
21,0.29984918236732483
22,-0.8191595077514648
23,0.9999627470970154
24,0.3722836971282959
25,0.3011670410633087
26,-0.8191641569137573
27,0.9999653697013855
28,0.5052254796028137
29,0.32934969663619995
30,-0.42524972558021545
31,0.9999286532402039
32,0.35303422808647156
33,0.3303258717060089
34,-0.3974631428718567
35,0.9999656081199646
36,0.4635958671569824
37,0.42705073952674866
38,-0.7406760454177856
39,0.9999665021896362
40,0.39884573221206665
41,0.4304664433002472
42,-0.732695460319519
43,0.9999675154685974
44,0.6453421711921692
45,0.6805349588394165
46,-0.1806175410747528
47,0.9993025064468384
48,0.24599996209144592
49,0.6626794338226318
50,-0.27000609040260315
51,0.9997577667236328
52,0.7355023622512817
53,1.0271462202072144
54,-0.10040793567895889
55,0.3886234760284424
56,0.14184769988059998
57,1.04513680934906
58,-0.7468252778053284
59,0.915362536907196
60,0.7606260776519775
61,1.414397954940796
62,-0.3564208149909973
63,0.2806149125099182
64,0.2472139596939087
65,0.674848735332489
66,-1.6675971746444702
67,0.9490065574645996
68,0.7887834906578064
69,1.5146187543869019
70,-0.430107057094574
71,0.3735194206237793
72,0.26025328040122986
73,0.5567283630371094
74,-1.8604037761688232
75,0.9434825778007507
76,0.7489484548568726
77,1.502065658569336
78,-0.4786948263645172
79,0.48617076873779297
80,0.26384279131889343
81,0.5249693989753723
82,-1.8217531442642212
83,0.9490581154823303
84,0.723171055316925
85,1.467142939567566
86,-0.3939753770828247
87,0.49482282996177673
88,0.27168217301368713
89,0.5611346960067749
90,-1.679675817489624
91,0.9454165697097778
92,0.582804262638092
93,1.4185551404953003
94,-0.04118247702717781
95,0.0008782492368482053
96,0.29761114716529846
97,1.4199225902557373
98,0.045763544738292694
99,0.0010573378531262279
100,0.5552224516868591
101,2.0534632205963135
102,-0.1424713134765625
103,0.0003476585552562028
104,0.30255579948425293
105,2.064188241958618
106,0.010474449023604393
107,0.0002151470398530364
108,0.541369616985321
109,2.621406316757202
110,0.40868106484413147
111,9.475944534642622e-05
112,0.306074321269989
113,2.6260123252868652
114,0.35756632685661316
115,5.640164090436883e-06
116,0.5474535226821899
117,2.6987287998199463
118,0.42439714074134827
119,5.704510840587318e-05
120,0.3017581105232239
121,2.6986424922943115
122,0.37662309408187866
123,1.3553304597735405e-05
124,0.5035200119018555
125,2.790248394012451
126,-0.17697331309318542
127,4.176611400907859e-05
128,0.33478498458862305
129,2.8121185302734375
130,-0.28701189160346985
131,2.5739353077369742e-05
132,0.4222727417945862
133,0.4080824553966522
134,-0.024365197867155075
135,0.42072728276252747
136,0.3658154606819153
137,-0.04721177741885185
138,0.42179369926452637
139,0.37842756509780884
140,-0.024688566103577614
141,0.41430675983428955
142,0.3276853561401367
143,-0.03615128621459007
144,0.4206976294517517
145,0.3536987006664276
146,-0.05035978928208351
147,0.4210904836654663
148,0.33834609389305115
149,-0.04721549525856972
150,0.4225124418735504
151,0.30205559730529785
152,-0.025193020701408386
153,0.36426353454589844
154,0.29774439334869385
155,0.01169119868427515
156,0.42326560616493225
157,0.27582576870918274
158,-0.020519370213150978
159,0.42355260252952576
160,0.26062604784965515
161,-0.022843996062874794
162,0.4250543415546417
163,0.20053046941757202
164,-0.014771956019103527
165,0.42235884070396423
166,0.4144781231880188
167,-0.02322123572230339
168,0.42249396443367004
169,0.4195970296859741
170,-0.02033231221139431
171,0.42270463705062866
172,0.4217953681945801
173,-0.016399919986724854
174,0.4224787950515747
175,0.4395449757575989
176,-0.011316834017634392
177,0.4223843514919281
178,0.4461309015750885
179,-0.012487211264669895
180,0.4223196506500244
181,0.45377877354621887
182,-0.013546157628297806
183,0.4223285913467407
184,0.4614255428314209
185,-0.010959845036268234
186,0.4224374294281006
187,0.46877795457839966
188,-0.0011170335346832871
189,0.4210302531719208
190,0.37194979190826416
191,-0.042704302817583084
192,0.41339361667633057
193,0.3711490035057068
194,-0.03046594187617302
195,0.3409021496772766
196,0.25518345832824707
197,0.05140828713774681
198,0.3878526985645294
199,0.30847492814064026
200,0.0024220191407948732
201,0.37982675433158875
202,0.3093496561050415
203,0.0031971700955182314
204,0.3720214068889618
205,0.3088971972465515
206,0.005710966885089874
207,0.3615316152572632
208,0.30202338099479675
209,0.01310491282492876
210,0.3945866823196411
211,0.3056390583515167
212,0.0026729064993560314
213,0.3767580986022949
214,0.2788349390029907
215,-0.0011491345940157771
216,0.38597458600997925
217,0.2800128757953644
218,-0.0015639463672414422
219,0.3682865500450134
220,0.28028497099876404
221,0.001884311088360846
222,0.36279311776161194
223,0.28411030769348145
224,0.005648958496749401
225,0.355699360370636
226,0.31024906039237976
227,0.017673593014478683
228,0.3912176489830017
229,0.47573399543762207
230,0.010905444622039795
231,0.3613469898700714
232,0.2947219908237457
233,0.014467401430010796
234,0.3364338278770447
235,0.30480024218559265
236,0.05657172575592995
237,0.34769123792648315
238,0.3026678264141083
239,0.026320884004235268
240,0.38064152002334595
241,0.3570675551891327
242,-0.0043776086531579494
243,0.41119447350502014
244,0.405819833278656
245,-0.022715669125318527
246,0.413197785615921
247,0.4193512201309204
248,-0.01852342113852501
249,0.4004058539867401
250,0.4097718596458435
251,-0.016808509826660156
252,0.3942475914955139
253,0.41522833704948425
254,-0.00897389929741621
255,0.40560927987098694
256,0.42020171880722046
257,-0.014239618554711342
258,0.40010982751846313
259,0.42186439037323
260,-0.00705291610211134
261,0.38412222266197205
262,0.4372583329677582
263,0.008356700651347637
264,0.41370654106140137
265,0.36527469754219055
266,-0.04629083350300789
267,0.41242778301239014
268,0.35378915071487427
269,-0.04916486516594887
270,0.35157352685928345
271,0.2736097574234009
272,0.007633245550096035
273,0.3973321318626404
274,0.32765519618988037
275,-0.007475765887647867
276,0.39405912160873413
277,0.3621634840965271
278,-0.02422148361802101
279,0.3935338258743286
280,0.35619357228279114
281,-0.021567324176430702
282,0.3578104078769684
283,0.3559597134590149
284,0.007318040821701288
285,0.41325438022613525
286,0.33948183059692383
287,-0.0442020557820797
288,0.37020978331565857
289,0.2626095712184906
290,-0.008569609373807907
291,0.3589309751987457
292,0.26575636863708496
293,-0.0014184952015057206
294,0.34748023748397827
295,0.23453113436698914
296,0.033596839755773544
297,0.4058862626552582
298,0.2734277844429016
299,-0.01712842285633087
300,0.3937472105026245
301,0.2840406596660614
302,0.0008015195489861071
303,0.37876060605049133
304,0.4232558310031891
305,0.009303461760282516
306,0.3467370867729187
307,0.41188082098960876
308,0.08316062390804291
309,0.4005080759525299
310,0.3686952292919159
311,-0.020723562687635422
312,0.40775689482688904
313,0.37297242879867554
314,-0.02209002710878849
315,0.3868575990200043
316,0.42597711086273193
317,0.007994984276592731
318,0.39141809940338135
319,0.42581719160079956
320,0.005413421895354986
321,0.3551139235496521
322,0.2581547498703003
323,0.002760907169431448
324,0.3940872251987457
325,0.3676891028881073
326,-0.019244499504566193
327,0.3855837881565094
328,0.26445865631103516
329,-0.014115014113485813
330,0.384257972240448
331,0.2548471689224243
332,-0.01627189666032791
333,0.37780413031578064
334,0.20658265054225922
335,-0.0015965632628649473
336,0.35158151388168335
337,0.2457910031080246
338,0.016062261536717415
339,0.38192495703697205
340,0.2294863611459732
341,-0.009454917162656784
342,0.3476857542991638
343,0.2686125338077545
344,0.01512052956968546
345,0.3443221151828766
346,0.26231032609939575
347,0.032308973371982574
348,0.4120287299156189
349,0.41351306438446045
350,-0.02159804292023182
351,0.4031773507595062
352,0.41589784622192383
353,-0.015861600637435913
354,0.3970588743686676
355,0.4186498820781708
356,-0.008721897378563881
357,0.4027879238128662
358,0.3711540102958679
359,-0.01927056722342968
360,0.3890782594680786
361,0.42623117566108704
362,0.0065245600417256355
363,0.39206480979919434
364,0.4322780966758728
365,0.0021964095067232847
366,0.3928225636482239
367,0.42485183477401733
368,0.005096235778182745
369,0.40468931198120117
370,0.3643118143081665
371,-0.03323560580611229
372,0.40226271748542786
373,0.42133039236068726
374,-0.005843001883476973
375,0.4077494740486145
376,0.4210815131664276
377,-0.010899178683757782
378,0.4145905375480652
379,0.42131495475769043
380,-0.014826704747974873
381,0.4099288284778595
382,0.46711036562919617
383,-0.00032017810735851526
384,0.41008853912353516
385,0.4591250717639923
386,-0.009900297969579697
387,0.41093775629997253
388,0.45162785053253174
389,-0.011974379420280457
390,0.41215115785598755
391,0.4436708092689514
392,-0.010800438933074474
393,0.41339111328125
394,0.4382930099964142
395,-0.0096711041405797
396,0.4004409611225128
397,0.43298763036727905
398,-0.0019653690978884697
399,0.3986119329929352
400,0.43502333760261536
401,-0.0030199293978512287
402,0.3958723545074463
403,0.43860071897506714
404,-0.003617334645241499
405,0.3937002718448639
406,0.4424261450767517
407,-0.0016301455907523632
408,0.38740551471710205
409,0.40060171484947205
410,-0.0064693535678088665
411,0.3386133015155792
412,0.3548887073993683
413,0.09376933425664902
414,0.42139357328414917
415,0.37443846464157104
416,-0.03103969432413578
417,0.3970143795013428
418,0.4301770329475403
419,0.0025676561053842306
420,0.3945901095867157
421,0.4310506582260132
422,0.0019203409319743514
423,0.4106307923793793
424,0.3784826993942261
425,-0.022045722231268883
426,0.3973035216331482
427,0.3753044307231903
428,-0.012789549306035042
429,0.4092567563056946
430,0.37583252787590027
431,-0.022403299808502197
432,0.38875266909599304
433,0.33429139852523804
434,-0.00383012555539608
435,0.3757929503917694
436,0.3422006666660309
437,-0.0006522344774566591
438,0.3924359977245331
439,0.36167511343955994
440,-0.016452046111226082
441,0.3589954078197479
442,0.21792864799499512
443,0.014894625172019005
444,0.36342623829841614
445,0.23432889580726624
446,0.002569553442299366
447,0.3677186965942383
448,0.2531425356864929
449,-0.007171503733843565
450,0.3904772698879242
451,0.44791680574417114
452,0.005100289359688759
453,0.4034404754638672
454,0.25818300247192383
455,-0.021066557615995407
456,0.4015389382839203
457,0.228652685880661
458,-0.01667988859117031
459,0.39912164211273193
460,0.2013724446296692
461,-0.011510495096445084
462,0.3652997314929962
463,0.3065296411514282
464,0.00956475455313921
465,0.3476792573928833
466,0.3187468349933624
467,0.023049045354127884
468,0.39898526668548584
469,0.3026042580604553
470,0.003584346268326044
471,0.354944109916687
472,0.2880363166332245
473,0.013387997634708881
474,0.40325936675071716
475,0.3202272653579712
476,-0.011087017133831978
477,0.3989987373352051
478,0.3574530780315399
479,-0.03302785009145737
480,0.3401758074760437
481,0.3264770805835724
482,0.03312457725405693
483,0.3524048328399658
484,0.32695266604423523
485,0.015430337749421597
486,0.36231377720832825
487,0.331399142742157
488,0.007390238344669342
489,0.37760111689567566
490,0.3294543921947479
491,0.002652377588674426
492,0.388868510723114
493,0.32456639409065247
494,0.0002116089453920722
495,0.39739254117012024
496,0.3191579282283783
497,-0.002784830518066883
498,0.4144114553928375
499,0.3049760162830353
500,-0.021382443606853485
501,0.3409401476383209
502,0.3508354723453522
503,0.0314725898206234
504,0.34920960664749146
505,0.28689485788345337
506,0.01752571389079094
507,0.41677820682525635
508,0.37146151065826416
509,-0.04203427955508232
510,0.3973407447338104
511,0.3388664126396179
512,-0.010870502330362797
513,0.33670705556869507
514,0.3041020631790161
515,0.08524780720472336
516,0.40376338362693787
517,0.31300830841064453
518,-0.0046801515854895115
519,0.3920426368713379
520,0.3626149594783783
521,-0.007456636987626553
522,0.3588055372238159
523,0.2954028248786926
524,0.016206152737140656
525,0.3986920416355133
526,0.35023197531700134
527,-0.029832925647497177
528,0.3410281538963318
529,0.3822798430919647
530,0.0907415971159935
531,0.3990728557109833
532,0.2982311546802521
533,0.005787826608866453
534,0.4057926535606384
535,0.3436475694179535
536,-0.038626253604888916
537,0.3608803153038025
538,0.44258493185043335
539,0.04045642167329788
540,0.3624056279659271
541,0.45452043414115906
542,0.05523799732327461
543,0.33572399616241455
544,0.35319796204566956
545,0.06254879385232925
546,0.35197627544403076
547,0.4255922734737396
548,0.04969651997089386
549,0.34029489755630493
550,0.28183823823928833
551,0.046791814267635345
552,0.3901507258415222
553,0.48630088567733765
554,0.016079120337963104
555,0.41800549626350403
556,0.3739415407180786
557,-0.030420973896980286
558,0.39009445905685425
559,0.34755751490592957
560,-0.0070426855236291885
561,0.34185224771499634
562,0.3048050105571747
563,0.03526308760046959
564,0.372420072555542
565,0.3016040027141571
566,0.0064519792795181274
567,0.37959468364715576
568,0.3026095926761627
569,0.0041460078209638596
570,0.38960596919059753
571,0.43377745151519775
572,0.003742165630683303
573,0.3430686891078949
574,0.37422406673431396
575,0.03525366261601448
576,0.4047808349132538
577,0.503829300403595
578,0.01828520931303501
579,0.3817864954471588
580,0.48360541462898254
581,0.034583043307065964
582,0.3727536201477051
583,0.4712616503238678
584,0.043700724840164185
585,0.42432844638824463
586,0.22936484217643738
587,-0.019349422305822372
588,0.4222065210342407
589,0.5076613426208496
590,0.015299291349947453
591,0.38650259375572205
592,0.3020273745059967
593,0.0034353993833065033
594,0.392930805683136
595,0.3003694415092468
596,0.004273303784430027
597,0.3970542848110199
598,0.29931700229644775
599,0.005792965181171894
600,0.3445417284965515
601,0.28472384810447693
602,0.02628188580274582
603,0.3922830820083618
604,0.29069921374320984
605,0.0028148721903562546
606,0.38530564308166504
607,0.2875913083553314
608,0.0013952756999060512
609,0.37803488969802856
610,0.28667765855789185
611,0.002123693935573101
612,0.37066376209259033
613,0.28817805647850037
614,0.004500433802604675
615,0.3660694658756256
616,0.29093778133392334
617,0.007577800191938877
618,0.3376131057739258
619,0.27697718143463135
620,0.07014238089323044
621,0.36760640144348145
622,0.2997583746910095
623,0.00925391260534525
624,0.4220375418663025
625,0.3880785405635834
626,-0.022305108606815338
627,0.39388036727905273
628,0.39302515983581543
629,-0.012225507758557796
630,0.4001677334308624
631,0.36659637093544006
632,-0.024314554408192635
633,0.4098578989505768
634,0.38920074701309204
635,-0.020945798605680466
636,0.4230209290981293
637,0.2885516881942749
638,-0.01942293532192707
639,0.37029749155044556
640,0.4591412842273712
641,0.0332079641520977
642,0.3797873854637146
643,0.4723445773124695
644,0.025288743898272514
645,0.40403592586517334
646,0.4970700144767761
647,0.0079173119738698
648,0.354260116815567
649,0.436271995306015
650,0.06966657191514969
651,0.39692172408103943
652,0.29519397020339966
653,0.004513631574809551
654,0.4082985818386078
655,0.32304611802101135
656,-0.02317849174141884
657,0.4220331907272339
658,0.5009132623672485
659,0.005460316315293312
660,0.3919784426689148
661,0.4950793385505676
662,0.024912184104323387
663,0.33855926990509033
664,0.3788013458251953
665,0.06229407340288162
666,0.4061410427093506
667,0.43590864539146423
668,-0.006146224215626717
669,0.4042792320251465
670,0.43975675106048584
671,-0.007244762033224106
672,0.4020695984363556
673,0.44562315940856934
674,-0.00779962120577693
675,0.4004495143890381
676,0.4521767497062683
677,-0.0058526694774627686
678,0.39847323298454285
679,0.45869243144989014
680,0.0015042551094666123
681,0.39510270953178406
682,0.42327767610549927
683,-0.000565480615478009
684,0.39207562804222107
685,0.4219479560852051
686,-0.0004165417340118438
687,0.3894772529602051
688,0.4198407828807831
689,-0.00045539691927842796
690,0.382061630487442
691,0.41087332367897034
692,0.0012801223201677203
693,0.35300302505493164
694,0.38115787506103516
695,0.017891155555844307
696,0.4089776575565338
697,0.31183162331581116
698,-0.01561371423304081
699,0.4055245518684387
700,0.2908560037612915
701,-0.0012820984702557325
702,0.40052229166030884
703,0.2920621931552887
704,0.002399334916844964
705,0.39753466844558716
706,0.42171600461006165
707,0.00022856939176563174
708,0.3537902534008026
709,0.40957093238830566
710,0.03266981244087219
711,0.4123750627040863
712,0.29041939973831177
713,-0.012820654548704624
714,0.3946692645549774
715,0.4660586714744568
716,0.0069833602756261826
717,0.42157816886901855
718,0.3259216248989105
719,-0.039439912885427475
720,0.4141901135444641
721,0.3169739842414856
722,-0.029586149379611015
723,0.4220392107963562
724,0.3144438862800598
725,-0.03196223825216293
726,0.4017033576965332
727,0.3408333659172058
728,-0.022411031648516655
729,0.4220695495605469
730,0.49040693044662476
731,0.0006784048746339977
732,0.4222339689731598
733,0.4783523380756378
734,0.00015260360669344664
735,0.4075186848640442
736,0.47573524713516235
737,0.0023469561710953712
738,0.37742722034454346
739,0.439483642578125
740,0.013956123031675816
741,0.385972261428833
742,0.37253043055534363
743,-0.004476878792047501
744,0.3850116729736328
745,0.4539796710014343
746,0.011133251711726189
747,0.3689596652984619
748,0.37143540382385254
749,0.0005052601336501539
750,0.379592627286911
751,0.3849550485610962
752,-0.0015522439498454332
753,0.36354532837867737
754,0.39056432247161865
755,0.00893070362508297
756,0.4049590826034546
757,0.4869610667228699
758,0.0034323767758905888
759,0.39672309160232544
760,0.347454309463501
761,-0.015770360827445984
762,0.37158143520355225
763,0.4471811354160309
764,0.022678831592202187
765,0.3812350928783417
766,0.4618157744407654
767,0.018136849626898766
768,0.3716464042663574
769,0.42325180768966675
770,0.013614941388368607
771,0.3462194800376892
772,0.3942943215370178
773,0.03932126238942146
774,0.36283689737319946
775,0.424003005027771
776,0.02233906090259552
777,0.3435576260089874
778,0.4028559923171997
779,0.05971924215555191
780,0.3744598627090454
781,0.400950163602829
782,0.003865425009280443
783,0.4029054641723633
784,0.3307994306087494
785,-0.016540687531232834
786,0.4018506407737732
787,0.36241963505744934
788,-0.0349796824157238
789,0.39668193459510803
790,0.36573442816734314
791,-0.025262651965022087
792,0.40533962845802307
793,0.35491788387298584
794,-0.04157886281609535
795,0.3993334174156189
796,0.2814474403858185
797,-0.0038562496192753315
798,0.3860081434249878
799,0.27477365732192993
800,-0.005219506099820137
801,0.37403973937034607
802,0.27299702167510986
803,-0.004174500238150358
804,0.3642520606517792
805,0.2745369076728821
806,-0.00014900376845616847
807,0.35779809951782227
808,0.27929455041885376
809,0.005600649863481522
810,0.3541344702243805
811,0.2990809679031372
812,0.019844507798552513
813,0.3349359929561615
814,0.32868775725364685
815,0.06013748049736023
816,0.35962429642677307
817,0.31518930196762085
818,0.013373132795095444
819,0.3678351938724518
820,0.31871476769447327
821,0.007937075570225716
822,0.3784955143928528
823,0.31865113973617554
824,0.003966952208429575
825,0.3886304199695587
826,0.3159450590610504
827,0.0022089078556746244
828,0.3965352475643158
829,0.3121161460876465
830,0.0010484777158126235
831,0.40201830863952637
832,0.30835744738578796
833,0.0002524646697565913
834,0.3377048969268799
835,0.3294132649898529
836,0.09240955114364624
837,0.3971553146839142
838,0.3692319095134735
839,-0.020872041583061218
840,0.40766215324401855
841,0.33309268951416016
842,-0.029681656509637833
843,0.4078115224838257
844,0.3632127642631531
845,-0.04191994667053223
846,0.41278746724128723
847,0.36930447816848755
848,-0.03848086670041084
849,0.4080142080783844
850,0.3650606572628021
851,-0.03764839097857475
852,0.3997315764427185
853,0.37314409017562866
854,-0.017880840227007866
855,0.41420549154281616
856,0.3705214262008667
857,-0.04078960046172142
858,0.41526976227760315
859,0.3730900287628174
860,-0.030386827886104584
861,0.4019084572792053
862,0.29909566044807434
863,0.004176688380539417
864,0.4064036011695862
865,0.302126407623291
866,-0.0013981253141537309
867,0.4087335467338562
868,0.304111510515213
869,-0.007690859492868185
870,0.3633924722671509
871,0.29298725724220276
872,0.010640799067914486
873,0.3589894771575928
874,0.2886578142642975
875,0.010968181304633617
876,0.4291083812713623
877,0.3280514180660248
878,-0.03674711287021637
879,0.4849351644515991
880,0.3016793131828308
881,0.007044017780572176
882,0.42966988682746887
883,0.37146008014678955
884,-0.030936287716031075
885,0.5148061513900757
886,0.2589430510997772
887,0.04431749880313873
888,0.4602152705192566
889,0.31077441573143005
890,-0.0007316092378459871
891,0.4685591459274292
892,0.3120571970939636
893,-0.00047350526438094676
894,0.4767466187477112
895,0.3118972182273865
896,0.0014257148141041398
897,0.4879953861236572
898,0.305952787399292
899,0.008218680508434772
900,0.45318445563316345
901,0.30756866931915283
902,0.00022588827414438128
903,0.47224995493888855
904,0.28210151195526123
905,-0.004918650258332491
906,0.46293285489082336
907,0.28255414962768555
908,-0.0045401304960250854
909,0.48085492849349976
910,0.2840854227542877
911,-0.0023899574298411608
912,0.4864996075630188
913,0.2882730960845947
914,0.0009853348601609468
915,0.4941924214363098
916,0.3139477074146271
917,0.012258321046829224
918,0.4544355273246765
919,0.47807252407073975
920,0.008641419932246208
921,0.48811233043670654
922,0.29901617765426636
923,0.009594704955816269
924,0.5176186561584473
925,0.30916309356689453
926,0.04927031323313713
927,0.503313422203064
928,0.30671238899230957
929,0.02030063234269619
930,0.4660559594631195
931,0.3588031828403473
932,-0.007581306155771017
933,0.4337047338485718
934,0.40600892901420593
935,-0.02347320131957531
936,0.4322271943092346
937,0.4194791913032532
938,-0.019304610788822174
939,0.44545260071754456
940,0.41013103723526
941,-0.01831776648759842
942,0.4525127708911896
943,0.4154960513114929
944,-0.01113766897469759
945,0.440540075302124
946,0.42035478353500366
947,-0.015748614445328712
948,0.4467287063598633
949,0.4219135642051697
950,-0.009052514098584652
951,0.4633609652519226
952,0.43830710649490356
953,0.0053955866023898125
954,0.427985280752182
955,0.3655044436454773
956,-0.046682123094797134
957,0.4292154014110565
958,0.35418692231178284
959,-0.04955822601914406
960,0.4986858367919922
961,0.27818533778190613
962,0.0021403650753200054
963,0.44927698373794556
964,0.32886871695518494
965,-0.009472452104091644
966,0.4500274062156677
967,0.36318594217300415
968,-0.02589407190680504
969,0.4510054886341095
970,0.35723876953125
971,-0.023362090811133385
972,0.4904884099960327
973,0.35882896184921265
974,0.001989922020584345
975,0.42917367815971375
976,0.3398740291595459
977,-0.044769126921892166
978,0.4786089360713959
979,0.26631343364715576
980,-0.012573711574077606
981,0.4905487596988678
982,0.2700554132461548
983,-0.00643528625369072
984,0.5072096586227417
985,0.2378501147031784
986,0.02722466178238392
987,0.44129639863967896
988,0.2747451961040497
989,-0.01845529116690159
990,0.45498088002204895
991,0.2860312759876251
992,-0.001606463105417788
993,0.46911361813545227
994,0.4243456721305847
995,0.005735622253268957
996,0.5067464709281921
997,0.4171854555606842
998,0.076583132147789
999,0.44366639852523804
1000,0.3694240152835846
1001,-0.022148819640278816
1002,0.4362209141254425
1003,0.3734230101108551
1004,-0.022776812314987183
1005,0.4610713720321655
1006,0.4261934757232666
1007,0.004936862736940384
1008,0.4565313458442688
1009,0.4258077144622803
1010,0.0027744281105697155
1011,0.49508529901504517
1012,0.26260876655578613
1013,-0.002439498668536544
1014,0.45055317878723145
1015,0.3686518371105194
1016,-0.020982462912797928
1017,0.46246975660324097
1018,0.267181396484375
1019,-0.016826309263706207
1020,0.4640653133392334
1021,0.25745317339897156
1022,-0.01896902173757553
1023,0.4739651083946228
1024,0.20831896364688873
1025,-0.005152837373316288
1026,0.5007903575897217
1027,0.24952340126037598
1028,0.010404209606349468
1029,0.4679943323135376
1030,0.23163007199764252
1031,-0.012581323273479939
1032,0.5036041736602783
1033,0.27308177947998047
1034,0.009177492000162601
1035,0.5091313123703003
1036,0.26643848419189453
1037,0.025861505419015884
1038,0.433148056268692
1039,0.4136306643486023
1040,-0.022396009415388107
1041,0.4428304433822632
1042,0.41611966490745544
1043,-0.017409833148121834
1044,0.4497571587562561
1045,0.4187914729118347
1046,-0.010787226259708405
1047,0.4414880871772766
1048,0.3718181550502777
1049,-0.020352616906166077
1050,0.4588213860988617
1051,0.42625871300697327
1052,0.003686226438730955
1053,0.4553537964820862
1054,0.4325787425041199
1055,-0.00012444754247553647
1056,0.4551832675933838
1057,0.4249991178512573
1058,0.00250888429582119
1059,0.43838056921958923
1060,0.3650447726249695
1061,-0.034395813941955566
1062,0.4448440372943878
1063,0.42127957940101624
1064,-0.0076571255922317505
1065,0.4386785924434662
1066,0.4211837649345398
1067,-0.012311985716223717
1068,0.4312444031238556
1069,0.42133960127830505
1070,-0.015623750165104866
1071,0.4352318048477173
1072,0.46778032183647156
1073,-0.0011408221907913685
1074,0.43490347266197205
1075,0.4595990478992462
1076,-0.010766059160232544
1077,0.43412888050079346
1078,0.45202571153640747
1079,-0.012869159691035748
1080,0.4330231249332428
1081,0.44399675726890564
1082,-0.011612322181463242
1083,0.43202850222587585
1084,0.4385364353656769
1085,-0.01044272817671299
1086,0.44642552733421326
1087,0.433187872171402
1088,-0.0037041122559458017
1089,0.44817742705345154
1090,0.4352814853191376
1091,-0.0048605939373373985
1092,0.4508206844329834
1093,0.43904048204421997
1094,-0.005435266066342592
1095,0.45296216011047363
1096,0.4429929554462433
1097,-0.003609422128647566
1098,0.45901963114738464
1099,0.40154629945755005
1100,-0.008907286450266838
1101,0.5170183777809143
1102,0.35983359813690186
1103,0.0862203910946846
1104,0.4504055976867676
1105,0.4303426742553711
1106,0.0003415860701352358
1107,0.45279598236083984
1108,0.4312591552734375
1109,-0.00036638794699683785
1110,0.43333953619003296
1111,0.3787761926651001
1112,-0.022708604112267494
1113,0.4476717412471771
1114,0.3760753273963928
1115,-0.01415200438350439
1116,0.43467605113983154
1117,0.3762180507183075
1118,-0.023049000650644302
1119,0.45823395252227783
1120,0.33583125472068787
1121,-0.006607106886804104
1122,0.4716171324253082
1123,0.3442310690879822
1124,-0.004516561981290579
1125,0.4525385797023773
1126,0.3627200722694397
1127,-0.018339036032557487
1128,0.4942920207977295
1129,0.22051241993904114
1130,0.009668300859630108
1131,0.4877869784832001
1132,0.23740488290786743
1133,-0.0019629839807748795
1134,0.481517493724823
1135,0.2568405270576477
1136,-0.011270961724221706
1137,0.4563469886779785
1138,0.44918131828308105
1139,0.002691431902348995
1140,0.4442351758480072
1141,0.25955161452293396
1142,-0.022479474544525146
1143,0.44764119386672974
1144,0.22975711524486542
1145,-0.018216989934444427
1146,0.4516217112541199
1147,0.20222727954387665
1148,-0.01332699041813612
1149,0.48385217785835266
1150,0.3100396394729614
1151,0.004875224083662033
1152,0.5026322603225708
1153,0.3224635422229767
1154,0.01704426109790802
1155,0.4487355053424835
1156,0.30441808700561523
1157,0.0014233121182769537
1158,0.4951464533805847
1159,0.2923785448074341
1160,0.008049702271819115
1161,0.4430674910545349
1162,0.3211936950683594
1163,-0.01272567082196474
1164,0.4442458152770996
1165,0.3584088385105133
1166,-0.03438921645283699
1167,0.5110191702842712
1168,0.330600380897522
1169,0.0263497494161129
1170,0.4969136118888855
1171,0.3302953839302063
1172,0.009809364564716816
1173,0.48622196912765503
1174,0.3340897262096405
1175,0.002433052519336343
1176,0.47028234601020813
1177,0.3315652310848236
1178,-0.0011721481569111347
1179,0.4586019217967987
1180,0.32624876499176025
1181,-0.0026352000422775745
1182,0.44981199502944946
1183,0.3205755650997162
1184,-0.004974453244358301
1185,0.4310043752193451
1186,0.30545753240585327
1187,-0.022091660648584366
1188,0.5093846321105957
1189,0.3549143075942993
1190,0.024779390543699265
1191,0.501648485660553
1192,0.29117631912231445
1193,0.01166235189884901
1194,0.4254007041454315
1195,0.3715991675853729
1196,-0.042332690209150314
1197,0.4485946595668793
1198,0.3399793803691864
1199,-0.012668910436332226
1200,0.5197772979736328
1201,0.308451771736145
1202,0.07743795961141586
1203,0.4431985914707184
1204,0.314128041267395
1205,-0.006332924589514732
1206,0.4535415768623352
1207,0.36369407176971436
1208,-0.009284188970923424
1209,0.49094700813293457
1210,0.2996686100959778
1211,0.011043375357985497
1212,0.44511541724205017
1213,0.3512268364429474
1214,-0.031236965209245682
1215,0.5137640237808228
1216,0.38755154609680176
1217,0.08368588984012604
1218,0.4489968717098236
1219,0.30016618967056274
1220,0.0035900038201361895
1221,0.4371962249279022
1222,0.3442935347557068
1223,-0.03970947489142418
1224,0.4884797930717468
1225,0.447043776512146
1226,0.03541656583547592
1227,0.4878452718257904
1228,0.45953357219696045
1229,0.05026960000395775
1230,0.5171011686325073
1231,0.35803458094596863
1232,0.055283255875110626
1233,0.4985258877277374
1234,0.4304916560649872
1235,0.043944600969552994
1236,0.5136401653289795
1237,0.286005437374115
1238,0.03990280255675316
1239,0.4555912911891937
1240,0.4889953136444092
1241,0.013769124634563923
1242,0.4248564839363098
1243,0.37404370307922363
1244,-0.030620476230978966
1245,0.4562602639198303
1246,0.3488328456878662
1247,-0.009388437494635582
1248,0.5101364254951477
1249,0.30906009674072266
1250,0.028736473992466927
1251,0.47620898485183716
1252,0.3049164414405823
1253,0.002368809189647436
1254,0.4687354266643524
1255,0.3055393695831299
1256,0.0004808580852113664
1257,0.45785439014434814
1258,0.43418940901756287
1259,0.0012322162510827184
1260,0.5071626901626587
1261,0.3784357011318207
1262,0.028655409812927246
1263,0.44009366631507874
1264,0.5054054260253906
1265,0.016920117661356926
1266,0.46547433733940125
1267,0.48730137944221497
1268,0.03138549625873566
1269,0.4758903384208679
1270,0.4757167398929596
1271,0.03970254957675934
1272,0.4616590738296509
1273,0.30461540818214417
1274,0.00025908887619152665
1275,0.45508474111557007
1276,0.3024631142616272
1277,0.0015205590752884746
1278,0.4509781301021576
1279,0.3012882173061371
1280,0.0032985254656523466
1281,0.5073988437652588
1282,0.2889217138290405
1283,0.019982580095529556
1284,0.45627033710479736
1285,0.29302120208740234
1286,2.7404978027334437e-05
1287,0.4635564088821411
1288,0.29045718908309937
1289,-0.0018352530896663666
1290,0.47092771530151367
1291,0.2900863289833069
1292,-0.0016548528801649809
1293,0.47837287187576294
1294,0.29204729199409485
1295,0.0002987987536471337
1296,0.4830716550350189
1297,0.2949987053871155
1298,0.0030744371470063925
1299,0.5186835527420044
1300,0.2811164855957031
1301,0.06268632411956787
1302,0.48129332065582275
1303,0.3034727871417999
1304,0.004825250245630741
1305,0.4516225755214691
1306,0.39387401938438416
1307,-0.014095017686486244
1308,0.44367122650146484
1309,0.36737701296806335
1310,-0.025527628138661385
1311,0.43463537096977234
1312,0.3894720673561096
1313,-0.0217495858669281
1314,0.4778868556022644
1315,0.4630717635154724
1316,0.029195299372076988
1317,0.46727466583251953
1318,0.47585487365722656
1319,0.022110404446721077
1320,0.44041964411735535
1321,0.49859344959259033
1322,0.006602335721254349
1323,0.49758005142211914
1324,0.4415205419063568
1325,0.06380493938922882
1326,0.45121461153030396
1327,0.29726555943489075
1328,0.002052825875580311
1329,0.4366002082824707
1330,0.32379063963890076
1331,-0.02422459051012993
1332,0.45387065410614014
1333,0.49781790375709534
1334,0.022510621696710587
1335,0.5137921571731567
1336,0.3838770389556885
1337,0.05537422373890877
1338,0.4399111568927765
1339,0.43619516491889954
1340,-0.007569542154669762
1341,0.44166886806488037
1342,0.44015803933143616
1343,-0.008634082041680813
1344,0.44372957944869995
1345,0.44609659910202026
1346,-0.009311249479651451
1347,0.4452436864376068
1348,0.45286256074905396
1349,-0.007414962165057659
1350,0.4474075138568878
1351,0.45979300141334534
1352,-0.0002946080930996686
1353,0.45248931646347046
1354,0.42332908511161804
1355,-0.003005641745403409
1356,0.45542895793914795
1357,0.42208218574523926
1358,-0.0031099480111151934
1359,0.45805543661117554
1360,0.4200742840766907
1361,-0.0031615630723536015
1362,0.4652249217033386
1363,0.4118371903896332
1364,-0.0019000014290213585
1365,0.4958702027797699
1366,0.3846108615398407
1367,0.012157902121543884
1368,0.4369175136089325
1369,0.31257161498069763
1370,-0.016848083585500717
1371,0.44215327501296997
1372,0.29220253229141235
1373,-0.0026573152281343937
1374,0.44753772020339966
1375,0.29375651478767395
1376,0.00045316622708924115
1377,0.45022261142730713
1378,0.4217630922794342
1379,-0.0020687368232756853
1380,0.4957455098628998
1381,0.4135207533836365
1382,0.02700052037835121
1383,0.43433061242103577
1384,0.2912035882472992
1385,-0.013605375774204731
1386,0.4511674642562866
1387,0.4677427411079407
1388,0.005030164495110512
1389,0.4301626682281494
1390,0.31735759973526
1391,-0.030157553032040596
1392,0.44291508197784424
1393,0.34171414375305176
1394,-0.023742767050862312
1395,0.43735459446907043
1396,0.47669023275375366
1397,0.0013236417435109615
1398,0.47004735469818115
1399,0.44168227910995483
1400,0.010591900907456875
1401,0.4601965546607971
1402,0.3738570809364319
1403,-0.006982238497585058
1404,0.4618174135684967
1405,0.4560450315475464
1406,0.008454002439975739
1407,0.47833356261253357
1408,0.3737761378288269
1409,-0.0037357748951762915
1410,0.4671851694583893
1411,0.3866138458251953
1412,-0.004702942445874214
1413,0.48444461822509766
1414,0.39331015944480896
1415,0.004166955128312111
1416,0.43952813744544983
1417,0.4882722496986389
1418,0.002124799881130457
1419,0.44850239157676697
1420,0.34849977493286133
1421,-0.017439791932702065
1422,0.4761330783367157
1423,0.4503325819969177
1424,0.018836623057723045
1425,0.46569210290908813
1426,0.46472060680389404
1427,0.015180029906332493
1428,0.47622817754745483
1429,0.42537403106689453
1430,0.009427455253899097
1431,0.5040284395217896
1432,0.39864104986190796
1433,0.03309876471757889
1434,0.48566192388534546
1435,0.4273484945297241
1436,0.01751599833369255
1437,0.5081155300140381
1438,0.4079441726207733
1439,0.0531933531165123
1440,0.4730182886123657
1441,0.40268009901046753
1442,-3.2519863452762365e-05
1443,0.4424889087677002
1444,0.3317018449306488
1445,-0.018030691891908646
1446,0.44117364287376404
1447,0.3632607161998749
1448,-0.03621590882539749
1449,0.447298139333725
1450,0.36674875020980835
1451,-0.02671869844198227
1452,0.43703654408454895
1453,0.35565274953842163
1454,-0.04272622987627983
1455,0.448784202337265
1456,0.2831738293170929
1457,-0.0057444083504378796
1458,0.46253901720046997
1459,0.27742716670036316
1460,-0.008011262863874435
1461,0.47469642758369446
1462,0.27643463015556335
1463,-0.007928727194666862
1464,0.4848414957523346
1465,0.27846431732177734
1466,-0.004725565668195486
1467,0.49182283878326416
1468,0.2835925221443176
1469,0.0006081798928789794
1470,0.4962148368358612
1471,0.30318760871887207
1472,0.014255642890930176
1473,0.5184682607650757
1474,0.33336031436920166
1475,0.05267104133963585
1476,0.4896765351295471
1477,0.3185688853263855
1478,0.008294102735817432
1479,0.4808874726295471
1480,0.32154062390327454
1481,0.003423064947128296
1482,0.4697660505771637
1483,0.3210573196411133
1484,0.00026539777172729373
1485,0.4592086374759674
1486,0.3178842067718506
1487,-0.0006933515542186797
1488,0.45108553767204285
1489,0.313711941242218
1490,-0.00116071873344481
1491,0.44543394446372986
1492,0.30973222851753235
1493,-0.0015399924013763666
1494,0.5185360312461853
1495,0.33396247029304504
1496,0.08466556668281555
1497,0.44719988107681274
1498,0.3700842261314392
1499,-0.022328834980726242
1500,0.4362218379974365
1501,0.33371803164482117
1502,-0.030771328136324883
1503,0.4344210624694824
1504,0.3638036549091339
1505,-0.04272523522377014
1506,0.42989447712898254
1507,0.36962002515792847
1508,-0.03893743455410004
1509,0.4347042739391327
1510,0.36560770869255066
1511,-0.03846839815378189
1512,0.4448346793651581
1513,0.37394723296165466
1514,-0.019113700836896896
1515,0.4281664490699768
1516,0.3707517087459564
1517,-0.0411408357322216
1518,0.42770081758499146
1519,0.3732598125934601
1520,-0.03071850910782814
1521,0.4458497166633606
1522,0.3007158935070038
1523,0.0022822932805866003
1524,0.4409639239311218
1525,0.303324431180954
1526,-0.0027441957499831915
1527,0.4381381869316101
1528,0.30504316091537476
1529,-0.008876457810401917
1530,0.4858839213848114
1531,0.2972308099269867
1532,0.005885702557861805
1533,0.4905923008918762
1534,0.29293179512023926
1535,0.005968224722892046
1536,0.0
1537,0.0
1538,0.0
1539,0.0
1540,0.0
1541,0.0
1542,0.0
1543,0.0
1544,0.0
1545,0.0
1546,0.0
1547,0.0
1548,0.0
1549,0.0
1550,0.0
1551,0.0
1552,0.0
1553,0.0
1554,0.0
1555,0.0
1556,0.0
1557,0.0
1558,0.0
1559,0.0
1560,0.0
1561,0.0
1562,0.0
1563,0.0
1564,0.0
1565,0.0
1566,0.0
1567,0.0
1568,0.0
1569,0.0
1570,0.0
1571,0.0
1572,0.0
1573,0.0
1574,0.0
1575,0.0
1576,0.0
1577,0.0
1578,0.0
1579,0.0
1580,0.0
1581,0.0
1582,0.0
1583,0.0
1584,0.0
1585,0.0
1586,0.0
1587,0.0
1588,0.0
1589,0.0
1590,0.0
1591,0.0
1592,0.0
1593,0.0
1594,0.0
1595,0.0
1596,0.0
1597,0.0
1598,0.0
1599,0.24790526926517487
1600,0.7062239646911621
1601,9.64868789310458e-08
1602,0.28967931866645813
1603,0.6498972177505493
1604,-0.0034447633661329746
1605,0.3044767677783966
1606,0.5891442894935608
1607,-0.009367548860609531
1608,0.3112680912017822
1609,0.5398696660995483
1610,-0.021030250936746597
1611,0.31001633405685425
1612,0.4970863461494446
1613,-0.03112674504518509
1614,0.2605009377002716
1615,0.5177038311958313
1616,0.011628886684775352
1617,0.26656240224838257
1618,0.45096510648727417
1619,-0.006017634179443121
1620,0.2777683436870575
1621,0.4086911678314209
1622,-0.01718711480498314
1623,0.2860865890979767
1624,0.3749467134475708
1625,-0.023992232978343964
1626,0.24419070780277252
1627,0.521766722202301
1628,0.0008950185147114098
1629,0.2937374413013458
1630,0.4818808436393738
1631,-0.0322512611746788
1632,0.30872130393981934
1633,0.5323157906532288
1634,-0.041428081691265106
1635,0.300319105386734
1636,0.568561851978302
1637,-0.038385190069675446
1638,0.22946764528751373
1639,0.5296027064323425
1640,-0.012785997241735458
1641,0.28317761421203613
1642,0.5043646693229675
1643,-0.04650357365608215
1644,0.2918411195278168
1645,0.5584799647331238
1646,-0.04338371008634567
1647,0.2783203125
1648,0.5914636850357056
1649,-0.030947813764214516
1650,0.21603533625602722
1651,0.5435985326766968
1652,-0.02696862444281578
1653,0.26508772373199463
1654,0.5270625352859497
1655,-0.047038376331329346
1656,0.2734956741333008
1657,0.5660417675971985
1658,-0.041646573692560196
1659,0.2599603831768036
1660,0.5923610925674438
1661,-0.031478557735681534
