,0
0,0.4194353520870209
1,0.31910842657089233
2,-0.657521665096283
3,0.9999395608901978
4,0.4431211054325104
5,0.2663591504096985
6,-0.5931934118270874
7,0.9998860955238342
8,0.4570029377937317
9,0.2682695686817169
10,-0.5933144688606262
11,0.9999001622200012
12,0.47077614068984985
13,0.271051287651062
14,-0.5926504731178284
15,0.9998644590377808
16,0.38923296332359314
17,0.26776543259620667
18,-0.6003053188323975
19,0.999901294708252
20,0.3701353669166565
21,0.2705681622028351
22,-0.6000474095344543
23,0.9999168515205383
24,0.3544003367424011
25,0.27436426281929016
26,-0.600551426410675
27,0.9999096393585205
28,0.48982757329940796
29,0.3076027035713196
30,-0.191023051738739
31,0.9998683333396912
32,0.3331940770149231
33,0.30844300985336304
34,-0.2177416831254959
35,0.9999337196350098
36,0.45053601264953613
37,0.3875024616718292
38,-0.5128222703933716
39,0.9998971819877625
40,0.3862478733062744
41,0.38715165853500366
42,-0.5220319628715515
43,0.9999244809150696
44,0.6146251559257507
45,0.6388160586357117
46,0.04536905884742737
47,0.9987145662307739
48,0.2235185205936432
49,0.6393957734107971
50,-0.10877986997365952
51,0.9991258978843689
52,0.7203924655914307
53,0.9670438766479492
54,-0.5157049894332886
55,0.5292162299156189
56,0.11276572942733765
57,1.013160228729248
58,-0.7111791372299194
59,0.7316892743110657
60,0.5863177180290222
61,0.7657138109207153
62,-1.207920789718628
63,0.5624964833259583
64,0.26246029138565063
65,0.7336490750312805
66,-1.3980143070220947
67,0.6591694951057434
68,0.539023220539093
69,0.6356008648872375
70,-1.3364121913909912
71,0.5462075471878052
72,0.31609487533569336
73,0.6304109692573547
74,-1.5236494541168213
75,0.6344078779220581
76,0.5408117771148682
77,0.5944237112998962
78,-1.3099677562713623
79,0.5838844180107117
80,0.3165648579597473
81,0.5947496294975281
82,-1.415285348892212
83,0.6579728722572327
84,0.5385690927505493
85,0.6305897235870361
86,-1.1994737386703491
87,0.5610108971595764
88,0.30906111001968384
89,0.62299644947052
90,-1.3631131649017334
91,0.645718514919281
92,0.5495946407318115
93,1.349530816078186
94,0.01953449845314026
95,0.003554418683052063
96,0.2698783278465271
97,1.3585506677627563
98,-0.015494108200073242
99,0.003881855634972453
100,0.5403642654418945
101,1.9680869579315186
102,-0.05082348734140396
103,0.0011724286014214158
104,0.28203749656677246
105,1.960057020187378
106,-0.14876525104045868
107,0.000584716850426048
108,0.5427743792533875
109,2.4936776161193848
110,0.4379919469356537
111,0.00011146560427732766
112,0.2921505272388458
113,2.498183012008667
114,0.10941284894943237
115,1.6141364540089853e-05
116,0.5479706525802612
117,2.5648231506347656
118,0.4491302967071533
119,8.254336717072874e-05
120,0.2814919054508209
121,2.5760185718536377
122,0.1185017004609108
123,3.2422256481368095e-05
124,0.524429976940155
125,2.6545045375823975
126,-0.10323232412338257
127,0.00011948439350817353
128,0.3433268666267395
129,2.6563456058502197
130,-0.4740699231624603
131,8.489271567668766e-05
132,0.403117299079895
133,0.34241440892219543
134,-0.033411189913749695
135,0.4017426371574402
136,0.2994970679283142
137,-0.04705894738435745
138,0.4026714861392975
139,0.31559035181999207
140,-0.029285853728652
141,0.3950784504413605
142,0.2688867747783661
143,-0.029780929908156395
144,0.40163755416870117
145,0.28815141320228577
146,-0.048065077513456345
147,0.40187206864356995
148,0.27579057216644287
149,-0.04237598180770874
150,0.40283575654029846
151,0.24846100807189941
152,-0.013201341032981873
153,0.34612056612968445
154,0.2581556737422943
155,0.02001107670366764
156,0.4033187925815582
157,0.22342048585414886
158,-0.002413342706859112
159,0.40341275930404663
160,0.20895975828170776
161,-0.0007547096465714276
162,0.4039250910282135
163,0.16276240348815918
164,0.01938427984714508
165,0.4032081365585327
166,0.34833845496177673
167,-0.033312778919935226
168,0.40329331159591675
169,0.3540157675743103
170,-0.031446538865566254
171,0.403364360332489
172,0.35735374689102173
173,-0.028436414897441864
174,0.4038631319999695
175,0.390008807182312
176,-0.02045828104019165
177,0.4038384258747101
178,0.39615070819854736
179,-0.022306399419903755
180,0.4037712514400482
181,0.4033289849758148
182,-0.02432176098227501
183,0.4037352204322815
184,0.41063451766967773
185,-0.02266276814043522
186,0.40381765365600586
187,0.4175639748573303
188,-0.015903420746326447
189,0.4019860029220581
190,0.30646663904190063
191,-0.043848562985658646
192,0.3943059742450714
193,0.3085590898990631
194,-0.03303281590342522
195,0.3237122893333435
196,0.22658973932266235
197,0.06811925768852234
198,0.3682132959365845
199,0.2648324966430664
200,0.00993051752448082
201,0.3604363799095154
202,0.26646554470062256
203,0.010426157154142857
204,0.35304659605026245
205,0.2665499150753021
206,0.012787609361112118
207,0.34331202507019043
208,0.26244133710861206
209,0.02037874422967434
210,0.37493136525154114
211,0.26113927364349365
212,0.011011285707354546
213,0.3577481508255005
214,0.2331026792526245
215,0.011083267629146576
216,0.3667771816253662
217,0.23363342881202698
218,0.011360402218997478
219,0.34945279359817505
220,0.23590579628944397
221,0.013469012454152107
222,0.3440943658351898
223,0.2413221001625061
224,0.01643875427544117
225,0.33764660358428955
226,0.2700997591018677
227,0.02314983680844307
228,0.37164485454559326
229,0.422934889793396
230,-0.009962578304111958
231,0.3435753285884857
232,0.2559199333190918
233,0.023173628374934196
234,0.31885284185409546
235,0.271729052066803
236,0.06058148667216301
237,0.3300918638706207
238,0.2640983760356903
239,0.033080391585826874
240,0.36162370443344116
241,0.30495473742485046
242,-0.00691740307956934
243,0.3912366032600403
244,0.3417777717113495
245,-0.031805481761693954
246,0.3935578763484955
247,0.3553237318992615
248,-0.02998911216855049
249,0.3797384798526764
250,0.3489267826080322
251,-0.027072848752141
252,0.3735518157482147
253,0.3573879897594452
254,-0.02023129165172577
255,0.38557323813438416
256,0.3587965667247772
257,-0.026093238964676857
258,0.3800208866596222
259,0.36339014768600464
260,-0.019641632214188576
261,0.3636842668056488
262,0.38598954677581787
263,-0.007236631587147713
264,0.3948117196559906
265,0.29980745911598206
266,-0.046201884746551514
267,0.39353466033935547
268,0.2893299162387848
269,-0.04705774411559105
270,0.33417436480522156
271,0.2326493263244629
272,0.021994223818182945
273,0.37775877118110657
274,0.2773141860961914
275,-0.003117977175861597
276,0.374729186296463
277,0.30362361669540405
278,-0.025891467928886414
279,0.3740878105163574
280,0.2992091178894043
281,-0.022505300119519234
282,0.33945009112358093
283,0.3082157075405121
284,0.0038262789603322744
285,0.3941296339035034
286,0.27771514654159546
287,-0.03987332433462143
288,0.35150909423828125
289,0.21660122275352478
290,0.009634003974497318
291,0.34102851152420044
292,0.22237256169319153
293,0.015598352998495102
294,0.33013466000556946
295,0.20450249314308167
296,0.05632960423827171
297,0.3857277035713196
298,0.22215110063552856
299,0.0006100384634919465
300,0.3745247721672058
301,0.23762398958206177
302,0.01309765875339508
303,0.3588169813156128
304,0.3717844486236572
305,-0.004764672368764877
306,0.32811805605888367
307,0.3746263384819031
308,0.059718433767557144
309,0.38129517436027527
310,0.30926308035850525
311,-0.02371586300432682
312,0.3885065019130707
313,0.3127325773239136
314,-0.025767993181943893
315,0.3662531077861786
316,0.3747824728488922
317,-0.00604550214484334
318,0.3712218701839447
319,0.37452244758605957
320,-0.008399643935263157
321,0.3374808132648468
322,0.21682056784629822
323,0.021357718855142593
324,0.3748190402984619
325,0.3101119101047516
326,-0.022372465580701828
327,0.36593565344810486
328,0.21547918021678925
329,0.004435074049979448
330,0.36471202969551086
331,0.20715941488742828
332,0.004623940214514732
333,0.35883715748786926
334,0.17223352193832397
335,0.029361238703131676
336,0.3340209424495697
337,0.2102716714143753
338,0.03685152903199196
339,0.3626350164413452
340,0.18867994844913483
341,0.016928264871239662
342,0.33047643303871155
343,0.2297905534505844
344,0.03033342957496643
345,0.3271726965904236
346,0.2285635620355606
347,0.0486006885766983
348,0.3922029435634613
349,0.34903472661972046
350,-0.03180975839495659
351,0.382686048746109
352,0.35444048047065735
353,-0.027025997638702393
354,0.3765716254711151
355,0.3603053092956543
356,-0.020694637671113014
357,0.3835606575012207
358,0.31183457374572754
359,-0.022479256615042686
360,0.36861464381217957
361,0.37504521012306213
362,-0.007356979884207249
363,0.37157201766967773
364,0.3826081156730652
365,-0.011356189846992493
366,0.372930109500885
367,0.37352052330970764
368,-0.008628388866782188
369,0.3854856491088867
370,0.30236923694610596
371,-0.03408264368772507
372,0.38233089447021484
373,0.3632816672325134
374,-0.018788745626807213
375,0.38788142800331116
376,0.36011332273483276
377,-0.023534812033176422
378,0.39498966932296753
379,0.35815197229385376
380,-0.027178609743714333
381,0.3905828893184662
382,0.4159587621688843
383,-0.015713458880782127
384,0.3904903531074524
385,0.408883273601532
386,-0.022074729204177856
387,0.39147114753723145
388,0.4020191431045532
389,-0.023037463426589966
390,0.392906129360199
391,0.3944701850414276
392,-0.02092345990240574
393,0.39422181248664856
394,0.3893103003501892
395,-0.01928521879017353
396,0.3808634579181671
397,0.3841613531112671
398,-0.013279610313475132
399,0.37873849272727966
400,0.38608115911483765
401,-0.01465138141065836
402,0.3755122423171997
403,0.38943156599998474
404,-0.016156725585460663
405,0.372871071100235
406,0.39278364181518555
407,-0.01515063177794218
408,0.3676603138446808
409,0.3449593484401703
410,-0.016251564025878906
411,0.3202221095561981
412,0.322407066822052
413,0.08238161355257034
414,0.4023154079914093
415,0.3104490637779236
416,-0.03415032848715782
417,0.37739256024360657
418,0.38070979714393616
419,-0.010181892663240433
420,0.3744458556175232
421,0.38154324889183044
422,-0.01108686625957489
423,0.3911321759223938
424,0.31749898195266724
425,-0.027097009122371674
426,0.37784314155578613
427,0.3179275393486023
428,-0.01774851605296135
429,0.3898627758026123
430,0.31516575813293457
431,-0.026567162945866585
432,0.36916056275367737
433,0.28470343351364136
434,-0.0016607149736955762
435,0.35671383142471313
436,0.29292720556259155
437,-0.0004013616417068988
438,0.3729524612426758
439,0.30551666021347046
440,-0.018777454271912575
441,0.3408968448638916
442,0.18601396679878235
443,0.04222872480750084
444,0.3449956178665161
445,0.19662855565547943
446,0.026575274765491486
447,0.349030464887619
448,0.20903784036636353
449,0.01314801536500454
450,0.36997708678245544
451,0.3966524600982666
452,-0.010878600180149078
453,0.3833836019039154
454,0.20801614224910736
455,0.0003567344101611525
456,0.38153621554374695
457,0.18617796897888184
458,0.010996376164257526
459,0.37912869453430176
460,0.1652543693780899
461,0.021390261128544807
462,0.34676262736320496
463,0.2655472159385681
464,0.016579177230596542
465,0.3298117518424988
466,0.2784009277820587
467,0.026430632919073105
468,0.3794712722301483
469,0.25741615891456604
470,0.012640543282032013
471,0.33709466457366943
472,0.24795496463775635
473,0.02381281740963459
474,0.3837665021419525
475,0.26928067207336426
476,-0.004915670491755009
477,0.3797970414161682
478,0.2968073785305023
479,-0.03304722532629967
480,0.3223359286785126
481,0.28744077682495117
482,0.03356224671006203
483,0.3341441750526428
484,0.28414011001586914
485,0.017463326454162598
486,0.3434726893901825
487,0.2858724296092987
488,0.009149063378572464
489,0.3582792580127716
490,0.2826001048088074
491,0.005441333632916212
492,0.3691665530204773
493,0.2772211730480194
494,0.004340242128819227
495,0.37779271602630615
496,0.2710755169391632
497,0.003102050395682454
498,0.3949509561061859
499,0.25218304991722107
500,-0.01033144723623991
501,0.32277876138687134
502,0.3091559410095215
503,0.02679290995001793
504,0.3317258954048157
505,0.24750831723213196
506,0.02831644006073475
507,0.397800475358963
508,0.3064524233341217
509,-0.04329167678952217
510,0.3777618706226349
511,0.28595075011253357
512,-0.009148339740931988
513,0.3189610540866852
514,0.27549049258232117
515,0.08712273091077805
516,0.3841736614704132
517,0.2640947699546814
518,0.002973977942019701
519,0.372501015663147
520,0.3078782558441162
521,-0.010691753588616848
522,0.34056979417800903
523,0.2562389671802521
524,0.02466435357928276
525,0.37932607531547546
526,0.2915606200695038
527,-0.028833072632551193
528,0.32229068875312805
529,0.3473622500896454
530,0.0732095018029213
531,0.37981143593788147
532,0.2537025213241577
533,0.015776898711919785
534,0.3866381347179413
535,0.2833515405654907
536,-0.03563565015792847
537,0.34140491485595703
538,0.39694738388061523
539,0.01837741769850254
540,0.3422490358352661
541,0.4117799401283264
542,0.02800959162414074
543,0.31726503372192383
544,0.3161531984806061
545,0.0546448715031147
546,0.3333359360694885
547,0.382581502199173
548,0.028450515121221542
549,0.3229603171348572
550,0.24896183609962463
551,0.0572449192404747
552,0.37008368968963623
553,0.4349612593650818
554,-0.008056195452809334
555,0.39894792437553406
556,0.3103318512439728
557,-0.03359914571046829
558,0.37061935663223267
559,0.2953089475631714
560,-0.0075464569963514805
561,0.3243785500526428
562,0.26767978072166443
563,0.04098612815141678
564,0.3535454273223877
565,0.2605016231536865
566,0.014580675400793552
567,0.36031046509742737
568,0.2607119381427765
569,0.01242783572524786
570,0.36881497502326965
571,0.3836860656738281
572,-0.01050147321075201
573,0.32467955350875854
574,0.3311671316623688
575,0.02489619515836239
576,0.38493233919143677
577,0.4535236954689026
578,-0.009394560940563679
579,0.36070671677589417
580,0.43612995743751526
581,0.007514507509768009
582,0.3517419397830963
583,0.425699919462204
584,0.016609814018011093
585,0.4036192297935486
586,0.18549156188964844
587,0.008990234695374966
588,0.40338951349258423
589,0.4562356173992157
590,-0.011954712681472301
591,0.36697933077812195
592,0.25952136516571045
593,0.012218602001667023
594,0.3733278810977936
595,0.2572005093097687
596,0.01345968060195446
597,0.37757086753845215
598,0.25535306334495544
599,0.015499341301620007
600,0.3272370994091034
601,0.24733704328536987
602,0.03712402284145355
603,0.37324145436286926
604,0.24804362654685974
605,0.013817419297993183
606,0.36646509170532227
607,0.2463272213935852
608,0.012811575084924698
609,0.35981056094169617
610,0.2462226152420044
611,0.01326297502964735
612,0.3530079126358032
613,0.24826321005821228
614,0.015034849755465984
615,0.34854188561439514
616,0.2513224482536316
617,0.017399931326508522
618,0.3201829493045807
619,0.24887365102767944
620,0.07988592237234116
621,0.34906888008117676
622,0.2594648599624634
623,0.017399348318576813
624,0.4028877913951874
625,0.32480907440185547
626,-0.028635814785957336
627,0.3739194869995117
628,0.33553341031074524
629,-0.020597491413354874
630,0.38098475337028503
631,0.3065440058708191
632,-0.02609154023230076
633,0.39010152220726013
634,0.3276822865009308
635,-0.02762783318758011
636,0.4032342731952667
637,0.23688741028308868
638,-0.0046935067512094975
639,0.3500875234603882
640,0.4112812280654907
641,0.009977107867598534
642,0.359365850687027
643,0.42268770933151245
644,0.0013602946419268847
645,0.3846952021121979
646,0.44404858350753784
647,-0.016250625252723694
648,0.3351641893386841
649,0.39643654227256775
650,0.04318562522530556
651,0.3777623474597931
652,0.2512813210487366
653,0.01509401947259903
654,0.38891762495040894
655,0.26819661259651184
656,-0.01645698957145214
657,0.4031779170036316
658,0.44718247652053833
659,-0.01829010620713234
660,0.37127918004989624
661,0.44594866037368774
662,-0.0023617029655724764
663,0.31981825828552246
664,0.3401910662651062
665,0.04872458800673485
666,0.38671255111694336
667,0.38715511560440063
668,-0.016541780903935432
669,0.3845757842063904
670,0.39082083106040955
671,-0.01795778051018715
672,0.38196319341659546
673,0.3964157998561859
674,-0.019519679248332977
675,0.38002973794937134
676,0.40244707465171814
677,-0.018783265724778175
678,0.3782099485397339
679,0.4077020585536957
680,-0.014341129921376705
681,0.3750275671482086
682,0.3684231638908386
683,-0.013717811554670334
684,0.37164294719696045
685,0.3672795295715332
686,-0.01330614648759365
687,0.3688754737377167
688,0.365359365940094
689,-0.01295713521540165
690,0.3625739812850952
691,0.3572182059288025
692,-0.01001387182623148
693,0.3349316418170929
694,0.3339550197124481
695,0.008413773961365223
696,0.3895062804222107
697,0.25998181104660034
698,-0.006945610046386719
699,0.3859277069568634
700,0.24330498278141022
701,0.011058309115469456
702,0.38129401206970215
703,0.24590808153152466
704,0.014184277504682541
705,0.37767452001571655
706,0.36683711409568787
707,-0.013241707347333431
708,0.3354671597480774
709,0.3636131286621094
710,0.016674092039465904
711,0.3926553428173065
712,0.24021071195602417
713,0.0006305285496637225
714,0.37473568320274353
715,0.41351422667503357
716,-0.011441780254244804
717,0.4021894037723541
718,0.2664289176464081
719,-0.03230341896414757
720,0.39486101269721985
721,0.2610563337802887
722,-0.02048579417169094
723,0.4025062918663025
724,0.25788846611976624
725,-0.022192256525158882
726,0.3822247385978699
727,0.28457707166671753
728,-0.019716260954737663
729,0.403216153383255
730,0.43561622500419617
731,-0.019403891637921333
732,0.4034900367259979
733,0.424917072057724
734,-0.0169680193066597
735,0.3883582651615143
736,0.4225621819496155
737,-0.015437164343893528
738,0.3574528992176056
739,0.38825133442878723
740,-0.0028246138244867325
741,0.36677616834640503
742,0.3184206783771515
743,-0.009535866789519787
744,0.3646675944328308
745,0.40197068452835083
746,-0.007039681077003479
747,0.3507812023162842
748,0.32017746567726135
749,-0.005173026584088802
750,0.3608715236186981
751,0.3313556909561157
752,-0.009154143743216991
753,0.345714271068573
754,0.34013694524765015
755,-0.0007523502572439611
756,0.3859741687774658
757,0.4325745701789856
758,-0.017246661707758904
759,0.3770333528518677
760,0.2924787402153015
761,-0.015290939249098301
762,0.35169655084609985
763,0.39743033051490784
764,0.003115610219538212
765,0.3610273003578186
766,0.41053086519241333
767,-0.0026857126504182816
768,0.3523425757884979
769,0.37228840589523315
770,-0.0011240447638556361
771,0.3277413845062256
772,0.35064443945884705
773,0.024647310376167297
774,0.3437943458557129
775,0.375536173582077
776,0.006113782525062561
777,0.3249988555908203
778,0.36252039670944214
779,0.041088562458753586
780,0.35612043738365173
781,0.34843724966049194
782,-0.006308014038950205
783,0.383439838886261
784,0.27697962522506714
785,-0.012391490861773491
786,0.3826707899570465
787,0.3006780743598938
788,-0.035254232585430145
789,0.3773905634880066
790,0.3062306344509125
791,-0.027412069961428642
792,0.3863103687763214
793,0.2921745479106903
794,-0.04028965160250664
795,0.37962454557418823
796,0.23309427499771118
797,0.010436620563268661
798,0.3665088415145874
799,0.22690270841121674
800,0.010023810900747776
801,0.35499584674835205
802,0.22652526199817657
803,0.010570837184786797
804,0.3457551598548889
805,0.23019929230213165
806,0.013712885789573193
807,0.3396706283092499
808,0.2372785359621048
809,0.01831725798547268
810,0.33626827597618103
811,0.26002568006515503
812,0.02769376151263714
813,0.31704968214035034
814,0.2935921251773834
815,0.05795849859714508
816,0.3411693572998047
817,0.2735007107257843
818,0.018108099699020386
819,0.34881725907325745
820,0.27496767044067383
821,0.012678584083914757
822,0.3589690029621124
823,0.2739992141723633
824,0.009096093475818634
825,0.36889320611953735
826,0.2706563472747803
827,0.007874967530369759
828,0.37687772512435913
829,0.2659870982170105
830,0.008162803016602993
831,0.3824286460876465
832,0.2614216208457947
833,0.008258907124400139
834,0.3196355998516083
835,0.2992149293422699
836,0.08755799382925034
837,0.37792834639549255
838,0.3105502128601074
839,-0.023938875645399094
840,0.38839900493621826
841,0.27544546127319336
842,-0.02500961534678936
843,0.38888558745384216
844,0.29931512475013733
845,-0.041856709867715836
846,0.3937578797340393
847,0.3058460056781769
848,-0.039817191660404205
849,0.388989120721817
850,0.3020167052745819
851,-0.03817732259631157
852,0.38042211532592773
853,0.31475889682769775
854,-0.021782316267490387
855,0.3952184021472931
856,0.30622583627700806
857,-0.04213293269276619
858,0.39616259932518005
859,0.3100522458553314
860,-0.03331367298960686
861,0.38272255659103394
862,0.25314977765083313
863,0.014159766025841236
864,0.3868040442466736
865,0.2545158267021179
866,0.008593364618718624
867,0.38907578587532043
868,0.2547474503517151
869,0.00229770690202713
870,0.34578269720077515
871,0.2536446452140808
872,0.01994488574564457
873,0.34069594740867615
874,0.2480410635471344
875,0.020716603845357895
876,0.4095818102359772
877,0.26840323209762573
878,-0.029934747144579887
879,0.46404218673706055
880,0.25354206562042236
881,0.01859193667769432
882,0.4105513095855713
883,0.3079322874546051
884,-0.03324347361922264
885,0.4895229935646057
886,0.22091078758239746
887,0.0660301148891449
888,0.44083186984062195
889,0.2617713510990143
890,0.008965902030467987
891,0.44875282049179077
892,0.2629002630710602
893,0.009274827316403389
894,0.456493616104126
895,0.26261046528816223
896,0.011482409201562405
897,0.4671967029571533
898,0.25753238797187805
899,0.018916890025138855
900,0.4339611828327179
901,0.25874510407447815
902,0.010306727141141891
903,0.45114830136299133
904,0.22956877946853638
905,0.009969229809939861
906,0.4419490694999695
907,0.23084217309951782
908,0.010467136278748512
909,0.4599439203739166
910,0.2315702885389328
911,0.012221570126712322
912,0.4658529460430145
913,0.23661872744560242
914,0.015038682147860527
915,0.4729142189025879
916,0.2651000916957855
917,0.021520119160413742
918,0.4354129433631897
919,0.42032772302627563
920,-0.010732719674706459
921,0.46688973903656006
922,0.25091689825057983
923,0.02175680361688137
924,0.4942325949668884
925,0.2656239867210388
926,0.05842150002717972
927,0.48109421133995056
928,0.25861310958862305
929,0.031203843653202057
930,0.4459506869316101
931,0.3015614449977875
932,-0.00787943135946989
933,0.41494882106781006
934,0.3403385281562805
935,-0.03196493536233902
936,0.41307538747787476
937,0.35401463508605957
938,-0.03015230782330036
939,0.4267330467700958
940,0.345773309469223
941,-0.027461502701044083
942,0.43322908878326416
943,0.35320258140563965
944,-0.020752647891640663
945,0.4213138520717621
946,0.35622549057006836
947,-0.026437105610966682
948,0.42701444029808044
949,0.35989224910736084
950,-0.020052999258041382
951,0.44344305992126465
952,0.38141438364982605
953,-0.007966969162225723
954,0.4087982177734375
955,0.29930272698402405
956,-0.046373151242733
957,0.40999341011047363
958,0.28873664140701294
959,-0.04709917679429054
960,0.476267009973526
961,0.22729258239269257
962,0.020246189087629318
963,0.42965707182884216
964,0.2754117548465729
965,-0.0037821303121745586
966,0.4308737516403198
967,0.3012619614601135
968,-0.026475632563233376
969,0.43185046315193176
970,0.2967948615550995
971,-0.02310030907392502
972,0.4694739878177643
973,0.3031350374221802
974,0.0022712983191013336
975,0.4098314940929413
976,0.277194082736969
977,-0.03999686986207962
978,0.4572141766548157
979,0.21292871236801147
980,0.008186576887965202
981,0.46845921874046326
982,0.21775701642036438
983,0.013921849429607391
984,0.48202839493751526
985,0.19932985305786133
986,0.05439857766032219
987,0.4215492308139801
988,0.2211422622203827
989,0.00022142108355183154
990,0.4342852830886841
991,0.2355906367301941
992,0.012399733066558838
993,0.4481878876686096
994,0.3666050434112549
995,-0.005880975630134344
996,0.4845528304576874
997,0.3690299391746521
998,0.05776125565171242
999,0.424492746591568
1000,0.3074059784412384
1001,-0.02433311566710472
1002,0.41716524958610535
1003,0.31149235367774963
1004,-0.026063233613967896
1005,0.44058120250701904
1006,0.3695983588695526
1007,-0.006924930959939957
1008,0.43573904037475586
1009,0.3698011040687561
1010,-0.008961513638496399
1011,0.4724120497703552
1012,0.2118971049785614
1013,0.01960976980626583
1014,0.43130022287368774
1015,0.30771803855895996
1016,-0.02298201061785221
1017,0.4419788718223572
1018,0.2130860984325409
1019,0.0034768718760460615
1020,0.44317862391471863
1021,0.20449942350387573
1022,0.003716703737154603
1023,0.4505893886089325
1024,0.16910751163959503
1025,0.028232339769601822
1026,0.4769233167171478
1027,0.2052309215068817
1028,0.035040341317653656
1029,0.44592922925949097
1030,0.18591271340847015
1031,0.01581144891679287
1032,0.4803884029388428
1033,0.2241828739643097
1034,0.02844102308154106
1035,0.484928697347641
1036,0.22301968932151794
1037,0.04660931974649429
1038,0.4142608940601349
1039,0.34763434529304504
1040,-0.03204382210969925
1041,0.42395392060279846
1042,0.35153070092201233
1043,-0.02739165537059307
1044,0.4303171932697296
1045,0.3564112186431885
1046,-0.021153360605239868
1047,0.422369122505188
1048,0.310160756111145
1049,-0.022899135947227478
1050,0.4382631480693817
1051,0.3699657618999481
1052,-0.00810814555734396
1053,0.4355050325393677
1054,0.37816348671913147
1055,-0.011738247238099575
1056,0.4342568814754486
1057,0.36909282207489014
1058,-0.009140267968177795
1059,0.4192715883255005
1060,0.30103304982185364
1061,-0.034554097801446915
1062,0.42484965920448303
1063,0.36004161834716797
1064,-0.019116686657071114
1065,0.4191611409187317
1066,0.3578110933303833
1067,-0.023865139111876488
1068,0.41184353828430176
1069,0.35691213607788086
1070,-0.02733658440411091
1071,0.4169890880584717
1072,0.41468316316604614
1073,-0.01582254096865654
1074,0.4168630838394165
1075,0.40742236375808716
1076,-0.02208268828690052
1077,0.41600072383880615
1078,0.40066781640052795
1079,-0.023058824241161346
1080,0.4146757125854492
1081,0.3931375741958618
1082,-0.020831895992159843
1083,0.41344213485717773
1084,0.38808125257492065
1085,-0.019221443682909012
1086,0.4265093207359314
1087,0.38084882497787476
1088,-0.013446171768009663
1089,0.42855551838874817
1090,0.382617712020874
1091,-0.014838538132607937
1092,0.43167391419410706
1093,0.38574302196502686
1094,-0.016246579587459564
1095,0.43419596552848816
1096,0.38899290561676025
1097,-0.015356886200606823
1098,0.4391767084598541
1099,0.3410674035549164
1100,-0.016907047480344772
1101,0.4940670132637024
1102,0.3164524734020233
1103,0.08023793995380402
1104,0.4299357533454895
1105,0.3769652247428894
1106,-0.010449782945215702
1107,0.4326651990413666
1108,0.3774510622024536
1109,-0.011453582905232906
1110,0.41446653008461
1111,0.3164013922214508
1112,-0.027336426079273224
1113,0.42857682704925537
1114,0.3155868351459503
1115,-0.0182073712348938
1116,0.4156816005706787
1117,0.3140149712562561
1118,-0.02681313082575798
1119,0.43863624334335327
1120,0.28200340270996094
1121,-0.0024780621752142906
1122,0.4513927400112152
1123,0.289286345243454
1124,-0.0015230082208290696
1125,0.433280885219574
1126,0.30289793014526367
1127,-0.01951914094388485
1128,0.4698963165283203
1129,0.18152007460594177
1130,0.04053686186671257
1131,0.4649139642715454
1132,0.19244253635406494
1133,0.024980146437883377
1134,0.45980679988861084
1135,0.20507246255874634
1136,0.011739032343029976
1137,0.43720385432243347
1138,0.3930100202560425
1139,-0.011293932795524597
1140,0.42396777868270874
1141,0.20678462088108063
1142,-0.000168255835887976
1143,0.4262198805809021
1144,0.18475933372974396
1145,0.010450076311826706
1146,0.4292823374271393
1147,0.16351300477981567
1148,0.02079286240041256
1149,0.46324408054351807
1150,0.261064738035202
1151,0.015124746598303318
1152,0.4809437394142151
1153,0.27294373512268066
1154,0.02467241883277893
1155,0.4294489622116089
1156,0.2554304301738739
1157,0.012022605165839195
1158,0.47360149025917053
1159,0.2427995800971985
1160,0.022127140313386917
1161,0.42326006293296814
1162,0.2678438127040863
1163,-0.005491751711815596
1164,0.42504891753196716
1165,0.29507383704185486
1166,-0.03347209095954895
1167,0.48900163173675537
1168,0.28152379393577576
1169,0.03158998116850853
1170,0.47576117515563965
1171,0.27895236015319824
1172,0.01579905115067959
1173,0.46553921699523926
1174,0.281324177980423
1175,0.007641212083399296
1176,0.4502173066139221
1177,0.2790799140930176
1178,0.004341997671872377
1179,0.4390527606010437
1180,0.2745133638381958
1181,0.0034885327331721783
1182,0.4301653802394867
1183,0.2691555917263031
1184,0.002335537923499942
1185,0.41110536456108093
1186,0.25165897607803345
1187,-0.010596690699458122
1188,0.4878402650356293
1189,0.303040474653244
1190,0.0248557161539793
1191,0.47923240065574646
1192,0.24212124943733215
1193,0.026510512456297874
1194,0.4062210023403168
1195,0.30607807636260986
1196,-0.04340874403715134
1197,0.4291370213031769
1198,0.2839890718460083
1199,-0.00963219441473484
1200,0.49558255076408386
1201,0.2695198953151703
1202,0.08492562174797058
1203,0.4234808385372162
1204,0.26269060373306274
1205,0.0024005472660064697
1206,0.43422549962997437
1207,0.30521684885025024
1208,-0.0112301679328084
1209,0.4701760411262512
1210,0.2510216534137726
1211,0.023140914738178253
1212,0.4258973300457001
1213,0.2897946238517761
1214,-0.029309988021850586
1215,0.4914226531982422
1216,0.3415142297744751
1217,0.07121783494949341
1218,0.4293006360530853
1219,0.2517414689064026
1220,0.015153670683503151
1221,0.4178059995174408
1222,0.28220123052597046
1223,-0.036073192954063416
1224,0.4674111306667328
1225,0.39168989658355713
1226,0.016541756689548492
1227,0.4675790071487427
1228,0.4067871570587158
1229,0.026263443753123283
1230,0.49516066908836365
1231,0.3098406493663788
1232,0.05245739221572876
1233,0.4765414595603943
1234,0.3767798840999603
1235,0.026615522801876068
1236,0.48976266384124756
1237,0.24324122071266174
1238,0.055202025920152664
1239,0.43689751625061035
1240,0.4322575330734253
1241,-0.00896949041634798
1242,0.405763179063797
1243,0.31001362204551697
1244,-0.03365902230143547
1245,0.43673935532569885
1246,0.29258838295936584
1247,-0.008164569735527039
1248,0.48744186758995056
1249,0.26197123527526855
1250,0.03905332460999489
1251,0.45605942606925964
1252,0.2565050721168518
1253,0.013387741521000862
1254,0.4489903450012207
1255,0.2570642828941345
1256,0.011376001872122288
1257,0.4381890296936035
1258,0.37905460596084595
1259,-0.010931654833257198
1260,0.4857442378997803
1261,0.3250088393688202
1262,0.022930318489670753
1263,0.4220699965953827
1264,0.45225104689598083
1265,-0.009910199791193008
1266,0.44737857580184937
1267,0.43274515867233276
1268,0.006164486985653639
1269,0.4569937586784363
1270,0.42150330543518066
1271,0.015066941268742085
1272,0.442165344953537
1273,0.256328284740448
1274,0.011221727356314659
1275,0.43585875630378723
1276,0.2545056939125061
1277,0.012693259865045547
1278,0.43162184953689575
1279,0.25317370891571045
1280,0.014748399145901203
1281,0.4842795431613922
1282,0.2415822148323059
1283,0.03514967858791351
1284,0.43582361936569214
1285,0.24581801891326904
1286,0.012956786900758743
1287,0.44260069727897644
1288,0.2435576319694519
1289,0.011770593002438545
1290,0.44941964745521545
1291,0.24287931621074677
1292,0.012072090059518814
1293,0.45655858516693115
1294,0.24425803124904633
1295,0.013734235428273678
1296,0.46135175228118896
1297,0.24684664607048035
1298,0.01604633405804634
1299,0.49390581250190735
1300,0.24307408928871155
1301,0.07782772928476334
1302,0.46078604459762573
1303,0.25518590211868286
1304,0.016066478565335274
1305,0.4325944185256958
1306,0.33255940675735474
1307,-0.02112172730267048
1308,0.42452356219291687
1309,0.30471283197402954
1310,-0.02659190259873867
1311,0.41578036546707153
1312,0.32627081871032715
1313,-0.027921926230192184
1314,0.45810121297836304
1315,0.4067538380622864
1316,0.008458222262561321
1317,0.44807395339012146
1318,0.4190661907196045
1319,0.00012610013072844595
1320,0.42189741134643555
1321,0.44264936447143555
1322,-0.01673514023423195
1323,0.4760485589504242
1324,0.39114734530448914
1325,0.041324593126773834
1326,0.43122437596321106
1327,0.24928714334964752
1328,0.014382010325789452
1329,0.41684600710868835
1330,0.26726534962654114
1331,-0.016824737191200256
1332,0.43600744009017944
1333,0.44347256422042847
1334,-0.003344467142596841
1335,0.4921857416629791
1336,0.333984375
1337,0.04654024913907051
1338,0.4208056330680847
1339,0.38482630252838135
1340,-0.016639456152915955
1341,0.42281997203826904
1342,0.38837453722953796
1343,-0.0178968608379364
1344,0.4253154993057251
1345,0.3937481641769409
1346,-0.019557490944862366
1347,0.4270514249801636
1348,0.3997306227684021
1349,-0.01876997947692871
1350,0.4290364682674408
1351,0.4050677418708801
1352,-0.014522024430334568
1353,0.4320824444293976
1354,0.3640972375869751
1355,-0.014268343336880207
1356,0.4352523684501648
1357,0.3625866770744324
1358,-0.014086628332734108
1359,0.4379722774028778
1360,0.36049410700798035
1361,-0.01368674449622631
1362,0.4443701207637787
1363,0.3525792360305786
1364,-0.010914863087236881
1365,0.474342942237854
1366,0.32827284932136536
1367,0.006759799085557461
1368,0.417018860578537
1369,0.25906968116760254
1370,-0.007456693332642317
1371,0.4223170876502991
1372,0.24213993549346924
1373,0.010612497106194496
1374,0.4274146556854248
1375,0.2442583441734314
1376,0.013638150878250599
1377,0.4295543134212494
1378,0.3629525601863861
1379,-0.013708875514566898
1380,0.4737875759601593
1381,0.35779058933258057
1382,0.014926815405488014
1383,0.414401650428772
1384,0.23958463966846466
1385,0.0004324392939452082
1386,0.4323054552078247
1387,0.41078540682792664
1388,-0.011973300017416477
1389,0.41046375036239624
1390,0.2605634033679962
1391,-0.020678093656897545
1392,0.42351019382476807
1393,0.283049613237381
1394,-0.020085154101252556
1395,0.4186907410621643
1396,0.42123621702194214
1397,-0.015755806118249893
1398,0.4499102830886841
1399,0.38390377163887024
1400,-0.003829340450465679
1401,0.4403637647628784
1402,0.3152051866054535
1403,-0.01025761291384697
1404,0.44252458214759827
1405,0.3983028531074524
1406,-0.0077845691703259945
1407,0.45724308490753174
1408,0.31576019525527954
1409,-0.006511780433356762
1410,0.44647103548049927
1411,0.32758334279060364
1412,-0.01011547539383173
1413,0.4626277685165405
1414,0.33520418405532837
1415,-0.0021712281741201878
1416,0.42074206471443176
1417,0.43124741315841675
1418,-0.01771867461502552
1419,0.4293210506439209
1420,0.2904655337333679
1421,-0.015790218487381935
1422,0.4560007154941559
1423,0.39293259382247925
1424,0.001852977555245161
1425,0.4461703300476074
1426,0.4068860709667206
1427,-0.0036674453876912594
1428,0.4551091492176056
1429,0.3673293888568878
1430,-0.002453495981171727
1431,0.48232945799827576
1432,0.34453830122947693
1433,0.02276911400258541
1434,0.4643719494342804
1435,0.37026646733283997
1436,0.004519330803304911
1437,0.48621904850006104
1438,0.35643357038497925
1439,0.03908415138721466
1440,0.45126810669898987
1441,0.3439216613769531
1442,-0.007569663226604462
1443,0.4229066073894501
1444,0.27550995349884033
1445,-0.012844894081354141
1446,0.4220319092273712
1447,0.2991112768650055
1448,-0.035798873752355576
1449,0.4281455874443054
1450,0.3041855990886688
1451,-0.02798287756741047
1452,0.41775745153427124
1453,0.29103338718414307
1454,-0.04075010120868683
1455,0.4286879003047943
1456,0.23148533701896667
1457,0.009789827279746532
1458,0.44188329577445984
1459,0.22416022419929504
1460,0.009135469794273376
1461,0.45373064279556274
1462,0.22284464538097382
1463,0.009479258209466934
1464,0.4636441469192505
1465,0.2257099151611328
1466,0.012163042090833187
1467,0.47043561935424805
1468,0.23227153718471527
1469,0.01669461652636528
1470,0.4747326970100403
1471,0.2548152208328247
1472,0.02594289742410183
1473,0.49576276540756226
1474,0.2873772084712982
1475,0.05581556260585785
1476,0.4688922166824341
1477,0.26873645186424255
1478,0.01662338711321354
1479,0.46045392751693726
1480,0.2708766460418701
1481,0.01137534063309431
1482,0.44990071654319763
1483,0.2705254852771759
1484,0.00797558669000864
1485,0.4397483468055725
1486,0.2677675187587738
1487,0.006984899751842022
1488,0.4316667914390564
1489,0.2638407051563263
1490,0.007466079667210579
1491,0.42591455578804016
1492,0.25978124141693115
1493,0.007648148108273745
1494,0.49492427706718445
1495,0.29316991567611694
1496,0.08541884273290634
1497,0.4279680848121643
1498,0.3083696663379669
1499,-0.024411214515566826
1500,0.41665929555892944
1501,0.27445676922798157
1502,-0.025375692173838615
1503,0.41516485810279846
1504,0.29836514592170715
1505,-0.042203180491924286
1506,0.41071808338165283
1507,0.30515480041503906
1508,-0.03998465836048126
1509,0.41548532247543335
1510,0.30101099610328674
1511,-0.038570746779441833
1512,0.4257088005542755
1513,0.31276950240135193
1514,-0.022230464965105057
1515,0.4089871644973755
1516,0.3056352138519287
1517,-0.04228084906935692
1518,0.40859144926071167
1519,0.30951544642448425
1520,-0.03342471271753311
1521,0.4261121451854706
1522,0.25142964720726013
1523,0.013603735715150833
1524,0.4213051199913025
1525,0.2533189058303833
1526,0.008126470260322094
1527,0.4183215796947479
1528,0.2537621557712555
1529,0.0018276411574333906
1530,0.4643433094024658
1531,0.24900886416435242
1532,0.01851629838347435
1533,0.469713419675827
1534,0.242943674325943
1535,0.01917651668190956
1536,0.5486384034156799
1537,0.7521064281463623
1538,-1.8356533360019966e-07
1539,0.5595601797103882
1540,0.6721495985984802
1541,0.02812167815864086
1542,0.5508334636688232
1543,0.6120191216468811
1544,0.03628101944923401
1545,0.5320075154304504
1546,0.5703592896461487
1547,0.03839228302240372
1548,0.5075840353965759
1549,0.5506563186645508
1550,0.03708852082490921
1551,0.549358606338501
1552,0.5705517530441284
1553,0.010955515317618847
1554,0.505867063999176
1555,0.5039139986038208
1556,0.004322124179452658
1557,0.47660812735557556
1558,0.47532692551612854
1559,0.0009181232308037579
1560,0.45218658447265625
1561,0.4563634395599365
1562,-0.0006061933236196637
1563,0.5293945074081421
1564,0.5772891044616699
1565,-0.008749260567128658
1566,0.48225438594818115
1567,0.49501481652259827
1568,-0.012962447479367256
1569,0.45082518458366394
1570,0.45997387170791626
1571,-0.013976448215544224
1572,0.42478397488594055
1573,0.4388004541397095
1574,-0.014814277179539204
1575,0.5057305097579956
1576,0.5967713594436646
1577,-0.026286594569683075
1578,0.4608643651008606
1579,0.5172221660614014
1580,-0.028728412464261055
1581,0.4326217770576477
1582,0.4809776544570923
1583,-0.028655612841248512
1584,0.41092848777770996
1585,0.453722208738327
1586,-0.02939174696803093
1587,0.47879302501678467
1588,0.6254010796546936
1589,-0.04110461845993996
1590,0.4421060085296631
1591,0.5567108392715454
1592,-0.044047992676496506
1593,0.422810822725296
1594,0.5221476554870605
1595,-0.04171905666589737
1596,0.40672799944877625
1597,0.49236124753952026
1598,-0.03970373421907425
1599,0.235446959733963
1600,0.7273218035697937
1601,2.4773493123575463e-07
1602,0.23048052191734314
1603,0.654485821723938
1604,0.008875834755599499
1605,0.2467138171195984
1606,0.5903365612030029
1607,0.0053409007377922535
1608,0.27059608697891235
1609,0.5428739786148071
1610,-0.0013171477476134896
1611,0.29534846544265747
1612,0.5148871541023254
1613,-0.008558320812880993
1614,0.2555898427963257
1615,0.5559369325637817
1616,-0.010606983676552773
1617,0.3064941167831421
1618,0.4904072880744934
1619,-0.02378082275390625
1620,0.3407590091228485
1621,0.46711182594299316
1622,-0.029795987531542778
1623,0.3667353093624115
1624,0.4559095501899719
1625,-0.031584978103637695
1626,0.2748880982398987
1627,0.571108341217041
1628,-0.02314089797437191
1629,0.328467458486557
1630,0.49676087498664856
1631,-0.03268509730696678
1632,0.36364373564720154
1633,0.4677445888519287
1634,-0.035567838698625565
1635,0.3904098868370056
1636,0.4525577127933502
1637,-0.03650779649615288
1638,0.2970682978630066
1639,0.5969722270965576
1640,-0.03464219346642494
1641,0.34618884325027466
1642,0.5277084708213806
1643,-0.03985917940735817
1644,0.37757954001426697
1645,0.4973222315311432
1646,-0.038602493703365326
1647,0.40189462900161743
1648,0.4787746071815491
1649,-0.0376448854804039
1650,0.31981441378593445
1651,0.6298609375953674
1652,-0.04562072083353996
1653,0.35513076186180115
1654,0.5689553618431091
1655,-0.045982640236616135
1656,0.3774232864379883
1657,0.5380337238311768
1658,-0.0407378263771534
1659,0.39752820134162903
1660,0.515789806842804
1661,-0.03640046343207359
