,0
0,0.503183126449585
1,0.359823077917099
2,-0.7686524391174316
3,0.9999895095825195
4,0.5329681634902954
5,0.29043614864349365
6,-0.7119551301002502
7,0.9999787211418152
8,0.5499378442764282
9,0.2901163697242737
10,-0.7114485502243042
11,0.9999753832817078
12,0.5631047487258911
13,0.2906990945339203
14,-0.7115904688835144
15,0.9999796152114868
16,0.47737258672714233
17,0.29521387815475464
18,-0.7024871110916138
19,0.9999783635139465
20,0.45802658796310425
21,0.29604214429855347
22,-0.7019070982933044
23,0.9999746680259705
24,0.44151273369789124
25,0.2975476086139679
26,-0.7018923163414001
27,0.9999792575836182
28,0.5879219770431519
29,0.32378673553466797
30,-0.34467750787734985
31,0.9999769330024719
32,0.42399653792381287
33,0.32779577374458313
34,-0.2800308167934418
35,0.9999769926071167
36,0.540325939655304
37,0.4288768768310547
38,-0.6381238102912903
39,0.9999874830245972
40,0.4682658314704895
41,0.4333050847053528
42,-0.6214385628700256
43,0.9999856948852539
44,0.7321063876152039
45,0.7007782459259033
46,-0.16193059086799622
47,0.9998162388801575
48,0.2973088324069977
49,0.6501842141151428
50,-0.1461489498615265
51,0.9997625350952148
52,0.8247964978218079
53,1.0482510328292847
54,-0.09694430232048035
55,0.5214080214500427
56,0.06564439088106155
57,0.9211891889572144
58,-0.6580921411514282
59,0.6947656273841858
60,0.8504692912101746
61,1.492599606513977
62,-0.18060001730918884
63,0.2036154717206955
64,0.27141672372817993
65,0.4487033486366272
66,-1.2844160795211792
67,0.6622180938720703
68,0.8815418481826782
69,1.6038767099380493
70,-0.24512895941734314
71,0.2309836447238922
72,0.30961722135543823
73,0.31833404302597046
74,-1.4596412181854248
75,0.6358883380889893
76,0.8243553042411804
77,1.5947915315628052
78,-0.28539982438087463
79,0.3217378854751587
80,0.3331388831138611
81,0.3113665282726288
82,-1.3512531518936157
83,0.654338002204895
84,0.8004727363586426
85,1.5590935945510864
86,-0.21364405751228333
87,0.3235000669956207
88,0.3377866744995117
89,0.35942360758781433
90,-1.2700002193450928
91,0.6491294503211975
92,0.6374140381813049
93,1.4926339387893677
94,-0.05969303846359253
95,0.0013953495072200894
96,0.3313208520412445
97,1.4826537370681763
98,0.06524060666561127
99,0.001537249074317515
100,0.6168687343597412
101,2.1718530654907227
102,-0.09984627366065979
103,0.0003053764521609992
104,0.3353109657764435
105,2.162400007247925
106,0.0038686238694936037
107,0.00019823531329166144
108,0.596735417842865
109,2.769822597503662
110,0.49667659401893616
111,3.202307198080234e-05
112,0.32796698808670044
113,2.750441789627075
114,0.3614247739315033
115,4.060849278175738e-06
116,0.6034489870071411
117,2.8552677631378174
118,0.5177429914474487
119,2.3334883735515177e-05
120,0.3182678520679474
121,2.8334052562713623
122,0.3866768181324005
123,7.67370693210978e-06
124,0.5508819818496704
125,2.9559741020202637
126,-0.0987381637096405
127,2.921919440268539e-05
128,0.3612508773803711
129,2.952517032623291
130,-0.2969554662704468
131,1.6849004168761894e-05
132,0.48900455236434937
133,0.4177072048187256
134,-0.023724080994725227
135,0.48489174246788025
136,0.3753610849380493
137,-0.04692251607775688
138,0.4872855246067047
139,0.38732463121414185
140,-0.024393396452069283
141,0.4775182008743286
142,0.3355707824230194
143,-0.03567369654774666
144,0.4841986298561096
145,0.36285650730133057
146,-0.05010777711868286
147,0.48410916328430176
148,0.3466418981552124
149,-0.04703187569975853
150,0.484929621219635
151,0.3077872097492218
152,-0.02588983252644539
153,0.4293072819709778
154,0.3059605658054352
155,0.01499334629625082
156,0.4846227169036865
157,0.2822951674461365
158,-0.021677391603589058
159,0.4839789569377899
160,0.26704633235931396
161,-0.024029770866036415
162,0.4827302098274231
163,0.20358768105506897
164,-0.016220834106206894
165,0.48947036266326904
166,0.4240742027759552
167,-0.02270708791911602
168,0.490111380815506
169,0.4290768504142761
170,-0.01988387666642666
171,0.49079909920692444
172,0.4312642216682434
173,-0.01604662649333477
174,0.49145087599754333
175,0.4572713375091553
176,-0.008215530775487423
177,0.4915825426578522
178,0.4641891419887543
179,-0.009252460673451424
180,0.491878867149353
181,0.4721895456314087
182,-0.010024362243711948
183,0.49245351552963257
184,0.4799935221672058
185,-0.006722339894622564
186,0.4936406910419464
187,0.4873330593109131
188,0.00362278800457716
189,0.48570698499679565
190,0.38147327303886414
191,-0.04248330369591713
192,0.478691965341568
193,0.38066667318344116
194,-0.0298948772251606
195,0.4038166403770447
196,0.2639913558959961
197,0.055804092437028885
198,0.4532167315483093
199,0.3147318959236145
200,0.0045898896642029285
201,0.44534844160079956
202,0.31625786423683167
203,0.0058023082092404366
204,0.4375431537628174
205,0.3166165053844452
206,0.00867023877799511
207,0.4267280399799347
208,0.3106030821800232
209,0.016545698046684265
210,0.4595367908477783
211,0.31135815382003784
212,0.004064478911459446
213,0.4400971531867981
214,0.2872333228588104
215,0.001420360873453319
216,0.44924256205558777
217,0.28731727600097656
218,0.00038630826747976243
219,0.4319424033164978
220,0.2892993688583374
221,0.004832232370972633
222,0.4268561601638794
223,0.2932894229888916
224,0.008927347138524055
225,0.4212506115436554
226,0.319675087928772
227,0.021197136491537094
228,0.4642927050590515
229,0.49418187141418457
230,0.016438087448477745
231,0.42624181509017944
232,0.3033974766731262
233,0.017796792089939117
234,0.4017590284347534
235,0.3151877820491791
236,0.06134987249970436
237,0.41272538900375366
238,0.3128448724746704
239,0.030193274840712547
240,0.4477424919605255
241,0.36687588691711426
242,-0.0015879939310252666
243,0.4783383905887604
244,0.41614311933517456
245,-0.021212618798017502
246,0.4816179573535919
247,0.42950451374053955
248,-0.017407681792974472
249,0.46867308020591736
250,0.420804888010025
251,-0.014741813763976097
252,0.4639987647533417
253,0.42721495032310486
254,-0.00643911212682724
255,0.47494202852249146
256,0.4309951961040497
257,-0.012521578930318356
258,0.4705326557159424
259,0.4335993826389313
260,-0.005055186338722706
261,0.45634084939956665
262,0.4525318145751953
263,0.012064171023666859
264,0.4781130850315094
265,0.37518277764320374
266,-0.04561794921755791
267,0.4762316644191742
268,0.3634352684020996
269,-0.048421915620565414
270,0.4150731563568115
271,0.28487628698349
272,0.0110947759822011
273,0.4625891447067261
274,0.33513063192367554
275,-0.006140795070677996
276,0.4603509306907654
277,0.372035950422287
278,-0.02232011966407299
279,0.4597618281841278
280,0.3656770586967468
281,-0.019646383821964264
282,0.4257204234600067
283,0.36701884865760803
284,0.010939262807369232
285,0.4767173230648041
286,0.34826338291168213
287,-0.043516628444194794
288,0.43259483575820923
289,0.27362608909606934
290,-0.006905002053827047
291,0.4217544198036194
292,0.2771742641925812
293,0.0010169282322749496
294,0.40907615423202515
295,0.24309086799621582
296,0.03736644238233566
297,0.4680517315864563
298,0.2815094590187073
299,-0.01725015975534916
300,0.4572654366493225
301,0.2902979850769043
302,0.00231208186596632
303,0.4507286846637726
304,0.43763846158981323
305,0.012967525981366634
306,0.4189175069332123
307,0.4269624948501587
308,0.08755607157945633
309,0.46707233786582947
310,0.37838873267173767
311,-0.019218573346734047
312,0.47393208742141724
313,0.38227659463882446
314,-0.021410079672932625
315,0.45908260345458984
316,0.4406775236129761
317,0.011037973687052727
318,0.4638819694519043
319,0.4402095079421997
320,0.008219100534915924
321,0.41759800910949707
322,0.26973116397857666
323,0.005604450590908527
324,0.4610063135623932
325,0.377362996339798
326,-0.017348457127809525
327,0.4477677047252655
328,0.2743504047393799
329,-0.013140367344021797
330,0.44564834237098694
331,0.264756977558136
332,-0.015139497816562653
333,0.43658390641212463
334,0.21336272358894348
335,0.0001488156121922657
336,0.4134879410266876
337,0.25570234656333923
338,0.019424891099333763
339,0.4417140781879425
340,0.2376021295785904
341,-0.008100973442196846
342,0.41094306111335754
343,0.2798614501953125
344,0.018961317837238312
345,0.4073692858219147
346,0.2723042964935303
347,0.036496132612228394
348,0.47975873947143555
349,0.4238264560699463
350,-0.02026250958442688
351,0.47198420763015747
352,0.4268968105316162
353,-0.013966092839837074
354,0.46706831455230713
355,0.43057727813720703
356,-0.006473223678767681
357,0.46936485171318054
358,0.38061878085136414
359,-0.018175827339291573
360,0.46140971779823303
361,0.44084957242012024
362,0.009347444400191307
363,0.46396398544311523
364,0.4483277201652527
365,0.005547155160456896
366,0.46532952785491943
367,0.4389907419681549
368,0.007896209135651588
369,0.4701789617538452
370,0.3743933439254761
371,-0.0318773128092289
372,0.47293856739997864
373,0.4328390657901764
374,-0.003943071234971285
375,0.4774303138256073
376,0.43171101808547974
377,-0.009417189285159111
378,0.48341962695121765
379,0.4313262104988098
380,-0.013772906735539436
381,0.4813661277294159
382,0.4856100380420685
383,0.004794258624315262
384,0.4804924428462982
385,0.4777723550796509
386,-0.0051071783527731895
387,0.48089560866355896
388,0.4702357053756714
389,-0.007616868708282709
390,0.4818287789821625
391,0.46193161606788635
392,-0.006820816081017256
393,0.4829590618610382
394,0.45616433024406433
395,-0.005867469124495983
396,0.47191116213798523
397,0.4497584104537964
398,0.0017996017122641206
399,0.46999338269233704
400,0.452032208442688
401,0.0009190178825519979
402,0.4672389328479767
403,0.4557558298110962
404,0.0006101458566263318
405,0.46514081954956055
406,0.4594910144805908
407,0.002618202241137624
408,0.45654356479644775
409,0.41268813610076904
410,-0.00381582067348063
411,0.40759116411209106
412,0.36690762639045715
413,0.09841836988925934
414,0.486417680978775
415,0.38367581367492676
416,-0.030938636511564255
417,0.46910610795021057
418,0.4460034668445587
419,0.005845231469720602
420,0.4665171802043915
421,0.44703570008277893
422,0.0053014373406767845
423,0.47683924436569214
424,0.38780876994132996
425,-0.021038072183728218
426,0.4645577669143677
427,0.3849136233329773
428,-0.011141366325318813
429,0.47541090846061707
430,0.38517412543296814
431,-0.021677996963262558
432,0.4547571539878845
433,0.34242093563079834
434,-0.0019624666310846806
435,0.4423951506614685
436,0.35147956013679504
437,0.001792642055079341
438,0.45922133326530457
439,0.3712010085582733
440,-0.014448392204940319
441,0.41912081837654114
442,0.22585274279117584
443,0.01774081587791443
444,0.424224317073822
445,0.24368274211883545
446,0.00503698131069541
447,0.4295201003551483
448,0.2641870379447937
449,-0.00510724913328886
450,0.4623335003852844
451,0.4643462300300598
452,0.009331811219453812
453,0.46443280577659607
454,0.26650890707969666
455,-0.02107647992670536
456,0.46074751019477844
457,0.2350161224603653
458,-0.016462987288832664
459,0.45710474252700806
460,0.2064969837665558
461,-0.011242294684052467
462,0.4307461977005005
463,0.31479412317276
464,0.01281204167753458
465,0.4136219024658203
466,0.32890698313713074
467,0.02704191580414772
468,0.46354344487190247
469,0.30797865986824036
470,0.004757225513458252
471,0.41921699047088623
472,0.29796358942985535
473,0.016963105648756027
474,0.4678131341934204
475,0.32723087072372437
476,-0.010198487900197506
477,0.4644272029399872
478,0.3674388527870178
479,-0.031465623527765274
480,0.4065997898578644
481,0.3374251425266266
482,0.037662338465452194
483,0.41881248354911804
484,0.3370373249053955
485,0.019321832805871964
486,0.42877689003944397
487,0.341013103723526
488,0.010837072506546974
489,0.4437364339828491
490,0.3379519581794739
491,0.005133413709700108
492,0.45463407039642334
493,0.33203455805778503
494,0.0020825564861297607
495,0.4625539779663086
496,0.3259863257408142
497,-0.001637861831113696
498,0.47734370827674866
499,0.3112747073173523
500,-0.021491054445505142
501,0.4088810682296753
502,0.3626907467842102
503,0.03610485419631004
504,0.4134199917316437
505,0.29744404554367065
506,0.021409058943390846
507,0.481540322303772
508,0.38119974732398987
509,-0.0414813868701458
510,0.4629519581794739
511,0.3470344841480255
512,-0.009250223636627197
513,0.40256646275520325
514,0.3141382038593292
515,0.09005250781774521
516,0.46830233931541443
517,0.31937798857688904
518,-0.003944105468690395
519,0.4592568576335907
520,0.3719753324985504
521,-0.0053625996224582195
522,0.4235934317111969
523,0.30427461862564087
524,0.019605174660682678
525,0.46411076188087463
526,0.35969796776771545
527,-0.02826676517724991
528,0.41134321689605713
529,0.3956317603588104
530,0.0952448770403862
531,0.4633125960826874
532,0.3034909963607788
533,0.0070475260727107525
534,0.4700913727283478
535,0.3528043031692505
536,-0.037459488958120346
537,0.43368250131607056
538,0.45920294523239136
539,0.04551166668534279
540,0.4357081353664398
541,0.47235211730003357
542,0.059819743037223816
543,0.403903067111969
544,0.3655308783054352
545,0.06742347031831741
546,0.4246004521846771
547,0.44134294986724854
548,0.05462772771716118
549,0.4043141007423401
550,0.291808545589447
551,0.05131634324789047
552,0.463331937789917
553,0.5065483450889587
554,0.021723072975873947
555,0.48313799500465393
556,0.38333895802497864
557,-0.03009391948580742
558,0.4565580487251282
559,0.3562815189361572
560,-0.004929066635668278
561,0.4070325493812561
562,0.31531813740730286
563,0.03963850438594818
564,0.4376278817653656
565,0.3089192509651184
566,0.009424497373402119
567,0.4448201060295105
568,0.3092838227748871
569,0.0066827391274273396
570,0.4615446627140045
571,0.44965896010398865
572,0.007072782143950462
573,0.41257306933403015
574,0.3870340883731842
575,0.0398605614900589
576,0.4787208139896393
577,0.5264731645584106
578,0.02332531474530697
579,0.4549121558666229
580,0.504055380821228
581,0.03966699540615082
582,0.4458370506763458
583,0.49038922786712646
584,0.04854147136211395
585,0.4832189083099365
586,0.23377808928489685
587,-0.02063870243728161
588,0.4971792697906494
589,0.5301414132118225
590,0.01947033777832985
591,0.45152875781059265
592,0.30806964635849
593,0.005481360014528036
594,0.45763489603996277
595,0.3058544993400574
596,0.0059067681431770325
597,0.4615139067173004
598,0.30455461144447327
599,0.0071078212931752205
600,0.40868306159973145
601,0.2953357696533203
602,0.030582403764128685
603,0.4563486576080322
604,0.29724225401878357
605,0.004603194072842598
606,0.4493890702724457
607,0.2951865494251251
608,0.0034182704985141754
609,0.4421435594558716
610,0.2950173020362854
611,0.004624331835657358
612,0.43498095870018005
613,0.297024130821228
614,0.007429331075400114
615,0.4306051433086395
616,0.2998770475387573
617,0.010767568834125996
618,0.40171685814857483
619,0.28618812561035156
620,0.07475895434617996
621,0.4327479898929596
622,0.30760347843170166
623,0.012385780923068523
624,0.4880788326263428
625,0.3971937298774719
626,-0.021748986095190048
627,0.46191444993019104
628,0.40403929352760315
629,-0.010037627071142197
630,0.466472864151001
631,0.3764646053314209
632,-0.022991107776761055
633,0.47648513317108154
634,0.3989562392234802
635,-0.019485514611005783
636,0.48517924547195435
637,0.2942960262298584
638,-0.020292162895202637
639,0.44306671619415283
640,0.4767894446849823
641,0.03839562088251114
642,0.4527946710586548
643,0.4912095367908478
644,0.030718879774212837
645,0.47757628560066223
646,0.5179219841957092
647,0.013384169898927212
648,0.42748430371284485
649,0.4529646933078766
650,0.07400333881378174
651,0.4610108435153961
652,0.3008235991001129
653,0.0059699867852032185
654,0.4721635580062866
655,0.33053678274154663
656,-0.022502684965729713
657,0.4960341155529022
658,0.5218009948730469
659,0.010112754069268703
660,0.46533000469207764
661,0.5169320106506348
662,0.030261456966400146
663,0.4083094596862793
664,0.392314612865448
665,0.06712709367275238
666,0.47659578919410706
667,0.45344027876853943
668,-0.002183637348935008
669,0.47480589151382446
670,0.4575987160205841
671,-0.0030067774932831526
672,0.4726918339729309
673,0.46372273564338684
674,-0.0032349620014429092
675,0.4712815582752228
676,0.47035813331604004
677,-0.001157150138169527
678,0.4700949192047119
679,0.47642794251441956
680,0.006315275561064482
681,0.46678224205970764
682,0.4361622631549835
683,0.0017663405742496252
684,0.4635271430015564
685,0.43507617712020874
686,0.0020907826256006956
687,0.4606954753398895
688,0.4330350160598755
689,0.0022450159303843975
690,0.4527474343776703
691,0.4240732491016388
692,0.0044848439283668995
693,0.422837495803833
694,0.3937120735645294
695,0.022083958610892296
696,0.4726991653442383
697,0.3184627294540405
698,-0.015269800089299679
699,0.4691463112831116
700,0.29661452770233154
701,-0.0007443305803462863
702,0.46440011262893677
703,0.29742616415023804
704,0.003507597604766488
705,0.46926552057266235
706,0.4341907501220703
707,0.002505137352272868
708,0.425490140914917
709,0.4238315522670746
710,0.03739320486783981
711,0.47523248195648193
712,0.29668569564819336
713,-0.012772898189723492
714,0.4671918451786041
715,0.48348796367645264
716,0.012182766571640968
717,0.4843987226486206
718,0.333309531211853
719,-0.03950226306915283
720,0.4772612154483795
721,0.3240285813808441
722,-0.029454074800014496
723,0.48466163873672485
724,0.32095232605934143
725,-0.03235751762986183
726,0.46683603525161743
727,0.3494430184364319
728,-0.02119196578860283
729,0.49508804082870483
730,0.5095836520195007
731,0.005571682006120682
732,0.49425166845321655
733,0.49667954444885254
734,0.005139594431966543
735,0.47994884848594666
736,0.49393177032470703
737,0.007812437601387501
738,0.4495050609111786
739,0.4547693431377411
740,0.018325619399547577
741,0.4538903832435608
742,0.3826497793197632
743,-0.001895460532978177
744,0.4573441743850708
745,0.47027504444122314
746,0.015841111540794373
747,0.43742913007736206
748,0.38279980421066284
749,0.004101453348994255
750,0.44852712750434875
751,0.3964040279388428
752,0.0015058288117870688
753,0.43377619981765747
754,0.4031464457511902
755,0.013220378197729588
756,0.4780527651309967
757,0.5060593485832214
758,0.009009956382215023
759,0.46275171637535095
760,0.35629475116729736
761,-0.014140714891254902
762,0.4439494013786316
763,0.4634847044944763
764,0.027605433017015457
765,0.45395535230636597
766,0.4791969656944275
767,0.023341083899140358
768,0.44347360730171204
769,0.4376979470252991
770,0.01791897974908352
771,0.41707223653793335
772,0.40807074308395386
773,0.043972957879304886
774,0.4348112642765045
775,0.4389733374118805
776,0.027070490643382072
777,0.41500774025917053
778,0.41754570603370667
779,0.06458614021539688
780,0.4449504017829895
781,0.41363534331321716
782,0.0075161452405154705
783,0.4676946699619293
784,0.33861449360847473
785,-0.015419358387589455
786,0.46734583377838135
787,0.3725823163986206
788,-0.03353820741176605
789,0.4630076289176941
790,0.375714510679245
791,-0.023609129711985588
792,0.46985241770744324
793,0.3648310601711273
794,-0.040466971695423126
795,0.46258994936943054
796,0.28819260001182556
797,-0.0028682942502200603
798,0.4489293694496155
799,0.28295421600341797
800,-0.0037867461796849966
801,0.43703538179397583
802,0.28233277797698975
803,-0.002219990361481905
804,0.42750754952430725
805,0.28454098105430603
806,0.0024841446429491043
807,0.4215244650840759
808,0.289516806602478
809,0.00873648189008236
810,0.4190507233142853
811,0.30861443281173706
812,0.023362766951322556
813,0.40167248249053955
814,0.3400033712387085
815,0.06510476768016815
816,0.4254681169986725
817,0.3243868052959442
818,0.01693515107035637
819,0.433735191822052
820,0.3274123966693878
821,0.010950873605906963
822,0.4442925751209259
823,0.32639384269714355
824,0.006436122115701437
825,0.4541819095611572
826,0.32277795672416687
827,0.004274249076843262
828,0.4616205394268036
829,0.3182953894138336
830,0.0022249247413128614
831,0.4666786789894104
832,0.31421080231666565
833,0.0011769392294809222
834,0.40530288219451904
835,0.3403658866882324
836,0.09721259772777557
837,0.4639091193675995
838,0.3789902329444885
839,-0.01928614266216755
840,0.47171750664711
841,0.34137049317359924
842,-0.028757167980074883
843,0.4725658893585205
844,0.3733067512512207
845,-0.040866147726774216
846,0.47775617241859436
847,0.37909138202667236
848,-0.0378301665186882
849,0.4731065630912781
850,0.37511199712753296
851,-0.03663896396756172
852,0.4666630029678345
853,0.3826553523540497
854,-0.016452008858323097
855,0.47903627157211304
856,0.38036513328552246
857,-0.040191683918237686
858,0.4804748296737671
859,0.38258782029151917
860,-0.029953239485621452
861,0.46617257595062256
862,0.30425626039505005
863,0.005119166802614927
864,0.4705548882484436
865,0.30769944190979004
866,-0.0008765345555730164
867,0.4725807011127472
868,0.3101137578487396
869,-0.007527908775955439
870,0.42810699343681335
871,0.30191168189048767
872,0.01388617604970932
873,0.4233880639076233
874,0.29790589213371277
875,0.014420111663639545
876,0.4919597804546356
877,0.3348824083805084
878,-0.03742720186710358
879,0.5480127930641174
880,0.3012236952781677
881,0.0017100193072110415
882,0.49453461170196533
883,0.3800678253173828
884,-0.03131142258644104
885,0.5819244980812073
886,0.25364258885383606
887,0.03577476367354393
888,0.5235496163368225
889,0.31198716163635254
890,-0.004173818044364452
891,0.5320239663124084
892,0.31273770332336426
893,-0.004573465324938297
894,0.540432333946228
895,0.31214794516563416
896,-0.0033107807394117117
897,0.5517988801002502
898,0.30548349022865295
899,0.00254583521746099
900,0.5163909196853638
901,0.3091655969619751
902,-0.0027637386228889227
903,0.5344598293304443
904,0.2825869023799896
905,-0.009427343495190144
906,0.525116503238678
907,0.28345662355422974
908,-0.008203957229852676
909,0.5431796312332153
910,0.28408318758010864
911,-0.007578327786177397
912,0.5491588115692139
913,0.28777068853378296
914,-0.00455584516748786
915,0.5592686533927917
916,0.3134186565876007
917,0.006036676000803709
918,0.527848482131958
919,0.49365538358688354
920,0.01032956875860691
921,0.5513359308242798
922,0.2984766364097595
923,0.003920776303857565
924,0.587144136428833
925,0.3060116171836853
926,0.04083813726902008
927,0.5693028569221497
928,0.30535608530044556
929,0.013271428644657135
930,0.5312628149986267
931,0.36314722895622253
932,-0.010464182123541832
933,0.5003517270088196
934,0.4152713716030121
935,-0.023643163964152336
936,0.499629944562912
937,0.4287600815296173
938,-0.019599901512265205
939,0.5123682618141174
940,0.41930243372917175
941,-0.019529977813363075
942,0.5197858810424805
943,0.4250001311302185
944,-0.013034655712544918
945,0.5078810453414917
946,0.429733008146286
947,-0.01695333607494831
948,0.5141345858573914
949,0.43162277340888977
950,-0.010849417187273502
951,0.5330341458320618
952,0.44984495639801025
953,0.0037394207902252674
954,0.49211037158966064
955,0.37458744645118713
956,-0.04680311679840088
957,0.4926399290561676
958,0.36269065737724304
959,-0.04971221089363098
960,0.5618767738342285
961,0.27735400199890137
962,-0.00456215487793088
963,0.5132637023925781
964,0.33282095193862915
965,-0.011953619308769703
966,0.5142037868499756
967,0.3697126805782318
968,-0.02763422019779682
969,0.5150060653686523
970,0.36328044533729553
971,-0.02516629733145237
972,0.5567165613174438
973,0.3610827326774597
974,-0.003538605524227023
975,0.4921610355377197
976,0.34756818413734436
977,-0.04520779103040695
978,0.5394610166549683
979,0.2673386037349701
980,-0.017686333507299423
981,0.5524543523788452
982,0.270151287317276
983,-0.012545340694487095
984,0.5713562965393066
985,0.23294883966445923
986,0.019418373703956604
987,0.5019535422325134
988,0.2793998718261719
989,-0.020760713145136833
990,0.5172978639602661
991,0.2872185707092285
992,-0.0047044106759130955
993,0.5377614498138428
994,0.4342719614505768
995,0.0031444488558918238
996,0.5838293433189392
997,0.42228037118911743
998,0.06920531392097473
999,0.5081954598426819
1000,0.37669289112091064
1001,-0.023302514106035233
1002,0.5011897683143616
1003,0.38114461302757263
1004,-0.023400232195854187
1005,0.5290133953094482
1006,0.43754830956459045
1007,0.00234055845066905
1008,0.52430260181427
1009,0.4373219609260559
1010,0.0005310969427227974
1011,0.5572347044944763
1012,0.26197949051856995
1013,-0.00883371289819479
1014,0.5151671767234802
1015,0.3751407861709595
1016,-0.022666143253445625
1017,0.5226542353630066
1018,0.26977455615997314
1019,-0.020522497594356537
1020,0.5238087773323059
1021,0.2597060799598694
1022,-0.022724134847521782
1023,0.53298419713974
1024,0.2066369503736496
1025,-0.010095693171024323
1026,0.5637781023979187
1027,0.24674423038959503
1028,0.0034496309235692024
1029,0.5272299647331238
1030,0.2317691147327423
1031,-0.016893748193979263
1032,0.5674405694007874
1033,0.27150142192840576
1034,0.00207721209153533
1035,0.5745479464530945
1036,0.2630966305732727
1037,0.01813635416328907
1038,0.500139057636261
1039,0.42302772402763367
1040,-0.022678714245557785
1041,0.5099839568138123
1042,0.4255276322364807
1043,-0.018629534170031548
1044,0.5170269012451172
1045,0.42846792936325073
1046,-0.012666969560086727
1047,0.506218433380127
1048,0.37914779782295227
1049,-0.021422605961561203
1050,0.5266448259353638
1051,0.4377737045288086
1052,0.0012939359294250607
1053,0.5236965417861938
1054,0.4456762373447418
1055,-0.0013568901922553778
1056,0.5230153799057007
1057,0.43633440136909485
1058,0.0003700417000800371
1059,0.5026220083236694
1060,0.37314194440841675
1061,-0.03543531149625778
1062,0.5123857855796814
1063,0.4309537708759308
1064,-0.0093914233148098
1065,0.5063493847846985
1066,0.43042701482772827
1067,-0.01351198274642229
1068,0.4990577697753906
1069,0.43059414625167847
1070,-0.016059253364801407
1071,0.5066416263580322
1072,0.4850381016731262
1073,0.002585235983133316
1074,0.5051178932189941
1075,0.47711971402168274
1076,-0.007694692816585302
1077,0.503642201423645
1078,0.4695957899093628
1079,-0.010277981869876385
1080,0.5020392537117004
1081,0.4613272547721863
1082,-0.009381941519677639
1083,0.5008154511451721
1084,0.4556868374347687
1085,-0.008312353864312172
1086,0.5146147608757019
1087,0.4479541778564453
1088,-0.0036780587397515774
1089,0.5165843963623047
1090,0.4500640034675598
1091,-0.004610871430486441
1092,0.5196036100387573
1093,0.45364660024642944
1094,-0.005075950641185045
1095,0.5222870707511902
1096,0.4573531746864319
1097,-0.003402754431590438
1098,0.5259166359901428
1099,0.4097832441329956
1100,-0.011256220750510693
1101,0.591667115688324
1102,0.359264999628067
1103,0.07759915292263031
1104,0.5184817314147949
1105,0.4437902569770813
1106,-0.000820285000372678
1107,0.5209624767303467
1108,0.44460728764533997
1109,-0.0014249563682824373
1110,0.49867865443229675
1111,0.38690945506095886
1112,-0.023002024739980698
1113,0.5128476023674011
1114,0.38293373584747314
1115,-0.015349567867815495
1116,0.4998816251754761
1117,0.38411399722099304
1118,-0.023517847061157227
1119,0.5225015878677368
1120,0.3393264412879944
1121,-0.009746935218572617
1122,0.5364546775817871
1123,0.3471081554889679
1124,-0.008641202002763748
1125,0.5170078873634338
1126,0.36870869994163513
1127,-0.020219525322318077
1128,0.5556836724281311
1129,0.21668969094753265
1130,0.003060499671846628
1131,0.5486812591552734
1132,0.23566845059394836
1133,-0.007804942317306995
1134,0.5421861410140991
1135,0.2573179006576538
1136,-0.01649295911192894
1137,0.5270045399665833
1138,0.46252453327178955
1139,0.002475261688232422
1140,0.5039215087890625
1141,0.26381123065948486
1142,-0.024784717708826065
1143,0.5063767433166504
1144,0.23190170526504517
1145,-0.02097421884536743
1146,0.5095764398574829
1147,0.20278435945510864
1148,-0.016420399770140648
1149,0.5476623773574829
1150,0.30985739827156067
1151,-0.0004700417921412736
1152,0.568893551826477
1153,0.32159674167633057
1154,0.010249936953186989
1155,0.5117566585540771
1156,0.30627983808517456
1157,-0.0013307296903803945
1158,0.5589184761047363
1159,0.2914775013923645
1160,0.0016940443310886621
1161,0.5066595673561096
1162,0.32541871070861816
1163,-0.014847178012132645
1164,0.5080692768096924
1165,0.3656409978866577
1166,-0.03571810573339462
1167,0.5790049433708191
1168,0.32947680354118347
1169,0.018709080293774605
1170,0.5626650452613831
1171,0.3302687108516693
1172,0.003525308333337307
1173,0.551362931728363
1174,0.3351539075374603
1175,-0.0028341575525701046
1176,0.5348159670829773
1177,0.3337145447731018
1178,-0.005370025988668203
1179,0.522633969783783
1180,0.32897844910621643
1181,-0.005959316156804562
1182,0.513597309589386
1183,0.32375699281692505
1184,-0.007647897116839886
1185,0.49362319707870483
1186,0.31045252084732056
1187,-0.023417972028255463
1188,0.5779489278793335
1189,0.3553221821784973
1190,0.017364943400025368
1191,0.5662896633148193
1192,0.2898460030555725
1193,0.004689362831413746
1194,0.49008381366729736
1195,0.3808457553386688
1196,-0.042417120188474655
1197,0.5126779079437256
1198,0.34483104944229126
1199,-0.014853264205157757
1200,0.5915863513946533
1201,0.30457597970962524
1202,0.06844739615917206
1203,0.5066279172897339
1204,0.3176789879798889
1205,-0.008564804680645466
1206,0.5183443427085876
1207,0.3693997859954834
1208,-0.011118942871689796
1209,0.5546678304672241
1210,0.2988642156124115
1211,0.005073061212897301
1212,0.5087231993675232
1213,0.3577553629875183
1214,-0.032658901065588
1215,0.5899454951286316
1216,0.3894030451774597
1217,0.07551607489585876
1218,0.5120307207107544
1219,0.30190083384513855
1220,0.0006801294512115419
1221,0.5004683136940002
1222,0.35141682624816895
1223,-0.04064257815480232
1224,0.5636900067329407
1225,0.4570726454257965
1226,0.031728971749544144
1227,0.5657837390899658
1228,0.47098517417907715
1229,0.045882392674684525
1230,0.5889751315116882
1231,0.3578657805919647
1232,0.04702406004071236
1233,0.5732101202011108
1234,0.43786031007766724
1235,0.03851228579878807
1236,0.5811851620674133
1237,0.2824620008468628
1238,0.03178859129548073
1239,0.5308884978294373
1240,0.506407618522644
1241,0.015255269594490528
1242,0.489846795797348
1243,0.3830699026584625
1244,-0.030678318813443184
1245,0.5208401679992676
1246,0.3533467948436737
1247,-0.011897290125489235
1248,0.5773351192474365
1249,0.3070950508117676
1250,0.021038565784692764
1251,0.5391069650650024
1252,0.30483850836753845
1253,-0.0022521286737173796
1254,0.5316570997238159
1255,0.30587390065193176
1256,-0.0036752582527697086
1257,0.5264895558357239
1258,0.44691115617752075
1259,-0.00029498268850147724
1260,0.5771069526672363
1261,0.3805631995201111
1262,0.021648049354553223
1263,0.5163218975067139
1264,0.5265728831291199
1265,0.01965492032468319
1266,0.5432909727096558
1267,0.5042230486869812
1268,0.030673297122120857
1269,0.5540874600410461
1270,0.4901648163795471
1271,0.037319544702768326
1272,0.5246307253837585
1273,0.3053312599658966
1274,-0.003399380948394537
1275,0.5180033445358276
1276,0.3035702705383301
1277,-0.0017462442629039288
1278,0.5139269828796387
1279,0.30276113748550415
1280,0.0002276671293657273
1281,0.5730032324790955
1282,0.28688204288482666
1283,0.012497004121541977
1284,0.5190805196762085
1285,0.2946239113807678
1286,-0.00330515974201262
1287,0.5262891054153442
1288,0.2918911576271057
1289,-0.00571058876812458
1290,0.5334999561309814
1291,0.2912646532058716
1292,-0.006080536171793938
1293,0.5408909916877747
1294,0.2927525043487549
1295,-0.004647561814635992
1296,0.5457671880722046
1297,0.2952795624732971
1298,-0.002068290952593088
1299,0.5882657170295715
1300,0.2760324478149414
1301,0.05386127531528473
1302,0.5442836284637451
1303,0.3031769394874573
1304,-0.00024046649923548102
1305,0.5179136991500854
1306,0.4018266201019287
1307,-0.015797628089785576
1308,0.5080625414848328
1309,0.37474381923675537
1310,-0.026705259457230568
1311,0.5006212592124939
1312,0.39800962805747986
1313,-0.02188071981072426
1314,0.553665816783905
1315,0.47570928931236267
1316,0.027230069041252136
1317,0.5429415702819824
1318,0.4909663796424866
1319,0.02194434404373169
1320,0.5150840878486633
1321,0.5179141163825989
1322,0.009893453679978848
1323,0.5751022696495056
1324,0.4499749541282654
1325,0.05754958093166351
1326,0.5141592621803284
1327,0.29898831248283386
1328,-0.0010617177467793226
1329,0.4997745156288147
1330,0.32927191257476807
1331,-0.025621242821216583
1332,0.5310067534446716
1333,0.5171184539794922
1334,0.023636111989617348
1335,0.587033748626709
1336,0.3858560621738434
1337,0.04763375222682953
1338,0.5084174871444702
1339,0.4522520899772644
1340,-0.006499836221337318
1341,0.5103988647460938
1342,0.4562991261482239
1343,-0.007390754763036966
1344,0.5129360556602478
1345,0.46230870485305786
1346,-0.007856093347072601
1347,0.515213668346405
1348,0.4689587652683258
1349,-0.005881745368242264
1350,0.5186525583267212
1351,0.4752044677734375
1352,0.0012195574818179011
1353,0.5199238657951355
1354,0.4336782395839691
1355,-0.005256344564259052
1356,0.522829532623291
1357,0.43245571851730347
1358,-0.005536370910704136
1359,0.5254963040351868
1360,0.43022191524505615
1361,-0.005664764437824488
1362,0.5327288508415222
1363,0.42071837186813354
1364,-0.004705219529569149
1365,0.5641269087791443
1366,0.38806137442588806
1367,0.006515533197671175
1368,0.49999144673347473
1369,0.3171904981136322
1370,-0.01854790560901165
1371,0.5045381784439087
1372,0.29500752687454224
1373,-0.004867051262408495
1374,0.5101643800735474
1375,0.2955065071582794
1376,-0.002377147087827325
1377,0.5177857279777527
1378,0.4319168031215668
1379,-0.004236054606735706
1380,0.5672129392623901
1381,0.4193936586380005
1382,0.02187465876340866
1383,0.49656209349632263
1384,0.295597106218338
1385,-0.015254664234817028
1386,0.5233734250068665
1387,0.48262643814086914
1388,0.006799354683607817
1389,0.49289995431900024
1390,0.32327234745025635
1391,-0.03108374774456024
1392,0.5066068768501282
1393,0.34758877754211426
1394,-0.025252340361475945
1395,0.5094414353370667
1396,0.49357205629348755
1397,0.005258180201053619
1398,0.5412892699241638
1399,0.45241639018058777
1400,0.008950825780630112
1401,0.5257486701011658
1402,0.37958255410194397
1403,-0.009196741506457329
1404,0.5339088439941406
1405,0.468816339969635
1406,0.008457264862954617
1407,0.5444252490997314
1408,0.37814581394195557
1409,-0.007252124138176441
1410,0.5335824489593506
1411,0.39285963773727417
1412,-0.0074996729381382465
1413,0.5519937872886658
1414,0.39852985739707947
1415,0.00033695733873173594
1416,0.5126779079437256
1417,0.5057432651519775
1418,0.005701000802218914
1419,0.5126042366027832
1420,0.35402101278305054
1421,-0.019318779930472374
1422,0.5494647026062012
1423,0.46156322956085205
1424,0.01692328229546547
1425,0.5393049120903015
1426,0.4782786965370178
1427,0.015173185616731644
1428,0.5460526943206787
1429,0.434251606464386
1430,0.006517646834254265
1431,0.5755243897438049
1432,0.402568519115448
1433,0.026632199063897133
1434,0.557146430015564
1435,0.43558090925216675
1436,0.013938906602561474
1437,0.5823120474815369
1438,0.4123275876045227
1439,0.0461491197347641
1440,0.5405164957046509
1441,0.409765362739563
1442,-0.003184982342645526
1443,0.5061296224594116
1444,0.3368335962295532
1445,-0.019825829192996025
1446,0.505222499370575
1447,0.3710751235485077
1448,-0.03735117241740227
1449,0.5116007924079895
1450,0.3737608790397644
1451,-0.028156770393252373
1452,0.5006295442581177
1453,0.3635627031326294
1454,-0.043635446578264236
1455,0.510391354560852
1456,0.28571826219558716
1457,-0.008513626642525196
1458,0.5238630175590515
1459,0.2790086567401886
1460,-0.011780778877437115
1461,0.5361607670783997
1462,0.27720072865486145
1463,-0.012679225765168667
1464,0.5467782020568848
1465,0.278620183467865
1466,-0.010326666757464409
1467,0.5545158982276917
1468,0.2831243574619293
1469,-0.0054615396074950695
1470,0.5609588623046875
1471,0.3021879494190216
1472,0.007782277185469866
1473,0.5891869068145752
1474,0.3315114974975586
1475,0.04412003979086876
1476,0.5544262528419495
1477,0.3185332417488098
1478,0.0025744906160980463
1479,0.5454054474830627
1480,0.32222163677215576
1481,-0.0016494874143972993
1482,0.533851146697998
1483,0.3224480450153351
1484,-0.00396069185808301
1485,0.5229367017745972
1486,0.31979912519454956
1487,-0.003969776909798384
1488,0.5146225690841675
1489,0.3161085844039917
1490,-0.003988923970609903
1491,0.5087693333625793
1492,0.3124921917915344
1493,-0.0039018280804157257
1494,0.5918645262718201
1495,0.33169278502464294
1496,0.07577504962682724
1497,0.5117588043212891
1498,0.37696555256843567
1499,-0.02374253049492836
1500,0.49947598576545715
1501,0.34006744623184204
1502,-0.03196066990494728
1503,0.4984925389289856
1504,0.3722958564758301
1505,-0.04335504397749901
1506,0.49460479617118835
1507,0.378413587808609
1508,-0.0392141193151474
1509,0.4990028142929077
1510,0.3741094470024109
1511,-0.03913237899541855
1512,0.5097294449806213
1513,0.3809888958930969
1514,-0.02023249864578247
1515,0.49282699823379517
1516,0.37975016236305237
1517,-0.04131542891263962
1518,0.49267691373825073
1519,0.3820963501930237
1520,-0.03092108853161335
1521,0.508720874786377
1522,0.30275437235832214
1523,-0.00025625198031775653
1524,0.5039911270141602
1525,0.30637305974960327
1526,-0.00481875566765666
1527,0.5011326670646667
1528,0.30881935358047485
1529,-0.010793249122798443
1530,0.5487916469573975
1531,0.2971358001232147
1532,0.0004220748378429562
1533,0.5537826418876648
1534,0.29216131567955017
1535,0.0002058161626337096
1536,0.0
1537,0.0
1538,0.0
1539,0.0
1540,0.0
1541,0.0
1542,0.0
1543,0.0
1544,0.0
1545,0.0
1546,0.0
1547,0.0
1548,0.0
1549,0.0
1550,0.0
1551,0.0
1552,0.0
1553,0.0
1554,0.0
1555,0.0
1556,0.0
1557,0.0
1558,0.0
1559,0.0
1560,0.0
1561,0.0
1562,0.0
1563,0.0
1564,0.0
1565,0.0
1566,0.0
1567,0.0
1568,0.0
1569,0.0
1570,0.0
1571,0.0
1572,0.0
1573,0.0
1574,0.0
1575,0.0
1576,0.0
1577,0.0
1578,0.0
1579,0.0
1580,0.0
1581,0.0
1582,0.0
1583,0.0
1584,0.0
1585,0.0
1586,0.0
1587,0.0
1588,0.0
1589,0.0
1590,0.0
1591,0.0
1592,0.0
1593,0.0
1594,0.0
1595,0.0
1596,0.0
1597,0.0
1598,0.0
1599,0.2663114666938782
1600,0.4846550524234772
1601,-4.405877618296472e-08
1602,0.31672391295433044
1603,0.4624056816101074
1604,0.012077881954610348
1605,0.3396078646183014
1606,0.412638783454895
1607,0.021768098697066307
1608,0.351807564496994
1609,0.37966635823249817
1610,0.024641791358590126
1611,0.35780441761016846
1612,0.359714537858963
1613,0.026783203706145287
1614,0.3387550115585327
1615,0.32239004969596863
1616,0.039461441338062286
1617,0.3618043065071106
1618,0.2655264437198639
1619,0.037481144070625305
1620,0.3785288631916046
1621,0.23389661312103271
1622,0.028820116072893143
1623,0.3905489444732666
1624,0.20482516288757324
1625,0.021062176674604416
1626,0.3319289982318878
1627,0.31419095396995544
1628,0.024617455899715424
1629,0.3581107556819916
1630,0.25240179896354675
1631,0.02344636805355549
1632,0.37590688467025757
1633,0.21962282061576843
1634,0.013987581245601177
1635,0.39039742946624756
1636,0.1896437257528305
1637,0.005566202104091644
1638,0.3231000006198883
1639,0.3099946081638336
1640,0.0070497337728738785
1641,0.3497418761253357
1642,0.25196683406829834
1643,0.00437709828838706
1644,0.36742326617240906
1645,0.2199667990207672
1646,-0.0011567920446395874
1647,0.38109636306762695
1648,0.1925920993089676
1649,-0.006105687003582716
1650,0.31361863017082214
1651,0.3094325661659241
1652,-0.011194007471203804
1653,0.33631637692451477
1654,0.26025351881980896
1655,-0.012009114027023315
1656,0.35258227586746216
1657,0.23273758590221405
1658,-0.011469575576484203
1659,0.3675791621208191
1660,0.2099369615316391
1661,-0.012325168587267399
