,0
0,0.5096904039382935
1,0.3442346155643463
2,-0.8339124917984009
3,0.9999876022338867
4,0.537624716758728
5,0.28217023611068726
6,-0.7775036096572876
7,0.9999733567237854
8,0.5534298419952393
9,0.28292205929756165
10,-0.777067244052887
11,0.9999653100967407
12,0.5661569237709045
13,0.28407204151153564
14,-0.7771099805831909
15,0.9999719858169556
16,0.4838312268257141
17,0.2849124073982239
18,-0.7643408179283142
19,0.9999735951423645
20,0.46483999490737915
21,0.2861882150173187
22,-0.7633883953094482
23,0.9999675750732422
24,0.44738975167274475
25,0.2873932123184204
26,-0.7632890939712524
27,0.9999774098396301
28,0.589661717414856
29,0.3184055984020233
30,-0.4099512994289398
31,0.9999679327011108
32,0.427835077047348
33,0.31923121213912964
34,-0.3297620415687561
35,0.9999753832817078
36,0.5464543104171753
37,0.4129234552383423
38,-0.7045177221298218
39,0.9999856948852539
40,0.47585630416870117
41,0.41553589701652527
42,-0.6819779276847839
43,0.9999864101409912
44,0.7300912141799927
45,0.6994049549102783
46,-0.24195706844329834
47,0.9998089671134949
48,0.2942810654640198
49,0.653572678565979
50,-0.20207586884498596
51,0.9998338222503662
52,0.8291670083999634
53,1.0594810247421265
54,-0.2765780985355377
55,0.5536659955978394
56,0.0795411616563797
57,0.9768531322479248
58,-0.6973140239715576
59,0.9057201743125916
60,0.8349863886833191
61,1.505428433418274
62,-0.5214146375656128
63,0.22661782801151276
64,0.13011780381202698
65,0.5450954437255859
66,-1.536252737045288
67,0.894119381904602
68,0.8580665588378906
69,1.6150034666061401
70,-0.6245375871658325
71,0.2438502013683319
72,0.11124007403850555
73,0.3719518482685089
74,-1.728994607925415
75,0.8549816012382507
76,0.7944180965423584
77,1.5945388078689575
78,-0.656078577041626
79,0.3462313711643219
80,0.15344452857971191
81,0.3569401800632477
82,-1.6683498620986938
83,0.8680325150489807
84,0.7717589735984802
85,1.5591988563537598
86,-0.5558089017868042
87,0.3501852750778198
88,0.18749108910560608
89,0.43200117349624634
90,-1.5463043451309204
91,0.8606388568878174
92,0.6299339532852173
93,1.5046565532684326
94,-0.05787264183163643
95,0.0010806077625602484
96,0.32029789686203003
97,1.4884165525436401
98,0.0637667328119278
99,0.0013004457578063011
100,0.6064386963844299
101,2.1840929985046387
102,-0.11698342859745026
103,0.00028705972363241017
104,0.32440927624702454
105,2.175865411758423
106,0.0387352891266346
107,0.0001950151054188609
108,0.5964298844337463
109,2.7829349040985107
110,0.47573962807655334
111,2.5740358978509903e-05
112,0.3241925835609436
113,2.7601921558380127
114,0.41479188203811646
115,2.703358404687606e-06
116,0.6050616502761841
117,2.8698794841766357
118,0.4965544641017914
119,1.778935984475538e-05
120,0.3163410425186157
121,2.8406002521514893
122,0.43950778245925903
123,5.296962626744062e-06
124,0.5486863255500793
125,2.961477756500244
126,-0.10820703208446503
127,1.4719535101903602e-05
128,0.35237064957618713
129,2.9603631496429443
130,-0.22061839699745178
131,1.0666944945114665e-05
132,0.4961218237876892
133,0.40534427762031555
134,-0.023196645081043243
135,0.49262475967407227
136,0.36354556679725647
137,-0.045796073973178864
138,0.4950014650821686
139,0.37595996260643005
140,-0.02359524928033352
141,0.486068993806839
142,0.3244459629058838
143,-0.03452305495738983
144,0.4921395182609558
145,0.351180762052536
146,-0.04896700754761696
147,0.49242323637008667
148,0.33523470163345337
149,-0.04593297094106674
150,0.4940226078033447
151,0.2975875437259674
152,-0.024453939869999886
153,0.43858450651168823
154,0.2965398132801056
155,0.015981733798980713
156,0.494310587644577
157,0.27283069491386414
158,-0.019931161776185036
159,0.4939703345298767
160,0.2577052712440491
161,-0.022309167310595512
162,0.4936513304710388
163,0.19475802779197693
164,-0.014147014357149601
165,0.49646657705307007
166,0.411727637052536
167,-0.021979453042149544
168,0.4969637095928192
169,0.41659119725227356
170,-0.0189786646515131
171,0.497592955827713
172,0.4185509979724884
173,-0.015057848766446114
174,0.49796557426452637
175,0.42377543449401855
176,-0.013477838598191738
177,0.49799469113349915
178,0.42944735288619995
179,-0.014767765067517757
180,0.49813738465309143
181,0.43656793236732483
182,-0.016318460926413536
183,0.4985879063606262
184,0.4441371262073517
185,-0.014674833044409752
186,0.49976933002471924
187,0.4553673267364502
188,-0.005745640490204096
189,0.4933895170688629
190,0.3697900176048279
191,-0.041327908635139465
192,0.48637810349464417
193,0.3691774904727936
194,-0.028820637613534927
195,0.4156254231929779
196,0.25490444898605347
197,0.05711449310183525
198,0.46193304657936096
199,0.3057171106338501
200,0.005565468687564135
201,0.45408424735069275
202,0.30698949098587036
203,0.006770036183297634
204,0.44647955894470215
205,0.3070877492427826
206,0.009690479375422001
207,0.436227023601532
208,0.30115076899528503
209,0.017573298886418343
210,0.4683636426925659
211,0.3025685250759125
212,0.005323126912117004
213,0.45001769065856934
214,0.2795217037200928
215,0.0024228848051279783
216,0.4587785601615906
217,0.27983930706977844
218,0.0014547513565048575
219,0.4420813322067261
220,0.28123021125793457
221,0.005842006765305996
222,0.43703368306159973
223,0.28482183814048767
224,0.009854203090071678
225,0.4308795928955078
226,0.3095546364784241
227,0.022416377440094948
228,0.4706454575061798
229,0.47198420763015747
230,0.00824434868991375
231,0.4357772469520569
232,0.29395630955696106
233,0.018837712705135345
234,0.4131660461425781
235,0.3054297864437103
236,0.0625404641032219
237,0.4229629933834076
238,0.30277538299560547
239,0.031441908329725266
240,0.4557238519191742
241,0.355371356010437
242,-0.0012388244504109025
243,0.48577791452407837
244,0.40348029136657715
245,-0.021084396168589592
246,0.48836183547973633
247,0.4166223704814911
248,-0.016727305948734283
249,0.4759378433227539
250,0.4074259400367737
251,-0.014807267114520073
252,0.4704480469226837
253,0.4127008020877838
254,-0.0072682504542171955
255,0.4813063442707062
256,0.41727203130722046
257,-0.012255523353815079
258,0.4762076735496521
259,0.4187122583389282
260,-0.005447667092084885
261,0.46276161074638367
262,0.43227314949035645
263,0.008134575560688972
264,0.48579058051109314
265,0.36342093348503113
266,-0.0445747897028923
267,0.48415687680244446
268,0.35163623094558716
269,-0.04738123342394829
270,0.425281286239624
271,0.2749261260032654
272,0.012273362837731838
273,0.47122853994369507
274,0.324819415807724
275,-0.0051195742562413216
276,0.4676903486251831
277,0.36065271496772766
278,-0.021465707570314407
279,0.46729782223701477
280,0.3544064164161682
281,-0.01878269389271736
282,0.43377619981765747
283,0.3552435338497162
284,0.011981254443526268
285,0.48492756485939026
286,0.3367817997932434
287,-0.04244048148393631
288,0.44285181164741516
289,0.2637459337711334
290,-0.005394017789512873
291,0.4319872260093689
292,0.26722800731658936
293,0.0024680800270289183
294,0.4207378625869751
295,0.2338087558746338
296,0.03870760276913643
297,0.4778306186199188
298,0.2719341814517975
299,-0.01560324989259243
300,0.46647170186042786
301,0.2826518416404724
302,0.003490348579362035
303,0.45638570189476013
304,0.4203409254550934
305,0.010334458202123642
306,0.42726317048072815
307,0.4137527048587799
308,0.08823173493146896
309,0.4741881191730499
310,0.3670404851436615
311,-0.0184584092348814
312,0.48136311769485474
313,0.37084925174713135
314,-0.020429767668247223
315,0.4647703170776367
316,0.4212016463279724
317,0.008920191787183285
318,0.46892470121383667
319,0.42044782638549805
320,0.006085449364036322
321,0.42804113030433655
322,0.25952884554862976
323,0.0069725592620670795
324,0.46808552742004395
325,0.36595940589904785
326,-0.016580676659941673
327,0.45791095495224
328,0.2646577060222626
329,-0.011639485135674477
330,0.45607990026474
331,0.25480562448501587
332,-0.013685197569429874
333,0.4481634795665741
334,0.20398041605949402
335,0.0016907361568883061
336,0.42456743121147156
337,0.2458115816116333
338,0.020669540390372276
339,0.45283347368240356
340,0.22773435711860657
341,-0.006532489322125912
342,0.42142337560653687
343,0.26989999413490295
344,0.02006833255290985
345,0.41848695278167725
346,0.26271557807922363
347,0.03757012262940407
348,0.4868799149990082
349,0.4110722541809082
350,-0.019905397668480873
351,0.47885391116142273
352,0.41338232159614563
353,-0.013888287357985973
354,0.47326499223709106
355,0.4159310758113861
356,-0.0070785400457680225
357,0.47654858231544495
358,0.3692649006843567
359,-0.01726948656141758
360,0.4668312668800354
361,0.42105454206466675
362,0.007317698560655117
363,0.470098614692688
364,0.4239099323749542
365,0.0018035642569884658
366,0.47004103660583496
367,0.4196009039878845
368,0.005683816038072109
369,0.47770529985427856
370,0.3629262447357178
371,-0.030913755297660828
372,0.4783232510089874
373,0.4180333912372589
374,-0.0041763982735574245
375,0.4835589528083801
376,0.41799628734588623
377,-0.008975029923021793
378,0.49001646041870117
379,0.418319433927536
380,-0.013024129904806614
381,0.4886433780193329
382,0.4547432065010071
383,-0.004365508910268545
384,0.48811694979667664
385,0.4430391490459442
386,-0.013048144057393074
387,0.48832330107688904
388,0.43532103300094604
389,-0.014379439875483513
390,0.4889315962791443
391,0.42808109521865845
392,-0.012655738741159439
393,0.4898020327091217
394,0.4234010577201843
395,-0.01138229388743639
396,0.477536678314209
397,0.4219314455986023
398,-0.0028962979558855295
399,0.47609955072402954
400,0.4237600266933441
401,-0.004228619858622551
402,0.47406598925590515
403,0.4274290204048157
404,-0.00501118041574955
405,0.47247305512428284
406,0.43176236748695374
407,-0.003094721818342805
408,0.46310514211654663
409,0.39861705899238586
410,-0.004436955321580172
411,0.41790440678596497
412,0.35661277174949646
413,0.09973248839378357
414,0.49416258931159973
415,0.37215691804885864
416,-0.029770569875836372
417,0.4741791784763336
418,0.421337366104126
419,0.0022870779503136873
420,0.47223079204559326
421,0.4221932888031006
422,0.0014756046002730727
423,0.48434463143348694
424,0.3762791156768799
425,-0.020505689084529877
426,0.4717350900173187
427,0.3733174204826355
428,-0.010620834305882454
429,0.48290660977363586
430,0.37367627024650574
431,-0.02078295685350895
432,0.46321892738342285
433,0.33199676871299744
434,-0.0009361947304569185
435,0.45084333419799805
436,0.34056881070137024
437,0.0028717515524476767
438,0.4665955901145935
439,0.35979676246643066
440,-0.013685117475688457
441,0.43086594343185425
442,0.21652252972126007
443,0.019211919978260994
444,0.4354434013366699
445,0.23374256491661072
446,0.006433622911572456
447,0.44005075097084045
448,0.2540648877620697
449,-0.0036663757637143135
450,0.4695643186569214
451,0.4406663179397583
452,0.0036353622563183308
453,0.4746250808238983
454,0.2567305564880371
455,-0.019546741619706154
456,0.4715539216995239
457,0.22539055347442627
458,-0.014819501899182796
459,0.4684144854545593
460,0.19733010232448578
461,-0.009461617097258568
462,0.4399520456790924
463,0.3052719533443451
464,0.013866164721548557
465,0.42348384857177734
466,0.3184710443019867
467,0.02830539084970951
468,0.4724269211292267
469,0.29934006929397583
470,0.0060792905278503895
471,0.4292968809604645
472,0.288413941860199
473,0.017967645078897476
474,0.4765838384628296
475,0.3169579803943634
476,-0.009057817980647087
477,0.4720483124256134
478,0.35604527592658997
479,-0.030515914782881737
480,0.4166831076145172
481,0.32683348655700684
482,0.038908954709768295
483,0.428141713142395
484,0.32643401622772217
485,0.020484015345573425
486,0.4377191364765167
487,0.33039504289627075
488,0.0118182934820652
489,0.45246076583862305
490,0.32761719822883606
491,0.006193838082253933
492,0.46328139305114746
493,0.3220975995063782
494,0.003035645466297865
495,0.4713089168071747
496,0.316180557012558
497,-0.00047452215221710503
498,0.4863540232181549
499,0.30102065205574036
500,-0.02011512778699398
501,0.41808807849884033
502,0.3513556122779846
503,0.037262529134750366
504,0.4236622452735901
505,0.28760653734207153
506,0.022443046793341637
507,0.4892553985118866
508,0.3694518208503723
509,-0.04037065431475639
510,0.4712626338005066
511,0.33634352684020996
512,-0.008262907154858112
513,0.41432985663414
514,0.3048546314239502
515,0.09144291281700134
516,0.47715628147125244
517,0.30961844325065613
518,-0.0026240351144224405
519,0.46658700704574585
520,0.36067938804626465
521,-0.004811684135347605
522,0.43351852893829346
523,0.2950933873653412
524,0.020702268928289413
525,0.4719144105911255
526,0.3484634459018707
527,-0.027326682582497597
528,0.4212018549442291
529,0.38446351885795593
530,0.09638333320617676
531,0.4723223149776459
532,0.29489919543266296
533,0.008330881595611572
534,0.4782005548477173
535,0.3414013087749481
536,-0.03647885099053383
537,0.44004344940185547
538,0.4424402117729187
539,0.042487140744924545
540,0.4429430663585663
541,0.4552057385444641
542,0.05788422003388405
543,0.41428858041763306
544,0.3545309603214264
545,0.06861332058906555
546,0.4311009645462036
547,0.4260619282722473
548,0.053420569747686386
549,0.4157011806964874
550,0.28224921226501465
551,0.05246111750602722
552,0.4699569046497345
553,0.48405909538269043
554,0.01367136836051941
555,0.49083900451660156
556,0.37179622054100037
557,-0.028970995917916298
558,0.4646527171134949
559,0.34544315934181213
560,-0.004143164958804846
561,0.4177058935165405
562,0.3052830994129181
563,0.04082377254962921
564,0.44651055335998535
565,0.29957789182662964
566,0.010368702933192253
567,0.4535810053348541
568,0.30014750361442566
569,0.007743753958493471
570,0.4679756760597229
571,0.42622971534729004
572,0.0035520601086318493
573,0.4208793044090271
574,0.37494081258773804
575,0.040679752826690674
576,0.4853067994117737
577,0.5012003183364868
578,0.015018947422504425
579,0.4625726044178009
580,0.48327285051345825
581,0.03387373313307762
582,0.45344051718711853
583,0.4715575575828552
584,0.0444825254380703
585,0.49370139837265015
586,0.2245834320783615
587,-0.018698014318943024
588,0.50248783826828
589,0.5039379596710205
590,0.010993597097694874
591,0.46033594012260437
592,0.2991634011268616
593,0.006602599285542965
594,0.4665183126926422
595,0.2972015142440796
596,0.007134527899324894
597,0.4704434275627136
598,0.29600802063941956
599,0.00843873806297779
600,0.4193146526813507
601,0.28555530309677124
602,0.03155309334397316
603,0.4654967784881592
604,0.28809618949890137
605,0.00574510358273983
606,0.4586481750011444
607,0.2856718599796295
608,0.004575980827212334
609,0.4515049457550049
610,0.28521862626075745
611,0.005644314456731081
612,0.4443303644657135
613,0.28708261251449585
614,0.00839944463223219
615,0.43999171257019043
616,0.2900317311286926
617,0.01172644179314375
618,0.4137587547302246
619,0.27716386318206787
620,0.07621262222528458
621,0.44178473949432373
622,0.2981746196746826
623,0.013440517708659172
624,0.4955587685108185
625,0.3853720724582672
626,-0.021351654082536697
627,0.4690924286842346
628,0.3910103142261505
629,-0.010194075293838978
630,0.47368335723876953
631,0.3651277422904968
632,-0.022047441452741623
633,0.4840813875198364
634,0.38672223687171936
635,-0.019612058997154236
636,0.4945622384548187
637,0.2846338152885437
638,-0.01871669851243496
639,0.44982945919036865
640,0.4585360586643219
641,0.03346080332994461
642,0.4595106840133667
643,0.4712117910385132
644,0.02409394085407257
645,0.4837096631526947
646,0.49320659041404724
647,0.004178803879767656
648,0.43480435013771057
649,0.43742480874061584
650,0.07396358996629715
651,0.47015002369880676
652,0.29201608896255493
653,0.007224414963275194
654,0.48083117604255676
655,0.3197557032108307
656,-0.021402249112725258
657,0.5014770030975342
658,0.49584662914276123
659,0.0006168662803247571
660,0.47271791100502014
661,0.4936904311180115
662,0.022919518873095512
663,0.4178870916366577
664,0.3802466094493866
665,0.0680137500166893
666,0.48296689987182617
667,0.4226008951663971
668,-0.0074050892144441605
669,0.48159360885620117
670,0.4260793924331665
671,-0.008810555562376976
672,0.4801557660102844
673,0.43162524700164795
674,-0.00978555716574192
675,0.4792276620864868
676,0.4385003447532654
677,-0.008200631476938725
678,0.4778631031513214
679,0.4487268924713135
680,-0.001182095380499959
681,0.47181493043899536
682,0.4195668697357178
683,0.0006615171441808343
684,0.46897920966148376
685,0.41859614849090576
686,0.0009054125985130668
687,0.46640685200691223
688,0.4167657494544983
689,0.0009793317876756191
690,0.4583525061607361
691,0.40865060687065125
692,0.003023842116817832
693,0.42979633808135986
694,0.3810136020183563
695,0.02238490805029869
696,0.4816254675388336
697,0.30822286009788513
698,-0.013962062075734138
699,0.47831180691719055
700,0.2877636253833771
701,0.0007292648660950363
702,0.47347813844680786
703,0.28928062319755554
704,0.004859219305217266
705,0.4740157127380371
706,0.4179331958293915
707,0.0014449183363467455
708,0.4316873550415039
709,0.4095066487789154
710,0.036371126770973206
711,0.4845459461212158
712,0.28719377517700195
713,-0.011364633217453957
714,0.4741133749485016
715,0.4598919153213501
716,0.004135631024837494
717,0.4930010437965393
718,0.32227823138237
719,-0.03833698108792305
720,0.4860173165798187
721,0.31327253580093384
722,-0.028249116614460945
723,0.4935191571712494
724,0.310284823179245
725,-0.031077701598405838
726,0.47504159808158875
727,0.338417649269104
728,-0.0201345756649971
729,0.5007294416427612
730,0.4834900498390198
731,-0.004555221181362867
732,0.5001720786094666
733,0.4684221148490906
734,-0.0049970862455666065
735,0.4864605963230133
736,0.4671284556388855
737,-0.0020728677045553923
738,0.45597440004348755
739,0.43660619854927063
740,0.013837624341249466
741,0.4610294997692108
742,0.3707570731639862
743,-0.0019179668743163347
744,0.4643479287624359
745,0.4497845768928528
746,0.009481367655098438
747,0.44446370005607605
748,0.3701269030570984
749,0.003866198007017374
750,0.4549553692340851
751,0.38328906893730164
752,0.0009459082502871752
753,0.4395415186882019
754,0.3896539509296417
755,0.012189751490950584
756,0.4841204881668091
757,0.4813811182975769
758,-0.0007343391771428287
759,0.47066730260849
760,0.34530338644981384
761,-0.013251779600977898
762,0.4504556357860565
763,0.4455774426460266
764,0.022901050746440887
765,0.4606117308139801
766,0.45944398641586304
767,0.016730383038520813
768,0.4491885304450989
769,0.4214473366737366
770,0.01500116940587759
771,0.42447397112846375
772,0.3949859142303467
773,0.0441671721637249
774,0.4407794773578644
775,0.422931432723999
776,0.0244710985571146
777,0.42306745052337646
778,0.40403613448143005
779,0.06476952880620956
780,0.45027273893356323
781,0.3994973301887512
782,0.006163603160530329
783,0.4761693477630615
784,0.3278983235359192
785,-0.014316165819764137
786,0.47483527660369873
787,0.3611255884170532
788,-0.03256332129240036
789,0.4702295958995819
790,0.36433565616607666
791,-0.022736480459570885
792,0.4776493310928345
793,0.35324570536613464
794,-0.039394311606884
795,0.47189202904701233
796,0.27973777055740356
797,-0.0015641708159819245
798,0.458720862865448
799,0.2747493386268616
800,-0.0025020695757120848
801,0.4471418857574463
802,0.2738211750984192
803,-0.0009489512303844094
804,0.4377407729625702
805,0.27553263306617737
806,0.0036496908869594336
807,0.4316807985305786
808,0.28015273809432983
809,0.009787754155695438
810,0.4290555715560913
811,0.29888179898262024
812,0.0245169959962368
813,0.41252583265304565
814,0.3297531008720398
815,0.0663125142455101
816,0.43482035398483276
817,0.3142993748188019
818,0.017963722348213196
819,0.44277626276016235
820,0.31730496883392334
821,0.011966227553784847
822,0.4530879259109497
823,0.31657686829566956
824,0.007459557615220547
825,0.462896466255188
826,0.31332388520240784
827,0.005182540975511074
828,0.47043749690055847
829,0.30909815430641174
830,0.0035084455739706755
831,0.47558358311653137
832,0.3050062954425812
833,0.0024630334228277206
834,0.4162706732749939
835,0.3306388258934021
836,0.0985616073012352
837,0.4710080027580261
838,0.36757972836494446
839,-0.01842382736504078
840,0.48012253642082214
841,0.3302915394306183
842,-0.027648979797959328
843,0.48020318150520325
844,0.361646831035614
845,-0.0398637056350708
846,0.48553457856178284
847,0.36744263768196106
848,-0.03672502562403679
849,0.4807080924510956
850,0.36347904801368713
851,-0.03559844568371773
852,0.4738326072692871
853,0.37122485041618347
854,-0.01571173593401909
855,0.48681506514549255
856,0.3685772120952606
857,-0.039109718054533005
858,0.48820605874061584
859,0.37101447582244873
860,-0.028894072398543358
861,0.4750444293022156
862,0.295804888010025
863,0.0065259248949587345
864,0.4795534312725067
865,0.29861363768577576
866,0.0005794736789539456
867,0.4816020131111145
868,0.30051931738853455
869,-0.006053474266082048
870,0.4375835657119751
871,0.2922201454639435
872,0.01486106775701046
873,0.4334520995616913
874,0.28893765807151794
875,0.015369175933301449
876,0.5006042122840881
877,0.3240146040916443
878,-0.03609318286180496
879,0.5579498410224915
880,0.2932949662208557
881,0.004461436998099089
882,0.5024424195289612
883,0.3688224256038666
884,-0.03003835305571556
885,0.5891751050949097
886,0.2476671189069748
887,0.03943521901965141
888,0.5333329439163208
889,0.3037017583847046
890,-0.001942431554198265
891,0.5417056083679199
892,0.30452102422714233
893,-0.0021457779221236706
894,0.5499293208122253
895,0.30402982234954834
896,-0.0006890614167787135
897,0.5613486766815186
898,0.29766151309013367
899,0.005405479110777378
900,0.5262452363967896
901,0.3009539246559143
902,-0.0006103906198404729
903,0.5439823269844055
904,0.2765039801597595
905,-0.006908872164785862
906,0.534967839717865
907,0.2772744297981262
908,-0.005941864103078842
909,0.552512526512146
910,0.27779847383499146
911,-0.0049149272963404655
912,0.5584027767181396
913,0.2811364531517029
914,-0.0018013330409303308
915,0.5680789947509766
916,0.30527177453041077
917,0.00920820515602827
918,0.5330975651741028
919,0.47197625041007996
920,0.0028841346502304077
921,0.5611783266067505
922,0.29055383801460266
923,0.006730456370860338
924,0.5939368009567261
925,0.29925090074539185
926,0.044410739094018936
927,0.5776846408843994
928,0.2976970672607422
929,0.016607435420155525
930,0.5397511124610901
931,0.352952241897583
932,-0.008753876201808453
933,0.5070574879646301
934,0.4029112756252289
935,-0.02301868051290512
936,0.5065128803253174
937,0.4160992503166199
938,-0.018548058345913887
939,0.5190328359603882
940,0.40651682019233704
941,-0.018787382170557976
942,0.5268190503120422
943,0.41128596663475037
944,-0.012808989733457565
945,0.5150495171546936
946,0.41648054122924805
947,-0.015881219878792763
948,0.5217249393463135
949,0.41742777824401855
950,-0.010216514579951763
951,0.5391652584075928
952,0.4306136667728424
953,0.0009501638123765588
954,0.49994829297065735
955,0.36294612288475037
956,-0.04557983949780464
957,0.5007278323173523
958,0.35115548968315125
959,-0.04855313524603844
960,0.570951521396637
961,0.2700679302215576
962,-0.0014916451182216406
963,0.5221115350723267
964,0.3232933580875397
965,-0.00994196068495512
966,0.5228884816169739
967,0.3592173159122467
968,-0.025933608412742615
969,0.5237841010093689
970,0.3529101014137268
971,-0.023475319147109985
972,0.5653820037841797
973,0.3513248562812805
974,-0.0005096704117022455
975,0.5005524158477783
976,0.3363533914089203
977,-0.04391936957836151
978,0.5490517020225525
979,0.2600283920764923
980,-0.014934848994016647
981,0.5617831945419312
982,0.26283642649650574
983,-0.009530331939458847
984,0.5796089172363281
985,0.22674307227134705
986,0.022846678271889687
987,0.5117546319961548
988,0.27070751786231995
989,-0.018688766285777092
990,0.5273435711860657
991,0.2805940806865692
992,-0.0025182056706398726
993,0.5451599359512329
994,0.4182254374027252
995,0.0017540737753733993
996,0.589748740196228
997,0.41147464513778687
998,0.07184203714132309
999,0.516803503036499
1000,0.36601269245147705
1001,-0.021839458495378494
1002,0.5094030499458313
1003,0.3702124059200287
1004,-0.022108953446149826
1005,0.5360965728759766
1006,0.4191676080226898
1007,0.0014366857940331101
1008,0.531974732875824
1009,0.4184897541999817
1010,-0.0004942694213241339
1011,0.5663904547691345
1012,0.2547323703765869
1013,-0.005796527955681086
1014,0.5239324569702148
1015,0.36458972096443176
1016,-0.02103518880903721
1017,0.5324995517730713
1018,0.2620152533054352
1019,-0.018124764785170555
1020,0.5337265729904175
1021,0.25186628103256226
1022,-0.020317228510975838
1023,0.5430123805999756
1024,0.1993063986301422
1025,-0.007320333272218704
1026,0.5724599361419678
1027,0.23986336588859558
1028,0.00659079197794199
1029,0.5371868014335632
1030,0.22402730584144592
1031,-0.01429323572665453
1032,0.5762346982955933
1033,0.26440224051475525
1034,0.005243366584181786
1035,0.5825237035751343
1036,0.25643178820610046
1037,0.02141663059592247
1038,0.5068957805633545
1039,0.41057729721069336
1040,-0.02181127667427063
1041,0.5167793035507202
1042,0.41254350543022156
1043,-0.01776704005897045
1044,0.5242084860801697
1045,0.41456082463264465
1046,-0.012191878631711006
1047,0.5147473216056824
1048,0.3683909773826599
1049,-0.020013989880681038
1050,0.5339331030845642
1051,0.4190141558647156
1052,0.0003518661833368242
1053,0.5301745533943176
1054,0.42213761806488037
1055,-0.004107350949198008
1056,0.5309677124023438
1057,0.4178447723388672
1058,-0.0007369101513177156
1059,0.5108606219291687
1060,0.36210325360298157
1061,-0.03397565335035324
1062,0.5202739834785461
1063,0.4167352616786957
1064,-0.00866652186959982
1065,0.5136532783508301
1066,0.4171977639198303
1067,-0.012311127036809921
1068,0.5059950351715088
1069,0.41780710220336914
1070,-0.014846223406493664
1071,0.5114622712135315
1072,0.45437830686569214
1073,-0.006180259864777327
1074,0.5097468495368958
1075,0.4425559341907501
1076,-0.015071447007358074
1077,0.5086755752563477
1078,0.43482834100723267
1079,-0.01643332652747631
1080,0.5076531171798706
1081,0.42762574553489685
1082,-0.01469337660819292
1083,0.5068886876106262
1084,0.4230201244354248
1085,-0.013313856907188892
1086,0.521755576133728
1087,0.4206361472606659
1088,-0.0073809754103422165
1089,0.523116409778595
1090,0.4223554730415344
1091,-0.008777766488492489
1092,0.5252892971038818
1093,0.4259880483150482
1094,-0.009718770161271095
1095,0.5272839069366455
1096,0.43027180433273315
1097,-0.008102847263216972
1098,0.5337184071540833
1099,0.3968217968940735
1100,-0.010788298211991787
1101,0.5977001786231995
1102,0.35185694694519043
1103,0.08113448321819305
1104,0.526103675365448
1105,0.41981059312820435
1106,-0.0033687136601656675
1107,0.5279101133346558
1108,0.42056000232696533
1109,-0.00424483697861433
1110,0.5065180063247681
1111,0.3757328689098358
1112,-0.02218787372112274
1113,0.5213567018508911
1114,0.3721790611743927
1115,-0.014137989841401577
1116,0.5078994035720825
1117,0.3730669319629669
1118,-0.022388499230146408
1119,0.5313401222229004
1120,0.3299235701560974
1121,-0.007526528090238571
1122,0.5451475977897644
1123,0.3376785218715668
1124,-0.006028959061950445
1125,0.5257499814033508
1126,0.3582589030265808
1127,-0.018534529954195023
1128,0.5648107528686523
1129,0.2101576179265976
1130,0.006175802554935217
1131,0.5579391121864319
1132,0.22851276397705078
1133,-0.004898847080767155
1134,0.5517022609710693
1135,0.24993672966957092
1136,-0.01373947411775589
1137,0.5320512056350708
1138,0.43956029415130615
1139,-0.0022431807592511177
1140,0.5139883160591125
1141,0.2551232576370239
1142,-0.022885991260409355
1143,0.5166321992874146
1144,0.22339218854904175
1145,-0.018797557801008224
1146,0.5200837254524231
1147,0.19469411671161652
1148,-0.014047279953956604
1149,0.5571733713150024
1150,0.3018990457057953
1151,0.0023434432223439217
1152,0.5771502256393433
1153,0.31351277232170105
1154,0.013568852096796036
1155,0.5217115879058838
1156,0.29814285039901733
1157,0.0008114681695587933
1158,0.5680474638938904
1159,0.2840625047683716
1160,0.004629156086593866
1161,0.5155720114707947
1162,0.3157670795917511
1163,-0.012971620075404644
1164,0.5165247917175293
1165,0.35489386320114136
1166,-0.03415195271372795
1167,0.586632251739502
1168,0.32152804732322693
1169,0.02224196493625641
1170,0.571087658405304
1171,0.321841835975647
1172,0.0067053306847810745
1173,0.5599091649055481
1174,0.32638421654701233
1175,5.863558271812508e-06
1176,0.5436407327651978
1177,0.3247128129005432
1178,-0.0028492198325693607
1179,0.5317189693450928
1180,0.3199612498283386
1181,-0.003746519796550274
1182,0.5227072834968567
1183,0.31465840339660645
1184,-0.005582036916166544
1185,0.5027204155921936
1186,0.3005000948905945
1187,-0.021813921630382538
1188,0.5857433676719666
1189,0.3465974032878876
1190,0.020793674513697624
1191,0.5750281810760498
1192,0.2825523018836975
1193,0.007842937484383583
1194,0.4978097379207611
1195,0.3691628575325012
1196,-0.04119689017534256
1197,0.5213913917541504
1198,0.3349430561065674
1199,-0.012927941046655178
1200,0.5977581739425659
1201,0.2983969748020172
1202,0.07224755734205246
1203,0.5158060193061829
1204,0.30847373604774475
1205,-0.006583241745829582
1206,0.5270478129386902
1207,0.3590656816959381
1208,-0.00959788914769888
1209,0.5640326142311096
1210,0.2913505434989929
1211,0.007975359447300434
1212,0.5173541307449341
1213,0.3472486138343811
1214,-0.03103860653936863
1215,0.5955104231834412
1216,0.38086581230163574
1217,0.07871607691049576
1218,0.5220358967781067
1219,0.2937922775745392
1220,0.0028741369023919106
1221,0.5089359879493713
1222,0.3405052125453949
1223,-0.03921966627240181
1224,0.5700045824050903
1225,0.44185328483581543
1226,0.030208060517907143
1227,0.5708997845649719
1228,0.45539960265159607
1229,0.0454549603164196
1230,0.5952595472335815
1231,0.3496876060962677
1232,0.050537463277578354
1233,0.5803406238555908
1234,0.424637109041214
1235,0.03914762660861015
1236,0.5884885787963867
1237,0.275837779045105
1238,0.03522740676999092
1239,0.5355127453804016
1240,0.4844737648963928
1241,0.007954880595207214
1242,0.49762263894081116
1243,0.37159574031829834
1244,-0.029485313221812248
1245,0.5294799208641052
1246,0.34355446696281433
1247,-0.00996050052344799
1248,0.5851243138313293
1249,0.2997249662876129
1250,0.02453952096402645
1251,0.5490918755531311
1252,0.29677969217300415
1253,0.00027120442246086895
1254,0.5416568517684937
1255,0.2977248430252075
1256,-0.0012470833025872707
1257,0.5325684547424316
1258,0.4244081377983093
1259,-0.0027881180867552757
1260,0.5848946571350098
1261,0.37098604440689087
1262,0.0247509628534317
1263,0.5204210877418518
1264,0.5015491843223572
1265,0.011819932609796524
1266,0.5468817949295044
1267,0.4841669499874115
1268,0.025905808433890343
1269,0.558123767375946
1270,0.4724257290363312
1271,0.03452223539352417
1272,0.5346336364746094
1273,0.2971811294555664
1274,-0.001048453152179718
1275,0.5280755758285522
1276,0.29549774527549744
1277,0.0005407402641139925
1278,0.524027943611145
1279,0.29471245408058167
1280,0.002487296238541603
1281,0.5812727212905884
1282,0.27981048822402954
1283,0.015753496438264847
1284,0.5290092825889587
1285,0.28637003898620605
1286,-0.0010323252063244581
1287,0.536133885383606
1288,0.28349772095680237
1289,-0.0032519050873816013
1290,0.5433453917503357
1291,0.2827429473400116
1292,-0.0034649267327040434
1293,0.5508694052696228
1294,0.2842162251472473
1295,-0.001990879885852337
1296,0.5557385087013245
1297,0.2868705093860626
1298,0.000621255487203598
1299,0.5947266817092896
1300,0.27011197805404663
1301,0.05756942555308342
1302,0.5542492866516113
1303,0.2951672375202179
1304,0.0024366816505789757
1305,0.5256186723709106
1306,0.38967689871788025
1307,-0.015018641948699951
1308,0.5165952444076538
1309,0.36401987075805664
1310,-0.025176482275128365
1311,0.5079280138015747
1312,0.386164128780365
1313,-0.021627195179462433
1314,0.5589073300361633
1315,0.45857739448547363
1316,0.02356361597776413
1317,0.5478268265724182
1318,0.47176891565322876
1319,0.016327708959579468
1320,0.5199373364448547
1321,0.4934234023094177
1322,0.0010846138466149569
1323,0.5810027122497559
1324,0.43653321266174316
1325,0.059226758778095245
1326,0.5241147875785828
1327,0.2907521724700928
1328,0.0011743331560865045
1329,0.5085612535476685
1330,0.31896865367889404
1331,-0.024018779397010803
1332,0.5345481634140015
1333,0.4943773150444031
1334,0.017013657838106155
1335,0.5931773781776428
1336,0.3764690160751343
1337,0.05075567588210106
1338,0.514847993850708
1339,0.4217195510864258
1340,-0.010912038385868073
1341,0.5163034796714783
1342,0.42509326338768005
1343,-0.012325703166425228
1344,0.5179525017738342
1345,0.4305311441421509
1346,-0.013483567163348198
1347,0.5195075869560242
1348,0.437465101480484
1349,-0.012071049772202969
1350,0.5230427980422974
1351,0.4479963779449463
1352,-0.005478235427290201
1353,0.527862548828125
1354,0.41790100932121277
1355,-0.005262637045234442
1356,0.5303919315338135
1357,0.41687506437301636
1358,-0.005629450548440218
1359,0.5329147577285767
1360,0.41495534777641296
1361,-0.005828070919960737
1362,0.5408177971839905
1363,0.40651029348373413
1364,-0.00489236181601882
1365,0.5729597806930542
1366,0.3775676488876343
1367,0.008907434530556202
1368,0.5090008974075317
1369,0.3073802888393402
1370,-0.016788974404335022
1371,0.514302134513855
1372,0.2867603302001953
1373,-0.002771960571408272
1374,0.5201444625854492
1375,0.2880176305770874
1376,-0.00021531192760448903
1377,0.5259583592414856
1378,0.4164029359817505
1379,-0.004217501729726791
1380,0.5753366947174072
1381,0.4071029722690582
1382,0.022773578763008118
1383,0.5059822797775269
1384,0.2865179181098938
1385,-0.013444404117763042
1386,0.5284286141395569
1387,0.45953404903411865
1388,-0.0005258049350231886
1389,0.5017458200454712
1390,0.3127982020378113
1391,-0.02966395765542984
1392,0.5152260661125183
1393,0.3372650742530823
1394,-0.023571163415908813
1395,0.5147473812103271
1396,0.467013418674469
1397,-0.004335607402026653
1398,0.5474542379379272
1399,0.43535318970680237
1400,0.005678647197782993
1401,0.534276008605957
1402,0.3688098192214966
1403,-0.008057363331317902
1404,0.5390806794166565
1405,0.4491311311721802
1406,0.0030455398373305798
1407,0.5534211993217468
1408,0.3671608865261078
1409,-0.005911760963499546
1410,0.5422311425209045
1411,0.38107043504714966
1412,-0.006780830677598715
1413,0.5613749027252197
1414,0.38681843876838684
1415,0.001060136710293591
1416,0.518038272857666
1417,0.48132044076919556
1418,-0.003685436211526394
1419,0.5212954878807068
1420,0.34390151500701904
1421,-0.017528031021356583
1422,0.5553321838378906
1423,0.4447510838508606
1424,0.013500153087079525
1425,0.5445714592933655
1426,0.4593317210674286
1427,0.009532091207802296
1428,0.5536322593688965
1429,0.4194309413433075
1430,0.005084844306111336
1431,0.5832337737083435
1432,0.3919285833835602
1433,0.029009347781538963
1434,0.5646419525146484
1435,0.4212099015712738
1436,0.012948437593877316
1437,0.5889995694160461
1438,0.4013504981994629
1439,0.04847599193453789
1440,0.5494661331176758
1441,0.39699703454971313
1442,-0.003037811489775777
1443,0.5148663520812988
1444,0.326745867729187
1445,-0.018074411898851395
1446,0.5135418176651001
1447,0.36009854078292847
1448,-0.035866208374500275
1449,0.5202438831329346
1450,0.3630814850330353
1451,-0.026552880182862282
1452,0.5088784694671631
1453,0.35243216156959534
1454,-0.042138807475566864
1455,0.520405113697052
1456,0.27824050188064575
1457,-0.006357478443533182
1458,0.5337368845939636
1459,0.27228793501853943
1460,-0.009439359419047832
1461,0.5457189083099365
1462,0.2706165909767151
1463,-0.010132979601621628
1464,0.5560908317565918
1465,0.27168217301368713
1466,-0.007571793161332607
1467,0.5637830495834351
1468,0.2758917510509491
1469,-0.0026464618276804686
1470,0.5699172019958496
1471,0.2945006191730499
1472,0.010936876758933067
1473,0.595818817615509
1474,0.324139803647995
1475,0.04776284843683243
1476,0.5633506774902344
1477,0.31027951836586
1478,0.005523753818124533
1479,0.5543045401573181
1480,0.3137513995170593
1481,0.0010970945004373789
1482,0.543022096157074
1483,0.3138440251350403
1484,-0.0014554114313796163
1485,0.5323428511619568
1486,0.3112054467201233
1487,-0.001853253459557891
1488,0.5240871906280518
1489,0.30753275752067566
1490,-0.0018395520746707916
1491,0.5182597637176514
1492,0.30382484197616577
1493,-0.0018935698317363858
1494,0.5980256795883179
1495,0.3249049186706543
1496,0.07943376153707504
1497,0.5204685926437378
1498,0.36634132266044617
1499,-0.022183561697602272
1500,0.5080371499061584
1501,0.3294069766998291
1502,-0.030384959653019905
1503,0.5065351128578186
1504,0.3609517514705658
1505,-0.04199226573109627
1506,0.5023980140686035
1507,0.36700016260147095
1508,-0.03794863820075989
1509,0.5070558786392212
1510,0.36280375719070435
1511,-0.037751536816358566
1512,0.518311083316803
1513,0.3702642023563385
1514,-0.018889017403125763
1515,0.5006079077720642
1516,0.3681882619857788
1517,-0.04007822647690773
1518,0.5004828572273254
1519,0.37071606516838074
1520,-0.029709503054618835
1521,0.5187654495239258
1522,0.2947317957878113
1523,0.0018562983023002744
1524,0.5135558247566223
1525,0.29770222306251526
1526,-0.002799535868689418
1527,0.5104106664657593
1528,0.2996600568294525
1529,-0.008844693191349506
1530,0.5587044954299927
1531,0.28893354535102844
1532,0.003228007582947612
1533,0.5631585121154785
1534,0.28501400351524353
1535,0.003010497661307454
1536,0.0
1537,0.0
1538,0.0
1539,0.0
1540,0.0
1541,0.0
1542,0.0
1543,0.0
1544,0.0
1545,0.0
1546,0.0
1547,0.0
1548,0.0
1549,0.0
1550,0.0
1551,0.0
1552,0.0
1553,0.0
1554,0.0
1555,0.0
1556,0.0
1557,0.0
1558,0.0
1559,0.0
1560,0.0
1561,0.0
1562,0.0
1563,0.0
1564,0.0
1565,0.0
1566,0.0
1567,0.0
1568,0.0
1569,0.0
1570,0.0
1571,0.0
1572,0.0
1573,0.0
1574,0.0
1575,0.0
1576,0.0
1577,0.0
1578,0.0
1579,0.0
1580,0.0
1581,0.0
1582,0.0
1583,0.0
1584,0.0
1585,0.0
1586,0.0
1587,0.0
1588,0.0
1589,0.0
1590,0.0
1591,0.0
1592,0.0
1593,0.0
1594,0.0
1595,0.0
1596,0.0
1597,0.0
1598,0.0
1599,0.129246786236763
1600,0.5039125680923462
1601,2.6614071657604654e-07
1602,0.17860126495361328
1603,0.4613840579986572
1604,-0.014060060493648052
1605,0.2000381499528885
1606,0.3864586353302002
1607,-0.015411571599543095
1608,0.20409156382083893
1609,0.32535305619239807
1610,-0.01705101504921913
1611,0.21386215090751648
1612,0.2787681221961975
1613,-0.01863708347082138
1614,0.15619102120399475
1615,0.29885175824165344
1616,-4.0604223613627255e-05
1617,0.15641117095947266
1618,0.22106771171092987
1619,-0.011410264298319817
1620,0.1544894278049469
1621,0.17254550755023956
1622,-0.022429920732975006
1623,0.1509760171175003
1624,0.1303611397743225
1625,-0.03073195554316044
1626,0.12848931550979614
1627,0.29556381702423096
1628,-0.0036460368428379297
1629,0.12735046446323395
1630,0.20682242512702942
1631,-0.014231162145733833
1632,0.12567029893398285
1633,0.14929577708244324
1634,-0.02490963041782379
1635,0.12267030775547028
1636,0.09979598224163055
1637,-0.032537344843149185
1638,0.10308751463890076
1639,0.30659744143486023
1640,-0.010613757185637951
1641,0.09960202872753143
1642,0.22077372670173645
1643,-0.022835949435830116
1644,0.0990217998623848
1645,0.16676034033298492
1646,-0.03163633495569229
1647,0.0982464849948883
1648,0.12079043686389923
1649,-0.0370699018239975
1650,0.07722462713718414
1651,0.3305196762084961
1652,-0.019413797184824944
1653,0.06937576085329056
1654,0.2638440430164337
1655,-0.03118002414703369
1656,0.0690358504652977
1657,0.2191738337278366
1658,-0.03617590293288231
1659,0.07078977674245834
1660,0.17777006328105927
1661,-0.038981903344392776
