,0
0,0.531907856464386
1,0.3445824384689331
2,-0.74849933385849
3,0.9999690651893616
4,0.5600218772888184
5,0.2807137668132782
6,-0.6829460263252258
7,0.9999329447746277
8,0.5737280249595642
9,0.2827876806259155
10,-0.6823881268501282
11,0.9999051690101624
12,0.5882821679115295
13,0.2851904034614563
14,-0.6825781464576721
15,0.9999288320541382
16,0.5103656649589539
17,0.2781495749950409
18,-0.6785300970077515
19,0.9999384880065918
20,0.49311399459838867
21,0.27765151858329773
22,-0.6782107353210449
23,0.9999237060546875
24,0.4750179648399353
25,0.2785247266292572
26,-0.6784064173698425
27,0.9999534487724304
28,0.610031247138977
29,0.32181516289711
30,-0.29472512006759644
31,0.9999011158943176
32,0.44808775186538696
33,0.31060609221458435
34,-0.270393431186676
35,0.9999455213546753
36,0.5553717613220215
37,0.4153812527656555
38,-0.6167932748794556
39,0.9999625086784363
40,0.4906558096408844
41,0.41275402903556824
42,-0.6072927713394165
43,0.9999717473983765
44,0.7403607964515686
45,0.6902695894241333
46,-0.11489014327526093
47,0.9997161626815796
48,0.31271931529045105
49,0.638721227645874
50,-0.18039341270923615
51,0.999863862991333
52,0.8298138380050659
53,1.0497026443481445
54,-0.07252512872219086
55,0.5988693237304688
56,0.037099309265613556
57,0.8587334156036377
58,-0.6908310651779175
59,0.985675573348999
60,0.8421624302864075
61,1.515821933746338
62,-0.15038350224494934
63,0.15288777649402618
64,0.29674798250198364
65,0.40676698088645935
66,-1.2478327751159668
67,0.9556226134300232
68,0.8691226243972778
69,1.6250693798065186
70,-0.20362892746925354
71,0.15053009986877441
72,0.34940531849861145
73,0.275421142578125
74,-1.4126938581466675
75,0.8603702783584595
76,0.8161273002624512
77,1.6183489561080933
78,-0.2329324185848236
79,0.21692226827144623
80,0.3696269989013672
81,0.27395617961883545
82,-1.2771936655044556
83,0.8704051375389099
84,0.794403612613678
85,1.5808255672454834
86,-0.1784181445837021
87,0.22298404574394226
88,0.36964234709739685
89,0.3156156539916992
90,-1.2234504222869873
91,0.8576692938804626
92,0.6376117467880249
93,1.501695156097412
94,-0.0562191978096962
95,0.001935996231622994
96,0.32992008328437805
97,1.4808703660964966
98,0.06078131124377251
99,0.0029035804327577353
100,0.5975012183189392
101,2.1882996559143066
102,-0.05033015459775925
103,0.0003370646445546299
104,0.3175271451473236
105,2.1719043254852295
106,-0.004764865152537823
107,0.00034501004847697914
108,0.5531331300735474
109,2.8036916255950928
110,0.6147332191467285
111,3.549456596374512e-05
112,0.284736305475235
113,2.7783150672912598
114,0.38193804025650024
115,7.651718078705017e-06
116,0.5543030500411987
117,2.8874521255493164
118,0.6446616649627686
119,1.642700590309687e-05
120,0.2726678252220154
121,2.8571858406066895
122,0.408210426568985
123,1.1381752301531378e-05
124,0.5077420473098755
125,2.9948837757110596
126,0.0347917377948761
127,2.1018557163188234e-05
128,0.3174731135368347
129,2.986809492111206
130,-0.28794217109680176
131,2.126919753209222e-05
132,0.5022795796394348
133,0.4149143695831299
134,-0.02585790306329727
135,0.49626624584198
136,0.3720111846923828
137,-0.04823550954461098
138,0.5002111196517944
139,0.38417893648147583
140,-0.025845086202025414
141,0.49017688632011414
142,0.3322688639163971
143,-0.03536820039153099
144,0.4955481290817261
145,0.35940614342689514
146,-0.05116992071270943
147,0.49595803022384644
148,0.34327948093414307
149,-0.0477006621658802
150,0.4986082911491394
151,0.30500102043151855
152,-0.024986507371068
153,0.4464731812477112
154,0.3030204474925995
155,0.019986644387245178
156,0.4990522861480713
157,0.2795402705669403
158,-0.01967846043407917
159,0.49844422936439514
160,0.2644200921058655
161,-0.02147352509200573
162,0.4980998635292053
163,0.20315082371234894
164,-0.011564543470740318
165,0.5028201937675476
166,0.4212014675140381
167,-0.024915661662817
168,0.5036267638206482
169,0.42609459161758423
170,-0.022106336429715157
171,0.5045430660247803
172,0.428241103887558
173,-0.018269123509526253
174,0.5042468905448914
175,0.45702314376831055
176,-0.009683365933597088
177,0.5041521191596985
178,0.4639699161052704
179,-0.010906876064836979
180,0.5043843388557434
181,0.4717608690261841
182,-0.011854934506118298
183,0.5049758553504944
184,0.4793510437011719
185,-0.008518023416399956
186,0.5066443085670471
187,0.48599281907081604
188,0.001767266308888793
189,0.49749863147735596
190,0.37814128398895264
191,-0.04389131814241409
192,0.491159051656723
193,0.37741827964782715
194,-0.030842281877994537
195,0.4260433614253998
196,0.26311516761779785
197,0.06498987972736359
198,0.46936312317848206
199,0.31180477142333984
200,0.007985297590494156
201,0.46168243885040283
202,0.31327003240585327
203,0.009574104100465775
204,0.4541482925415039
205,0.313432514667511
206,0.012880785390734673
207,0.4442238509654999
208,0.30764973163604736
209,0.021578285843133926
210,0.47554105520248413
211,0.30850014090538025
212,0.007055503781884909
213,0.45671722292900085
214,0.2847365140914917
215,0.005824875086545944
216,0.4655812978744507
217,0.2849835753440857
218,0.004324367735534906
219,0.4489068388938904
220,0.2867046594619751
221,0.009648192673921585
222,0.44414299726486206
223,0.2906019687652588
224,0.014101446606218815
225,0.4390694200992584
226,0.31655216217041016
227,0.026312362402677536
228,0.4784642457962036
229,0.4908427596092224
230,0.01549582276493311
231,0.4437735676765442
232,0.30068540573120117
233,0.023094089701771736
234,0.4235188663005829
235,0.31256192922592163
236,0.06863634288311005
237,0.43178948760032654
238,0.30974307656288147
239,0.03622616454958916
240,0.462753564119339
241,0.36288943886756897
242,0.00011557740799617022
243,0.49175095558166504
244,0.4133981764316559
245,-0.022764476016163826
246,0.4953617751598358
247,0.4266112744808197
248,-0.01912262849509716
249,0.4826318621635437
250,0.41799500584602356
251,-0.015607270412147045
252,0.47855958342552185
253,0.4246298670768738
254,-0.0069357105530798435
255,0.48905861377716064
256,0.4281977415084839
257,-0.01370830275118351
258,0.4851030707359314
259,0.43091922998428345
260,-0.005863079335540533
261,0.47146889567375183
262,0.4498317837715149
263,0.011991259641945362
264,0.4895647168159485
265,0.371762216091156
266,-0.04663059115409851
267,0.4877775311470032
268,0.35993173718452454
269,-0.049094364047050476
270,0.43331363797187805
271,0.28203052282333374
272,0.017638223245739937
273,0.4773304760456085
274,0.3317740261554718
275,-0.004371482413262129
276,0.4734465181827545
277,0.3682574927806854
278,-0.021935762837529182
279,0.4732418954372406
280,0.36194854974746704
281,-0.018978383392095566
282,0.44193464517593384
283,0.36281317472457886
284,0.014297585934400558
285,0.4887066185474396
286,0.344853013753891
287,-0.043671973049640656
288,0.4491031765937805
289,0.27059683203697205
290,-0.0016039777547121048
291,0.439113974571228
292,0.274168998003006
293,0.007105722092092037
294,0.43023449182510376
295,0.24247166514396667
296,0.04645465314388275
297,0.4829529821872711
298,0.27854111790657043
299,-0.014180290512740612
300,0.47341275215148926
301,0.28788524866104126
302,0.0058710272423923016
303,0.46630430221557617
304,0.4348418712615967
305,0.013472337275743484
306,0.43961048126220703
307,0.4222203195095062
308,0.09127110987901688
309,0.4800506830215454
310,0.3747846782207489
311,-0.019267000257968903
312,0.48700612783432007
313,0.3788975477218628
314,-0.022186290472745895
315,0.47441232204437256
316,0.43863436579704285
317,0.011107262223958969
318,0.47920313477516174
319,0.4382604956626892
320,0.008010799996554852
321,0.43568792939186096
322,0.26697540283203125
323,0.01234039943665266
324,0.47452083230018616
325,0.37371891736984253
326,-0.01710345596075058
327,0.4634031653404236
328,0.271375834941864
329,-0.008894654922187328
330,0.461412638425827
331,0.2618911862373352
332,-0.01053574401885271
333,0.45431196689605713
334,0.21281161904335022
335,0.007473652716726065
336,0.4330121576786041
337,0.25400227308273315
338,0.027260800823569298
339,0.45833340287208557
340,0.23592768609523773
341,-0.0021147998049855232
342,0.42993342876434326
343,0.2773315906524658
344,0.026093197986483574
345,0.4278961718082428
346,0.2705835700035095
347,0.04458971694111824
348,0.49331215023994446
349,0.4210284352302551
350,-0.02187792770564556
351,0.4859512448310852
352,0.42409083247184753
353,-0.015034385025501251
354,0.48155468702316284
355,0.42795756459236145
356,-0.007119988091289997
357,0.4825470447540283
358,0.3770042061805725
359,-0.018481144681572914
360,0.4766840934753418
361,0.43887799978256226
362,0.009325521066784859
363,0.47856342792510986
364,0.44670888781547546
365,0.005114042200148106
366,0.4808162748813629
367,0.4370437264442444
368,0.007669949904084206
369,0.4823733866214752
370,0.3708893656730652
371,-0.03202376887202263
372,0.4877157509326935
373,0.4301742911338806
374,-0.004794083070009947
375,0.49174395203590393
376,0.42886826395988464
377,-0.010604911483824253
378,0.4974234700202942
379,0.4283544719219208
380,-0.015401460230350494
381,0.4944995045661926
382,0.48372358083724976
383,0.0033133600372821093
384,0.49315977096557617
385,0.4768702983856201
386,-0.006427709013223648
387,0.4935084581375122
388,0.4696197807788849
389,-0.008789914660155773
390,0.49455660581588745
391,0.4615691304206848
392,-0.007795189972966909
393,0.4959244430065155
394,0.45582181215286255
395,-0.006808475591242313
396,0.4859907925128937
397,0.44885218143463135
398,0.0014084555441513658
399,0.4839959740638733
400,0.4508952796459198
401,0.0004560736706480384
402,0.4811514914035797
403,0.454365611076355
404,7.70233691582689e-06
405,0.47904250025749207
406,0.4577878713607788
407,0.002001202432438731
408,0.4712168574333191
409,0.4095120131969452
410,-0.003771858988329768
411,0.43019381165504456
412,0.36328399181365967
413,0.1044800728559494
414,0.49881330132484436
415,0.38042542338371277
416,-0.03235126659274101
417,0.48381346464157104
418,0.4447106122970581
419,0.0055681923404335976
420,0.48108571767807007
421,0.4456108808517456
422,0.004940396174788475
423,0.48986631631851196
424,0.3845558762550354
425,-0.021976735442876816
426,0.4782867133617401
427,0.38131260871887207
428,-0.011300143785774708
429,0.48845338821411133
430,0.3818862736225128
431,-0.022518590092658997
432,0.46982190012931824
433,0.3388293981552124
434,0.00011271056428086013
435,0.457915723323822
436,0.347690224647522
437,0.004381547216325998
438,0.4730205535888672
439,0.36751028895378113
440,-0.01387693453580141
441,0.4386886656284332
442,0.22529016435146332
443,0.026187030598521233
444,0.44246673583984375
445,0.24197269976139069
446,0.012158450670540333
447,0.4463813006877899
448,0.26134228706359863
449,0.0007075981120578945
450,0.4767041802406311
451,0.46163323521614075
452,0.00887800008058548
453,0.4794132113456726
454,0.2636808454990387
455,-0.017501546069979668
456,0.4763132929801941
457,0.23342840373516083
458,-0.011578433215618134
459,0.47342973947525024
460,0.2060355544090271
461,-0.005276048090308905
462,0.44780075550079346
463,0.3116665184497833
464,0.017504071816802025
465,0.43204718828201294
466,0.3255652189254761
467,0.03241939842700958
468,0.47947409749031067
469,0.30525609850883484
470,0.007707762066274881
471,0.43728354573249817
472,0.2950727641582489
473,0.02276548556983471
474,0.4824485778808594
475,0.3240501284599304
476,-0.00851359311491251
477,0.4769706130027771
478,0.3637668490409851
479,-0.031323209404945374
480,0.4257601797580719
481,0.33390435576438904
482,0.04340706020593643
483,0.43623143434524536
484,0.3334466814994812
485,0.024037284776568413
486,0.44526681303977966
487,0.33729109168052673
488,0.014624661765992641
489,0.4595987796783447
490,0.33438894152641296
491,0.008088408969342709
492,0.47012510895729065
493,0.32868078351020813
494,0.004558342508971691
495,0.4778595268726349
496,0.3228664696216583
497,0.0005291994893923402
498,0.4913317561149597
499,0.3084139823913574
500,-0.020115599036216736
501,0.42703744769096375
502,0.3585096597671509
503,0.041020333766937256
504,0.43217164278030396
505,0.2945498824119568
506,0.027832113206386566
507,0.49337947368621826
508,0.3778524398803711
509,-0.0426843985915184
510,0.4773350656032562
511,0.3434961140155792
512,-0.007965254597365856
513,0.4261259436607361
514,0.312171995639801
515,0.09809290617704391
516,0.4833899140357971
517,0.31636661291122437
518,-0.0018972356338053942
519,0.47347697615623474
520,0.3683069050312042
521,-0.004707234911620617
522,0.44138145446777344
523,0.3014489412307739
524,0.02504691854119301
525,0.47701597213745117
526,0.3560244143009186
527,-0.027874348685145378
528,0.43301820755004883
529,0.3912387192249298
530,0.10029647499322891
531,0.47942134737968445
532,0.30086830258369446
533,0.010218873620033264
534,0.4825122654438019
535,0.3492067754268646
536,-0.03733342885971069
537,0.45077210664749146
538,0.4547571539878845
539,0.04704746976494789
540,0.4535225033760071
541,0.4678540825843811
542,0.06118365749716759
543,0.42410099506378174
544,0.3614922761917114
545,0.07312143594026566
546,0.4428365230560303
547,0.43683725595474243
548,0.05718076974153519
549,0.4255680739879608
550,0.28980278968811035
551,0.059229861944913864
552,0.47755929827690125
553,0.5031981468200684
554,0.020565195009112358
555,0.4954726994037628
556,0.3800773620605469
557,-0.0312981903553009
558,0.4712620973587036
559,0.3525870442390442
560,-0.0035443762317299843
561,0.4270508289337158
562,0.312280535697937
563,0.046158988028764725
564,0.4542118310928345
565,0.30594488978385925
566,0.013749015517532825
567,0.46115222573280334
568,0.30640190839767456
569,0.010690244846045971
570,0.4763246774673462
571,0.44784146547317505
572,0.0067347269505262375
573,0.43049970269203186
574,0.3825955390930176
575,0.043900903314352036
576,0.4924464821815491
577,0.5237976312637329
578,0.0209646038711071
579,0.4701543152332306
580,0.5001606941223145
581,0.03925412520766258
582,0.46212834119796753
583,0.4861096739768982
584,0.04890432208776474
585,0.4980772137641907
586,0.23234233260154724
587,-0.016975607722997665
588,0.5108048915863037
589,0.528229832649231
590,0.016185102984309196
591,0.4677959084510803
592,0.3052787184715271
593,0.009129399433732033
594,0.47377756237983704
595,0.30311813950538635
596,0.009269442409276962
597,0.4775901734828949
598,0.3018719255924225
599,0.010357605293393135
600,0.4282803535461426
601,0.29264214634895325
602,0.03757544234395027
603,0.47273868322372437
604,0.29496461153030396
605,0.008300423622131348
606,0.46604081988334656
607,0.29307711124420166
608,0.007387641351670027
609,0.458915114402771
610,0.29288116097450256
611,0.008895836770534515
612,0.4520176351070404
613,0.29475563764572144
614,0.012093724682927132
615,0.44788843393325806
616,0.2974355220794678
617,0.015720438212156296
618,0.42472854256629944
619,0.28488269448280334
620,0.08360640704631805
621,0.4496123790740967
622,0.30458545684814453
623,0.017089642584323883
624,0.5012524127960205
625,0.39403319358825684
626,-0.023434748873114586
627,0.4759805202484131
628,0.40064555406570435
629,-0.010372943244874477
630,0.479223370552063
631,0.37281373143196106
632,-0.02304765395820141
633,0.48976871371269226
634,0.39574068784713745
635,-0.020575353875756264
636,0.49943238496780396
637,0.2916072607040405
638,-0.01883304864168167
639,0.45918893814086914
640,0.47251251339912415
641,0.03886008635163307
642,0.46796178817749023
643,0.4873349964618683
644,0.030362557619810104
645,0.49107733368873596
646,0.5151495933532715
647,0.011237995699048042
648,0.44675901532173157
649,0.44824352860450745
650,0.0764516070485115
651,0.47722259163856506
652,0.2982944846153259
653,0.009381194598972797
654,0.48582372069358826
655,0.32726219296455383
656,-0.021444831043481827
657,0.5092153549194336
658,0.519843339920044
659,0.0069499751552939415
660,0.47962674498558044
661,0.5135982036590576
662,0.028951600193977356
663,0.42804861068725586
664,0.3877539038658142
665,0.07179214060306549
666,0.4900481700897217
667,0.4528805613517761
668,-0.0028498023748397827
669,0.4880352318286896
670,0.4568900465965271
671,-0.0037226942367851734
672,0.48581379652023315
673,0.46273285150527954
674,-0.004053083248436451
675,0.4844038486480713
676,0.46902450919151306
677,-0.0020067966543138027
678,0.48370930552482605
679,0.4740907549858093
680,0.005394089967012405
681,0.4818567633628845
682,0.43378186225891113
683,0.0013596588978543878
684,0.4785456657409668
685,0.4326815605163574
686,0.0018159515457227826
687,0.4757971465587616
688,0.4306493401527405
689,0.0021875740494579077
690,0.46799352765083313
691,0.4211716651916504
692,0.004871560726314783
693,0.4395827054977417
694,0.38931187987327576
695,0.02517600730061531
696,0.48702722787857056
697,0.31545084714889526
698,-0.013763749971985817
699,0.48470479249954224
700,0.29395216703414917
701,0.001971219666302204
702,0.48038074374198914
703,0.2948381304740906
704,0.006691290065646172
705,0.48449838161468506
706,0.43181270360946655
707,0.001956170191988349
708,0.442790150642395
709,0.41945070028305054
710,0.03997727110981941
711,0.4900091886520386
712,0.29390382766723633
713,-0.010691599920392036
714,0.48121964931488037
715,0.4804878234863281
716,0.011243819259107113
717,0.4968547821044922
718,0.3300977647304535
719,-0.03965630754828453
720,0.4905830919742584
721,0.3209379017353058
722,-0.028605498373508453
723,0.49774155020713806
724,0.31797218322753906
725,-0.03191377967596054
726,0.4803183972835541
727,0.34588736295700073
728,-0.020448584109544754
729,0.508215606212616
730,0.5075923204421997
731,0.0028549099806696177
732,0.5073713064193726
733,0.49492162466049194
734,0.002887262497097254
735,0.4934091567993164
736,0.4915406107902527
737,0.006209810264408588
738,0.46486175060272217
739,0.4513609707355499
740,0.01852559484541416
741,0.4685547351837158
742,0.3788420557975769
743,-0.0010363778565078974
744,0.4720996618270874
745,0.4668932557106018
746,0.015396694652736187
747,0.45290517807006836
748,0.3786718249320984
749,0.006147280335426331
750,0.46356892585754395
751,0.39261066913604736
752,0.0023985812440514565
753,0.44976431131362915
754,0.3989649713039398
755,0.015284491702914238
756,0.49157774448394775
757,0.5033126473426819
758,0.007277342956513166
759,0.4766327738761902
760,0.35267096757888794
761,-0.013321606442332268
762,0.4595942497253418
763,0.45947131514549255
764,0.028079425916075706
765,0.4688531458377838
766,0.47548922896385193
767,0.023062441498041153
768,0.45918259024620056
769,0.4341365396976471
770,0.01887873187661171
771,0.4349702000617981
772,0.40347591042518616
773,0.04735230281949043
774,0.45111361145973206
775,0.43481701612472534
776,0.02860981412231922
777,0.4342758059501648
778,0.412842333316803
779,0.06827991455793381
780,0.46049875020980835
781,0.4100940525531769
782,0.00859705451875925
783,0.48167937994003296
784,0.3352527320384979
785,-0.014249738305807114
786,0.47953325510025024
787,0.36899906396865845
788,-0.03354990482330322
789,0.4759248197078705
790,0.37203967571258545
791,-0.023559149354696274
792,0.48170748353004456
793,0.36126986145973206
794,-0.0406346395611763
795,0.47824952006340027
796,0.28548237681388855
797,0.0005323408986441791
798,0.46489834785461426
799,0.2803577780723572
800,0.0003315241483505815
801,0.4534177780151367
802,0.2797093391418457
803,0.0025724098086357117
804,0.4445074498653412
805,0.2817741632461548
806,0.007741747424006462
807,0.439053475856781
808,0.2866678833961487
809,0.01451538223773241
810,0.4374035596847534
811,0.3055840730667114
812,0.028982268646359444
813,0.4227641820907593
814,0.3366701006889343
815,0.07172589004039764
816,0.4427095651626587
817,0.32104721665382385
818,0.021542180329561234
819,0.4503198564052582
820,0.3240278661251068
821,0.014941205270588398
822,0.46043387055397034
823,0.32310575246810913
824,0.009794441983103752
825,0.47006523609161377
826,0.31965821981430054
827,0.007143731694668531
828,0.4773443341255188
829,0.3153335750102997
830,0.004780814982950687
831,0.48223719000816345
832,0.3113652765750885
833,0.003509999718517065
834,0.4285966157913208
835,0.33758655190467834
836,0.1044272780418396
837,0.4770895838737488
838,0.3753451406955719
839,-0.01931319199502468
840,0.48468005657196045
841,0.3379024565219879
842,-0.028177842497825623
843,0.4842779338359833
844,0.369854211807251
845,-0.041406575590372086
846,0.48983389139175415
847,0.3757697641849518
848,-0.038769133388996124
849,0.4850953221321106
850,0.37166887521743774
851,-0.0371706448495388
852,0.48009994626045227
853,0.37907934188842773
854,-0.01668032445013523
855,0.4910041093826294
856,0.37703028321266174
857,-0.04129726439714432
858,0.4928624629974365
859,0.3793010711669922
860,-0.031064890325069427
861,0.48208490014076233
862,0.301582008600235
863,0.00787914078682661
864,0.4860493540763855
865,0.3049665093421936
866,0.001398288062773645
867,0.4875625967979431
868,0.307294100522995
869,-0.005572512745857239
870,0.4455222487449646
871,0.2993074059486389
872,0.018922042101621628
873,0.44106802344322205
874,0.2950747609138489
875,0.019808746874332428
876,0.5046737790107727
877,0.3317924737930298
878,-0.03797265142202377
879,0.5654083490371704
880,0.29970383644104004
881,0.0004438487521838397
882,0.5072682499885559
883,0.37669676542282104
884,-0.03292200341820717
885,0.600620448589325
886,0.25407612323760986
887,0.0351923331618309
888,0.5399572849273682
889,0.30963218212127686
890,-0.00478542922064662
891,0.548595666885376
892,0.3105542063713074
893,-0.005625325255095959
894,0.5572237372398376
895,0.31028667092323303
896,-0.004693442024290562
897,0.5694445371627808
898,0.304061621427536
899,0.0008402561652474105
900,0.5327752232551575
901,0.30679234862327576
902,-0.002869753399863839
903,0.551025390625
904,0.28086087107658386
905,-0.010086845606565475
906,0.5414491295814514
907,0.2816312611103058
908,-0.008202788420021534
909,0.5601486563682556
910,0.2824181914329529
911,-0.00865867268294096
912,0.5665388107299805
913,0.28628742694854736
914,-0.005737626925110817
915,0.5767759084701538
916,0.3119516372680664
917,0.004060427658259869
918,0.5424156188964844
919,0.49171164631843567
920,0.006426328793168068
921,0.5689390301704407
922,0.29723161458969116
923,0.0026412473525851965
924,0.6064205169677734
925,0.30548256635665894
926,0.03842175379395485
927,0.5872820615768433
928,0.3041751980781555
929,0.011307748034596443
930,0.5465436577796936
931,0.3599681854248047
932,-0.01279254537075758
933,0.514037013053894
934,0.41244956851005554
935,-0.02627662941813469
936,0.5134795308113098
937,0.42570194602012634
938,-0.02240811288356781
939,0.5266444087028503
940,0.41627615690231323
941,-0.022727323696017265
942,0.5344575643539429
943,0.4218655526638031
944,-0.01654953695833683
945,0.5221447944641113
946,0.4265804886817932
947,-0.020131370052695274
948,0.5287285447120667
949,0.4282723069190979
950,-0.014238190837204456
951,0.548001229763031
952,0.4470657706260681
953,-0.0002216306165792048
954,0.5037966966629028
955,0.371267706155777
956,-0.048364993184804916
957,0.5042980909347534
958,0.3593216836452484
959,-0.05113464221358299
960,0.5792026519775391
961,0.276122510433197
962,-0.005679955706000328
963,0.5283172130584717
964,0.3300337791442871
965,-0.01285098772495985
966,0.527927815914154
967,0.3661789000034332
968,-0.029787538573145866
969,0.528960108757019
970,0.35983869433403015
971,-0.027243660762906075
972,0.5732402205467224
973,0.35838350653648376
974,-0.006937004160135984
975,0.5041919946670532
976,0.3442888855934143
977,-0.04627299681305885
978,0.5555658340454102
979,0.2653099298477173
980,-0.017659053206443787
981,0.5692073702812195
982,0.2684958875179291
983,-0.013124259188771248
984,0.5892338752746582
985,0.23327358067035675
986,0.019684448838233948
987,0.5168453454971313
988,0.27672243118286133
989,-0.019414445385336876
990,0.5335076451301575
991,0.28530701994895935
992,-0.004358230624347925
993,0.553081750869751
994,0.43115368485450745
995,-0.0010717323748394847
996,0.6037063598632812
997,0.4202965199947357
998,0.06370962411165237
999,0.5218313336372375
1000,0.3730490207672119
1001,-0.025304267182946205
1002,0.5144837498664856
1003,0.37765443325042725
1004,-0.025082021951675415
1005,0.5440027117729187
1006,0.4344028830528259
1007,-0.0015252766897901893
1008,0.5392330884933472
1009,0.4341365098953247
1010,-0.00314310216344893
1011,0.5741040706634521
1012,0.26054495573043823
1013,-0.0092550003901124
1014,0.5290884375572205
1015,0.37147945165634155
1016,-0.024869833141565323
1017,0.5381472706794739
1018,0.26736971735954285
1019,-0.019919361919164658
1020,0.5392544865608215
1021,0.25747445225715637
1022,-0.021943513303995132
1023,0.5490440726280212
1024,0.20644636452198029
1025,-0.007800986524671316
1026,0.5811117887496948
1027,0.24622344970703125
1028,0.0034267688170075417
1029,0.5428972244262695
1030,0.23060359060764313
1031,-0.015209956094622612
1032,0.5849728584289551
1033,0.2704938054084778
1034,0.0011035575298592448
1035,0.5925658941268921
1036,0.2628712058067322
1037,0.017545560374855995
1038,0.5139135122299194
1039,0.420087605714798
1040,-0.025449667125940323
1041,0.5242637991905212
1042,0.42245224118232727
1043,-0.021792717278003693
1044,0.5316177606582642
1045,0.42524924874305725
1046,-0.016165398061275482
1047,0.5198397636413574
1048,0.3754594624042511
1049,-0.023277949541807175
1050,0.5415966510772705
1051,0.4346000850200653
1052,-0.0024231949355453253
1053,0.5382108688354492
1054,0.4432193636894226
1055,-0.004913719836622477
1056,0.5380525588989258
1057,0.43317538499832153
1058,-0.0032627175096422434
1059,0.5156437754631042
1060,0.36971625685691833
1061,-0.03735410049557686
1062,0.5270771384239197
1063,0.4274183213710785
1064,-0.012735533528029919
1065,0.5207328200340271
1066,0.4270499050617218
1067,-0.01662079431116581
1068,0.5130457282066345
1069,0.42740723490715027
1070,-0.018861955031752586
1071,0.520160436630249
1072,0.48357093334198
1073,8.467629231745377e-05
1074,0.5181536078453064
1075,0.47637510299682617
1076,-0.010093467310070992
1077,0.5165461897850037
1078,0.4691420793533325
1079,-0.012586654163897038
1080,0.5150401592254639
1081,0.46097874641418457
1082,-0.011496106162667274
1083,0.5139667391777039
1084,0.4552655816078186
1085,-0.01033568661659956
1086,0.5286549925804138
1087,0.44634848833084106
1088,-0.0065404935739934444
1089,0.5305755734443665
1090,0.44843190908432007
1091,-0.007545878645032644
1092,0.5336076021194458
1093,0.4519020915031433
1094,-0.008122211322188377
1095,0.5363792777061462
1096,0.45545750856399536
1097,-0.006695613730698824
1098,0.5407099723815918
1099,0.4066724479198456
1100,-0.014715628698468208
1101,0.6122545599937439
1102,0.35819995403289795
1103,0.07369103282690048
1104,0.5329872965812683
1105,0.44150522351264954
1106,-0.004106317181140184
1107,0.5354030728340149
1108,0.4422435164451599
1109,-0.00479245325550437
1110,0.5118326544761658
1111,0.38355326652526855
1112,-0.024892140179872513
1113,0.5269212126731873
1114,0.3792700171470642
1115,-0.017412548884749413
1116,0.5130784511566162
1117,0.38072124123573303
1118,-0.025315331295132637
1119,0.5378550887107849
1120,0.3365015983581543
1121,-0.011230554431676865
1122,0.552186131477356
1123,0.3443189561367035
1124,-0.010824899189174175
1125,0.5311748385429382
1126,0.36524543166160583
1127,-0.022282660007476807
1128,0.5727065801620483
1129,0.21678058803081512
1130,0.00429586973041296
1131,0.5652255415916443
1132,0.234879732131958
1133,-0.00699557876214385
1134,0.55832439661026
1135,0.2554818391799927
1136,-0.016230911016464233
1137,0.5416119694709778
1138,0.460213303565979
1139,-0.0012071613455191255
1140,0.5187927484512329
1141,0.26112931966781616
1142,-0.023163750767707825
1143,0.5214337706565857
1144,0.2305467277765274
1145,-0.01837911084294319
1146,0.5250095129013062
1147,0.20247229933738708
1148,-0.013005289249122143
1149,0.5649583339691162
1150,0.30819010734558105
1151,-0.0020600061397999525
1152,0.5867034792900085
1153,0.3201983869075775
1154,0.007739477325230837
1155,0.528123676776886
1156,0.30394843220710754
1157,-0.0012227952247485518
1158,0.5766125321388245
1159,0.2902477979660034
1160,0.00027511781081557274
1161,0.5214405655860901
1162,0.32270583510398865
1163,-0.01535283774137497
1164,0.5212265253067017
1165,0.3622383177280426
1166,-0.037615612149238586
1167,0.5973835587501526
1168,0.32815656065940857
1169,0.015550532378256321
1170,0.5798930525779724
1171,0.32848817110061646
1172,0.0008062739507295191
1173,0.5678153038024902
1174,0.3329032361507416
1175,-0.005333012901246548
1176,0.5507633686065674
1177,0.33121174573898315
1178,-0.007207006681710482
1179,0.5383926630020142
1180,0.32636889815330505
1181,-0.007141677662730217
1182,0.529111921787262
1183,0.3211764395236969
1184,-0.008240853436291218
1185,0.5075326561927795
1186,0.30777397751808167
1187,-0.022941170260310173
1188,0.5962074995040894
1189,0.35336583852767944
1190,0.01333257183432579
1191,0.5839365124702454
1192,0.288727343082428
1193,0.0031001693569123745
1194,0.5021153688430786
1195,0.3775552809238434
1196,-0.04400050640106201
1197,0.5273274779319763
1198,0.3417764902114868
1199,-0.016102708876132965
1200,0.611680805683136
1201,0.304507315158844
1202,0.06614333391189575
1203,0.5218636393547058
1204,0.31510499119758606
1205,-0.008721218444406986
1206,0.5328095555305481
1207,0.3659212291240692
1208,-0.013067865744233131
1209,0.572489857673645
1210,0.2976053059101105
1211,0.0036787893623113632
1212,0.5222047567367554
1213,0.35445764660835266
1214,-0.03437712416052818
1215,0.6104554533958435
1216,0.38770002126693726
1217,0.07076619565486908
1218,0.5285910964012146
1219,0.2997088134288788
1220,0.000961728859692812
1221,0.5132036805152893
1222,0.34816908836364746
1223,-0.04203901067376137
1224,0.5810546278953552
1225,0.45493680238723755
1226,0.026577956974506378
1227,0.5838871002197266
1228,0.46915295720100403
1229,0.040291666984558105
1230,0.6086099147796631
1231,0.35646411776542664
1232,0.042967215180397034
1233,0.5914639830589294
1234,0.4356374740600586
1235,0.033124882727861404
1236,0.5997897386550903
1237,0.28218239545822144
1238,0.030251067131757736
1239,0.5455610156059265
1240,0.5046682357788086
1241,0.0108457300812006
1242,0.5022770762443542
1243,0.3798143267631531
1244,-0.03219816833734512
1245,0.5357803702354431
1246,0.35020771622657776
1247,-0.013628575019538403
1248,0.5957754850387573
1249,0.3061171770095825
1250,0.018770752474665642
1251,0.5559616088867188
1252,0.30291998386383057
1253,-0.0033964836038649082
1254,0.5482987761497498
1255,0.303671658039093
1256,-0.004514839965850115
1257,0.5411173701286316
1258,0.4443131387233734
1259,-0.003967005759477615
1260,0.5953881144523621
1261,0.37829646468162537
1262,0.01703794114291668
1263,0.5305081009864807
1264,0.5250739455223083
1265,0.015398218296468258
1266,0.5593910217285156
1267,0.5026934146881104
1268,0.025689849629998207
1269,0.571183443069458
1270,0.48851221799850464
1271,0.03199869394302368
1272,0.5411427021026611
1273,0.30298885703086853
1274,-0.0038504337426275015
1275,0.5345749855041504
1276,0.3012694716453552
1277,-0.0019010665128007531
1278,0.5304980874061584
1279,0.30049726366996765
1280,0.00038595564546994865
1281,0.5910083055496216
1282,0.28606995940208435
1283,0.01095699705183506
1284,0.5356951355934143
1285,0.29306262731552124
1286,-0.003305919701233506
1287,0.5429443120956421
1288,0.290632963180542
1289,-0.006055954843759537
1290,0.5501955151557922
1291,0.29014861583709717
1292,-0.006735048722475767
1293,0.5577654242515564
1294,0.29163670539855957
1295,-0.005630300380289555
1296,0.562912106513977
1297,0.2941306233406067
1298,-0.0031971544958651066
1299,0.6076526641845703
1300,0.27630510926246643
1301,0.052363280206918716
1302,0.5614464282989502
1303,0.3014020323753357
1304,-0.0014803786762058735
1305,0.5321963429450989
1306,0.3984614610671997
1307,-0.01876453496515751
1308,0.5215835571289062
1309,0.3711904287338257
1310,-0.02852645143866539
1311,0.5141704678535461
1312,0.3948797285556793
1313,-0.024132579565048218
1314,0.57023024559021
1315,0.4737834334373474
1316,0.022275062277913094
1317,0.5587417483329773
1318,0.48914065957069397
1319,0.017155515030026436
1320,0.5288975834846497
1321,0.516090452671051
1322,0.005868737120181322
1323,0.5940476655960083
1324,0.4479871392250061
1325,0.05168459564447403
1326,0.5307329297065735
1327,0.2970196008682251
1328,-0.0008939479012042284
1329,0.5135570764541626
1330,0.3263610005378723
1331,-0.02603529579937458
1332,0.5460831522941589
1333,0.5156650543212891
1334,0.018888721242547035
1335,0.6066635847091675
1336,0.38402968645095825
1337,0.0429217666387558
1338,0.5219898819923401
1339,0.45138704776763916
1340,-0.008948365226387978
1341,0.5239248871803284
1342,0.455357164144516
1343,-0.009968897327780724
1344,0.526431679725647
1345,0.46131548285484314
1346,-0.010635334067046642
1347,0.5287488698959351
1348,0.46779194474220276
1349,-0.008810912258923054
1350,0.5327955484390259
1351,0.47337350249290466
1352,-0.0019863781053572893
1353,0.5348329544067383
1354,0.4302389919757843
1355,-0.008906334638595581
1356,0.5377235412597656
1357,0.4290512204170227
1358,-0.009281905367970467
1359,0.5404284596443176
1360,0.4269210398197174
1361,-0.009487115778028965
1362,0.5478491187095642
1363,0.41764113306999207
1364,-0.008588622324168682
1365,0.5813166499137878
1366,0.38531506061553955
1367,0.002191162435337901
1368,0.5143645405769348
1369,0.3144925534725189
1370,-0.018581241369247437
1371,0.5202601552009583
1372,0.29275208711624146
1373,-0.004087455570697784
1374,0.5263492465019226
1375,0.29337283968925476
1376,-0.0018838181858882308
1377,0.5327864289283752
1378,0.4284176528453827
1379,-0.007794822100549936
1380,0.5847447514533997
1381,0.4169028401374817
1382,0.016986316069960594
1383,0.5113599896430969
1384,0.2930220365524292
1385,-0.014223774895071983
1386,0.5379247665405273
1387,0.48058420419692993
1388,0.0032651477959007025
1389,0.5062118768692017
1390,0.3203388452529907
1391,-0.03102634660899639
1392,0.5204879641532898
1393,0.3445003032684326
1394,-0.026368360966444016
1395,0.5231391787528992
1396,0.4917559027671814
1397,0.002383446553722024
1398,0.5568771958351135
1399,0.4499390721321106
1400,0.00467476574704051
1401,0.5405073165893555
1402,0.3761049509048462
1403,-0.011653248220682144
1404,0.5490575432777405
1405,0.46648693084716797
1406,0.004451320972293615
1407,0.5602452158927917
1408,0.37505030632019043
1409,-0.01044613216072321
1410,0.5487650632858276
1411,0.3896105885505676
1412,-0.010709233582019806
1413,0.5682966709136963
1414,0.39548352360725403
1415,-0.0035555579233914614
1416,0.5263378620147705
1417,0.5037690997123718
1418,0.0021942206658422947
1419,0.5269126892089844
1420,0.35082393884658813
1421,-0.020817454904317856
1422,0.5655823945999146
1423,0.4593513309955597
1424,0.012370184063911438
1425,0.5547475218772888
1426,0.4762449860572815
1427,0.010916564613580704
1428,0.561898946762085
1429,0.4315303862094879
1430,0.0021546012721955776
1431,0.5938065052032471
1432,0.40027064085006714
1433,0.021738754585385323
1434,0.5738641023635864
1435,0.433036744594574
1436,0.009283858351409435
1437,0.6014412641525269
1438,0.41037148237228394
1439,0.040834635496139526
1440,0.5560635924339294
1441,0.40666908025741577
1442,-0.0070625790394842625
1443,0.5203816294670105
1444,0.33387988805770874
1445,-0.020709335803985596
1446,0.5182223320007324
1447,0.3676539957523346
1448,-0.03929103910923004
1449,0.5252143144607544
1450,0.37019193172454834
1451,-0.03026686981320381
1452,0.513020396232605
1453,0.3602878153324127
1454,-0.0453750416636467
1455,0.5260923504829407
1456,0.283603698015213
1457,-0.007757709827274084
1458,0.5398591756820679
1459,0.27705642580986023
1460,-0.011492034420371056
1461,0.5525478720664978
1462,0.27541109919548035
1463,-0.012929138727486134
1464,0.563621461391449
1465,0.2769808769226074
1466,-0.0110943503677845
1467,0.5718347430229187
1468,0.2816697359085083
1469,-0.006552897859364748
1470,0.5788169503211975
1471,0.3009863495826721
1472,0.006171016022562981
1473,0.6087136268615723
1474,0.33054104447364807
1475,0.040666427463293076
1476,0.5716402530670166
1477,0.3168518543243408
1478,0.0004971890593878925
1479,0.5620093941688538
1480,0.3202362656593323
1481,-0.0034726234152913094
1482,0.5501250624656677
1483,0.3202083110809326
1484,-0.005392657592892647
1485,0.5390616655349731
1486,0.31738829612731934
1487,-0.004860594868659973
1488,0.5305951833724976
1489,0.3136439919471741
1490,-0.004284233320504427
1491,0.5245636701583862
1492,0.3100420832633972
1493,-0.003878879128023982
1494,0.6122882962226868
1495,0.3311777412891388
1496,0.07257326692342758
1497,0.5255118012428284
1498,0.3732937276363373
1499,-0.02582760527729988
1500,0.5126779675483704
1501,0.3369940221309662
1502,-0.03281255066394806
1503,0.510761559009552
1504,0.36900728940963745
1505,-0.04512212425470352
1506,0.5070895552635193
1507,0.37510979175567627
1508,-0.0408477857708931
1509,0.5115953683853149
1510,0.37078845500946045
1511,-0.04089941084384918
1512,0.5235464572906494
1513,0.3772886395454407
1514,-0.022197090089321136
1515,0.5050346851348877
1516,0.3764602839946747
1517,-0.04298223555088043
1518,0.5052827000617981
1519,0.37883099913597107
1520,-0.03247883543372154
1521,0.5249922275543213
1522,0.30052706599235535
1523,0.00016524759121239185
1524,0.5196703672409058
1525,0.303952157497406
1526,-0.004357622936367989
1527,0.5162336826324463
1528,0.306293249130249
1529,-0.010418891906738281
1530,0.5661600232124329
1531,0.29591548442840576
1532,-0.0008005803101696074
1533,0.5714548826217651
1534,0.2908327281475067
1535,-0.0011115634115412831
1536,0.0
1537,0.0
1538,0.0
1539,0.0
1540,0.0
1541,0.0
1542,0.0
1543,0.0
1544,0.0
1545,0.0
1546,0.0
1547,0.0
1548,0.0
1549,0.0
1550,0.0
1551,0.0
1552,0.0
1553,0.0
1554,0.0
1555,0.0
1556,0.0
1557,0.0
1558,0.0
1559,0.0
1560,0.0
1561,0.0
1562,0.0
1563,0.0
1564,0.0
1565,0.0
1566,0.0
1567,0.0
1568,0.0
1569,0.0
1570,0.0
1571,0.0
1572,0.0
1573,0.0
1574,0.0
1575,0.0
1576,0.0
1577,0.0
1578,0.0
1579,0.0
1580,0.0
1581,0.0
1582,0.0
1583,0.0
1584,0.0
1585,0.0
1586,0.0
1587,0.0
1588,0.0
1589,0.0
1590,0.0
1591,0.0
1592,0.0
1593,0.0
1594,0.0
1595,0.0
1596,0.0
1597,0.0
1598,0.0
1599,0.30308273434638977
1600,0.45184528827667236
1601,1.2629287482468499e-07
1602,0.3433440029621124
1603,0.4524528384208679
1604,0.001931020524352789
1605,0.37081262469291687
1606,0.41475623846054077
1607,0.0074602109380066395
1608,0.3839135766029358
1609,0.3866555988788605
1610,0.009806730784475803
1611,0.39864715933799744
1612,0.3682943880558014
1613,0.012149928137660027
1614,0.37584564089775085
1615,0.32664719223976135
1616,0.020725717768073082
1617,0.400651216506958
1618,0.2814498245716095
1619,0.016614343971014023
1620,0.4193318486213684
1621,0.2549734115600586
1622,0.010402063839137554
1623,0.43477678298950195
1624,0.2318439483642578
1625,0.005725251045078039
1626,0.36690786480903625
1627,0.31333228945732117
1628,0.01308475062251091
1629,0.3936278522014618
1630,0.26520124077796936
1631,0.010277136228978634
1632,0.4140627682209015
1633,0.23906657099723816
1634,0.004859443288296461
1635,0.43297603726387024
1636,0.21530358493328094
1637,0.0006796332891099155
1638,0.3554060161113739
1639,0.30508068203926086
1640,0.0028840056620538235
1641,0.3814844787120819
1642,0.2579633593559265
1643,-0.0008549162885174155
1644,0.40042299032211304
1645,0.231743723154068
1646,-0.004194431472569704
1647,0.418010950088501
1648,0.2080266773700714
1649,-0.0063752178102731705
1650,0.34014880657196045
1651,0.30204400420188904
1652,-0.008284748531877995
1653,0.35954803228378296
1654,0.25776150822639465
1655,-0.010464354418218136
1656,0.37712764739990234
1657,0.23410293459892273
1658,-0.010086482390761375
1659,0.394672155380249
1660,0.21488416194915771
1661,-0.009858610108494759
