,0
0,0.42258158326148987
1,0.3360562324523926
2,-0.7922399044036865
3,0.9999397397041321
4,0.4458656311035156
5,0.2783917486667633
6,-0.7308117151260376
7,0.9998603463172913
8,0.45957034826278687
9,0.27965033054351807
10,-0.7309776544570923
11,0.9998918771743774
12,0.47281408309936523
13,0.28180524706840515
14,-0.7308031916618347
15,0.9998442530632019
16,0.3964131474494934
17,0.2779112458229065
18,-0.7306469082832336
19,0.9998714327812195
20,0.3783993124961853
21,0.2785147726535797
22,-0.7299655675888062
23,0.999898374080658
24,0.3624509274959564
25,0.28045427799224854
26,-0.730075478553772
27,0.9998745918273926
28,0.4921921193599701
29,0.3138694167137146
30,-0.3544570803642273
31,0.9998462200164795
32,0.3401947021484375
33,0.31695449352264404
34,-0.3345145881175995
35,0.9998916387557983
36,0.4505256712436676
37,0.40261203050613403
38,-0.6548768281936646
39,0.9998293519020081
40,0.39078307151794434
41,0.40579766035079956
42,-0.6498466730117798
43,0.999855101108551
44,0.6396211385726929
45,0.6729993224143982
46,-0.14603599905967712
47,0.9985783100128174
48,0.21147020161151886
49,0.6884151697158813
50,-0.17147663235664368
51,0.9986318945884705
52,0.7240217328071594
53,0.974461019039154
54,-0.338367760181427
55,0.5641452670097351
56,0.1472332775592804
57,1.1571152210235596
58,-0.6108871698379517
59,0.7598008513450623
60,0.6998177170753479
61,1.1021480560302734
62,-0.8984349370002747
63,0.6122371554374695
64,0.2009545862674713
65,0.9513452649116516
66,-1.6299951076507568
67,0.8814353346824646
68,0.7072616219520569
69,1.1483778953552246
70,-1.017311930656433
71,0.6153015494346619
72,0.2223549336194992
73,0.8894603252410889
74,-1.8069308996200562
75,0.8584408760070801
76,0.6838838458061218
77,1.0943292379379272
78,-1.0162169933319092
79,0.6666703224182129
80,0.22043077647686005
81,0.7930027842521667
82,-1.7914273738861084
83,0.8828461170196533
84,0.6708356142044067
85,1.0871070623397827
86,-0.9183074235916138
87,0.6468861103057861
88,0.23099294304847717
89,0.811054527759552
90,-1.6491632461547852
91,0.8691346645355225
92,0.5954208970069885
93,1.4062522649765015
94,-0.04113531857728958
95,0.003530195215716958
96,0.30556410551071167
97,1.4229360818862915
98,0.04615069180727005
99,0.003979260101914406
100,0.5891669988632202
101,2.006918430328369
102,0.018249386921525
103,0.0017903121188282967
104,0.3244905471801758
105,2.026573896408081
106,0.14216743409633636
107,0.0007428339449688792
108,0.602753758430481
109,2.541613817214966
110,0.5879637598991394
111,0.00012893164239358157
112,0.3540193438529968
113,2.555204153060913
114,0.5868111252784729
115,1.5621972124790773e-05
116,0.6096094846725464
117,2.621691942214966
118,0.6064025163650513
119,9.424016752745956e-05
120,0.3509034216403961
121,2.6287190914154053
122,0.6137083768844604
123,2.804602263495326e-05
124,0.5764389634132385
125,2.7095916271209717
126,0.04413985088467598
127,0.00012873929517809302
128,0.40238624811172485
129,2.7316298484802246
130,0.00667201355099678
131,7.877575262682512e-05
132,0.4136200547218323
133,0.38445401191711426
134,-0.026777207851409912
135,0.4107876420021057
136,0.3458439111709595
137,-0.046747758984565735
138,0.41212528944015503
139,0.35905519127845764
140,-0.02624361589550972
141,0.4035342335700989
142,0.30937185883522034
143,-0.03350349888205528
144,0.41046422719955444
145,0.3335740268230438
146,-0.04908911883831024
147,0.410347580909729
148,0.3187093436717987
149,-0.045085322111845016
150,0.4104668200016022
151,0.2848905622959137
152,-0.020681537687778473
153,0.3534821569919586
154,0.28847256302833557
155,0.01479739136993885
156,0.4103766679763794
157,0.260496586561203
158,-0.01390780508518219
159,0.41024264693260193
160,0.24540945887565613
161,-0.014776569791138172
162,0.40989115834236145
163,0.18837442994117737
164,-0.002699017757549882
165,0.4139142632484436
166,0.3903828263282776
167,-0.02600574865937233
168,0.4141404628753662
169,0.395050585269928
170,-0.023611383512616158
171,0.41432079672813416
172,0.39687982201576233
173,-0.020107358694076538
174,0.41477155685424805
175,0.4144793450832367
176,-0.01607714407145977
177,0.4148517847061157
178,0.41987577080726624
179,-0.01766095869243145
180,0.4149738848209381
181,0.4266051948070526
182,-0.019502000883221626
183,0.415115088224411
184,0.43397870659828186
185,-0.017977379262447357
186,0.4152568280696869
187,0.4450233578681946
188,-0.010186465457081795
189,0.411205917596817
190,0.3525061309337616
191,-0.04277128353714943
192,0.4037567377090454
193,0.3526385724544525
194,-0.03125867247581482
195,0.327791690826416
196,0.25184309482574463
197,0.05709400027990341
198,0.37657681107521057
199,0.2967156171798706
200,0.005415862426161766
201,0.3686513900756836
202,0.29800763726234436
203,0.006108809728175402
204,0.36100417375564575
205,0.29794782400131226
206,0.008564767427742481
207,0.35047274827957153
208,0.29297298192977905
209,0.015916498377919197
210,0.3832020163536072
211,0.2934502065181732
212,0.006014666985720396
213,0.3655563294887543
214,0.2694510519504547
215,0.003329767379909754
216,0.37413734197616577
217,0.2698802947998047
218,0.0032858799677342176
219,0.3575226366519928
220,0.2714390754699707
221,0.006153486203402281
222,0.35220909118652344
223,0.2755821943283081
224,0.009657824411988258
225,0.3446095585823059
226,0.3010075092315674
227,0.019907716661691666
228,0.38387495279312134
229,0.46024128794670105
230,-3.216389086446725e-05
231,0.35066550970077515
232,0.2863069772720337
233,0.01771424151957035
234,0.32417091727256775
235,0.30112308263778687
236,0.05803798884153366
237,0.3363216817378998
238,0.29529905319213867
239,0.028871852904558182
240,0.37016597390174866
241,0.3416828513145447
242,-0.00510826800018549
243,0.40190479159355164
244,0.3831745386123657
245,-0.025273222476243973
246,0.4039115905761719
247,0.3954421579837799
248,-0.0218999981880188
249,0.39046865701675415
250,0.3877483904361725
251,-0.01975632645189762
252,0.38372108340263367
253,0.39354127645492554
254,-0.01207293663173914
255,0.3956640958786011
256,0.396924763917923
257,-0.017569631338119507
258,0.3896103501319885
259,0.3991749882698059
260,-0.010465760715305805
261,0.3751986622810364
262,0.41740310192108154
263,0.002799677662551403
264,0.40391287207603455
265,0.3459170162677765
266,-0.04588548466563225
267,0.402574360370636
268,0.3342020511627197
269,-0.048010267317295074
270,0.3401453495025635
271,0.2652052044868469
272,0.012759014032781124
273,0.3865360617637634
274,0.3128827214241028
275,-0.005473722703754902
276,0.3842707574367523
277,0.3447352349758148
278,-0.02473028190433979
279,0.3836731016635895
280,0.339057058095932
281,-0.021837538108229637
282,0.3464447259902954
283,0.3425222337245941
284,0.006507752928882837
285,0.40293505787849426
286,0.3204295039176941
287,-0.04229610785841942
288,0.35869503021240234
289,0.25152575969696045
290,-0.0020324804354459047
291,0.3475070297718048
292,0.25611594319343567
293,0.004675617907196283
294,0.3342428505420685
295,0.2295686900615692
296,0.0414416678249836
297,0.39379385113716125
298,0.25932565331459045
299,-0.010723190382122993
300,0.38165393471717834
301,0.27301836013793945
302,0.005474387668073177
303,0.368731826543808
304,0.4038979113101959
305,0.004502926953136921
306,0.3352956771850586
307,0.4105396866798401
308,0.07434781640768051
309,0.3907240033149719
310,0.3509432077407837
311,-0.021722635254263878
312,0.398100882768631
313,0.35456573963165283
314,-0.023290442302823067
315,0.3762989044189453
316,0.4044407904148102
317,0.003979972098022699
318,0.3806896209716797
319,0.40411773324012756
320,0.0016450134571641684
321,0.343253493309021
322,0.2490462362766266
323,0.009361264295876026
324,0.38413599133491516
325,0.35007575154304504
326,-0.020311415195465088
327,0.3739030361175537
328,0.25192689895629883
329,-0.007351796608418226
330,0.37228959798812866
331,0.24230420589447021
332,-0.00869701523333788
333,0.36415109038352966
334,0.1977078765630722
335,0.00921955518424511
336,0.3389664888381958
337,0.23861557245254517
338,0.02337176725268364
339,0.36902284622192383
340,0.21838361024856567
341,3.542582635418512e-05
342,0.33587223291397095
343,0.2610820531845093
344,0.02044869028031826
345,0.3318784534931183
346,0.25679802894592285
347,0.03797187656164169
348,0.402765691280365
349,0.3902672231197357
350,-0.02445797808468342
351,0.39330771565437317
352,0.39321601390838623
353,-0.018980497494339943
354,0.3866390585899353
355,0.39643391966819763
356,-0.011920527555048466
357,0.39298170804977417
358,0.3530718982219696
359,-0.020347099751234055
360,0.37841156125068665
361,0.4044193625450134
362,0.0026717176660895348
363,0.3823280334472656
364,0.41014835238456726
365,-0.0020670609083026648
366,0.3820594549179077
367,0.40364187955856323
368,0.001360502326861024
369,0.39501863718032837
370,0.34662050008773804
371,-0.03338691592216492
372,0.39146387577056885
373,0.3985007703304291
374,-0.009393185377120972
375,0.3975904583930969
376,0.39741066098213196
377,-0.014540152624249458
378,0.40518075227737427
379,0.3970729112625122
380,-0.018580038100481033
381,0.40269169211387634
382,0.4442770481109619
383,-0.009275113232433796
384,0.403038889169693
385,0.4327821433544159
386,-0.016750873997807503
387,0.4035739600658417
388,0.4253331124782562
389,-0.017829304561018944
390,0.4043099880218506
391,0.4184782803058624
392,-0.015889093279838562
393,0.40521278977394104
394,0.4140089154243469
395,-0.014455585740506649
396,0.39095473289489746
397,0.4104979634284973
398,-0.006178515497595072
399,0.38934293389320374
400,0.41216400265693665
401,-0.007533716969192028
402,0.38707318902015686
403,0.41551026701927185
404,-0.008636897429823875
405,0.3852383494377136
406,0.4195635914802551
407,-0.007038339972496033
408,0.3768506944179535
409,0.38172951340675354
410,-0.009082385338842869
411,0.32639649510383606
412,0.35462504625320435
413,0.08950326591730118
414,0.4116252362728119
415,0.35535889863967896
416,-0.031947873532772064
417,0.386968195438385
418,0.4084644615650177
419,-0.0013491784920915961
420,0.3846462666988373
421,0.4088469445705414
422,-0.0021712074521929026
423,0.40103891491889954
424,0.3596228361129761
425,-0.02379603311419487
426,0.3873344957828522
427,0.3572046756744385
428,-0.014495566487312317
429,0.39963170886039734
430,0.35717710852622986
431,-0.023781077936291695
432,0.377909392118454
433,0.31984618306159973
434,-0.0026465109549462795
435,0.3648504912853241
436,0.32778874039649963
437,-0.00018161263142246753
438,0.38242870569229126
439,0.3445122241973877
440,-0.017217790707945824
441,0.3456355631351471
442,0.21112066507339478
443,0.02442961186170578
444,0.35067659616470337
445,0.22530408203601837
446,0.011061331257224083
447,0.3558218777179718
448,0.24238282442092896
449,0.0001246481406269595
450,0.38200172781944275
451,0.42762520909309387
452,-0.0014803871745243669
453,0.3909762501716614
454,0.24410942196846008
455,-0.01335594616830349
456,0.38810649514198303
457,0.2160828709602356
458,-0.006652653217315674
459,0.3848748505115509
460,0.1908511370420456
461,9.445798787055537e-05
462,0.35433098673820496
463,0.29649925231933594
464,0.012374202720820904
465,0.33660075068473816
466,0.3097916543483734
467,0.024536633864045143
468,0.3874032497406006
469,0.2901014983654022
470,0.007100400980561972
471,0.3438608944416046
472,0.2800280451774597
473,0.017259610816836357
474,0.3923289179801941
475,0.3050661087036133
476,-0.008483084850013256
477,0.38937094807624817
478,0.33982932567596436
479,-0.03290564566850662
480,0.328942209482193
481,0.3191244602203369
482,0.03360191360116005
483,0.3416254222393036
484,0.31606820225715637
485,0.016543015837669373
486,0.3515557050704956
487,0.3187427520751953
488,0.008473728783428669
489,0.36661824584007263
490,0.31618553400039673
491,0.004132724367082119
492,0.3778843283653259
493,0.3111717402935028
494,0.0021002572029829025
495,0.38643717765808105
496,0.30530840158462524
497,-0.0002224986965302378
498,0.4027631878852844
499,0.28856077790260315
500,-0.01720295287668705
501,0.3294614553451538
502,0.3421495854854584
503,0.03016827441751957
504,0.3378733992576599
505,0.2793920934200287
506,0.021452924236655235
507,0.4070403575897217
508,0.35226941108703613
509,-0.042152442038059235
510,0.38678544759750366
511,0.323138564825058
512,-0.009843220934271812
513,0.32377517223358154
514,0.30315905809402466
515,0.08575449883937836
516,0.39259082078933716
517,0.29861947894096375
518,-0.001514681614935398
519,0.38185885548591614
520,0.34577423334121704
521,-0.008508995175361633
522,0.34791484475135803
523,0.2872423827648163
524,0.019334223121404648
525,0.38893595337867737
526,0.33290037512779236
527,-0.029323473572731018
528,0.3292147219181061
529,0.3819621205329895
530,0.08413854986429214
531,0.3873398005962372
532,0.2860885560512543
533,0.009587463922798634
534,0.39584118127822876
535,0.32549434900283813
536,-0.03728914633393288
537,0.3504658341407776
538,0.43357300758361816
539,0.031339917331933975
540,0.3524090647697449
541,0.44884493947029114
542,0.044333282858133316
543,0.3239356279373169
544,0.34924259781837463
545,0.05981701985001564
546,0.34049487113952637
547,0.4189227223396301
548,0.04139668121933937
549,0.32795581221580505
550,0.27740979194641113
551,0.050475746393203735
552,0.3829582631587982
553,0.47296562790870667
554,0.003721274435520172
555,0.40832483768463135
556,0.3550741672515869
557,-0.03140199929475784
558,0.379578173160553
559,0.3319864869117737
560,-0.00691257556900382
561,0.33028751611709595
562,0.2986413240432739
563,0.03741201013326645
564,0.3614170253276825
565,0.29097214341163635
566,0.009514521807432175
567,0.36840522289276123
568,0.29147833585739136
569,0.007298606913536787
570,0.38007497787475586
571,0.41204604506492615
572,-0.0007214263314381242
573,0.3310641944408417
574,0.365856796503067
575,0.03177781030535698
576,0.39828863739967346
577,0.490181028842926
578,0.004207532852888107
579,0.3740276098251343
580,0.4740959703922272
581,0.02203427627682686
582,0.3639979064464569
583,0.46350806951522827
584,0.032020118087530136
585,0.4100594222545624
586,0.21546711027622223
587,-0.009096120484173298
588,0.41578128933906555
589,0.4923694133758545
590,0.001272364635951817
591,0.37512049078941345
592,0.2905742824077606
593,0.006785634905099869
594,0.38134393095970154
595,0.28866735100746155
596,0.007836651057004929
597,0.38533130288124084
598,0.2873198091983795
599,0.0095222732052207
600,0.33287084102630615
601,0.27825307846069336
602,0.030114175751805305
603,0.3805643916130066
604,0.2803736627101898
605,0.006968299392610788
606,0.3737594485282898
607,0.2785539925098419
608,0.005615491420030594
609,0.36709994077682495
610,0.2782290577888489
611,0.006196795031428337
612,0.36019644141197205
613,0.2799815535545349
614,0.008357373997569084
615,0.35566049814224243
616,0.2826484441757202
617,0.011179368011653423
618,0.3245798945426941
619,0.274903267621994
620,0.07343366742134094
621,0.35672125220298767
622,0.2898043394088745
623,0.01230749860405922
624,0.4126703143119812
625,0.36749595403671265
626,-0.024265991523861885
627,0.3839619755744934
628,0.37394586205482483
629,-0.014631899073719978
630,0.3904516398906708
631,0.349040150642395
632,-0.024871379137039185
633,0.4004170298576355
634,0.36904287338256836
635,-0.02313251420855522
636,0.41051608324050903
637,0.27282610535621643
638,-0.013946876861155033
639,0.3613330125808716
640,0.44871264696121216
641,0.02294093370437622
642,0.3717454671859741
643,0.46075135469436646
644,0.013841968029737473
645,0.39751580357551575
646,0.48137083649635315
647,-0.005088331177830696
648,0.3434171676635742
649,0.4328762888908386
650,0.05966697633266449
651,0.38522058725357056
652,0.2836087942123413
653,0.0085449805483222
654,0.39745399355888367
655,0.30630141496658325
656,-0.02041451632976532
657,0.41554608941078186
658,0.48348283767700195
659,-0.007533821742981672
660,0.38500890135765076
661,0.4834911823272705
662,0.01147218607366085
663,0.32676541805267334
664,0.3749021291732788
665,0.057363804429769516
666,0.3973325192928314
667,0.41244375705718994
668,-0.010673938319087029
669,0.3957653045654297
670,0.41570910811424255
671,-0.012070992961525917
672,0.39414161443710327
673,0.42098528146743774
674,-0.01330281887203455
675,0.3929237425327301
676,0.4275355339050293
677,-0.011984635144472122
678,0.39070168137550354
679,0.43731629848480225
680,-0.006137135438621044
681,0.3842144310474396
682,0.40122392773628235
683,-0.003976909443736076
684,0.38128840923309326
685,0.40016669034957886
686,-0.003738857340067625
687,0.3787199854850769
688,0.3984411954879761
689,-0.0037614123430103064
690,0.3712514638900757
691,0.3916110098361969
692,-0.0019725209567695856
693,0.3409556448459625
694,0.36940935254096985
695,0.01472204178571701
696,0.3977334201335907
697,0.296111136674881
698,-0.012205731123685837
699,0.3935733735561371
700,0.2774871587753296
701,0.0034949432592839003
702,0.3886815309524536
703,0.2798116207122803
704,0.0069247824139893055
705,0.38641357421875
706,0.3996921181678772
707,-0.0033537945710122585
708,0.3418620228767395
709,0.3995785415172577
710,0.026615623384714127
711,0.40028247237205505
712,0.2757376432418823
713,-0.007872499525547028
714,0.38710445165634155
715,0.4479452669620514
716,-0.0025153569877147675
717,0.4103899598121643
718,0.30707454681396484
719,-0.03651563450694084
720,0.40301626920700073
721,0.2995125353336334
722,-0.026030248031020164
723,0.410444438457489
724,0.2963826656341553
725,-0.028194572776556015
726,0.39149391651153564
727,0.32398730516433716
728,-0.0212016012519598
729,0.41536247730255127
730,0.47105443477630615
731,-0.011179560795426369
732,0.41529637575149536
733,0.45681101083755493
734,-0.010596615262329578
735,0.4004816710948944
736,0.45565757155418396
737,-0.008332605473697186
738,0.36879241466522217
739,0.42265015840530396
740,0.007238294463604689
741,0.3760018050670624
742,0.35588541626930237
743,-0.006087384186685085
744,0.377079576253891
745,0.43692296743392944
746,0.002923206426203251
747,0.35782408714294434
748,0.3563975989818573
749,-0.0014919927343726158
750,0.3691035211086273
751,0.368302583694458
752,-0.003840135643258691
753,0.35196998715400696
754,0.3761971890926361
755,0.005362119060009718
756,0.3982186019420624
757,0.46929240226745605
758,-0.008405416272580624
759,0.3865237534046173
760,0.33105847239494324
761,-0.015382659621536732
762,0.3628077507019043
763,0.43356379866600037
764,0.014355278573930264
765,0.3733142614364624
766,0.44756343960762024
767,0.008166409097611904
768,0.36189571022987366
769,0.4066521227359772
770,0.008067728951573372
771,0.33405259251594543
772,0.3863455057144165
773,0.03407403081655502
774,0.35227903723716736
775,0.4109513759613037
776,0.01605307124555111
777,0.33186259865760803
778,0.3983815014362335
779,0.05275759473443031
780,0.36342018842697144
781,0.383788526058197
782,0.000562269997317344
783,0.39230215549468994
784,0.3146618902683258
785,-0.014667794108390808
786,0.39220866560935974
787,0.3447704017162323
788,-0.03493499010801315
789,0.38690468668937683
790,0.3482208549976349
791,-0.02597522921860218
792,0.3956201672554016
793,0.3364705443382263
794,-0.04077477380633354
795,0.38730862736701965
796,0.2688749134540558
797,0.0016177964862436056
798,0.37429922819137573
799,0.2633732259273529
800,0.0005338360788300633
801,0.3628530204296112
802,0.2624964714050293
803,0.0012335831997916102
804,0.35329705476760864
805,0.26498183608055115
806,0.004960974678397179
807,0.34681499004364014
808,0.270569771528244
809,0.010316254571080208
810,0.3430023491382599
811,0.29112258553504944
812,0.022784549742937088
813,0.3230072259902954
814,0.3249361515045166
815,0.05948184058070183
816,0.3487558960914612
817,0.3049142062664032
818,0.015396911650896072
819,0.3569337725639343
820,0.30717867612838745
821,0.010074722580611706
822,0.3674483895301819
823,0.30659228563308716
824,0.006331917829811573
825,0.37748974561691284
826,0.30354994535446167
827,0.0046594832092523575
828,0.3853738009929657
829,0.2992478013038635
830,0.004074966534972191
831,0.39067620038986206
832,0.2949109971523285
833,0.0035013502929359674
834,0.3250923752784729
835,0.3290134072303772
836,0.09055238217115402
837,0.3873470425605774
838,0.3514757454395294
839,-0.021906668320298195
840,0.3972315192222595
841,0.31557217240333557
842,-0.02766391448676586
843,0.39811602234840393
844,0.34472692012786865
845,-0.041590090841054916
846,0.40313586592674255
847,0.3507413864135742
848,-0.03866531699895859
849,0.3983060419559479
850,0.34693315625190735
851,-0.03760999068617821
852,0.3898259997367859
853,0.35502955317497253
854,-0.019221555441617966
855,0.40451934933662415
856,0.3516290485858917
857,-0.04096265137195587
858,0.40563803911209106
859,0.35441112518310547
860,-0.03128410130739212
861,0.3902081251144409
862,0.2863401174545288
863,0.008022750727832317
864,0.39474260807037354
865,0.2883351445198059
866,0.002470729174092412
867,0.3971513509750366
868,0.28946518898010254
869,-0.003833293914794922
870,0.35289013385772705
871,0.284630686044693
872,0.014049091376364231
873,0.3481998145580292
874,0.28046905994415283
875,0.014593868516385555
876,0.41758179664611816
877,0.3088700771331787
878,-0.0338868647813797
879,0.4708387851715088
880,0.28565752506256104
881,0.011829830706119537
882,0.41947999596595764
883,0.3520066738128662
884,-0.03154897317290306
885,0.49941983819007874
886,0.24552175402641296
887,0.0525241382420063
888,0.44718337059020996
889,0.2949891686439514
890,0.0033842604607343674
891,0.45542439818382263
892,0.29576432704925537
893,0.00373536953702569
894,0.46338480710983276
895,0.29505544900894165
896,0.005811154376715422
897,0.4742838740348816
898,0.2897126376628876
899,0.012746472842991352
900,0.44017255306243896
901,0.29217275977134705
902,0.0044853040017187595
903,0.45747384428977966
904,0.26709604263305664
905,0.0009262069361284375
906,0.4488179087638855
907,0.2679286003112793
908,0.0013868894893676043
909,0.4658125936985016
910,0.26858970522880554
911,0.0034371227957308292
912,0.4715193808078766
913,0.272506445646286
914,0.006681572645902634
915,0.4807833135128021
916,0.2966344952583313
917,0.016430635005235672
918,0.44729024171829224
919,0.45836973190307617
920,-0.0015843878500163555
921,0.4737238585948944
922,0.28342288732528687
923,0.014601249247789383
924,0.5042091012001038
925,0.2947544753551483
926,0.0534103699028492
927,0.4895668029785156
928,0.2901415228843689
929,0.025065649300813675
930,0.45511484146118164
931,0.3382219672203064
932,-0.00725984014570713
933,0.4255213737487793
934,0.381917804479599
935,-0.025801673531532288
936,0.4247436821460724
937,0.39431291818618774
938,-0.022486288100481033
939,0.43796125054359436
940,0.38512906432151794
941,-0.020793292671442032
942,0.4457917809486389
943,0.3898894786834717
944,-0.013553616590797901
945,0.4336039125919342
946,0.39476028084754944
947,-0.018701110035181046
948,0.4403219223022461
949,0.39605939388275146
950,-0.011894331313669682
951,0.45586663484573364
952,0.4132615923881531
953,0.0007455111481249332
954,0.4178886115550995
955,0.34536799788475037
956,-0.04614879563450813
957,0.41856375336647034
958,0.33362191915512085
959,-0.04825010150671005
960,0.48386937379837036
961,0.2608645558357239
962,0.009271311573684216
963,0.4369651973247528
964,0.31109800934791565
965,-0.006787020247429609
966,0.43918436765670776
967,0.3423381745815277
968,-0.025801658630371094
969,0.43975186347961426
970,0.3366160988807678
971,-0.022947102785110474
972,0.479940801858902
973,0.3372913599014282
974,0.002971191657707095
975,0.4180564284324646
976,0.31987109780311584
977,-0.04266996681690216
978,0.46356114745140076
979,0.2485876977443695
980,-0.004624553956091404
981,0.47543609142303467
982,0.2524263560771942
983,0.001476328237913549
984,0.49100780487060547
985,0.22368967533111572
986,0.03726041316986084
987,0.427562415599823
988,0.2584306001663208
989,-0.011503749527037144
990,0.4413735270500183
991,0.27147820591926575
992,0.003974385093897581
993,0.4618981182575226
994,0.3990342617034912
995,0.00205479864962399
996,0.49803638458251953
997,0.40547990798950195
998,0.07012472301721573
999,0.43318766355514526
1000,0.34909191727638245
1001,-0.022782646119594574
1002,0.4260038137435913
1003,0.35327649116516113
1004,-0.023786792531609535
1005,0.45469018816947937
1006,0.3996559977531433
1007,0.0018483827589079738
1008,0.45030221343040466
1009,0.3996734917163849
1010,-0.00016509855049662292
1011,0.47988319396972656
1012,0.24492549896240234
1013,0.006019372493028641
1014,0.44005244970321655
1015,0.347509503364563
1016,-0.02143530361354351
1017,0.4478217363357544
1018,0.24988028407096863
1019,-0.009125583805143833
1020,0.44913119077682495
1021,0.2399611473083496
1022,-0.01042171660810709
1023,0.4573511779308319
1024,0.19403186440467834
1025,0.006923906970769167
1026,0.4851400852203369
1027,0.23356181383132935
1028,0.019777072593569756
1029,0.4522852599620819
1030,0.21547359228134155
1031,-0.0020027686841785908
1032,0.48865440487861633
1033,0.2561555504798889
1034,0.016644207760691643
1035,0.4939974248409271
1036,0.25124743580818176
1037,0.033829666674137115
1038,0.42536240816116333
1039,0.38900911808013916
1040,-0.02505877986550331
1041,0.43566587567329407
1042,0.39078542590141296
1043,-0.020073046907782555
1044,0.4431227445602417
1045,0.39303529262542725
1046,-0.013386216945946217
1047,0.4312083125114441
1048,0.3513522446155548
1049,-0.021073179319500923
1050,0.45258620381355286
1051,0.3997417092323303
1052,0.0007279476267285645
1053,0.44866716861724854
1054,0.4062044024467468
1055,-0.0036258220206946135
1056,0.44894394278526306
1057,0.39955389499664307
1058,-0.00042816775385290384
1059,0.42779621481895447
1060,0.34539058804512024
1061,-0.034161221235990524
1062,0.4385859966278076
1063,0.3955495357513428
1064,-0.010714334435760975
1065,0.43184858560562134
1066,0.3954543173313141
1067,-0.015558809041976929
1068,0.42383769154548645
1069,0.3960157632827759
1070,-0.019183039665222168
1071,0.4279540479183197
1072,0.44329342246055603
1073,-0.00992296077311039
1074,0.42738720774650574
1075,0.4316983222961426
1076,-0.01744116097688675
1077,0.42663416266441345
1078,0.424294114112854
1079,-0.018588241189718246
1080,0.42561444640159607
1081,0.41750144958496094
1082,-0.016518598422408104
1083,0.42460548877716064
1084,0.41308140754699707
1085,-0.015009228140115738
1086,0.43970391154289246
1087,0.4076482653617859
1088,-0.007383070886135101
1089,0.4413534998893738
1090,0.4091326892375946
1091,-0.00882428977638483
1092,0.4437098205089569
1093,0.4123702049255371
1094,-0.00986795499920845
1095,0.4456459581851959
1096,0.41626039147377014
1097,-0.008380448445677757
1098,0.4512525200843811
1099,0.3780420124530792
1100,-0.010658709332346916
1101,0.5058628916740417
1102,0.34852710366249084
1103,0.08461249619722366
1104,0.4439438283443451
1105,0.4050366282463074
1106,-0.0028157983906567097
1107,0.4462578296661377
1108,0.4051749110221863
1109,-0.003734009573236108
1110,0.4234701097011566
1111,0.358521044254303
1112,-0.024237971752882004
1113,0.43766388297080994
1114,0.3547503352165222
1115,-0.015408890321850777
1116,0.4246576428413391
1117,0.3560265898704529
1118,-0.024236900731921196
1119,0.44623640179634094
1120,0.31730344891548157
1121,-0.0044788490049541
1122,0.46007615327835083
1123,0.3241390585899353
1124,-0.002760226372629404
1125,0.4416595697402954
1126,0.34183648228645325
1127,-0.018447335809469223
1128,0.4776665270328522
1129,0.20594868063926697
1130,0.021019481122493744
1131,0.4719231426715851
1132,0.22104483842849731
1133,0.008115953765809536
1134,0.46625974774360657
1135,0.2390901744365692
1136,-0.0025281019043177366
1137,0.44902119040489197
1138,0.4245506525039673
1139,-0.0031628631986677647
1140,0.4300266206264496
1141,0.24286413192749023
1142,-0.014234330505132675
1143,0.43252304196357727
1144,0.21447791159152985
1145,-0.00765564339235425
1146,0.43551117181777954
1147,0.18874956667423248
1148,-0.0011361583601683378
1149,0.47031959891319275
1150,0.2932507395744324
1151,0.009310184977948666
1152,0.48951268196105957
1153,0.3043457269668579
1154,0.020689107477664948
1155,0.43577098846435547
1156,0.2892018258571625
1157,0.0057968879118561745
1158,0.4806866943836212
1159,0.27611243724823
1160,0.013837355189025402
1161,0.43057137727737427
1162,0.30376818776130676
1163,-0.009536240249872208
1164,0.433132141828537
1165,0.33814364671707153
1166,-0.0337362065911293
1167,0.49827152490615845
1168,0.31304338574409485
1169,0.02928844653069973
1170,0.4840783178806305
1171,0.31086787581443787
1172,0.012956973165273666
1173,0.47366946935653687
1174,0.314095675945282
1175,0.00528288260102272
1176,0.45801931619644165
1177,0.312846302986145
1178,0.0016515497118234634
1179,0.4461216330528259
1180,0.308870404958725
1181,0.0002918629616033286
1182,0.43709278106689453
1183,0.30376729369163513
1184,-0.0016414029523730278
1185,0.418670654296875
1186,0.2880774140357971
1187,-0.017686380073428154
1188,0.49816739559173584
1189,0.3359297513961792
1190,0.02587444894015789
1191,0.4872286319732666
1192,0.2746232748031616
1193,0.0177388247102499
1194,0.4154925048351288
1195,0.3519071638584137
1196,-0.042328719049692154
1197,0.4367699921131134
1198,0.3212358355522156
1199,-0.010995606891810894
1200,0.5065213441848755
1201,0.29666760563850403
1202,0.08075070381164551
1203,0.4304293096065521
1204,0.2975393831729889
1205,-0.0025553510058671236
1206,0.44275376200675964
1207,0.3430114686489105
1208,-0.009618698619306087
1209,0.4767285883426666
1210,0.28392350673675537
1211,0.01605769619345665
1212,0.4335940480232239
1213,0.33109596371650696
1214,-0.03022124618291855
1215,0.5036996603012085
1216,0.3763023912906647
1217,0.07958364486694336
1218,0.4358753561973572
1219,0.28531205654144287
1220,0.008202727884054184
1221,0.42574605345726013
1222,0.3243165612220764
1223,-0.0380086675286293
1224,0.4813305735588074
1225,0.4295487403869629
1226,0.02802005037665367
1227,0.480644166469574
1228,0.4454125761985779
1229,0.04110899940133095
1230,0.5058589577674866
1231,0.34292179346084595
1232,0.05516237020492554
1233,0.491178423166275
1234,0.4142068326473236
1235,0.03767387941479683
1236,0.49923020601272583
1237,0.2714084982872009
1238,0.046040818095207214
1239,0.44866642355918884
1240,0.471199631690979
1241,0.0021830496843904257
1242,0.41496601700782776
1243,0.35477903485298157
1244,-0.03149554133415222
1245,0.444818913936615
1246,0.3292669653892517
1247,-0.008414170704782009
1248,0.49648991227149963
1249,0.29295486211776733
1250,0.033275917172431946
1251,0.4625558853149414
1252,0.28856003284454346
1253,0.006913487799465656
1254,0.4553266167640686
1255,0.2894727289676666
1256,0.00494465371593833
1257,0.450982928276062
1258,0.40792715549468994
1259,-0.0024371540639549494
1260,0.49772340059280396
1261,0.3597598671913147
1262,0.027496833354234695
1263,0.4334520399570465
1264,0.4893810749053955
1265,0.0032829917035996914
1266,0.4583878517150879
1267,0.47203290462493896
1268,0.01994132436811924
1269,0.4687518775463104
1270,0.4609031677246094
1271,0.029434645548462868
1272,0.4483921229839325
1273,0.2890315651893616
1274,0.0047392165288329124
1275,0.44196105003356934
1276,0.2873568832874298
1277,0.006046038120985031
1278,0.437921404838562
1279,0.2863941192626953
1280,0.007932130247354507
1281,0.49293285608291626
1282,0.2728029191493988
1283,0.02609005570411682
1284,0.4426787197589874
1285,0.27915245294570923
1286,0.00513439392670989
1287,0.44954773783683777
1288,0.2770174741744995
1289,0.003473099786788225
1290,0.4563540816307068
1291,0.27637428045272827
1292,0.0037492280825972557
1293,0.46344494819641113
1294,0.2777137756347656
1295,0.005625507794320583
1296,0.46823275089263916
1297,0.28003934025764465
1298,0.008294953964650631
1299,0.5042404532432556
1300,0.2684243321418762
1301,0.06865575909614563
1302,0.46741071343421936
1303,0.2871559262275696
1304,0.009475256316363811
1305,0.4428347647190094
1306,0.3710857033729553
1307,-0.015888739377260208
1308,0.43308448791503906
1309,0.3472452163696289
1310,-0.02565654367208481
1311,0.4253573417663574
1312,0.3677732050418854
1313,-0.023694517090916634
1314,0.47053465247154236
1315,0.44540178775787354
1316,0.02028786391019821
1317,0.46005165576934814
1318,0.45833250880241394
1319,0.011753135360777378
1320,0.433695524930954
1321,0.4804449677467346
1322,-0.006001770496368408
1323,0.48982834815979004
1324,0.42868590354919434
1325,0.05581000819802284
1326,0.43788617849349976
1327,0.28265464305877686
1328,0.006962081417441368
1329,0.42450079321861267
1330,0.30540385842323303
1331,-0.02107609249651432
1332,0.4469916522502899
1333,0.48199331760406494
1334,0.00991679634898901
1335,0.503905177116394
1336,0.3688964545726776
1337,0.05290759727358818
1338,0.4328743517398834
1339,0.4105531573295593
1340,-0.011699597351253033
1341,0.434543251991272
1342,0.41368114948272705
1343,-0.013070555403828621
1344,0.4363192021846771
1345,0.41881632804870605
1346,-0.014334125444293022
1347,0.43771350383758545
1348,0.4253621995449066
1349,-0.013045242056250572
1350,0.4401107728481293
1351,0.43523260951042175
1352,-0.007460800930857658
1353,0.44645655155181885
1354,0.3973708748817444
1355,-0.0057593160308897495
1356,0.4491923451423645
1357,0.39603090286254883
1358,-0.005670121405273676
1359,0.45169928669929504
1360,0.39404797554016113
1361,-0.005627762526273727
1362,0.4582703411579132
1363,0.3871158957481384
1364,-0.004061622079461813
1365,0.48724615573883057
1366,0.3638571798801422
1367,0.010807549580931664
1368,0.42441874742507935
1369,0.29525482654571533
1370,-0.013062141835689545
1371,0.4289620816707611
1372,0.2767584025859833
1373,0.0026045350823551416
1374,0.4342113435268402
1375,0.27888500690460205
1376,0.005749421659857035
1377,0.44421568512916565
1378,0.39614585041999817
1379,-0.0049857827834784985
1380,0.4883648157119751
1381,0.3943413197994232
1382,0.02281498908996582
1383,0.42139899730682373
1384,0.275200217962265
1385,-0.008320785127580166
1386,0.44385895133018494
1387,0.44589799642562866
1388,-0.0038890650030225515
1389,0.41819971799850464
1390,0.29898446798324585
1391,-0.02639450877904892
1392,0.4311409890651703
1393,0.322478324174881
1394,-0.022002244368195534
1395,0.43024444580078125
1396,0.45468413829803467
1397,-0.009080188348889351
1398,0.46206843852996826
1399,0.41877636313438416
1400,0.00496754189953208
1401,0.449814110994339
1402,0.35259270668029785
1403,-0.007775518111884594
1404,0.45399928092956543
1405,0.4339095950126648
1406,0.0010808911174535751
1407,0.4688020944595337
1408,0.3519779145717621
1409,-0.004413532093167305
1410,0.458108514547348
1411,0.3645068109035492
1412,-0.005958842113614082
1413,0.476274311542511
1414,0.3713563084602356
1415,0.0021621319465339184
1416,0.4326711595058441
1417,0.46830427646636963
1418,-0.009341291151940823
1419,0.4369196891784668
1420,0.3289962112903595
1421,-0.01643385924398899
1422,0.46829748153686523
1423,0.42983976006507874
1424,0.011786587536334991
1425,0.45804649591445923
1426,0.44477909803390503
1427,0.006201345939189196
1428,0.4684159457683563
1429,0.40200135111808777
1430,0.0051871407777071
1431,0.4958191215991974
1432,0.3806464672088623
1433,0.029901906847953796
1434,0.47816482186317444
1435,0.40629369020462036
1436,0.012737450189888477
1437,0.49948936700820923
1438,0.39288467168807983
1439,0.048573192209005356
1440,0.4653589129447937
1441,0.37923920154571533
1442,-0.002160706091672182
1443,0.4304335415363312
1444,0.31323957443237305
1445,-0.01560540683567524
1446,0.43044570088386536
1447,0.3432793915271759
1448,-0.03571580350399017
1449,0.43667104840278625
1450,0.34616509079933167
1451,-0.026908282190561295
1452,0.42612242698669434
1453,0.3353903889656067
1454,-0.04160092771053314
1455,0.43519842624664307
1456,0.2676819860935211
1457,0.0004117905627936125
1458,0.44824689626693726
1459,0.26141780614852905
1460,-0.0012515808921307325
1461,0.45981335639953613
1462,0.2599477171897888
1463,-0.0010807368671521544
1464,0.4697697162628174
1465,0.26171502470970154
1466,0.0020148877520114183
1467,0.4769419729709625
1468,0.26694178581237793
1469,0.007158773485571146
1470,0.48227304220199585
1471,0.2869188189506531
1472,0.019197657704353333
1473,0.5060544610023499
1474,0.31852400302886963
1475,0.054736096411943436
1476,0.4764028489589691
1477,0.30075111985206604
1478,0.012162702158093452
1479,0.467826247215271
1480,0.303462952375412
1481,0.0071720220148563385
1482,0.4569729268550873
1483,0.30376380681991577
1484,0.003920088987797499
1485,0.44641438126564026
1486,0.3015006184577942
1487,0.0028076532762497663
1488,0.4381634294986725
1489,0.2978067100048065
1490,0.002682868391275406
1491,0.43252691626548767
1492,0.29391998052597046
1493,0.0023950058966875076
1494,0.5063270926475525
1495,0.32260772585868835
1496,0.08553306758403778
1497,0.4367542564868927
1498,0.34919601678848267
1499,-0.02283480390906334
1500,0.42447683215141296
1501,0.31453463435173035
1502,-0.028371382504701614
1503,0.42398229241371155
1504,0.3437758982181549
1505,-0.04213207960128784
1506,0.4196983575820923
1507,0.35005924105644226
1508,-0.038950614631175995
1509,0.4242597818374634
1510,0.34596768021583557
1511,-0.03814173862338066
1512,0.4347327649593353
1513,0.35296303033828735
1514,-0.020059138536453247
1515,0.4181308448314667
1516,0.3510863184928894
1517,-0.04118196666240692
1518,0.4176592230796814
1519,0.353879451751709
1520,-0.03147122636437416
1521,0.4328037202358246
1522,0.2855845093727112
1523,0.006840817164629698
1524,0.4280771315097809
1525,0.2876569330692291
1526,0.0016606462886556983
1527,0.42537155747413635
1528,0.28873491287231445
1529,-0.004567950498312712
1530,0.471259206533432
1531,0.28193575143814087
1532,0.011006361804902554
1533,0.475995808839798
1534,0.27711713314056396
1535,0.011377822607755661
1536,0.0
1537,0.0
1538,0.0
1539,0.0
1540,0.0
1541,0.0
1542,0.0
1543,0.0
1544,0.0
1545,0.0
1546,0.0
1547,0.0
1548,0.0
1549,0.0
1550,0.0
1551,0.0
1552,0.0
1553,0.0
1554,0.0
1555,0.0
1556,0.0
1557,0.0
1558,0.0
1559,0.0
1560,0.0
1561,0.0
1562,0.0
1563,0.0
1564,0.0
1565,0.0
1566,0.0
1567,0.0
1568,0.0
1569,0.0
1570,0.0
1571,0.0
1572,0.0
1573,0.0
1574,0.0
1575,0.0
1576,0.0
1577,0.0
1578,0.0
1579,0.0
1580,0.0
1581,0.0
1582,0.0
1583,0.0
1584,0.0
1585,0.0
1586,0.0
1587,0.0
1588,0.0
1589,0.0
1590,0.0
1591,0.0
1592,0.0
1593,0.0
1594,0.0
1595,0.0
1596,0.0
1597,0.0
1598,0.0
1599,0.19170567393302917
1600,0.9778198599815369
1601,8.942334375205974e-07
1602,0.1603863537311554
1603,0.912122368812561
1604,-0.021125243976712227
1605,0.13740657269954681
1606,0.8229992985725403
1607,-0.04330841824412346
1608,0.12429593503475189
1609,0.7545634508132935
1610,-0.05987048149108887
1611,0.10711415857076645
1612,0.6976484060287476
1613,-0.0769992545247078
1614,0.1442929357290268
1615,0.8431124687194824
1616,-0.08073403686285019
1617,0.18653157353401184
1618,0.7453038692474365
1619,-0.11436230689287186
1620,0.21921387314796448
1621,0.6830216646194458
1622,-0.13005083799362183
1623,0.2500813901424408
1624,0.6364899277687073
1625,-0.13722355663776398
1626,0.18677429854869843
1627,0.8759739995002747
1628,-0.08294440805912018
1629,0.23249194025993347
1630,0.7571452856063843
1631,-0.11359236389398575
1632,0.26911407709121704
1633,0.6824353933334351
1634,-0.12398670613765717
1635,0.30057793855667114
1636,0.6309624314308167
1637,-0.13048283755779266
1638,0.22973307967185974
1639,0.9017193913459778
1640,-0.08320357650518417
1641,0.2721883952617645
1642,0.7888287305831909
1643,-0.10746043175458908
1644,0.30423638224601746
1645,0.7183352112770081
1646,-0.11317644268274307
1647,0.32681769132614136
1648,0.6689858436584473
1649,-0.11572162061929703
1650,0.26731884479522705
1651,0.918100893497467
1652,-0.0834006741642952
1653,0.29877617955207825
1654,0.8257367610931396
1655,-0.10007471591234207
1656,0.32012227177619934
1657,0.7723511457443237
1658,-0.10281235724687576
1659,0.33716991543769836
1660,0.731516420841217
1661,-0.10403382033109665
