,0
0,0.4090251326560974
1,0.34453877806663513
2,-0.8704289197921753
3,0.9999765753746033
4,0.4369947016239166
5,0.28935253620147705
6,-0.8152682185173035
7,0.9999609589576721
8,0.45323795080184937
9,0.2906188368797302
10,-0.8152065277099609
11,0.9999635815620422
12,0.46624207496643066
13,0.29307255148887634
14,-0.8152607083320618
15,0.9999598860740662
16,0.3845009505748749
17,0.29389017820358276
18,-0.8134156465530396
19,0.999960720539093
20,0.36768338084220886
21,0.2965010106563568
22,-0.8125853538513184
23,0.9999626874923706
24,0.35238707065582275
25,0.2999744415283203
26,-0.8128365278244019
27,0.9999601244926453
28,0.4876386523246765
29,0.3282056748867035
30,-0.44436222314834595
31,0.9999613165855408
32,0.33428922295570374
33,0.3331996202468872
34,-0.41200175881385803
35,0.9999697208404541
36,0.44575172662734985
37,0.4119650423526764
38,-0.7298023104667664
39,0.9999810457229614
40,0.3783987760543823
41,0.41168996691703796
42,-0.7225369811058044
43,0.9999812245368958
44,0.6300057172775269
45,0.6917458772659302
46,-0.2212657928466797
47,0.9997388124465942
48,0.2119157314300537
49,0.6899494528770447
50,-0.26953577995300293
51,0.9996814131736755
52,0.7196869254112244
53,0.9778247475624084
54,-0.25156062841415405
55,0.603090763092041
56,0.1196805015206337
57,0.9856411218643188
58,-0.32822808623313904
59,0.438436359167099
60,0.76664799451828
61,1.2884845733642578
62,-0.6432799100875854
63,0.4870310425758362
64,0.1779049038887024
65,1.356539011001587
66,-0.9500454068183899
67,0.20325231552124023
68,0.7976247668266296
69,1.3600627183914185
70,-0.7607449889183044
71,0.4869436025619507
72,0.16511286795139313
73,1.463341236114502
74,-1.0970484018325806
75,0.23505261540412903
76,0.7635527849197388
77,1.3359695672988892
78,-0.8026463389396667
79,0.5150947570800781
80,0.21490418910980225
81,1.4416835308074951
82,-1.1678948402404785
83,0.31406375765800476
84,0.7437358498573303
85,1.3093405961990356
86,-0.6827974319458008
87,0.5105201601982117
88,0.22737249732017517
89,1.3971956968307495
90,-1.0016001462936401
91,0.3205731213092804
92,0.5682671070098877
93,1.4694808721542358
94,-0.052988968789577484
95,0.0028722300194203854
96,0.27468711137771606
97,1.4660793542861938
98,0.05779128149151802
99,0.0023320717737078667
100,0.5616153478622437
101,2.0982425212860107
102,-0.05162734538316727
103,0.00048116184188984334
104,0.29057615995407104
105,2.1020493507385254
106,0.13476338982582092
107,0.0001901895593618974
108,0.5563453435897827
109,2.6743624210357666
110,0.5132392644882202
111,5.539722405956127e-05
112,0.29233473539352417
113,2.6745107173919678
114,0.5721768140792847
115,1.0312900485587306e-05
116,0.5618995428085327
117,2.761794328689575
118,0.5378692150115967
119,4.6108762035146356e-05
120,0.29159459471702576
121,2.7654435634613037
122,0.5985191464424133
123,2.847016730811447e-05
124,0.5095778107643127
125,2.8591980934143066
126,-0.031491540372371674
127,7.011669367784634e-05
128,0.32066744565963745
129,2.8497440814971924
130,-0.018945740535855293
131,4.8028068704297766e-05
132,0.4001489579677582
133,0.3950164318084717
134,-0.0256503839045763
135,0.3970348536968231
136,0.35360607504844666
137,-0.044470299035310745
138,0.3987921476364136
139,0.36717259883880615
140,-0.024432355538010597
141,0.3900112211704254
142,0.3183198869228363
143,-0.03169598802924156
144,0.39656081795692444
145,0.34174391627311707
146,-0.046904679387807846
147,0.39646387100219727
148,0.3273916244506836
149,-0.0430603064596653
150,0.3969275951385498
151,0.29445797204971313
152,-0.019973965361714363
153,0.3428342938423157
154,0.29676470160484314
155,0.01712394319474697
156,0.3967164158821106
157,0.27106302976608276
158,-0.013777097687125206
159,0.3963248133659363
160,0.25666117668151855
161,-0.014800935052335262
162,0.3956875801086426
163,0.20070958137512207
164,-0.0031188740395009518
165,0.4004437327384949
166,0.4010304808616638
167,-0.024897342547774315
168,0.4007219970226288
169,0.4059494435787201
170,-0.022336391732096672
171,0.4010774493217468
172,0.4082607626914978
173,-0.01880074292421341
174,0.40099987387657166
175,0.42051082849502563
176,-0.016025427728891373
177,0.4010353982448578
178,0.42604419589042664
179,-0.01744709350168705
180,0.4011802673339844
181,0.43288370966911316
182,-0.01906614750623703
183,0.40141937136650085
184,0.44014978408813477
185,-0.017400575801730156
186,0.40201881527900696
187,0.4508104920387268
188,-0.009104335680603981
189,0.39765459299087524
190,0.3600320816040039
191,-0.04056653007864952
192,0.3911193609237671
193,0.36033836007118225
194,-0.02904442884027958
195,0.3189026415348053
196,0.2608529031276703
197,0.05943042412400246
198,0.3650206923484802
199,0.30515024065971375
200,0.007108778227120638
201,0.35735249519348145
202,0.30645984411239624
203,0.008084679953753948
204,0.35004377365112305
205,0.30649182200431824
206,0.01079068798571825
207,0.3402929902076721
208,0.30131399631500244
209,0.018302040174603462
210,0.37141093611717224
211,0.3018816113471985
212,0.007233947049826384
213,0.3542170822620392
214,0.2787690758705139
215,0.005341537296772003
216,0.362552285194397
217,0.27915555238723755
218,0.004743278957903385
219,0.34658363461494446
220,0.2806311249732971
221,0.008348744362592697
222,0.3416265547275543
223,0.28448498249053955
224,0.011968717910349369
225,0.334656298160553
226,0.309518963098526
227,0.022409334778785706
228,0.3726320266723633
229,0.46560758352279663
230,0.0016730418428778648
231,0.34023502469062805
232,0.2944566011428833
233,0.019979162141680717
234,0.315885990858078
235,0.3084145784378052
236,0.060571882873773575
237,0.3267565071582794
238,0.3034666180610657
239,0.03141811490058899
240,0.3597322106361389
241,0.3509905934333801
242,-0.0026129346806555986
243,0.39005792140960693
244,0.3938028812408447
245,-0.02370155230164528
246,0.39229336380958557
247,0.40654268860816956
248,-0.020394574850797653
249,0.38029348850250244
250,0.3986779451370239
251,-0.018178170546889305
252,0.3745829164981842
253,0.40502306818962097
254,-0.0112329525873065
255,0.38539308309555054
256,0.40819841623306274
257,-0.01629451848566532
258,0.38023602962493896
259,0.41069650650024414
260,-0.009864081628620625
261,0.3658384382724762
262,0.4269704222679138
263,0.002649791305884719
264,0.3905719518661499
265,0.3536275327205658
266,-0.043406348675489426
267,0.38898783922195435
268,0.34247782826423645
269,-0.04552900791168213
270,0.3299356997013092
271,0.274772047996521
272,0.015386620536446571
273,0.374663382768631
274,0.321917325258255
275,-0.003998974338173866
276,0.3732069134712219
277,0.3535844385623932
278,-0.02190256677567959
279,0.3726033568382263
280,0.348142147064209
281,-0.019111162051558495
282,0.33742377161979675
283,0.35220351815223694
284,0.009506775066256523
285,0.38939371705055237
286,0.3290664255619049
287,-0.040011949837207794
288,0.3471500277519226
289,0.2624114155769348
290,-0.00023677200078964233
291,0.3366320729255676
292,0.266429603099823
293,0.006882494781166315
294,0.32455796003341675
295,0.23972027003765106
296,0.04351281002163887
297,0.38076409697532654
298,0.2700429856777191
299,-0.00983909796923399
300,0.3698999881744385
301,0.2820870280265808
302,0.0065907808020710945
303,0.36008915305137634
304,0.41479775309562683
305,0.004906303249299526
306,0.32767847180366516
307,0.4148815870285034
308,0.07714430242776871
309,0.37955227494239807
310,0.35959988832473755
311,-0.019235864281654358
312,0.38633808493614197
313,0.3630053997039795
314,-0.021199585869908333
315,0.3683544397354126
316,0.41600140929222107
317,0.0034914647694677114
318,0.37256261706352234
319,0.4153083562850952
320,0.0009664607350714505
321,0.3326251208782196
322,0.2595597505569458
323,0.01160652656108141
324,0.37361881136894226
325,0.3592614531517029
326,-0.017619328573346138
327,0.36160293221473694
328,0.26301538944244385
329,-0.005962643772363663
330,0.35988807678222656
331,0.2538055181503296
332,-0.007272731047123671
333,0.35206156969070435
334,0.20972923934459686
335,0.010582569986581802
336,0.32873979210853577
337,0.24889640510082245
338,0.02546299621462822
339,0.3566926121711731
340,0.23022443056106567
341,0.0012059713480994105
342,0.32588934898376465
343,0.2707393169403076
344,0.023101110011339188
345,0.3224341869354248
346,0.26604121923446655
347,0.04034547135233879
348,0.39102232456207275
349,0.4010677933692932
350,-0.02299392968416214
351,0.3830365836620331
352,0.4042985737323761
353,-0.017630625516176224
354,0.37731966376304626
355,0.4079708158969879
356,-0.011257973499596119
357,0.38182955980300903
358,0.3618103563785553
359,-0.018109649419784546
360,0.37044763565063477
361,0.415918231010437
362,0.0020849222782999277
363,0.37337273359298706
364,0.41954919695854187
365,-0.002898880047723651
366,0.3737543523311615
367,0.41445794701576233
368,0.0006388634210452437
369,0.38288718461990356
370,0.35446351766586304
371,-0.030682947486639023
372,0.3821644186973572
373,0.4102237820625305
374,-0.008776692673563957
375,0.3873632550239563
376,0.4090905785560608
377,-0.013344909064471722
378,0.3936314880847931
379,0.4085135757923126
380,-0.01707341894507408
381,0.39071422815322876
382,0.45009198784828186
383,-0.008152193389832973
384,0.3907170295715332
385,0.4390089511871338
386,-0.016071368008852005
387,0.39117372035980225
388,0.43168485164642334
389,-0.017275948077440262
390,0.39190638065338135
391,0.42476728558540344
392,-0.015555341728031635
393,0.3928104341030121
394,0.4202449917793274
395,-0.01420943159610033
396,0.3808189332485199
397,0.4183550477027893
398,-0.006574587896466255
399,0.379326730966568
400,0.42006853222846985
401,-0.00793384201824665
402,0.37712132930755615
403,0.4234376847743988
404,-0.008929559960961342
405,0.3753206431865692
406,0.4274555742740631
407,-0.007321157958358526
408,0.3675159215927124
409,0.3918711543083191
410,-0.007923166267573833
411,0.3189532160758972
412,0.35985249280929565
413,0.09195755422115326
414,0.3981909453868866
415,0.36293065547943115
416,-0.030020209029316902
417,0.3776220977306366
418,0.4173319935798645
419,-0.002161468379199505
420,0.37557747960090637
421,0.4180555045604706
422,-0.002986823907122016
423,0.38902366161346436
424,0.36809706687927246
425,-0.0216237623244524
426,0.3769051432609558
427,0.366608589887619
428,-0.012254771776497364
429,0.3877527117729187
430,0.36567550897598267
431,-0.021682538092136383
432,0.3666957914829254
433,0.32908132672309875
434,-0.0007800355670042336
435,0.3543505072593689
436,0.3373963236808777
437,0.0022210432216525078
438,0.37181854248046875
439,0.35378652811050415
440,-0.014594622887670994
441,0.33486801385879517
442,0.22236785292625427
443,0.026154305785894394
444,0.3395259380340576
445,0.23645097017288208
446,0.012781170196831226
447,0.34435558319091797
448,0.25355064868927
449,0.001997040817514062
450,0.37195563316345215
451,0.43554186820983887
452,-0.0014879999216645956
453,0.3777625262737274
454,0.25560200214385986
455,-0.012539869174361229
456,0.374853253364563
457,0.22795218229293823
458,-0.006095993332564831
459,0.371701180934906
460,0.20319442451000214
461,0.00066806172253564
462,0.3438221216201782
463,0.30496081709861755
464,0.014711299911141396
465,0.32709163427352905
466,0.3183307945728302
467,0.027228711172938347
468,0.3755316138267517
469,0.29854053258895874
470,0.008198140189051628
471,0.33370697498321533
472,0.28863102197647095
473,0.019635234028100967
474,0.37995830178260803
475,0.3140314817428589
476,-0.007177405990660191
477,0.3774050772190094
478,0.3482225835323334
479,-0.03006567433476448
480,0.3200704753398895
481,0.3271263539791107
482,0.03656971827149391
483,0.33174872398376465
484,0.32527777552604675
485,0.01932580955326557
486,0.3412083387374878
487,0.3283903896808624
488,0.011032160371541977
489,0.35568109154701233
490,0.3255024552345276
491,0.006166807375848293
492,0.36641186475753784
493,0.32013723254203796
494,0.0037589408457279205
495,0.3744688630104065
496,0.31425267457962036
497,0.0009441380971111357
498,0.3895528316497803
499,0.29793980717658997
500,-0.01619669422507286
501,0.3212684392929077
502,0.3504275679588318
503,0.03332526609301567
504,0.3279968202114105
505,0.2881241738796234
506,0.024046029895544052
507,0.39378175139427185
508,0.35979539155960083
509,-0.03976665064692497
510,0.3752243220806122
511,0.33220165967941284
512,-0.007947730831801891
513,0.3160182237625122
514,0.3100278377532959
515,0.0881173238158226
516,0.38030701875686646
517,0.3075876832008362
518,-0.0005020364769734442
519,0.3715212941169739
520,0.35524553060531616
521,-0.0062650940380990505
522,0.337750107049942
523,0.29547253251075745
524,0.021666035056114197
525,0.377002477645874
526,0.3416801393032074
527,-0.026678387075662613
528,0.3217790722846985
529,0.38665834069252014
530,0.08685848861932755
531,0.37554803490638733
532,0.294424831867218
533,0.010653524659574032
534,0.3829208016395569
535,0.33413344621658325
536,-0.034752700477838516
537,0.34144607186317444
538,0.4393898844718933
539,0.03348812460899353
540,0.34317323565483093
541,0.4532850682735443
542,0.046834152191877365
543,0.3163694143295288
544,0.3555583357810974
545,0.06271467357873917
546,0.33250945806503296
547,0.4244670271873474
548,0.044109445065259933
549,0.31907686591148376
550,0.285685271024704
551,0.05290571227669716
552,0.3714865446090698
553,0.477735698223114
554,0.005867211613804102
555,0.3951786756515503
556,0.3626329302787781
557,-0.02930588461458683
558,0.3686964213848114
559,0.34127363562583923
560,-0.004724580328911543
561,0.3211918771266937
562,0.3064917027950287
563,0.040095631033182144
564,0.35029226541519165
565,0.299399197101593
566,0.011724108830094337
567,0.35701578855514526
568,0.29996076226234436
569,0.009282061830163002
570,0.37120866775512695
571,0.42156362533569336
572,-0.0014909658348187804
573,0.3236624300479889
574,0.3734457194805145
575,0.03490404412150383
576,0.3863602876663208
577,0.494922399520874
578,0.006340541876852512
579,0.36308443546295166
580,0.47841596603393555
581,0.024172455072402954
582,0.3537282347679138
583,0.4679287075996399
584,0.03420082479715347
585,0.39601120352745056
586,0.22723592817783356
587,-0.009399070404469967
588,0.40358009934425354
589,0.49758148193359375
590,0.002762621734291315
591,0.3635275065898895
592,0.29904070496559143
593,0.008496864698827267
594,0.3695826530456543
595,0.2970215976238251
596,0.009181289002299309
597,0.3735485076904297
598,0.2956780195236206
599,0.010636894963681698
600,0.32335978746414185
601,0.2868765890598297
602,0.032792191952466965
603,0.3689543604850769
604,0.28847435116767883
605,0.008320719003677368
606,0.3623564541339874
607,0.28652068972587585
608,0.007267124950885773
609,0.35570457577705383
610,0.28615105152130127
611,0.008122042752802372
612,0.3489689826965332
613,0.28795892000198364
614,0.01053071953356266
615,0.3447149991989136
616,0.29067695140838623
617,0.013466079719364643
618,0.3163421154022217
619,0.28288665413856506
620,0.0757843628525734
621,0.3458685576915741
622,0.29814961552619934
623,0.01459603849798441
624,0.3993414342403412
625,0.3763332664966583
626,-0.022673096507787704
627,0.3738890290260315
628,0.3837825059890747
629,-0.012875165790319443
630,0.37908121943473816
631,0.3574214577674866
632,-0.02237616665661335
633,0.3884502053260803
634,0.3782215416431427
635,-0.021193210035562515
636,0.39705371856689453
637,0.2826576232910156
638,-0.013552002608776093
639,0.3511694669723511
640,0.4542054831981659
641,0.024700162932276726
642,0.36089378595352173
643,0.46584552526474
644,0.015707075595855713
645,0.38541489839553833
646,0.48621588945388794
647,-0.0030191196128726006
648,0.33510857820510864
649,0.43718552589416504
650,0.062463827431201935
651,0.37347412109375
652,0.2918224334716797
653,0.009696505032479763
654,0.3845466077327728
655,0.3152889013290405
656,-0.018899451941251755
657,0.4029828906059265
658,0.48875898122787476
659,-0.006166132632642984
660,0.37355518341064453
661,0.48788270354270935
662,0.013799228705465794
663,0.3195136785507202
664,0.38057586550712585
665,0.060344744473695755
666,0.38613012433052063
667,0.41930410265922546
668,-0.010686938650906086
669,0.38466382026672363
670,0.42259523272514343
671,-0.01204018946737051
672,0.3830432593822479
673,0.42783766984939575
674,-0.01317613385617733
675,0.3818608224391937
676,0.43431556224823
677,-0.011871839873492718
678,0.37991753220558167
679,0.4438997507095337
680,-0.005658718291670084
681,0.3757277727127075
682,0.4128156900405884
683,-0.004094987642019987
684,0.37288761138916016
685,0.4118746221065521
686,-0.003852634923532605
687,0.3703603744506836
688,0.4102039635181427
689,-0.0036921335849910975
690,0.3625507652759552
691,0.40240365266799927
692,-0.0013742375886067748
693,0.3331942558288574
694,0.3779586851596832
695,0.017666121944785118
696,0.38489583134651184
697,0.3052096962928772
698,-0.011097780428826809
699,0.3813011944293976
700,0.28675591945648193
701,0.0041261399164795876
702,0.37672072649002075
703,0.2885673940181732
704,0.007839137688279152
705,0.3778713643550873
706,0.4112820029258728
707,-0.0034848148934543133
708,0.33421993255615234
709,0.4066816568374634
710,0.029231799766421318
711,0.38738077878952026
712,0.28541770577430725
713,-0.0070898146368563175
714,0.37608879804611206
715,0.4540780186653137
716,-0.0013425614451989532
717,0.39664211869239807
718,0.3160230815410614
719,-0.0349949449300766
720,0.3896234333515167
721,0.30864179134368896
722,-0.024658607318997383
723,0.3967931568622589
724,0.3055943250656128
725,-0.027142206206917763
726,0.3793256878852844
727,0.3329083323478699
728,-0.019097188487648964
729,0.40255147218704224
730,0.47651195526123047
731,-0.009940613061189651
732,0.4022352397441864
733,0.46250033378601074
734,-0.009342402219772339
735,0.388481080532074
736,0.4611695408821106
737,-0.006844528950750828
738,0.3587811291217804
739,0.4311843514442444
740,0.0077578178606927395
741,0.3658446669578552
742,0.3653516173362732
743,-0.003908522427082062
744,0.36654457449913025
745,0.4441182315349579
746,0.0036127972416579723
747,0.34850990772247314
748,0.3656846284866333
749,0.0012987740337848663
750,0.35940417647361755
751,0.37772876024246216
752,-0.0019468843238428235
753,0.3435332775115967
754,0.3852175176143646
755,0.007929557003080845
756,0.38614368438720703
757,0.47443297505378723
758,-0.006624160800129175
759,0.3751608729362488
760,0.3401578962802887
761,-0.013208497315645218
762,0.3527257442474365
763,0.44056305289268494
764,0.015583322383463383
765,0.36252516508102417
766,0.4537432789802551
767,0.00957164354622364
768,0.35263100266456604
769,0.41620156168937683
770,0.009177030064165592
771,0.32681211829185486
772,0.39316967129707336
773,0.03698942810297012
774,0.3435792326927185
775,0.4188569486141205
776,0.01780393160879612
777,0.3244436979293823
778,0.40371716022491455
779,0.055741019546985626
780,0.3544962704181671
781,0.3939095437526703
782,0.002163964556530118
783,0.38002288341522217
784,0.3236043453216553
785,-0.013011121191084385
786,0.38019347190856934
787,0.35274702310562134
788,-0.03213514760136604
789,0.375787615776062
790,0.3568499982357025
791,-0.023232029750943184
792,0.38276374340057373
793,0.34465041756629944
794,-0.038097649812698364
795,0.37511318922042847
796,0.27856528759002686
797,0.0024349966552108526
798,0.36245226860046387
799,0.27340593934059143
800,0.0017670525703579187
801,0.3514271378517151
802,0.2725590467453003
803,0.0029822420328855515
804,0.342338889837265
805,0.27465879917144775
806,0.0069838473573327065
807,0.33634769916534424
808,0.27976804971694946
809,0.012513109482824802
810,0.3330594301223755
811,0.29934996366500854
812,0.025146737694740295
813,0.3150005340576172
814,0.33167266845703125
815,0.06225132942199707
816,0.3385065793991089
817,0.31366053223609924
818,0.017912251874804497
819,0.3462027609348297
820,0.3161153793334961
821,0.012270727194845676
822,0.3562625050544739
823,0.31537744402885437
824,0.00817351695150137
825,0.365927129983902
826,0.31217896938323975
827,0.006273971404880285
828,0.3734491467475891
829,0.3078719973564148
830,0.005175162572413683
831,0.37856611609458923
832,0.30363816022872925
833,0.004482901655137539
834,0.31755712628364563
835,0.33496353030204773
836,0.09292902052402496
837,0.3764638304710388
838,0.36037543416023254
839,-0.0193287692964077
840,0.3842483162879944
841,0.32441237568855286
842,-0.025654545053839684
843,0.3853359818458557
844,0.3524141311645508
845,-0.03894060105085373
846,0.39031901955604553
847,0.3583027124404907
848,-0.03630343824625015
849,0.38578277826309204
850,0.3545742332935333
851,-0.03503119572997093
852,0.37909844517707825
853,0.3640909492969513
854,-0.016845107078552246
855,0.39149442315101624
856,0.35918235778808594
857,-0.0385974682867527
858,0.3927772045135498
859,0.3620260953903198
860,-0.029128843918442726
861,0.37827277183532715
862,0.2948554456233978
863,0.008937697857618332
864,0.3825170397758484
865,0.2972624599933624
866,0.0032695308327674866
867,0.3846004605293274
868,0.2986057996749878
869,-0.0030175163410604
870,0.34219586849212646
871,0.2927182614803314
872,0.01628330908715725
873,0.3379119336605072
874,0.2889905571937561
875,0.016936667263507843
876,0.40371477603912354
877,0.31790682673454285
878,-0.03281116485595703
879,0.45668020844459534
880,0.2941654920578003
881,0.008689065463840961
882,0.4055013358592987
883,0.35976362228393555
884,-0.029898030683398247
885,0.4859056770801544
886,0.2549835741519928
887,0.04670459032058716
888,0.4336793124675751
889,0.3035060167312622
890,0.00151502201333642
891,0.441758930683136
892,0.30435091257095337
893,0.0014796234900131822
894,0.4495268166065216
895,0.30388858914375305
896,0.003119400469586253
897,0.46002787351608276
898,0.29849427938461304
899,0.009420503862202168
900,0.4267670512199402
901,0.3006417155265808
902,0.0028941764030605555
903,0.4432523250579834
904,0.27633631229400635
905,-0.001466831541620195
906,0.434714138507843
907,0.2770932912826538
908,-0.000633368908893317
909,0.45134663581848145
910,0.2777630090713501
911,0.0004938190104439855
912,0.4570011496543884
913,0.2814890444278717
914,0.0034425328485667706
915,0.46668490767478943
916,0.30586859583854675
917,0.012721672654151917
918,0.43367213010787964
919,0.46500641107559204
920,-0.002298681065440178
921,0.45949864387512207
922,0.29183080792427063
923,0.011173764243721962
924,0.49099135398864746
925,0.30327123403549194
926,0.04755101352930069
927,0.47561126947402954
928,0.29925358295440674
929,0.02064252458512783
930,0.44020509719848633
931,0.34819456934928894
932,-0.008249359205365181
933,0.410509318113327
934,0.3926894962787628
935,-0.025138631463050842
936,0.4096982479095459
937,0.40554317831993103
938,-0.021727805957198143
939,0.42153075337409973
940,0.3964320421218872
941,-0.021039491519331932
942,0.4285477101802826
943,0.40181058645248413
944,-0.015204333700239658
945,0.41746097803115845
946,0.40630799531936646
947,-0.018931889906525612
948,0.4234550893306732
949,0.4078987240791321
950,-0.013344595208764076
951,0.4395650029182434
952,0.4237329959869385
953,-0.00258011557161808
954,0.4038456082344055
955,0.3531280755996704
956,-0.04414903745055199
957,0.4044460356235504
958,0.34192609786987305
959,-0.046321503818035126
960,0.46917638182640076
961,0.2708837389945984
962,0.005397864151746035
963,0.42317840456962585
964,0.32035762071609497
965,-0.007619827054440975
966,0.4239831864833832
967,0.3514570891857147
968,-0.025168562307953835
969,0.4246552586555481
970,0.34603151679039
971,-0.022514190524816513
972,0.46463996171951294
973,0.34812769293785095
974,0.00017809952259995043
975,0.4040304124355316
976,0.32861918210983276
977,-0.04110177233815193
978,0.4485776722431183
979,0.25935807824134827
980,-0.007236944977194071
981,0.46056878566741943
982,0.26289570331573486
983,-0.0019274934893473983
984,0.4767712652683258
985,0.23393425345420837
986,0.032003309577703476
987,0.41336333751678467
988,0.2691263258457184
989,-0.012109842151403427
990,0.4274844229221344
991,0.28047239780426025
992,0.002227285411208868
993,0.44495126605033875
994,0.41082853078842163
995,-0.0013882898492738605
996,0.48648470640182495
997,0.41221463680267334
998,0.06527672708034515
999,0.41824665665626526
1000,0.35779374837875366
1001,-0.02180836908519268
1002,0.411504328250885
1003,0.3618031442165375
1004,-0.022479213774204254
1005,0.4365653395652771
1006,0.41176754236221313
1007,-0.0018679823260754347
1008,0.4324309229850769
1009,0.4112674593925476
1010,-0.0036968085914850235
1011,0.46493130922317505
1012,0.2556837201118469
1013,0.0023369016125798225
1014,0.42464134097099304
1015,0.35699331760406494
1016,-0.02083653397858143
1017,0.4330015480518341
1018,0.26081347465515137
1019,-0.010757610201835632
1020,0.4341358244419098
1021,0.25132256746292114
1022,-0.012181340716779232
1023,0.4423355162143707
1024,0.20581413805484772
1025,0.004003358539193869
1026,0.47050023078918457
1027,0.24400600790977478
1028,0.015228978358209133
1029,0.43728941679000854
1030,0.22709427773952484
1031,-0.004447971936315298
1032,0.4741190969944
1033,0.26632586121559143
1034,0.012395327910780907
1035,0.4798913598060608
1036,0.26100635528564453
1037,0.028704626485705376
1038,0.410282701253891
1039,0.3999651372432709
1040,-0.02442004345357418
1041,0.41930338740348816
1042,0.4022194743156433
1043,-0.020398342981934547
1044,0.42600223422050476
1045,0.4049420952796936
1046,-0.014976149424910545
1047,0.4162581264972687
1048,0.36015209555625916
1049,-0.020118022337555885
1050,0.43444299697875977
1051,0.41170623898506165
1052,-0.002900884486734867
1053,0.43119749426841736
1054,0.41612792015075684
1055,-0.007040111348032951
1056,0.4313546121120453
1057,0.4107501804828644
1058,-0.003947761841118336
1059,0.41334661841392517
1060,0.3532492518424988
1061,-0.03290954977273941
1062,0.4218149483203888
1063,0.4074850380420685
1064,-0.012029707431793213
1065,0.415891170501709
1066,0.4072878956794739
1067,-0.0157861839979887
1068,0.4089404344558716
1069,0.40759795904159546
1070,-0.01844487152993679
1071,0.4136083722114563
1072,0.44951942563056946
1073,-0.009490461088716984
1074,0.412459135055542
1075,0.438296914100647
1076,-0.01748284138739109
1077,0.4115535020828247
1078,0.4309316575527191
1079,-0.01877942495048046
1080,0.41048744320869446
1081,0.4239741563796997
1082,-0.01699233613908291
1083,0.4095768332481384
1084,0.41949737071990967
1085,-0.0155582744628191
1086,0.4230997562408447
1087,0.41583767533302307
1088,-0.009740292094647884
1089,0.4245877265930176
1090,0.4175139367580414
1091,-0.011085554026067257
1092,0.42687109112739563
1093,0.42086300253868103
1094,-0.012148896232247353
1095,0.428945928812027
1096,0.42487606406211853
1097,-0.010783226229250431
1098,0.4345862567424774
1099,0.3887813687324524
1100,-0.012437082827091217
1101,0.4940989017486572
1102,0.35564860701560974
1103,0.07866186648607254
1104,0.4269524812698364
1105,0.4142738878726959
1106,-0.006060117855668068
1107,0.428907573223114
1108,0.4148358702659607
1109,-0.00697183795273304
1110,0.40909048914909363
1111,0.3671037554740906
1112,-0.022896815091371536
1113,0.4222162365913391
1114,0.3645053803920746
1115,-0.014833411201834679
1116,0.41021257638931274
1117,0.36453747749328613
1118,-0.022905297577381134
1119,0.4320715069770813
1120,0.3269648849964142
1121,-0.0056984140537679195
1122,0.4454710781574249
1123,0.3344595432281494
1124,-0.004538732580840588
1125,0.42632755637168884
1126,0.3515021502971649
1127,-0.018134113401174545
1128,0.46287286281585693
1129,0.21704982221126556
1130,0.016691263765096664
1131,0.4569404125213623
1132,0.2321261465549469
1133,0.004558027256280184
1134,0.4511176347732544
1135,0.2501757740974426
1136,-0.005378474481403828
1137,0.4332253336906433
1138,0.4334522485733032
1139,-0.005660966970026493
1140,0.41545242071151733
1141,0.2543160617351532
1142,-0.01501984242349863
1143,0.41781073808670044
1144,0.22629588842391968
1145,-0.00904737040400505
1146,0.42068925499916077
1147,0.20096032321453094
1148,-0.0027055367827415466
1149,0.4562329351902008
1150,0.3021547794342041
1151,0.006239629350602627
1152,0.4754652976989746
1153,0.3139777183532715
1154,0.016554445028305054
1155,0.4223487377166748
1156,0.29763922095298767
1157,0.004379249643534422
1158,0.46631428599357605
1159,0.2851296663284302
1160,0.009890608489513397
1161,0.41699209809303284
1162,0.31288594007492065
1163,-0.010109293274581432
1164,0.4184669852256775
1165,0.3466724753379822
1166,-0.032711006700992584
1167,0.4844224750995636
1168,0.3224032521247864
1169,0.024438289925456047
1170,0.4699417054653168
1171,0.3210945129394531
1172,0.009266425855457783
1173,0.4594646692276001
1174,0.32462769746780396
1175,0.0023428217973560095
1176,0.443956196308136
1177,0.3227823078632355
1178,-0.0004957182100042701
1179,0.43238866329193115
1180,0.3181654214859009
1181,-0.0013455000007525086
1182,0.4236166477203369
1183,0.31283751130104065
1184,-0.002854536520317197
1185,0.4050397276878357
1186,0.29748156666755676
1187,-0.01745566353201866
1188,0.4836950898170471
1189,0.3457765281200409
1190,0.02130286581814289
1191,0.4729778468608856
1192,0.28398966789245605
1193,0.013438726775348186
1194,0.4016869366168976
1195,0.3594803214073181
1196,-0.040360692888498306
1197,0.42251747846603394
1198,0.3306041359901428
1199,-0.011403800919651985
1200,0.49421030282974243
1201,0.30479347705841064
1202,0.07430262863636017
1203,0.4169985055923462
1204,0.30655303597450256
1205,-0.003454380901530385
1206,0.4274764657020569
1207,0.3528810739517212
1208,-0.009680409915745258
1209,0.4624527096748352
1210,0.292532742023468
1211,0.012400957755744457
1212,0.4190253019332886
1213,0.3400542736053467
1214,-0.029378600418567657
1215,0.49212679266929626
1216,0.38318416476249695
1217,0.07410947233438492
1218,0.4223870038986206
1219,0.2936092019081116
1220,0.006666118744760752
1221,0.41156134009361267
1222,0.33308541774749756
1223,-0.036792244762182236
1224,0.4682548940181732
1225,0.4376210570335388
1226,0.02445468120276928
1227,0.46898630261421204
1228,0.45231693983078003
1229,0.03774779289960861
1230,0.49253857135772705
1231,0.3511647582054138
1232,0.04969536513090134
1233,0.4778922498226166
1234,0.42194128036499023
1235,0.033630747348070145
1236,0.4856399893760681
1237,0.28044191002845764
1238,0.040472425520420074
1239,0.4358089566230774
1240,0.47752028703689575
1241,0.0015851466450840235
1242,0.4013103246688843
1243,0.36237633228302
1244,-0.02966110035777092
1245,0.43016037344932556
1246,0.339033305644989
1247,-0.009065178222954273
1248,0.48272204399108887
1249,0.30187615752220154
1250,0.02831328846514225
1251,0.44861549139022827
1252,0.29714301228523254
1253,0.004307249095290899
1254,0.44160786271095276
1255,0.29798126220703125
1256,0.0026554304640740156
1257,0.43354377150535583
1258,0.41807299852371216
1259,-0.0058908225037157536
1260,0.4828212857246399
1261,0.36911338567733765
1262,0.023198695853352547
1263,0.4212028384208679
1264,0.49500763416290283
1265,0.003948731813579798
1266,0.4465504288673401
1267,0.47843509912490845
1268,0.01830415427684784
1269,0.45715227723121643
1270,0.4676763415336609
1271,0.026864323765039444
1272,0.43482258915901184
1273,0.2974446415901184
1274,0.0028141664806753397
1275,0.4284735321998596
1276,0.29572123289108276
1277,0.0042974501848220825
1278,0.4244566261768341
1279,0.2947503328323364
1280,0.006293389946222305
1281,0.47886228561401367
1282,0.2822137176990509
1283,0.021359048783779144
1284,0.4289388954639435
1285,0.2872122526168823
1286,0.003299520816653967
1287,0.4356209337711334
1288,0.28494349122047424
1289,0.0014353307196870446
1290,0.4423491358757019
1291,0.28431570529937744
1292,0.0013540636282414198
1293,0.4493921101093292
1294,0.2857542335987091
1295,0.002898158272728324
1296,0.45407527685165405
1297,0.28822195529937744
1298,0.005347640719264746
1299,0.49132040143013
1300,0.27718400955200195
1301,0.06241202726960182
1302,0.45333945751190186
1303,0.29571351408958435
1304,0.006604930851608515
1305,0.42679229378700256
1306,0.38136011362075806
1307,-0.016369212418794632
1308,0.41824156045913696
1309,0.3556775748729706
1310,-0.024681666865944862
1311,0.41076910495758057
1312,0.37715938687324524
1313,-0.0227070190012455
1314,0.45786815881729126
1315,0.4530909061431885
1316,0.017362499609589577
1317,0.44741693139076233
1318,0.46539148688316345
1319,0.009981243871152401
1320,0.4209081828594208
1321,0.4861447513103485
1322,-0.005404680036008358
1323,0.4782457947731018
1324,0.43541795015335083
1325,0.051751911640167236
1326,0.4243158996105194
1327,0.2909209132194519
1328,0.005239881109446287
1329,0.4107082784175873
1330,0.3144870400428772
1331,-0.020828502252697945
1332,0.4348703622817993
1333,0.4880012273788452
1334,0.00947792362421751
1335,0.4905441999435425
1336,0.37673118710517883
1337,0.04787500202655792
1338,0.41694140434265137
1339,0.4176945090293884
1340,-0.013068904168903828
1341,0.4184783697128296
1342,0.4208969473838806
1343,-0.014464005827903748
1344,0.42022594809532166
1345,0.4261830449104309
1346,-0.015678901225328445
1347,0.4217899739742279
1348,0.43280184268951416
1349,-0.014517074450850487
1350,0.4248262643814087
1351,0.4426114559173584
1352,-0.00870087556540966
1353,0.4288133978843689
1354,0.4092879593372345
1355,-0.008414434269070625
1356,0.4313972592353821
1357,0.40818551182746887
1358,-0.008589858189225197
1359,0.43384698033332825
1360,0.40627074241638184
1361,-0.008597995154559612
1362,0.4411041736602783
1363,0.3986732065677643
1364,-0.00710810674354434
1365,0.4715144634246826
1366,0.3738471269607544
1367,0.007587586995214224
1368,0.41086798906326294
1369,0.304442435503006
1370,-0.013234286569058895
1371,0.4153512716293335
1372,0.28601258993148804
1373,0.001582777826115489
1374,0.42061227560043335
1375,0.2876196503639221
1376,0.004197544418275356
1377,0.4268784821033478
1378,0.40801623463630676
1379,-0.007519247476011515
1380,0.4733666479587555
1381,0.4033225476741791
1382,0.019147897139191628
1383,0.40776506066322327
1384,0.2849096953868866
1385,-0.008580032736063004
1386,0.42953789234161377
1387,0.45306864380836487
1388,-0.004755612462759018
1389,0.404466450214386
1390,0.30818313360214233
1391,-0.0257688257843256
1392,0.41694575548171997
1393,0.33156561851501465
1394,-0.021614667028188705
1395,0.4164262115955353
1396,0.4607764482498169
1397,-0.008534543216228485
1398,0.44728145003318787
1399,0.4286544620990753
1400,0.0017855592304840684
1401,0.43449655175209045
1402,0.3626196086406708
1403,-0.008437829092144966
1404,0.43960678577423096
1405,0.44245055317878723
1406,-0.0010998203651979566
1407,0.4531572461128235
1408,0.3622208833694458
1409,-0.006101978477090597
1410,0.4423213303089142
1411,0.37471264600753784
1412,-0.007653862237930298
1413,0.4603615701198578
1414,0.3816090524196625
1415,-0.00037616793997585773
1416,0.4192965626716614
1417,0.4741063714027405
1418,-0.008872127160429955
1419,0.4223979115486145
1420,0.33835428953170776
1421,-0.016332561150193214
1422,0.4546091854572296
1423,0.4386427700519562
1424,0.008685313165187836
1425,0.4445263147354126
1426,0.45266520977020264
1427,0.0042715067975223064
1428,0.45289483666419983
1429,0.41283103823661804
1430,0.0018587482627481222
1431,0.48106926679611206
1432,0.38940009474754333
1433,0.02579227276146412
1434,0.4633091986179352
1435,0.4158914387226105
1436,0.009264453314244747
1437,0.4863157272338867
1438,0.400388240814209
1439,0.043886858969926834
1440,0.4490278959274292
1441,0.39031982421875
1442,-0.004712794907391071
1443,0.4164885878562927
1444,0.3223751485347748
1445,-0.015729088336229324
1446,0.41584357619285583
1447,0.35129469633102417
1448,-0.03450404852628708
1449,0.42155173420906067
1450,0.35489964485168457
1451,-0.02602970041334629
1452,0.4117424488067627
1453,0.34362703561782837
1454,-0.04016748443245888
1455,0.4211905002593994
1456,0.27739256620407104
1457,-0.0010319369612261653
1458,0.43388691544532776
1459,0.27136415243148804
1460,-0.00334756332449615
1461,0.4452365040779114
1462,0.2698815166950226
1463,-0.003770434996113181
1464,0.4550462067127228
1465,0.27151715755462646
1466,-0.001202109851874411
1467,0.4622863233089447
1468,0.2763982117176056
1469,0.003494509030133486
1470,0.46816202998161316
1471,0.29578787088394165
1472,0.015234806574881077
1473,0.4928922951221466
1474,0.3269050121307373
1475,0.04883619397878647
1476,0.46237921714782715
1477,0.3102007806301117
1478,0.008803206495940685
1479,0.45395374298095703
1480,0.3129909932613373
1481,0.004269680008292198
1482,0.4432111382484436
1483,0.3129575848579407
1484,0.0015265056863427162
1485,0.4328707456588745
1486,0.31032949686050415
1487,0.0010389562230557203
1488,0.42480283975601196
1489,0.3065183162689209
1490,0.0012350347824394703
1491,0.41918933391571045
1492,0.30265599489212036
1493,0.001263524405658245
1494,0.49437129497528076
1495,0.3301849365234375
1496,0.07920375466346741
1497,0.4215106964111328
1498,0.35830238461494446
1499,-0.02201814204454422
1500,0.41053444147109985
1501,0.32351112365722656
1502,-0.02767299674451351
1503,0.409686803817749
1504,0.35150668025016785
1505,-0.04053192213177681
1506,0.40571129322052
1507,0.3576792776584625
1508,-0.037149347364902496
1509,0.4100024104118347
1510,0.35361331701278687
1511,-0.03661751374602318
1512,0.4194408655166626
1513,0.3622646629810333
1514,-0.019173018634319305
1515,0.4041823744773865
1516,0.35866379737854004
1517,-0.03926089033484459
1518,0.4038350582122803
1519,0.36155563592910767
1520,-0.029738087207078934
1521,0.41935449838638306
1522,0.29412660002708435
1523,0.005538614466786385
1524,0.414663165807724
1525,0.2965410053730011
1526,0.0008016666979528964
1527,0.41190052032470703
1528,0.29785245656967163
1529,-0.005112223792821169
1530,0.4570007920265198
1531,0.29021796584129333
1532,0.0077957455068826675
1533,0.4615297317504883
1534,0.2858990430831909
1535,0.007937508635222912
1536,0.0
1537,0.0
1538,0.0
1539,0.0
1540,0.0
1541,0.0
1542,0.0
1543,0.0
1544,0.0
1545,0.0
1546,0.0
1547,0.0
1548,0.0
1549,0.0
1550,0.0
1551,0.0
1552,0.0
1553,0.0
1554,0.0
1555,0.0
1556,0.0
1557,0.0
1558,0.0
1559,0.0
1560,0.0
1561,0.0
1562,0.0
1563,0.0
1564,0.0
1565,0.0
1566,0.0
1567,0.0
1568,0.0
1569,0.0
1570,0.0
1571,0.0
1572,0.0
1573,0.0
1574,0.0
1575,0.0
1576,0.0
1577,0.0
1578,0.0
1579,0.0
1580,0.0
1581,0.0
1582,0.0
1583,0.0
1584,0.0
1585,0.0
1586,0.0
1587,0.0
1588,0.0
1589,0.0
1590,0.0
1591,0.0
1592,0.0
1593,0.0
1594,0.0
1595,0.0
1596,0.0
1597,0.0
1598,0.0
1599,0.0
1600,0.0
1601,0.0
1602,0.0
1603,0.0
1604,0.0
1605,0.0
1606,0.0
1607,0.0
1608,0.0
1609,0.0
1610,0.0
1611,0.0
1612,0.0
1613,0.0
1614,0.0
1615,0.0
1616,0.0
1617,0.0
1618,0.0
1619,0.0
1620,0.0
1621,0.0
1622,0.0
1623,0.0
1624,0.0
1625,0.0
1626,0.0
1627,0.0
1628,0.0
1629,0.0
1630,0.0
1631,0.0
1632,0.0
1633,0.0
1634,0.0
1635,0.0
1636,0.0
1637,0.0
1638,0.0
1639,0.0
1640,0.0
1641,0.0
1642,0.0
1643,0.0
1644,0.0
1645,0.0
1646,0.0
1647,0.0
1648,0.0
1649,0.0
1650,0.0
1651,0.0
1652,0.0
1653,0.0
1654,0.0
1655,0.0
1656,0.0
1657,0.0
1658,0.0
1659,0.0
1660,0.0
1661,0.0
