,0
0,0.40858858823776245
1,0.3444041609764099
2,-0.7605053186416626
3,0.9999777674674988
4,0.4363016188144684
5,0.2892969250679016
6,-0.7065311670303345
7,0.9999635219573975
8,0.4528839588165283
9,0.2902408540248871
10,-0.7063168287277222
11,0.999965488910675
12,0.465670645236969
13,0.292484313249588
14,-0.7059115171432495
15,0.9999622702598572
16,0.38312608003616333
17,0.29423946142196655
18,-0.7025108933448792
19,0.9999628067016602
20,0.3659241199493408
21,0.297027587890625
22,-0.7016039490699768
23,0.999963641166687
24,0.3505166172981262
25,0.30035167932510376
26,-0.7018047571182251
27,0.999961256980896
28,0.4861440658569336
29,0.3276251554489136
30,-0.3547857105731964
31,0.9999634027481079
32,0.33348891139030457
33,0.33324161171913147
34,-0.3215641677379608
35,0.9999708533287048
36,0.44511303305625916
37,0.410614013671875
38,-0.6324084997177124
39,0.9999810457229614
40,0.37752872705459595
41,0.41122838854789734
42,-0.6252211928367615
43,0.9999813437461853
44,0.625335693359375
45,0.6644216775894165
46,-0.20336008071899414
47,0.9997410774230957
48,0.21684010326862335
49,0.68880295753479
50,-0.1583128571510315
51,0.9996286034584045
52,0.7360122203826904
53,0.9848395586013794
54,-0.6254886984825134
55,0.608555257320404
56,0.12181782722473145
57,0.9914253950119019
58,-0.287005215883255
59,0.42252686619758606
60,0.7535079121589661
61,0.7087985873222351
62,-1.1396924257278442
63,0.5228678584098816
64,0.15109632909297943
65,1.4067906141281128
66,-0.8464614748954773
67,0.1913115531206131
68,0.7081495523452759
69,0.5538360476493835
70,-1.2689383029937744
71,0.5213112235069275
72,0.12117326259613037
73,1.5182738304138184
74,-0.925025463104248
75,0.22245363891124725
76,0.6603948473930359
77,0.5172706842422485
78,-1.1690460443496704
79,0.5536473393440247
80,0.15746372938156128
81,1.5061134099960327
82,-0.9952764511108398
83,0.30174341797828674
84,0.6632215976715088
85,0.5711506009101868
86,-1.1231478452682495
87,0.5473284125328064
88,0.18054364621639252
89,1.4641892910003662
90,-0.9027441740036011
91,0.30981191992759705
92,0.5758935213088989
93,1.46146559715271
94,-0.07431337237358093
95,0.0028897684533149004
96,0.28876227140426636
97,1.4643683433532715
98,0.0797870010137558
99,0.0022964002564549446
100,0.5732779502868652
101,2.1002631187438965
102,-0.19061797857284546
103,0.0005089099868200719
104,0.30487629771232605
105,2.1051881313323975
106,0.11151643097400665
107,0.00019653004710562527
108,0.5755832195281982
109,2.6751585006713867
110,0.24060896039009094
111,5.233144838712178e-05
112,0.31579428911209106
113,2.6767642498016357
114,0.4191335141658783
115,9.318067895947024e-06
116,0.5849019289016724
117,2.7635834217071533
118,0.25145336985588074
119,4.3335414375178516e-05
120,0.31385523080825806
121,2.7671170234680176
122,0.4346361756324768
123,2.631527604535222e-05
124,0.5270739197731018
125,2.8614652156829834
126,-0.33392688632011414
127,6.993377610342577e-05
128,0.3512527346611023
129,2.854799747467041
130,-0.15504969656467438
131,4.7123343392740935e-05
132,0.3918937146663666
133,0.394615113735199
134,-0.02695263735949993
135,0.3870648145675659
136,0.3536686301231384
137,-0.046809662133455276
138,0.38961753249168396
139,0.36691635847091675
140,-0.025869833305478096
141,0.37956753373146057
142,0.31872281432151794
143,-0.03346572071313858
144,0.38634201884269714
145,0.34185945987701416
146,-0.04929200932383537
147,0.38615289330482483
148,0.3274567723274231
149,-0.045295193791389465
150,0.38661596179008484
151,0.2945735454559326
152,-0.021308230236172676
153,0.33140790462493896
154,0.3002113997936249
155,0.017384707927703857
156,0.38620713353157043
157,0.2710753083229065
158,-0.014861448667943478
159,0.3855833113193512
160,0.25675690174102783
161,-0.015981562435626984
162,0.38399770855903625
163,0.20186561346054077
164,-0.003950833808630705
165,0.39241719245910645
166,0.4005774259567261
167,-0.026261333376169205
168,0.39299294352531433
169,0.4054574966430664
170,-0.023715853691101074
171,0.3935224115848541
172,0.407692551612854
173,-0.02008991129696369
174,0.3945107161998749
175,0.4287034869194031
176,-0.014639269560575485
177,0.39471757411956787
178,0.43462079763412476
179,-0.016055714339017868
180,0.39504554867744446
181,0.4417193531990051
182,-0.017489558085799217
183,0.3955274224281311
184,0.44905441999435425
185,-0.015219350345432758
186,0.39633315801620483
187,0.45790326595306396
188,-0.006195134483277798
189,0.38793882727622986
190,0.3600151836872101
191,-0.0427541546523571
192,0.38121023774147034
193,0.36056211590766907
194,-0.030762899667024612
195,0.30832016468048096
196,0.26637718081474304
197,0.06119697913527489
198,0.3543756902217865
199,0.30748724937438965
200,0.006887385621666908
201,0.3465889096260071
202,0.30927205085754395
203,0.007905738428235054
204,0.3391142785549164
205,0.3096763789653778
206,0.010692061856389046
207,0.3290521502494812
208,0.3047996163368225
209,0.018629996106028557
210,0.3608001470565796
211,0.30375048518180847
212,0.006974630523473024
213,0.34233763813972473
214,0.2806302309036255
215,0.005214005708694458
216,0.3511159420013428
217,0.2806779742240906
218,0.004514867439866066
219,0.33442628383636475
220,0.28294500708580017
221,0.008357669226825237
222,0.3294140696525574
223,0.2872923016548157
224,0.012112678028643131
225,0.3239404261112213
226,0.31340086460113525
227,0.022858334705233574
228,0.3666662275791168
229,0.4697823226451874
230,0.0048280442133545876
231,0.32869917154312134
232,0.2979232668876648
233,0.02043251134455204
234,0.3064512610435486
235,0.31342801451683044
236,0.062393467873334885
237,0.3162427842617035
238,0.30780068039894104
239,0.03226207569241524
240,0.34982606768608093
241,0.3527752161026001
242,-0.003021536162123084
243,0.38121381402015686
244,0.3938981294631958
245,-0.024789880961179733
246,0.38425931334495544
247,0.40645089745521545
248,-0.021510468795895576
249,0.371448814868927
250,0.39925283193588257
251,-0.01888391189277172
252,0.3663344383239746
253,0.40592554211616516
254,-0.01120746973901987
255,0.37736308574676514
256,0.4085332751274109
257,-0.01698160171508789
258,0.37258172035217285
259,0.41144633293151855
260,-0.009938105009496212
261,0.3588005304336548
262,0.43037813901901245
263,0.00463157519698143
264,0.38036006689071655
265,0.3540012538433075
266,-0.04568801820278168
267,0.3785736560821533
268,0.342953622341156
269,-0.04784398153424263
270,0.3180616497993469
271,0.27861130237579346
272,0.015723474323749542
273,0.36436188220977783
274,0.3231583535671234
275,-0.004713557660579681
276,0.36266955733299255
277,0.35449182987213135
278,-0.02339004911482334
279,0.36204400658607483
280,0.3491196930408478
281,-0.020448779687285423
282,0.3276737332344055
283,0.3552612066268921
284,0.00950747262686491
285,0.3788639307022095
286,0.3295440673828125
287,-0.04210967198014259
288,0.3349074125289917
289,0.2649553418159485
290,-0.0005453897756524384
291,0.3244079351425171
292,0.269635409116745
293,0.006877892650663853
294,0.31314152479171753
295,0.24499472975730896
296,0.04478776454925537
297,0.3696112036705017
298,0.2708793580532074
299,-0.010783137753605843
300,0.35886523127555847
301,0.28341609239578247
302,0.006362023297697306
303,0.3528699278831482
304,0.41717272996902466
305,0.00642583379521966
306,0.32215356826782227
307,0.41751596331596375
308,0.0796109288930893
309,0.3693193197250366
310,0.3600429892539978
311,-0.020558413118124008
312,0.376436322927475
313,0.36328238248825073
314,-0.02263328805565834
315,0.3610708713531494
316,0.4186444580554962
317,0.004935464356094599
318,0.36553460359573364
319,0.4179873466491699
320,0.0022972901351749897
321,0.32044562697410583
322,0.26320523023605347
323,0.01179991289973259
324,0.3633207678794861
325,0.36002877354621887
326,-0.018876099959015846
327,0.34969842433929443
328,0.2647973895072937
329,-0.00668412446975708
330,0.3478170335292816
331,0.25579598546028137
332,-0.008033771999180317
333,0.33968502283096313
334,0.21337135136127472
335,0.01046358048915863
336,0.3169480264186859
337,0.2534639537334442
338,0.026169007644057274
339,0.34440964460372925
340,0.23307257890701294
341,0.0007315872353501618
342,0.314301460981369
343,0.27496805787086487
344,0.023776711896061897
345,0.31135478615760803
346,0.2710525691509247
347,0.04154994338750839
348,0.38257157802581787
349,0.40105700492858887
350,-0.024106435477733612
351,0.3745926022529602
352,0.4047003388404846
353,-0.018302004784345627
354,0.3693233132362366
355,0.40876567363739014
356,-0.011255829595029354
357,0.37173402309417725
358,0.36216285824775696
359,-0.019426332786679268
360,0.36324453353881836
361,0.4186056852340698
362,0.0034087004605680704
363,0.3662028908729553
364,0.4243680536746979
365,-0.0010765526676550508
366,0.36687779426574707
367,0.41703280806541443
368,0.001980290049687028
369,0.3724897801876068
370,0.354968786239624
371,-0.032472025603055954
372,0.3747428357601166
373,0.4107905924320221
374,-0.0088713513687253
375,0.37960490584373474
376,0.4091934561729431
377,-0.013985584490001202
378,0.38587838411331177
379,0.40830764174461365
380,-0.018126901239156723
381,0.38424739241600037
382,0.45723244547843933
383,-0.005105520132929087
384,0.3838790953159332
385,0.44795385003089905
386,-0.01370734628289938
387,0.38422489166259766
388,0.44069981575012207
389,-0.015357507392764091
390,0.3849509358406067
391,0.4333687722682953
392,-0.013840707950294018
393,0.38590121269226074
394,0.4284059405326843
395,-0.012559986673295498
396,0.3740014135837555
397,0.4245859980583191
398,-0.004741091281175613
399,0.3723039925098419
400,0.42652493715286255
401,-0.005938342772424221
402,0.3699037432670593
403,0.43002381920814514
404,-0.006780568975955248
405,0.36798882484436035
406,0.43386825919151306
407,-0.005103360395878553
408,0.3589225113391876
409,0.39336246252059937
410,-0.007957623340189457
411,0.3117603063583374
412,0.36368441581726074
413,0.09467317163944244
414,0.38869041204452515
415,0.3628268241882324
416,-0.03178602084517479
417,0.3708970546722412
418,0.42219290137290955
419,-0.00043642165837809443
420,0.3685453534126282
421,0.42301061749458313
422,-0.0011960499687120318
423,0.3793615698814392
424,0.368268758058548
425,-0.02293483167886734
426,0.3669942617416382
427,0.3671833574771881
428,-0.013185080140829086
429,0.377970814704895
430,0.365876704454422
431,-0.0230873990803957
432,0.356388121843338
433,0.33067259192466736
434,-0.0013319590361788869
435,0.3441765308380127
436,0.3396109938621521
437,0.001828947919420898
438,0.3614700734615326
439,0.354755699634552
440,-0.015728112310171127
441,0.3227868378162384
442,0.2270129770040512
443,0.026747655123472214
444,0.32725387811660767
445,0.24035251140594482
446,0.012911162339150906
447,0.33200258016586304
448,0.25643599033355713
449,0.0017253372352570295
450,0.3649761378765106
451,0.4402860999107361
452,0.0009805015288293362
453,0.3662894666194916
454,0.2566886842250824
455,-0.013553553260862827
456,0.36293596029281616
457,0.22984665632247925
458,-0.006972976960241795
459,0.3594382107257843
460,0.2056741863489151
461,5.636495552607812e-05
462,0.33273279666900635
463,0.3083575665950775
464,0.014859464019536972
465,0.3168313503265381
466,0.3225436508655548
467,0.02791709639132023
468,0.3649464249610901
469,0.30011487007141113
470,0.007931689731776714
471,0.3221338987350464
472,0.29234907031059265
473,0.020166577771306038
474,0.3696329593658447
475,0.3150908648967743
476,-0.008001397363841534
477,0.3667489290237427
478,0.34902679920196533
479,-0.03184928372502327
480,0.3102330267429352
481,0.3316037952899933
482,0.03753957152366638
483,0.32146528363227844
484,0.3290494978427887
485,0.019679490476846695
486,0.3308850824832916
487,0.3315272033214569
488,0.011092379689216614
489,0.3453521430492401
490,0.3278869688510895
491,0.005956477485597134
492,0.3560721278190613
493,0.32196399569511414
494,0.0034019541926681995
495,0.36416593194007874
496,0.3156207203865051
497,0.0004706141189672053
498,0.3791292607784271
499,0.29851338267326355
500,-0.017394164577126503
501,0.3118407130241394
502,0.35442742705345154
503,0.03418651968240738
504,0.3167717754840851
505,0.29222506284713745
506,0.024720827117562294
507,0.38388675451278687
508,0.35998985171318054
509,-0.04192027822136879
510,0.3649002015590668
511,0.33324742317199707
512,-0.008858539164066315
513,0.30737897753715515
514,0.31505852937698364
515,0.0907021090388298
516,0.36996251344680786
517,0.308700293302536
518,-0.0011388444108888507
519,0.361349493265152
520,0.3561865985393524
521,-0.006983062252402306
522,0.326229453086853
523,0.29898810386657715
524,0.02221769466996193
525,0.36636465787887573
526,0.34248727560043335
527,-0.028303561732172966
528,0.3152180314064026
529,0.38974568247795105
530,0.08943399786949158
531,0.3649328052997589
532,0.2960039973258972
533,0.010486405342817307
534,0.37234950065612793
535,0.33484724164009094
536,-0.036680918186903
537,0.33591338992118835
538,0.44225960969924927
539,0.035955701023340225
540,0.3382847309112549
541,0.45582810044288635
542,0.04926084727048874
543,0.30781134963035583
544,0.35975515842437744
545,0.06450552493333817
546,0.3268844485282898
547,0.42736750841140747
548,0.04620268568396568
549,0.3087964951992035
550,0.2907777726650238
551,0.05450654402375221
552,0.3659065067768097
553,0.481825053691864
554,0.00900307483971119
555,0.38551217317581177
556,0.3627236485481262
557,-0.03107675164937973
558,0.3584875464439392
559,0.3425504267215729
560,-0.0054408409632742405
561,0.3110847771167755
562,0.3111295700073242
563,0.04123446345329285
564,0.3390936553478241
565,0.30270257592201233
566,0.011726606637239456
567,0.34599393606185913
568,0.3028973937034607
569,0.00917790550738573
570,0.36394476890563965
571,0.42603740096092224
572,0.0003167680697515607
573,0.3150998055934906
574,0.3769257962703705
575,0.03590274229645729
576,0.3812376856803894
577,0.4991855025291443
578,0.009478402324020863
579,0.3576406240463257
580,0.48182040452957153
581,0.02719039097428322
582,0.3485219478607178
583,0.47075405716896057
584,0.036950014531612396
585,0.3846819996833801
586,0.2279479205608368
587,-0.010421534068882465
588,0.39910706877708435
589,0.5013377070426941
590,0.0057582613080739975
591,0.3527006506919861
592,0.30157116055488586
593,0.008286804892122746
594,0.3588905334472656
595,0.2991524934768677
596,0.009022258222103119
597,0.36290544271469116
598,0.2974669635295868
599,0.0105188749730587
600,0.3125112056732178
601,0.291439950466156
602,0.03382016718387604
603,0.35804814100265503
604,0.2902660071849823
605,0.008148002438247204
606,0.3512251675128937
607,0.28857365250587463
608,0.007122129201889038
609,0.3442986011505127
610,0.2884986400604248
611,0.008061854168772697
612,0.33737674355506897
613,0.29067474603652954
614,0.010583286173641682
615,0.3330923616886139
616,0.2937171757221222
617,0.013663026504218578
618,0.30660730600357056
619,0.28832370042800903
620,0.07801168411970139
621,0.3345209062099457
622,0.3015996813774109
623,0.014775837771594524
624,0.3905429244041443
625,0.3760911524295807
626,-0.023942528292536736
627,0.36459001898765564
628,0.38476917147636414
629,-0.013432093895971775
630,0.36871641874313354
631,0.3579694628715515
632,-0.02386525459587574
633,0.3791643977165222
634,0.3785351812839508
635,-0.02222577854990959
636,0.38669463992118835
637,0.2827916145324707
638,-0.014703367836773396
639,0.3455340266227722
640,0.4572805166244507
641,0.02754915878176689
642,0.35528630018234253
643,0.46925613284111023
644,0.018803583458065987
645,0.3801227807998657
646,0.4906666874885559
647,0.00018106395145878196
648,0.33021849393844604
649,0.4397174119949341
650,0.06468167155981064
651,0.36273372173309326
652,0.2934693992137909
653,0.009547164663672447
654,0.37413284182548523
655,0.3160378336906433
656,-0.020193656906485558
657,0.39822256565093994
658,0.4929041266441345
659,-0.002996408613398671
660,0.3680853843688965
661,0.49189841747283936
662,0.01690094918012619
663,0.3118136525154114
664,0.3842468857765198
665,0.06218547374010086
666,0.3791591227054596
667,0.42679840326309204
668,-0.008885701186954975
669,0.37755703926086426
670,0.43043893575668335
671,-0.010077464394271374
672,0.37577053904533386
673,0.4359931945800781
674,-0.010947850532829762
675,0.3745490312576294
676,0.44239306449890137
677,-0.00938683282583952
678,0.37296202778816223
679,0.45009759068489075
680,-0.0028318213298916817
681,0.36846446990966797
682,0.4141795337200165
683,-0.0035037132911384106
684,0.36537179350852966
685,0.4133099913597107
686,-0.003195603843778372
687,0.36268675327301025
688,0.4116500914096832
689,-0.003026913618668914
690,0.35479792952537537
691,0.4042801856994629
692,-0.0006160008488222957
693,0.3246687948703766
694,0.3809502422809601
695,0.018259424716234207
696,0.3745066523551941
697,0.3060273826122284
698,-0.012075590901076794
699,0.3706187605857849
700,0.28786608576774597
701,0.0036010686308145523
702,0.3659907877445221
703,0.28985366225242615
704,0.0075537292286753654
705,0.37078237533569336
706,0.4124632477760315
707,-0.0028489420656114817
708,0.32734233140945435
709,0.4096635580062866
710,0.030729051679372787
711,0.37678423523902893
712,0.2861148416996002
713,-0.007976745255291462
714,0.3696918487548828
715,0.4587109684944153
716,0.0017623024759814143
717,0.3863307237625122
718,0.31610068678855896
719,-0.036878347396850586
720,0.3792102038860321
721,0.30910587310791016
722,-0.026174107566475868
723,0.386471688747406
724,0.30565908551216125
725,-0.028713712468743324
726,0.3688727617263794
727,0.33370769023895264
728,-0.02042640931904316
729,0.3974364995956421
730,0.4809998869895935
731,-0.006615098100155592
732,0.3968120217323303
733,0.46803367137908936
734,-0.006049413233995438
735,0.3824869394302368
736,0.46668460965156555
737,-0.003468691371381283
738,0.3519977629184723
739,0.43419477343559265
740,0.010036448948085308
741,0.3561989963054657
742,0.36661967635154724
743,-0.004293207544833422
744,0.3599205017089844
745,0.4477929174900055
746,0.006343226879835129
747,0.33925771713256836
748,0.3681674003601074
749,0.0013074305607005954
750,0.3505784571170807
751,0.37958818674087524
752,-0.0019407056970521808
753,0.33530786633491516
754,0.38786056637763977
755,0.008623501285910606
756,0.3805431127548218
757,0.47906607389450073
758,-0.0032727790530771017
759,0.3647477924823761
760,0.341062992811203
761,-0.01428970880806446
762,0.3463343381881714
763,0.44376179575920105
764,0.018152158707380295
765,0.3564262390136719
766,0.45722347497940063
767,0.012553398497402668
768,0.345587819814682
769,0.41875648498535156
770,0.010869460180401802
771,0.3193027675151825
772,0.39636045694351196
773,0.038335882127285004
774,0.3367556035518646
775,0.42178282141685486
776,0.019625602290034294
777,0.3179217576980591
778,0.4069267809391022
779,0.05768680199980736
780,0.3467101454734802
781,0.3960033655166626
782,0.0027751424349844456
783,0.3696434497833252
784,0.32449713349342346
785,-0.014061207883059978
786,0.3696337640285492
787,0.3534013032913208
788,-0.033965714275836945
789,0.36531689763069153
790,0.35753005743026733
791,-0.024729713797569275
792,0.3721894919872284
793,0.34534788131713867
794,-0.04020916670560837
795,0.3640560507774353
796,0.27977097034454346
797,0.0019570516888052225
798,0.3507976531982422
799,0.2750394940376282
800,0.001388126751407981
801,0.3392973244190216
802,0.2747238874435425
803,0.0027790614403784275
804,0.3300859332084656
805,0.2774832844734192
806,0.007011626847088337
807,0.32426637411117554
808,0.28313857316970825
809,0.012794162146747112
810,0.3220502436161041
811,0.3033076524734497
812,0.025804996490478516
813,0.30597931146621704
814,0.33636972308158875
815,0.06408494710922241
816,0.32777532935142517
817,0.31724488735198975
818,0.01819061115384102
819,0.33560580015182495
820,0.31927290558815
821,0.012335434556007385
822,0.3457484841346741
823,0.3179855942726135
824,0.007996711879968643
825,0.3554805815219879
826,0.3142717778682709
827,0.005991497542709112
828,0.3630646765232086
829,0.30946990847587585
830,0.004777760244905949
831,0.3681945204734802
832,0.30496183037757874
833,0.004026171285659075
834,0.3097141981124878
835,0.339426189661026
836,0.09569118171930313
837,0.3662247359752655
838,0.3609892427921295
839,-0.020652692764997482
840,0.37377703189849854
841,0.3251081705093384
842,-0.027247805148363113
843,0.3749215304851532
844,0.3529733419418335
845,-0.04106751084327698
846,0.38029271364212036
847,0.3586418032646179
848,-0.03833872452378273
849,0.37547504901885986
850,0.35508260130882263
851,-0.03700363636016846
852,0.36906975507736206
853,0.36458760499954224
854,-0.018071334809064865
855,0.381507009267807
856,0.35948655009269714
857,-0.040676962584257126
858,0.3829819858074188
859,0.3622129559516907
860,-0.030899370089173317
861,0.36769744753837585
862,0.2962223291397095
863,0.008667978458106518
864,0.372079074382782
865,0.29833173751831055
866,0.0027344487607479095
867,0.3742028474807739
868,0.2994955778121948
869,-0.0037876656278967857
870,0.3306081295013428
871,0.29596054553985596
872,0.016663309186697006
873,0.326019287109375
874,0.29230594635009766
875,0.017321430146694183
876,0.393746554851532
877,0.3175438344478607
878,-0.034659549593925476
879,0.44911739230155945
880,0.2912447154521942
881,0.008244022727012634
882,0.3964777886867523
883,0.35927775502204895
884,-0.03170650824904442
885,0.47736120223999023
886,0.25117236375808716
887,0.047086283564567566
888,0.425385445356369
889,0.3018694818019867
890,0.0008677591104060411
891,0.43369555473327637
892,0.30235201120376587
893,0.0007820188184268773
894,0.44168949127197266
895,0.3014252781867981
896,0.0024088614154607058
897,0.4524994492530823
898,0.29522374272346497
899,0.00897530559450388
900,0.4182826578617096
901,0.2992660105228424
902,0.002287570619955659
903,0.4348756968975067
904,0.27332839369773865
905,-0.0022381357848644257
906,0.4259237051010132
907,0.2746598422527313
908,-0.0013375108828768134
909,0.44344982504844666
910,0.2743772864341736
911,-0.00016734573000576347
912,0.4494013786315918
913,0.27792271971702576
914,0.002892302116379142
915,0.458977609872818
916,0.3022897243499756
917,0.012306667864322662
918,0.42947718501091003
919,0.4659085273742676
920,0.00035182415740564466
921,0.4520164430141449
922,0.28857603669166565
923,0.010833925567567348
924,0.4833318889141083
925,0.29851189255714417
926,0.04801388457417488
927,0.46780136227607727
928,0.29519182443618774
929,0.02049621194601059
930,0.43257230520248413
931,0.3454954922199249
932,-0.009201332926750183
933,0.4031462073326111
934,0.3917940855026245
935,-0.02647450566291809
936,0.4026590883731842
937,0.40464091300964355
938,-0.023171884939074516
939,0.4151788055896759
940,0.3950933814048767
941,-0.022250307723879814
942,0.4228098690509796
943,0.4003584384918213
944,-0.015882130712270737
945,0.41103529930114746
946,0.4052096903324127
947,-0.02017512544989586
948,0.41749629378318787
949,0.40679287910461426
950,-0.014089150354266167
951,0.4351738691329956
952,0.4234701693058014
953,-0.0014849526342004538
954,0.3941510021686554
955,0.3527839183807373
956,-0.046478211879730225
957,0.39465585350990295
958,0.3415795862674713
959,-0.04873163253068924
960,0.46102654933929443
961,0.2670583128929138
962,0.0048177302815020084
963,0.4145497679710388
964,0.318838894367218
965,-0.008608102798461914
966,0.4159221947193146
967,0.3496679365634918
968,-0.026900915428996086
969,0.41660377383232117
970,0.3441751003265381
971,-0.02414535917341709
972,0.4574456512928009
973,0.3439989686012268
974,-0.0007602201658301055
975,0.39408552646636963
976,0.3282584249973297
977,-0.04326046258211136
978,0.4399324059486389
979,0.25654688477516174
980,-0.008205310441553593
981,0.45221129059791565
982,0.2594383656978607
983,-0.0027348909061402082
984,0.4678057134151459
985,0.23073694109916687
986,0.03214187175035477
987,0.40362244844436646
988,0.26820215582847595
989,-0.01325095072388649
990,0.41847485303878784
991,0.27862823009490967
992,0.0016413175035268068
993,0.44013088941574097
994,0.40911614894866943
995,-0.0007675181841477752
996,0.48109209537506104
997,0.40638843178749084
998,0.06644700467586517
999,0.4100947082042694
1000,0.3563474714756012
1001,-0.023378852754831314
1002,0.4030742347240448
1003,0.36084234714508057
1004,-0.02402522601187229
1005,0.43204981088638306
1006,0.4113624095916748
1007,-0.0013732931111007929
1008,0.4276012182235718
1009,0.4113542139530182
1010,-0.0032652877271175385
1011,0.4564025104045868
1012,0.25219279527664185
1013,0.0016202983679249883
1014,0.4168927073478699
1015,0.3551407754421234
1016,-0.022448645904660225
1017,0.42390328645706177
1018,0.25881749391555786
1019,-0.011904766783118248
1020,0.42484739422798157
1021,0.24938684701919556
1022,-0.01335378922522068
1023,0.43212440609931946
1024,0.20443104207515717
1025,0.0033064133021980524
1026,0.46167099475860596
1027,0.2407860904932022
1028,0.014971804805099964
1029,0.4274003505706787
1030,0.22555585205554962
1031,-0.005409706383943558
1032,0.46578550338745117
1033,0.26236963272094727
1034,0.012030968442559242
1035,0.4714174270629883
1036,0.257215291261673
1037,0.028770839795470238
1038,0.4031071960926056
1039,0.3990355432033539
1040,-0.02584065869450569
1041,0.4129951596260071
1042,0.40100008249282837
1043,-0.021634217351675034
1044,0.42021024227142334
1045,0.40361297130584717
1046,-0.015719113871455193
1047,0.40811687707901
1048,0.35885050892829895
1049,-0.0216041412204504
1050,0.4298277795314789
1051,0.41157832741737366
1052,-0.002452042419463396
1053,0.42666295170783997
1054,0.4182373881340027
1055,-0.006050110794603825
1056,0.426332950592041
1057,0.41084256768226624
1058,-0.0034603960812091827
1059,0.4045554995536804
1060,0.3522445559501648
1061,-0.034897442907094955
1062,0.41574588418006897
1063,0.406443327665329
1064,-0.01278864685446024
1065,0.40938320755958557
1066,0.4061896800994873
1067,-0.016971534118056297
1068,0.4019717574119568
1069,0.40666308999061584
1070,-0.019799990579485893
1071,0.4089047312736511
1072,0.45534101128578186
1073,-0.006792009342461824
1074,0.40767785906791687
1075,0.44596582651138306
1076,-0.015559920109808445
1077,0.4064406156539917
1078,0.4388597011566162
1079,-0.01730831153690815
1080,0.4049818813800812
1081,0.43163764476776123
1082,-0.015709852799773216
1083,0.4037976861000061
1084,0.4268651008605957
1085,-0.014325707219541073
1086,0.41783589124679565
1087,0.42018821835517883
1088,-0.00861337035894394
1089,0.41961708664894104
1090,0.42180585861206055
1091,-0.009912063367664814
1092,0.42233386635780334
1093,0.4249378442764282
1094,-0.010821005329489708
1095,0.4247050881385803
1096,0.42846763134002686
1097,-0.00935316737741232
1098,0.42839670181274414
1099,0.3868996500968933
1100,-0.013129622675478458
1101,0.4876651167869568
1102,0.3497837781906128
1103,0.07991186529397964
1104,0.4218065142631531
1105,0.4169589877128601
1106,-0.005167472176253796
1107,0.4241251051425934
1108,0.4173496663570404
1109,-0.006018215324729681
1110,0.4006899893283844
1111,0.36629223823547363
1112,-0.024310030043125153
1113,0.4146936237812042
1114,0.36274459958076477
1115,-0.016039753332734108
1116,0.4017855226993561
1117,0.3636782467365265
1118,-0.024418611079454422
1119,0.4238200783729553
1120,0.3248080313205719
1121,-0.006665966939181089
1122,0.4376242160797119
1123,0.3314701020717621
1124,-0.005526491906493902
1125,0.4185987412929535
1126,0.34951135516166687
1127,-0.01960449106991291
1128,0.4533977210521698
1129,0.21457768976688385
1130,0.016448212787508965
1131,0.44771140813827515
1132,0.22958703339099884
1133,0.003926271107047796
1134,0.44230952858924866
1135,0.24738214910030365
1136,-0.006318235769867897
1137,0.42901650071144104
1138,0.4349636137485504
1139,-0.004011549521237612
1140,0.4054926335811615
1141,0.2533392012119293
1142,-0.016225503757596016
1143,0.4072497487068176
1144,0.22578969597816467
1145,-0.01007765531539917
1146,0.40976065397262573
1147,0.2007235437631607
1148,-0.0035738025326281786
1149,0.4486006498336792
1150,0.2992013096809387
1151,0.005601432640105486
1152,0.467851847410202
1153,0.30976203083992004
1154,0.016208022832870483
1155,0.4136604070663452
1156,0.2964961528778076
1157,0.003785011824220419
1158,0.4585414230823517
1159,0.2814789414405823
1160,0.00958576612174511
1161,0.4079539477825165
1162,0.31182244420051575
1163,-0.011149121448397636
1164,0.40981101989746094
1165,0.3453013598918915
1166,-0.034681934863328934
1167,0.47711431980133057
1168,0.3175756335258484
1169,0.02427000366151333
1170,0.46237072348594666
1171,0.3169753849506378
1172,0.008695907890796661
1173,0.4517558217048645
1174,0.32097581028938293
1175,0.0015723747201263905
1176,0.4359329044818878
1177,0.32007071375846863
1178,-0.0013602501712739468
1179,0.4240643084049225
1180,0.31618088483810425
1181,-0.002104101236909628
1182,0.41496041417121887
1183,0.3114147186279297
1184,-0.0036742188967764378
1185,0.3951184153556824
1186,0.2971816658973694
1187,-0.018762096762657166
1188,0.47690388560295105
1189,0.34063029289245605
1190,0.021004803478717804
1191,0.46498775482177734
1192,0.28002968430519104
1193,0.013158377259969711
1194,0.3921726942062378
1195,0.35925716161727905
1196,-0.04256172478199005
1197,0.41405460238456726
1198,0.32896411418914795
1199,-0.0125740272924304
1200,0.48668697476387024
1201,0.29981011152267456
1202,0.07537145167589188
1203,0.40802615880966187
1204,0.3055656850337982
1205,-0.004295612219721079
1206,0.4198905825614929
1207,0.35079532861709595
1208,-0.010777008719742298
1209,0.45501062273979187
1210,0.2890363335609436
1211,0.012121090665459633
1212,0.4103388488292694
1213,0.3386244773864746
1214,-0.03122367151081562
1215,0.48634862899780273
1216,0.3769856095314026
1217,0.07538111507892609
1218,0.41368550062179565
1219,0.29251858592033386
1220,0.006199153605848551
1221,0.4021972715854645
1222,0.3322407603263855
1223,-0.038851771503686905
1224,0.4634051024913788
1225,0.4340571165084839
1226,0.02602311037480831
1227,0.46461302042007446
1228,0.44861042499542236
1229,0.03928638994693756
1230,0.48614850640296936
1231,0.3454868495464325
1232,0.05013101175427437
1233,0.4724644422531128
1234,0.4173964262008667
1235,0.03468562290072441
1236,0.4775165617465973
1237,0.2762295603752136
1238,0.04081963002681732
1239,0.4319170117378235
1240,0.4782163202762604
1241,0.004315832629799843
1242,0.39197126030921936
1243,0.3621121048927307
1244,-0.031459420919418335
1245,0.4221671521663666
1246,0.3368472456932068
1247,-0.010135754942893982
1248,0.47496700286865234
1249,0.29746413230895996
1250,0.028300825506448746
1251,0.44078224897384644
1252,0.2949090898036957
1253,0.0037150606513023376
1254,0.43351978063583374
1255,0.2961554229259491
1256,0.0020397065673023462
1257,0.42921000719070435
1258,0.419584721326828
1259,-0.004968331195414066
1260,0.47653886675834656
1261,0.36389634013175964
1262,0.02301611937582493
1263,0.417410284280777
1264,0.4974171817302704
1265,0.006757316179573536
1266,0.44310104846954346
1267,0.4775424003601074
1268,0.0207290668040514
1269,0.45338165760040283
1270,0.46532121300697327
1271,0.02891319990158081
1272,0.42650946974754333
1273,0.29590660333633423
1274,0.0021613126154989004
1275,0.4199710786342621
1276,0.2944060266017914
1277,0.0037204292602837086
1278,0.41583481431007385
1279,0.2935500741004944
1280,0.005764225963503122
1281,0.47077348828315735
1282,0.2780492305755615
1283,0.021286504343152046
1284,0.42037954926490784
1285,0.2856352925300598
1286,0.0027768765576183796
1287,0.42722830176353455
1288,0.28290584683418274
1289,0.0008070430485531688
1290,0.43417465686798096
1291,0.2818697690963745
1292,0.0007309989305213094
1293,0.44149160385131836
1294,0.282906711101532
1295,0.0022998773492872715
1296,0.44639989733695984
1297,0.2851685881614685
1298,0.004829311743378639
1299,0.4832345247268677
1300,0.2728074789047241
1301,0.06318380683660507
1302,0.4456849694252014
1303,0.2931393086910248
1304,0.006058333441615105
1305,0.4200960695743561
1306,0.37968698143959045
1307,-0.017394326627254486
1308,0.4099356532096863
1309,0.35425639152526855
1310,-0.0263530146330595
1311,0.40291568636894226
1312,0.3763335049152374
1313,-0.02391865849494934
1314,0.45363152027130127
1315,0.4506891071796417
1316,0.019539549946784973
1317,0.4434237480163574
1318,0.464385062456131
1319,0.012453770264983177
1320,0.41671526432037354
1321,0.488677054643631
1322,-0.002470888663083315
1323,0.4732639491558075
1324,0.4305848181247711
1325,0.05285776033997536
1326,0.4156482219696045
1327,0.2896655201911926
1328,0.00475318031385541
1329,0.4012555778026581
1330,0.3137536644935608
1331,-0.022259997203946114
1332,0.4314208924770355
1333,0.4887782335281372
1334,0.01209832914173603
1335,0.4846900999546051
1336,0.37101659178733826
1337,0.04841652140021324
1338,0.41148239374160767
1339,0.42374974489212036
1340,-0.011942504905164242
1341,0.4133475720882416
1342,0.4270989000797272
1343,-0.013170529156923294
1344,0.4155823588371277
1345,0.4322941303253174
1346,-0.014225257560610771
1347,0.41753777861595154
1348,0.43861252069473267
1349,-0.01278176810592413
1350,0.42066237330436707
1351,0.4463171362876892
1352,-0.006619631312787533
1353,0.42341840267181396
1354,0.4084392786026001
1355,-0.008644388988614082
1356,0.4261535108089447
1357,0.4070878028869629
1358,-0.008751116693019867
1359,0.4286617338657379
1360,0.40497490763664246
1361,-0.008726542815566063
1362,0.4354541301727295
1363,0.39672377705574036
1364,-0.007164303213357925
1365,0.4649641513824463
1366,0.3693367540836334
1367,0.007110284641385078
1368,0.4013899564743042
1369,0.3037775754928589
1370,-0.014385578222572803
1371,0.4060681462287903
1372,0.28519484400749207
1373,0.0008877518121153116
1374,0.41163432598114014
1375,0.2864335775375366
1376,0.003627456957474351
1377,0.42128920555114746
1378,0.4071658253669739
1379,-0.007707564160227776
1380,0.46766260266304016
1381,0.3989851474761963
1382,0.01960700750350952
1383,0.3979525566101074
1384,0.2844536602497101
1385,-0.009561951272189617
1386,0.4252599775791168
1387,0.4548362195491791
1388,-0.0022530488204210997
1389,0.3945399820804596
1390,0.30782172083854675
1391,-0.02727922797203064
1392,0.4081192910671234
1393,0.33029067516326904
1394,-0.02314227633178234
1395,0.4116920530796051
1396,0.4647897481918335
1397,-0.005435645114630461
1398,0.4426961839199066
1399,0.4270772635936737
1400,0.0032294413540512323
1401,0.42730361223220825
1402,0.3602229356765747
1403,-0.009337607771158218
1404,0.4353676438331604
1405,0.4422648549079895
1406,0.0009290061425417662
1407,0.4459804892539978
1408,0.35896897315979004
1409,-0.006800861097872257
1410,0.43553251028060913
1411,0.37213975191116333
1412,-0.008264316245913506
1413,0.4537259340286255
1414,0.3779713809490204
1415,-0.0005978466360829771
1416,0.41475823521614075
1417,0.4769691526889801
1418,-0.005790332332253456
1419,0.4140508770942688
1420,0.3366614580154419
1421,-0.017683599144220352
1422,0.45014330744743347
1423,0.4365014135837555
1424,0.01042153500020504
1425,0.4403378367424011
1426,0.45185330510139465
1427,0.006600009743124247
1428,0.44776132702827454
1429,0.41022348403930664
1430,0.0025670193135738373
1431,0.47518131136894226
1432,0.38433730602264404
1433,0.025995908305048943
1434,0.4580766260623932
1435,0.41262087225914
1436,0.010125299915671349
1437,0.4806367754936218
1438,0.39496901631355286
1439,0.04462319239974022
1440,0.44282594323158264
1441,0.38748955726623535
1442,-0.004951471462845802
1443,0.40752744674682617
1444,0.321231484413147
1445,-0.016992317512631416
1446,0.40712112188339233
1447,0.35013648867607117
1448,-0.036579638719558716
1449,0.41344115138053894
1450,0.3532893657684326
1451,-0.027805639430880547
1452,0.4024679958820343
1453,0.34278368949890137
1454,-0.04246395453810692
1455,0.4119471609592438
1456,0.2760390043258667
1457,-0.0018002019496634603
1458,0.42496395111083984
1459,0.2691820561885834
1460,-0.004139748401939869
1461,0.43674907088279724
1462,0.26701661944389343
1463,-0.004536055028438568
1464,0.4469684660434723
1465,0.2681618332862854
1466,-0.0019073861185461283
1467,0.45443034172058105
1468,0.27280372381210327
1469,0.0029692258685827255
1470,0.4604675769805908
1471,0.2921285629272461
1472,0.014996066689491272
1473,0.4858092665672302
1474,0.32161808013916016
1475,0.049327556043863297
1476,0.4547088146209717
1477,0.3067190647125244
1478,0.008277563378214836
1479,0.4460953176021576
1480,0.3099881410598755
1481,0.0036105308681726456
1482,0.43516480922698975
1483,0.3105747699737549
1484,0.0007995042251423001
1485,0.4245621860027313
1486,0.3085356652736664
1487,0.00037597835762426257
1488,0.41622668504714966
1489,0.3051455616950989
1490,0.0005573416710831225
1491,0.41036713123321533
1492,0.30160433053970337
1493,0.0006058861035853624
1494,0.4873427748680115
1495,0.32477396726608276
1496,0.08038286119699478
1497,0.41360294818878174
1498,0.3566588759422302
1499,-0.023648427799344063
1500,0.4010730981826782
1501,0.32272231578826904
1502,-0.02938796952366829
1503,0.4004186689853668
1504,0.35084268450737
1505,-0.04273007810115814
1506,0.39650553464889526
1507,0.35721084475517273
1508,-0.03925367072224617
1509,0.40091508626937866
1510,0.3529049754142761
1511,-0.038689061999320984
1512,0.41165241599082947
1513,0.36072951555252075
1514,-0.020623361691832542
1515,0.39483293890953064
1516,0.3583100736141205
1517,-0.0414520725607872
1518,0.3946814239025116
1519,0.36114701628685
1520,-0.031527210026979446
1521,0.4104655683040619
1522,0.29308074712753296
1523,0.005006149411201477
1524,0.4055608808994293
1525,0.2957482933998108
1526,0.00010758975258795545
1527,0.40256267786026
1528,0.2972097396850586
1529,-0.006022774614393711
1530,0.44945114850997925
1531,0.28705066442489624
1532,0.007399918511509895
1533,0.45400211215019226
1534,0.2823270857334137
1535,0.007523651700466871
1536,0.0
1537,0.0
1538,0.0
1539,0.0
1540,0.0
1541,0.0
1542,0.0
1543,0.0
1544,0.0
1545,0.0
1546,0.0
1547,0.0
1548,0.0
1549,0.0
1550,0.0
1551,0.0
1552,0.0
1553,0.0
1554,0.0
1555,0.0
1556,0.0
1557,0.0
1558,0.0
1559,0.0
1560,0.0
1561,0.0
1562,0.0
1563,0.0
1564,0.0
1565,0.0
1566,0.0
1567,0.0
1568,0.0
1569,0.0
1570,0.0
1571,0.0
1572,0.0
1573,0.0
1574,0.0
1575,0.0
1576,0.0
1577,0.0
1578,0.0
1579,0.0
1580,0.0
1581,0.0
1582,0.0
1583,0.0
1584,0.0
1585,0.0
1586,0.0
1587,0.0
1588,0.0
1589,0.0
1590,0.0
1591,0.0
1592,0.0
1593,0.0
1594,0.0
1595,0.0
1596,0.0
1597,0.0
1598,0.0
1599,0.0
1600,0.0
1601,0.0
1602,0.0
1603,0.0
1604,0.0
1605,0.0
1606,0.0
1607,0.0
1608,0.0
1609,0.0
1610,0.0
1611,0.0
1612,0.0
1613,0.0
1614,0.0
1615,0.0
1616,0.0
1617,0.0
1618,0.0
1619,0.0
1620,0.0
1621,0.0
1622,0.0
1623,0.0
1624,0.0
1625,0.0
1626,0.0
1627,0.0
1628,0.0
1629,0.0
1630,0.0
1631,0.0
1632,0.0
1633,0.0
1634,0.0
1635,0.0
1636,0.0
1637,0.0
1638,0.0
1639,0.0
1640,0.0
1641,0.0
1642,0.0
1643,0.0
1644,0.0
1645,0.0
1646,0.0
1647,0.0
1648,0.0
1649,0.0
1650,0.0
1651,0.0
1652,0.0
1653,0.0
1654,0.0
1655,0.0
1656,0.0
1657,0.0
1658,0.0
1659,0.0
1660,0.0
1661,0.0
