,0
0,0.4261515140533447
1,0.3508417010307312
2,-0.9697843790054321
3,0.9999346733093262
4,0.4519197344779968
5,0.2870565950870514
6,-0.9081133008003235
7,0.9998767971992493
8,0.4666537642478943
9,0.2880389392375946
10,-0.9080691337585449
11,0.9998971223831177
12,0.48069730401039124
13,0.2893020808696747
14,-0.9074452519416809
15,0.999847412109375
16,0.3987167477607727
17,0.2857566773891449
18,-0.9091135859489441
19,0.9998873472213745
20,0.3802970051765442
21,0.2851163148880005
22,-0.908636748790741
23,0.9999075531959534
24,0.3641972243785858
25,0.2855803668498993
26,-0.9089018702507019
27,0.999893844127655
28,0.4997571110725403
29,0.31909245252609253
30,-0.5011890530586243
31,0.9998632073402405
32,0.3403470516204834
33,0.31715014576911926
34,-0.4981350302696228
35,0.9999297857284546
36,0.4558351933956146
37,0.42214906215667725
38,-0.8191050291061401
39,0.9999052286148071
40,0.39329150319099426
41,0.4210106134414673
42,-0.8185274004936218
43,0.9999282956123352
44,0.6365267038345337
45,0.6750353574752808
46,-0.2254607230424881
47,0.9990261197090149
48,0.20522363483905792
49,0.668362021446228
50,-0.25048011541366577
51,0.99930739402771
52,0.7473165988922119
53,1.1245049238204956
54,-0.6449647545814514
55,0.740741491317749
56,0.09781404584646225
57,1.1936705112457275
58,-0.6234378814697266
59,0.8512147068977356
60,0.5897791981697083
61,0.9259054660797119
62,-1.4773918390274048
63,0.8456360101699829
64,0.17338892817497253
65,0.963653028011322
66,-1.5913325548171997
67,0.8794487118721008
68,0.5428075790405273
69,0.8537014722824097
70,-1.6400034427642822
71,0.8284972906112671
72,0.19076378643512726
73,0.8596816658973694
74,-1.7601944208145142
75,0.8609122633934021
76,0.5518282651901245
77,0.7779213786125183
78,-1.5734823942184448
79,0.8441936373710632
80,0.18587960302829742
81,0.7816324234008789
82,-1.7410669326782227
83,0.8728453516960144
84,0.5519517064094543
85,0.804253876209259
86,-1.4766427278518677
87,0.8302686214447021
88,0.19252529740333557
89,0.8114925026893616
90,-1.6077959537506104
91,0.8643407225608826
92,0.5740124583244324
93,1.4009214639663696
94,-0.03948142006993294
95,0.006732839159667492
96,0.27386170625686646
97,1.4059302806854248
98,0.045107945799827576
99,0.007581633981317282
100,0.5504096150398254
101,2.01314115524292
102,-0.018963070586323738
103,0.0015803796704858541
104,0.2753887474536896
105,2.014084815979004
106,0.10103949159383774
107,0.0008091037161648273
108,0.5598738789558411
109,2.558659076690674
110,0.5907924175262451
111,0.00017546070739626884
112,0.2996392548084259
113,2.5443942546844482
114,0.5538780689239502
115,2.8064619982615113e-05
116,0.5700937509536743
117,2.642918348312378
118,0.6133595108985901
119,0.00013660515833180398
120,0.29413291811943054
121,2.6201765537261963
122,0.581169843673706
123,6.022350862622261e-05
124,0.5225688219070435
125,2.7243006229400635
126,0.012664061971008778
127,0.0001801770704332739
128,0.3503870368003845
129,2.7275078296661377
130,-0.06339845061302185
131,0.00014111284690443426
132,0.4179445207118988
133,0.4071468412876129
134,-0.02223493903875351
135,0.4169274866580963
136,0.36845868825912476
137,-0.04788580909371376
138,0.417157918214798
139,0.3794882297515869
140,-0.024316370487213135
141,0.40914058685302734
142,0.32821324467658997
143,-0.038496196269989014
144,0.4168066382408142
145,0.356040358543396
146,-0.05146273970603943
147,0.4166352152824402
148,0.33974674344062805
149,-0.04885018244385719
150,0.4162425398826599
151,0.30062156915664673
152,-0.02817944623529911
153,0.35506096482276917
154,0.29616183042526245
155,0.006352291442453861
156,0.41607674956321716
157,0.27349933981895447
158,-0.024639146402478218
159,0.4161473214626312
160,0.25783485174179077
161,-0.02767924964427948
162,0.4162272810935974
163,0.19488279521465302
164,-0.022444551810622215
165,0.4180741608142853
166,0.41332733631134033
167,-0.020895199850201607
168,0.41809409856796265
169,0.4178427457809448
170,-0.01795942522585392
171,0.4180675148963928
172,0.4193553924560547
173,-0.013921921141445637
174,0.41811394691467285
175,0.4392178952693939
176,-0.007824793457984924
177,0.41819578409194946
178,0.44555699825286865
179,-0.008905715309083462
180,0.41825932264328003
181,0.4529051184654236
182,-0.009907997213304043
183,0.41825994849205017
184,0.46034085750579834
185,-0.0070670354180037975
186,0.41805827617645264
187,0.4683379530906677
188,0.0029697660356760025
189,0.4170158803462982
190,0.37440672516822815
191,-0.043107181787490845
192,0.4086935520172119
193,0.3730570673942566
194,-0.030925793573260307
195,0.32664912939071655
196,0.2509746253490448
197,0.04275311157107353
198,0.37986329197883606
199,0.3066209554672241
200,-0.0017011403106153011
201,0.37158289551734924
202,0.30757272243499756
203,-0.0012188031105324626
204,0.36341631412506104
205,0.30714651942253113
206,0.0009750636527314782
207,0.3519664406776428
208,0.30035582184791565
209,0.007870052009820938
210,0.38668328523635864
211,0.3037148416042328
212,-0.0011021787067875266
213,0.3677158057689667
214,0.277829647064209
215,-0.0066900416277348995
216,0.37704551219940186
217,0.27870529890060425
218,-0.006645618937909603
219,0.3590814471244812
220,0.2794334888458252
221,-0.0038422392681241035
222,0.35339879989624023
223,0.28315889835357666
224,-0.00014493093476630747
225,0.34586194157600403
226,0.30849507451057434
227,0.012589759193360806
228,0.3856218755245209
229,0.4773842394351959
230,0.014802897348999977
231,0.3517661988735199
232,0.2932562232017517
233,0.008966525085270405
234,0.3231591582298279
235,0.30244964361190796
236,0.05052897334098816
237,0.3367396593093872
238,0.3009585738182068
239,0.020597070455551147
240,0.3732466399669647
241,0.3564298748970032
242,-0.006425283849239349
243,0.40602001547813416
244,0.4051665961742401
245,-0.02117503248155117
246,0.40777355432510376
247,0.41764938831329346
248,-0.01656329073011875
249,0.3942286968231201
250,0.4085637032985687
251,-0.015498044900596142
252,0.3872344195842743
253,0.413131982088089
254,-0.007405429147183895
255,0.39935508370399475
256,0.418161004781723
257,-0.012442388571798801
258,0.3931399881839752
259,0.41931092739105225
260,-0.005083039868623018
261,0.37695568799972534
262,0.43524831533432007
263,0.011137350462377071
264,0.4096603989601135
265,0.3680507242679596
266,-0.047240082174539566
267,0.40839362144470215
268,0.3561537563800812
269,-0.05057496204972267
270,0.34089386463165283
271,0.27187788486480713
272,0.0006577094318345189
273,0.3903345465660095
274,0.3264782726764679
275,-0.0101238414645195
276,0.3884444534778595
277,0.36322855949401855
278,-0.025812990963459015
279,0.38771700859069824
280,0.35673150420188904
281,-0.02335839532315731
282,0.34875285625457764
283,0.35468295216560364
284,0.004200240131467581
285,0.4087081551551819
286,0.3409886956214905
287,-0.04617495834827423
288,0.36079156398773193
289,0.26077398657798767
290,-0.01514973770827055
291,0.34884124994277954
292,0.26405972242355347
293,-0.008370183408260345
294,0.3338950574398041
295,0.23009741306304932
296,0.024205906316637993
297,0.39817553758621216
298,0.27142709493637085
299,-0.022017911076545715
300,0.3850277364253998
301,0.28235992789268494
302,-0.0037794869858771563
303,0.3708116114139557
304,0.42063820362091064
305,0.011114208027720451
306,0.33476829528808594
307,0.4120653569698334
308,0.08311817795038223
309,0.39495763182640076
310,0.36977648735046387
311,-0.021770982071757317
312,0.4024960994720459
313,0.37388765811920166
314,-0.022392090409994125
315,0.378713458776474
316,0.4226151406764984
317,0.010384514927864075
318,0.38327404856681824
319,0.42254307866096497
320,0.007981919683516026
321,0.3443079888820648
322,0.2559250295162201
323,-0.004722699988633394
324,0.38808774948120117
325,0.3681151568889618
326,-0.02052335999906063
327,0.37698185443878174
328,0.26252850890159607
329,-0.020013093948364258
330,0.37542736530303955
331,0.25249627232551575
332,-0.022683927789330482
333,0.36679986119270325
334,0.20167867839336395
335,-0.01095443032681942
336,0.33944207429885864
337,0.24246998131275177
338,0.0077341096475720406
339,0.3721189498901367
340,0.2257656306028366
341,-0.01734868437051773
342,0.33623725175857544
343,0.2663547694683075
344,0.007651845458894968
345,0.3315233588218689
346,0.25915637612342834
347,0.024261511862277985
348,0.4067646861076355
349,0.4124768376350403
350,-0.01980416662991047
351,0.397022008895874
352,0.41438600420951843
353,-0.014256595633924007
354,0.3901333510875702
355,0.41638147830963135
356,-0.006875478662550449
357,0.3971955180168152
358,0.371945858001709
359,-0.019983213394880295
360,0.3809119462966919
361,0.4228174686431885
362,0.00901523046195507
363,0.3846839368343353
364,0.43009525537490845
365,0.005202069878578186
366,0.38463547825813293
367,0.42179614305496216
368,0.007762849796563387
369,0.39981865882873535
370,0.3666360676288605
371,-0.03460082411766052
372,0.39502784609794617
373,0.4184091091156006
374,-0.0037820192519575357
375,0.40125367045402527
376,0.41849300265312195
377,-0.008955473080277443
378,0.40892210602760315
379,0.41898444294929504
380,-0.012778235599398613
381,0.4048953950405121
382,0.46697288751602173
383,0.003410330507904291
384,0.4054102599620819
385,0.45835310220718384
386,-0.00646444596350193
387,0.40620243549346924
388,0.4509871006011963
389,-0.008746850304305553
390,0.40718215703964233
391,0.44339457154273987
392,-0.00767522631213069
393,0.40822023153305054
394,0.43814295530319214
395,-0.0066582560539245605
396,0.3936840295791626
397,0.4318544268608093
398,0.0008578694541938603
399,0.39191168546676636
400,0.43380290269851685
401,-9.320275421487167e-05
402,0.38936275243759155
403,0.4373185634613037
404,-0.0005613859393633902
405,0.38727617263793945
406,0.44110003113746643
407,0.0014856306370347738
408,0.38012316823005676
409,0.3995000720024109
410,-0.005612348672002554
411,0.3250177502632141
412,0.35338911414146423
413,0.0906376838684082
414,0.41706883907318115
415,0.3763681650161743
416,-0.031041068956255913
417,0.3895946145057678
418,0.42832207679748535
419,0.005400407128036022
420,0.3871627748012543
421,0.42896538972854614
422,0.0048379856161773205
423,0.4055109918117523
424,0.3793444335460663
425,-0.021993497386574745
426,0.39110878109931946
427,0.375217080116272
428,-0.013328490778803825
429,0.40408599376678467
430,0.3767155706882477
431,-0.022557737305760384
432,0.3814569413661957
433,0.3330434262752533
434,-0.0065102907828986645
435,0.3678988218307495
436,0.3408781886100769
437,-0.0036128913052380085
438,0.3862454891204834
439,0.36180219054222107
440,-0.01796732284128666
441,0.346529483795166
442,0.2132468968629837
443,0.005416188854724169
444,0.3522650897502899
445,0.23077023029327393
446,-0.005689182318747044
447,0.35781583189964294
448,0.2508188486099243
449,-0.014353458769619465
450,0.38385528326034546
451,0.4469631314277649
452,0.00829567201435566
453,0.395440936088562
454,0.2557116746902466
455,-0.026701994240283966
456,0.3926941156387329
457,0.22475436329841614
458,-0.023859968408942223
459,0.38932162523269653
460,0.1961391717195511
461,-0.02013031579554081
462,0.35618749260902405
463,0.3048627972602844
464,0.004569667857140303
465,0.33737656474113464
466,0.3170132637023926
467,0.01800123229622841
468,0.3910212218761444
469,0.300665020942688
470,-0.00017117171955760568
471,0.3447570502758026
472,0.2866429090499878
473,0.007333414629101753
474,0.39641937613487244
475,0.31906089186668396
476,-0.013823646120727062
477,0.39398664236068726
478,0.35929909348487854
479,-0.03474872559309006
480,0.32913094758987427
481,0.3249640166759491
482,0.02820306457579136
483,0.3429783582687378
484,0.3251737654209137
485,0.010885622352361679
486,0.35370829701423645
487,0.32962194085121155
488,0.003406426403671503
489,0.3696206510066986
490,0.32779866456985474
491,-0.0007305695908144116
492,0.38132524490356445
493,0.3230133354663849
494,-0.0028942301869392395
495,0.3900545835494995
496,0.31756484508514404
497,-0.0057372963055968285
498,0.40792447328567505
499,0.30372563004493713
500,-0.024610735476017
501,0.3303317725658417
502,0.3496363162994385
503,0.027638215571641922
504,0.338348925113678
505,0.28518784046173096
506,0.010998240672051907
507,0.4125750958919525
508,0.37398940324783325
509,-0.042630430310964584
510,0.39075276255607605
511,0.33824464678764343
512,-0.013076100498437881
513,0.32198506593704224
514,0.30079707503318787
515,0.0791870653629303
516,0.3965056538581848
517,0.3113692104816437
518,-0.007702305912971497
519,0.38543230295181274
520,0.3621922731399536
521,-0.008719565346837044
522,0.34899383783340454
523,0.29392683506011963
524,0.010646408423781395
525,0.39340364933013916
526,0.35137638449668884
527,-0.03174539655447006
528,0.328156977891922
529,0.3817186653614044
530,0.08911559730768204
531,0.39077064394950867
532,0.2962680160999298
533,0.0017476032953709364
534,0.40092772245407104
535,0.3450304865837097
536,-0.04066716507077217
537,0.35178136825561523
538,0.4434409737586975
539,0.042268283665180206
540,0.3530771732330322
541,0.45588961243629456
542,0.05766621232032776
543,0.32356518507003784
544,0.3523370623588562
545,0.05892327427864075
546,0.34159836173057556
547,0.426313191652298
548,0.0502796545624733
549,0.32718586921691895
550,0.278937965631485
551,0.0396433100104332
552,0.3845742344856262
553,0.48863592743873596
554,0.020403435453772545
555,0.4135565459728241
556,0.3759255111217499
557,-0.030547283589839935
558,0.3831145763397217
559,0.3467687666416168
560,-0.009114392101764679
561,0.3301225006580353
562,0.3030114471912384
563,0.029309755191206932
564,0.36387744545936584
565,0.2998756468296051
566,0.0014849691651761532
567,0.3713172674179077
568,0.3007648289203644
569,-0.0005780108040198684
570,0.382256418466568
571,0.43156498670578003
572,0.006719397846609354
573,0.3323216438293457
574,0.37370872497558594
575,0.03276810795068741
576,0.39980068802833557
577,0.5059182047843933
578,0.02373354695737362
579,0.3751007616519928
580,0.4858584702014923
581,0.038610707968473434
582,0.36494868993759155
583,0.4731377065181732
584,0.047050103545188904
585,0.4162594676017761
586,0.22507353127002716
587,-0.025647973641753197
588,0.4175148904323578
589,0.508965790271759
590,0.021646704524755478
591,0.3783290386199951
592,0.3000563085079193
593,-0.000992017681710422
594,0.38481906056404114
595,0.29831576347351074
596,6.211050640558824e-05
597,0.3888835310935974
598,0.2972606420516968
599,0.001680590445175767
600,0.33281829953193665
601,0.2825678288936615
602,0.01943514123558998
603,0.38355597853660583
604,0.28893423080444336
605,-0.0018165982328355312
606,0.3763272762298584
607,0.2860531508922577
608,-0.0036029324401170015
609,0.3689824342727661
610,0.2853779196739197
611,-0.0031841935124248266
612,0.36149507761001587
613,0.287023663520813
614,-0.0010044821538031101
615,0.3567490875720978
616,0.28973159193992615
617,0.0020371535792946815
618,0.322982519865036
619,0.2731073796749115
620,0.06262219697237015
621,0.35873258113861084
622,0.2981119453907013
623,0.004053732380270958
624,0.4174019694328308
625,0.38836896419525146
626,-0.021308472380042076
627,0.3874332308769226
628,0.3925146460533142
629,-0.011778760701417923
630,0.3948173522949219
631,0.36810845136642456
632,-0.02550451271235943
633,0.4046519696712494
634,0.3893945813179016
635,-0.020315751433372498
636,0.41609734296798706
637,0.28647929430007935
638,-0.02295447513461113
639,0.3626231849193573
640,0.46045857667922974
641,0.03621239587664604
642,0.37316498160362244
643,0.4742428958415985
644,0.02900492027401924
645,0.39935198426246643
646,0.4991241991519928
647,0.012981439009308815
648,0.3435382544994354
649,0.4371055066585541
650,0.07091229408979416
651,0.3885013163089752
652,0.29330483078956604
653,0.00024774434859864414
654,0.40227624773979187
655,0.3227119445800781
656,-0.025794394314289093
657,0.4176830053329468
658,0.5021980404853821
659,0.01133747398853302
660,0.38629868626594543
661,0.4975355863571167
662,0.029573798179626465
663,0.3267483711242676
664,0.3786712884902954
665,0.06008852645754814
666,0.4001593291759491
667,0.4354386329650879
668,-0.003319747280329466
669,0.39841192960739136
670,0.43917664885520935
671,-0.004305834881961346
672,0.39648404717445374
673,0.4448930621147156
674,-0.0047506242990493774
675,0.394985556602478
676,0.45136192440986633
677,-0.0026046696584671736
678,0.3926243185997009
679,0.4584582448005676
680,0.004955419804900885
681,0.38732242584228516
682,0.4202306270599365
683,0.0016612772597000003
684,0.3843604624271393
685,0.4190012216567993
686,0.001717610051855445
687,0.3817502558231354
688,0.41695740818977356
689,0.001474072691053152
690,0.37412816286087036
691,0.4088627099990845
692,0.002475626301020384
693,0.3431689143180847
694,0.3805658221244812
695,0.015960941091179848
696,0.40230947732925415
697,0.3106611967086792
698,-0.01861385628581047
699,0.3975483775138855
700,0.28876402974128723
701,-0.0051872278563678265
702,0.39221227169036865
703,0.2901412844657898
704,-0.0017921701073646545
705,0.3895956873893738
706,0.41854870319366455
707,0.0025450359098613262
708,0.3436230421066284
709,0.4095931947231293
710,0.03239206597208977
711,0.4049834609031677
712,0.28849196434020996
713,-0.01670360565185547
714,0.3889402747154236
715,0.46667566895484924
716,0.010613420978188515
717,0.4164816737174988
718,0.3263714015483856
719,-0.041499294340610504
720,0.40842193365097046
721,0.3166607916355133
722,-0.03236130625009537
723,0.41638222336769104
724,0.3139939308166504
725,-0.03452775999903679
726,0.39592716097831726
727,0.3410918712615967
728,-0.024549880996346474
729,0.41780129075050354
730,0.49133333563804626
731,0.006006692070513964
732,0.4179139733314514
733,0.4785645008087158
734,0.004802279639989138
735,0.4026576280593872
736,0.47643089294433594
737,0.006541555747389793
738,0.370300829410553
739,0.43849024176597595
740,0.016569726169109344
741,0.3790566325187683
742,0.37198761105537415
743,-0.00545373884961009
744,0.378605455160141
745,0.4539353847503662
746,0.014384842477738857
747,0.36065179109573364
748,0.37084880471229553
749,-0.0013078806223347783
750,0.3720393180847168
751,0.3842872977256775
752,-0.0019900077022612095
753,0.3545825481414795
754,0.3899240493774414
755,0.007923196069896221
756,0.4002700448036194
757,0.4885427951812744
758,0.008000535890460014
759,0.3905635178089142
760,0.3473718762397766
761,-0.017689868807792664
762,0.36418241262435913
763,0.447478324174881
764,0.02528979629278183
765,0.37479424476623535
766,0.4628579914569855
767,0.021561000496149063
768,0.36372268199920654
769,0.421733558177948
770,0.01498339045792818
771,0.3354347050189972
772,0.39425230026245117
773,0.03804079815745354
774,0.35403650999069214
775,0.42367494106292725
776,0.02329419180750847
777,0.3322986960411072
778,0.4033104479312897
779,0.05888575688004494
780,0.36615800857543945
781,0.399417519569397
782,0.003965421114116907
783,0.3966291844844818
784,0.33038926124572754
785,-0.018931172788143158
786,0.3969745635986328
787,0.36472776532173157
788,-0.03652625158429146
789,0.3912021815776825
790,0.3670995533466339
791,-0.026582790538668633
792,0.4008386433124542
793,0.35722440481185913
794,-0.04320261999964714
795,0.39103963971138
796,0.279615581035614
797,-0.008470797911286354
798,0.3773120641708374
799,0.2732951045036316
800,-0.010557443834841251
801,0.36503100395202637
802,0.27174830436706543
803,-0.009993365034461021
804,0.3548368215560913
805,0.2733616232872009
806,-0.006251566112041473
807,0.34797006845474243
808,0.2780454158782959
809,-0.0005863730330020189
810,0.3438717722892761
811,0.2974599599838257
812,0.014203707687556744
813,0.32223519682884216
814,0.32716360688209534
815,0.05523887276649475
816,0.3504159450531006
817,0.31345421075820923
818,0.008609871380031109
819,0.35922521352767944
820,0.3170009255409241
821,0.0036381944082677364
822,0.37038373947143555
823,0.3169480562210083
824,0.00015633858856745064
825,0.38083311915397644
826,0.3142200708389282
827,-0.0013329553185030818
828,0.38887470960617065
829,0.310305118560791
830,-0.0022443528287112713
831,0.3943926692008972
832,0.3064603805541992
833,-0.0029906509444117546
834,0.3234066963195801
835,0.3269447088241577
836,0.08776047825813293
837,0.39142730832099915
838,0.3700246214866638
839,-0.02198336459696293
840,0.40224215388298035
841,0.33358755707740784
842,-0.03199410066008568
843,0.4034096896648407
844,0.365963876247406
845,-0.04317625239491463
846,0.4082344174385071
847,0.37167415022850037
848,-0.039168115705251694
849,0.4033649265766144
850,0.36759307980537415
851,-0.03878095746040344
852,0.39383938908576965
853,0.3735193610191345
854,-0.018598005175590515
855,0.4098682105541229
856,0.3730001449584961
857,-0.04142703115940094
858,0.41070809960365295
859,0.37503287196159363
860,-0.030677219852805138
861,0.3938198387622833
862,0.2971365451812744
863,0.00040531455306336284
864,0.3986947238445282
865,0.3001459240913391
866,-0.004799794405698776
867,0.40142926573753357
868,0.302331805229187
869,-0.010936482809484005
870,0.3539488911628723
871,0.29170167446136475
872,0.005094921216368675
873,0.3492807149887085
874,0.28745171427726746
875,0.00525037944316864
876,0.42390674352645874
877,0.3281124532222748
878,-0.03834381699562073
879,0.4772471487522125
880,0.29653555154800415
881,0.007249900139868259
882,0.4252697229385376
883,0.37279847264289856
884,-0.030807632952928543
885,0.5057051181793213
886,0.2502504587173462
887,0.04414772614836693
888,0.4525323212146759
889,0.3068504333496094
890,-0.0012252179440110922
891,0.46092522144317627
892,0.30770859122276306
893,-0.0005982192815281451
894,0.46913236379623413
895,0.30708935856819153
896,0.0016765337204560637
897,0.4803035259246826
898,0.30054572224617004
899,0.008835646323859692
900,0.4455246031284332
901,0.30400219559669495
902,-0.0007155386847443879
903,0.46460697054862976
904,0.2784632742404938
905,-0.005990490783005953
906,0.4553545117378235
907,0.27916082739830017
908,-0.006111110094934702
909,0.4731477200984955
910,0.2800501883029938
911,-0.002971095498651266
912,0.47871360182762146
913,0.28383153676986694
914,0.000796138949226588
915,0.4865107238292694
916,0.30808329582214355
917,0.01348467543721199
918,0.44941574335098267
919,0.47687309980392456
920,0.015118393115699291
921,0.4803716242313385
922,0.29382258653640747
923,0.009894276969134808
924,0.5088844895362854
925,0.30145028233528137
926,0.051887065172195435
927,0.49535834789276123
928,0.30039218068122864
929,0.021668655797839165
930,0.4603465497493744
931,0.35541877150535583
932,-0.005975151434540749
933,0.42982280254364014
934,0.4045657217502594
935,-0.020955916494131088
936,0.42833882570266724
937,0.4171072840690613
938,-0.016415245831012726
939,0.4417133927345276
940,0.4072246551513672
941,-0.014996156096458435
942,0.44875335693359375
943,0.41126713156700134
944,-0.00680587999522686
945,0.436774879693985
946,0.41703665256500244
947,-0.012177783995866776
948,0.4429103136062622
949,0.4176923632621765
950,-0.00468446547165513
951,0.45847636461257935
952,0.43332791328430176
953,0.011674243025481701
954,0.424194872379303
955,0.3678472936153412
956,-0.04711637645959854
957,0.4251897633075714
958,0.3559964597225189
959,-0.05040156468749046
960,0.49111419916152954
961,0.2723793387413025
962,0.0017825328977778554
963,0.44260692596435547
964,0.3261232078075409
965,-0.009764641523361206
966,0.4451415240764618
967,0.36238789558410645
968,-0.02527712471783161
969,0.445732057094574
970,0.35590413212776184
971,-0.02287156879901886
972,0.484546959400177
973,0.35326722264289856
974,0.004902314394712448
975,0.4245920479297638
976,0.34085068106651306
977,-0.04600256308913231
978,0.4713655114173889
979,0.2615969777107239
980,-0.014610804617404938
981,0.4831560254096985
982,0.26478269696235657
983,-0.007618081755936146
984,0.4984648823738098
985,0.2295147180557251
986,0.025426197797060013
987,0.4341297745704651
988,0.27175939083099365
989,-0.021873001009225845
990,0.44744673371315
991,0.2827373147010803
992,-0.0033307326957583427
993,0.4643975794315338
994,0.4184395670890808
995,0.011745339259505272
996,0.49764275550842285
997,0.41113975644111633
998,0.0844268724322319
999,0.43886443972587585
1000,0.36907047033309937
1001,-0.021541941910982132
1002,0.43154600262641907
1003,0.3733576238155365
1004,-0.02226497046649456
1005,0.4569651186466217
1006,0.42020511627197266
1007,0.010954811237752438
1008,0.452381432056427
1009,0.4202404022216797
1010,0.00859861820936203
1011,0.4876219630241394
1012,0.2566532492637634
1013,-0.003810173599049449
1014,0.4456600546836853
1015,0.3671610951423645
1016,-0.020068613812327385
1017,0.4553092122077942
1018,0.2632039785385132
1019,-0.019587406888604164
1020,0.4568691849708557
1021,0.25300079584121704
1022,-0.02219102717936039
1023,0.46561071276664734
1024,0.2013034224510193
1025,-0.010216804221272469
1026,0.49279654026031494
1027,0.24242565035820007
1028,0.008869173005223274
1029,0.46033698320388794
1030,0.2259216457605362
1031,-0.01677844673395157
1032,0.4958091080188751
1033,0.2665882110595703
1034,0.00881959032267332
1035,0.5007829070091248
1036,0.25892195105552673
1037,0.025515716522932053
1038,0.42932045459747314
1039,0.41185152530670166
1040,-0.01962350308895111
1041,0.4391152262687683
1042,0.4131191074848175
1043,-0.013871610164642334
1044,0.4459838569164276
1045,0.4146062135696411
1046,-0.006407906301319599
1047,0.43673503398895264
1048,0.3712827265262604
1049,-0.0197310633957386
1050,0.45477184653282166
1051,0.42039167881011963
1052,0.009606895036995411
1053,0.45120149850845337
1054,0.42813640832901
1055,0.005790187977254391
1056,0.45090097188949585
1057,0.4196925759315491
1058,0.008321319706737995
1059,0.43388959765434265
1060,0.3662610352039337
1061,-0.034279484301805496
1062,0.44093358516693115
1063,0.41685783863067627
1064,-0.0033534278627485037
1065,0.43477532267570496
1066,0.41749075055122375
1067,-0.00868979562073946
1068,0.42719730734825134
1069,0.4184505045413971
1070,-0.01262146607041359
1071,0.4310133457183838
1072,0.4666159152984619
1073,0.0034775608219206333
1074,0.43094781041145325
1075,0.45788198709487915
1076,-0.0063170394860208035
1077,0.4302320182323456
1078,0.450483113527298
1079,-0.00857494305819273
1080,0.4291236996650696
1081,0.442923367023468
1082,-0.007421192713081837
1083,0.42796260118484497
1084,0.43768367171287537
1085,-0.006411150563508272
1086,0.442281037569046
1087,0.43035396933555603
1088,0.0013988807331770658
1089,0.4441050589084625
1090,0.432248592376709
1091,0.00035285615012981
1092,0.44671350717544556
1093,0.4357656240463257
1094,-2.7274902095086873e-05
1095,0.44871047139167786
1096,0.4395139217376709
1097,0.0020542878191918135
1098,0.454848051071167
1099,0.3979436159133911
1100,-0.004904675763100386
1101,0.5071728825569153
1102,0.35233867168426514
1103,0.09190323203802109
1104,0.4461716115474701
1105,0.42655298113822937
1106,0.006009679287672043
1107,0.44868457317352295
1108,0.4270753860473633
1109,0.005396652966737747
1110,0.42874494194984436
1111,0.37880605459213257
1112,-0.021852871403098106
1113,0.4428609013557434
1114,0.3742098808288574
1115,-0.012971052899956703
1116,0.4300591051578522
1117,0.376227468252182
1118,-0.022434864193201065
1119,0.4516465961933136
1120,0.33245328068733215
1121,-0.006147980690002441
1122,0.4653721749782562
1123,0.3399752080440521
1124,-0.003178898012265563
1125,0.4473128020763397
1126,0.3608323335647583
1127,-0.017496081069111824
1128,0.4858088493347168
1129,0.2126813679933548
1130,0.006304314825683832
1131,0.4799742102622986
1132,0.230833500623703
1133,-0.004814772866666317
1134,0.4742259383201599
1135,0.25155672430992126
1136,-0.013641949743032455
1137,0.4517630338668823
1138,0.4456568658351898
1139,0.008762731216847897
1140,0.4370383024215698
1141,0.2560182809829712
1142,-0.02651403658092022
1143,0.43991324305534363
1144,0.22476665675640106
1145,-0.02349109575152397
1146,0.443179726600647
1147,0.19586795568466187
1148,-0.01982167363166809
1149,0.47622808814048767
1150,0.30480679869651794
1151,0.005408269818872213
1152,0.49496161937713623
1153,0.31605565547943115
1154,0.019028615206480026
1155,0.4411827325820923
1156,0.3010673522949219
1157,0.0001918054767884314
1158,0.48735707998275757
1159,0.28696104884147644
1160,0.008360063657164574
1161,0.4364139437675476
1162,0.31885114312171936
1163,-0.013593672774732113
1164,0.43951883912086487
1165,0.35880106687545776
1166,-0.03432068973779678
1167,0.5030912160873413
1168,0.3237881064414978
1169,0.029384147375822067
1170,0.48952609300613403
1171,0.3241189122200012
1172,0.011898540891706944
1173,0.4791778326034546
1174,0.3285456895828247
1175,0.004143905825912952
1176,0.46333596110343933
1177,0.3271256983280182
1178,-0.00025010574609041214
1179,0.4514743983745575
1180,0.3225992023944855
1181,-0.002448950195685029
1182,0.4426548480987549
1183,0.31741583347320557
1184,-0.005454197060316801
1185,0.42467305064201355
1186,0.30374154448509216
1187,-0.024528488516807556
1188,0.5020988583564758
1189,0.34822410345077515
1190,0.02886573038995266
1191,0.49378663301467896
1192,0.2851203382015228
1193,0.012158047407865524
1194,0.42143282294273376
1195,0.3738437294960022
1196,-0.04253050312399864
1197,0.4424351751804352
1198,0.33775556087493896
1199,-0.01259572058916092
1200,0.5100870728492737
1201,0.29978224635124207
1202,0.08052834123373032
1203,0.4361175000667572
1204,0.3113437294960022
1205,-0.007458854001015425
1206,0.44811952114105225
1207,0.36121803522109985
1208,-0.00817413441836834
1209,0.4830794334411621
1210,0.29433465003967285
1211,0.011553963646292686
1212,0.4399220049381256
1213,0.35083308815956116
1214,-0.031363874673843384
1215,0.5041385889053345
1216,0.38075369596481323
1217,0.09043974429368973
1218,0.44143712520599365
1219,0.29677900671958923
1220,0.0021628239192068577
1221,0.4323229491710663
1222,0.34468114376068115
1223,-0.04046085476875305
1224,0.4817199409008026
1225,0.4424624443054199
1226,0.04303307458758354
1227,0.48019281029701233
1228,0.45526835322380066
1229,0.058587584644556046
1230,0.5085980296134949
1231,0.3510792851448059
1232,0.0602753646671772
1233,0.4913562834262848
1234,0.4253123998641968
1235,0.05137144774198532
1236,0.505036473274231
1237,0.2782973349094391
1238,0.04099075868725777
1239,0.4503795802593231
1240,0.48815375566482544
1241,0.020880574360489845
1242,0.42058342695236206
1243,0.37580862641334534
1244,-0.030502958223223686
1245,0.45027077198028564
1246,0.3459129333496094
1247,-0.008651621639728546
1248,0.5019658803939819
1249,0.30227434635162354
1250,0.030606964603066444
1251,0.4685540795326233
1252,0.3001618981361389
1253,0.0022711686324328184
1254,0.46106621623039246
1255,0.3011256158351898
1256,7.61920164222829e-05
1257,0.4535645544528961
1258,0.4295004606246948
1259,0.007299613673239946
1260,0.5003565549850464
1261,0.3721946179866791
1262,0.03379315882921219
1263,0.4351283013820648
1264,0.5057417154312134
1265,0.023968294262886047
1266,0.45915740728378296
1267,0.4854486584663391
1268,0.039272718131542206
1269,0.4689110517501831
1270,0.4726559519767761
1271,0.047844357788562775
1272,0.4539397060871124
1273,0.30054497718811035
1274,-0.0005105890450067818
1275,0.44735729694366455
1276,0.2986772954463959
1277,0.0004832326958421618
1278,0.4433245360851288
1279,0.2977302074432373
1280,0.0020598117262125015
1281,0.4992956519126892
1282,0.28217190504074097
1283,0.020714275538921356
1284,0.44866943359375
1285,0.2894314229488373
1286,-0.0013787375064566731
1287,0.45591723918914795
1288,0.2866486608982086
1289,-0.003107758006080985
1290,0.46332597732543945
1291,0.28602102398872375
1292,-0.0026031644083559513
1293,0.4707818925380707
1294,0.2876475155353546
1295,-0.00025724543957039714
1296,0.475460410118103
1297,0.2903011739253998
1298,0.0028315617237240076
1299,0.5092782378196716
1300,0.2722199559211731
1301,0.06407703459262848
1302,0.4736407995223999
1303,0.2984388470649719
1304,0.004939654376357794
1305,0.4472573399543762
1306,0.39130285382270813
1307,-0.01128535345196724
1308,0.43892794847488403
1309,0.3674760162830353
1310,-0.025184568017721176
1311,0.43022212386131287
1312,0.3887799084186554
1313,-0.020103922113776207
1314,0.47139763832092285
1315,0.45958250761032104
1316,0.036906320601701736
1317,0.461259126663208
1318,0.4736476540565491
1319,0.029578903689980507
1320,0.4358126223087311
1321,0.4989168047904968
1322,0.013170703314244747
1323,0.4891892969608307
1324,0.43635866045951843
1325,0.0720396414399147
1326,0.443668395280838
1327,0.29375913739204407
1328,0.0006525738863274455
1329,0.4306441843509674
1330,0.3226146697998047
1331,-0.025576608255505562
1332,0.448336660861969
1333,0.49715620279312134
1334,0.030041759833693504
1335,0.505500316619873
1336,0.377451092004776
1337,0.06141374632716179
1338,0.43589213490486145
1339,0.434475302696228
1340,-0.0029957343358546495
1341,0.43774405121803284
1342,0.4382094144821167
1343,-0.003894257824867964
1344,0.439750075340271
1345,0.44383007287979126
1346,-0.0043618883937597275
1347,0.4412069022655487
1348,0.45038098096847534
1349,-0.0022164196707308292
1350,0.4430865943431854
1351,0.4576094448566437
1352,0.005293418653309345
1353,0.448602557182312
1354,0.4182206988334656
1355,0.002137357834726572
1356,0.45153459906578064
1357,0.4168756604194641
1358,0.002201872179284692
1359,0.4541146755218506
1360,0.41474613547325134
1361,0.0020857229828834534
1362,0.4610440731048584
1363,0.4068865180015564
1364,0.003207889851182699
1365,0.4901769161224365
1366,0.3790798783302307
1367,0.016695037484169006
1368,0.4303913116455078
1369,0.31057512760162354
1370,-0.01853691227734089
1371,0.43476295471191406
1372,0.2890714108943939
1373,-0.004923798143863678
1374,0.44004160165786743
1375,0.29049888253211975
1376,-0.0013397146249189973
1377,0.44620734453201294
1378,0.4167420268058777
1379,0.003055030247196555
1380,0.4897080659866333
1381,0.40822601318359375
1382,0.0332329161465168
1383,0.42731061577796936
1384,0.28860875964164734
1385,-0.016484657302498817
1386,0.44633594155311584
1387,0.4659397304058075
1388,0.010982912965118885
1389,0.424409955739975
1390,0.31656497716903687
1391,-0.03225551173090935
1392,0.43723610043525696
1393,0.3406801223754883
1394,-0.024212518706917763
1395,0.43294453620910645
1396,0.4760911166667938
1397,0.006631533615291119
1398,0.46448007225990295
1399,0.4370462894439697
1400,0.0171784870326519
1401,0.45486530661582947
1402,0.3707968592643738
1403,-0.004977324511855841
1404,0.4564400911331177
1405,0.45281654596328735
1406,0.01487644575536251
1407,0.47317105531692505
1408,0.3695678412914276
1409,-0.0008829444414004683
1410,0.4622763395309448
1411,0.3829813003540039
1412,-0.0014271480031311512
1413,0.4793849289417267
1414,0.3884865641593933
1415,0.00848048273473978
1416,0.4351021945476532
1417,0.48827892541885376
1418,0.008100557141005993
1419,0.4426790177822113
1420,0.3467576503753662
1421,-0.017261192202568054
1422,0.4701031744480133
1423,0.44625383615493774
1424,0.02597116120159626
1425,0.45995229482650757
1426,0.46202898025512695
1427,0.022063037380576134
1428,0.47085127234458923
1429,0.4199635684490204
1430,0.0155915766954422
1431,0.4973720908164978
1432,0.3928656578063965
1433,0.03912147134542465
1434,0.4798927903175354
1435,0.42227962613105774
1436,0.023941442370414734
1437,0.5001847743988037
1438,0.40217915177345276
1439,0.06018378213047981
1440,0.4683614671230316
1441,0.3977661728858948
1442,0.004531551618129015
1443,0.436371773481369
1444,0.3300584852695465
1445,-0.01864098571240902
1446,0.4366827607154846
1447,0.36428672075271606
1448,-0.036163605749607086
1449,0.44255200028419495
1450,0.3664131760597229
1451,-0.026161402463912964
1452,0.43271708488464355
1453,0.356934130191803
1454,-0.04305655136704445
1455,0.44137147068977356
1456,0.2799266576766968
1457,-0.008092295378446579
1458,0.45510080456733704
1459,0.27379941940307617
1460,-0.010015248320996761
1461,0.4672081172466278
1462,0.2724476158618927
1463,-0.009358947165310383
1464,0.47727876901626587
1465,0.2739650309085846
1466,-0.005495497956871986
1467,0.48415422439575195
1468,0.27856189012527466
1469,0.00037893251283094287
1470,0.4883307218551636
1471,0.2974018156528473
1472,0.015103692188858986
1473,0.5097876191139221
1474,0.32603487372398376
1475,0.056615229696035385
1476,0.48208117485046387
1477,0.3129548728466034
1478,0.009515413083136082
1479,0.473406583070755
1480,0.31645703315734863
1481,0.004340484272688627
1482,0.46231696009635925
1483,0.3166656196117401
1484,0.0007339961011894047
1485,0.4516999423503876
1486,0.31409695744514465
1487,-0.000865256879478693
1488,0.44359350204467773
1489,0.31032875180244446
1490,-0.001900986535474658
1491,0.43803220987319946
1492,0.30663320422172546
1493,-0.0026920156087726355
1494,0.5086649656295776
1495,0.3258240520954132
1496,0.08910658955574036
1497,0.44241762161254883
1498,0.3691869080066681
1499,-0.021578868851065636
1500,0.43079179525375366
1501,0.33329907059669495
1502,-0.031780291348695755
1503,0.4303567707538605
1504,0.365691602230072
1505,-0.04295680671930313
1506,0.4256860017776489
1507,0.37138041853904724
1508,-0.03905825316905975
1509,0.4304351210594177
1510,0.36727017164230347
1511,-0.03856685012578964
1512,0.44011497497558594
1513,0.37275391817092896
1514,-0.01829526200890541
1515,0.4241255223751068
1516,0.37278488278388977
1517,-0.04131082445383072
1518,0.42337560653686523
1519,0.3747800588607788
1520,-0.030585892498493195
1521,0.4383895695209503
1522,0.29752227663993835
1523,0.0006866057519800961
1524,0.43365803360939026
1525,0.3003985285758972
1526,-0.004564293660223484
1527,0.43112051486968994
1528,0.3024340867996216
1529,-0.01076867152005434
1530,0.4782494306564331
1531,0.2923203110694885
1532,0.005909421481192112
1533,0.4827646315097809
1534,0.28797072172164917
1535,0.00614157086238265
1536,0.5666220188140869
1537,0.9491593837738037
1538,2.5502947664790554e-07
1539,0.5881720781326294
1540,0.8716139793395996
1541,-0.013265335932374
1542,0.5933816432952881
1543,0.7769434452056885
1544,-0.02875213697552681
1545,0.5813945531845093
1546,0.7008255124092102
1547,-0.039373353123664856
1548,0.5564551949501038
1549,0.6458618640899658
1550,-0.05209404230117798
1551,0.5672320127487183
1552,0.7901862263679504
1553,-0.0717460885643959
1554,0.5092005729675293
1555,0.691291093826294
1556,-0.09790586680173874
1557,0.47288909554481506
1558,0.6376058459281921
1559,-0.10791533440351486
1560,0.4425573945045471
1561,0.5968320369720459
1562,-0.11208577454090118
1563,0.5345144867897034
1564,0.8287506699562073
1565,-0.07546571642160416
1566,0.4724145531654358
1567,0.717494785785675
1568,-0.1036779060959816
1569,0.4322351813316345
1570,0.65171217918396
1571,-0.11421039700508118
1572,0.40294188261032104
1573,0.605691134929657
1574,-0.12042687833309174
1575,0.5013335943222046
1576,0.8591184616088867
1577,-0.07633554935455322
1578,0.4468693435192108
1579,0.7548143267631531
1580,-0.09774313867092133
1581,0.41206488013267517
1582,0.6889769434928894
1583,-0.10568302869796753
1584,0.38757428526878357
1585,0.6423135995864868
1586,-0.10957682132720947
1587,0.4701167643070221
1588,0.8824331164360046
1589,-0.07635926455259323
1590,0.42904210090637207
1591,0.7960298657417297
1592,-0.09383204579353333
1593,0.40655121207237244
1594,0.7451601624488831
1595,-0.09965673834085464
1596,0.38904857635498047
1597,0.7056988477706909
1598,-0.10183875262737274
1599,0.1778271496295929
1600,0.9363617897033691
1601,7.374271149274136e-07
1602,0.15694580972194672
1603,0.8612129092216492
1604,-0.01712304912507534
1605,0.14843544363975525
1606,0.7690908312797546
1607,-0.03744496777653694
1608,0.14882972836494446
1609,0.6971564888954163
1610,-0.05404697358608246
1611,0.14916151762008667
1612,0.6372748017311096
1613,-0.07123762369155884
1614,0.1485608071088791
1615,0.7763448357582092
1616,-0.07110784947872162
1617,0.19905304908752441
1618,0.6781988143920898
1619,-0.1021743044257164
1620,0.23364660143852234
1621,0.624355673789978
1622,-0.11529696732759476
1623,0.2640998065471649
1624,0.5841594934463501
1625,-0.12081941962242126
1626,0.1821627914905548
1627,0.8129696249961853
1628,-0.07630312442779541
1629,0.23570962250232697
1630,0.7005246877670288
1631,-0.10558756440877914
1632,0.27231156826019287
1633,0.6353121995925903
1634,-0.11437440663576126
1635,0.3016968071460724
1636,0.5889641642570496
1637,-0.11886735260486603
1638,0.21909978985786438
1639,0.8464974761009216
1640,-0.07999172806739807
1641,0.26818275451660156
1642,0.7405610084533691
1643,-0.10322176665067673
1644,0.300778329372406
1645,0.6773898005485535
1646,-0.10734080523252487
1647,0.32412004470825195
1648,0.6307644844055176
1649,-0.10813435912132263
1650,0.255222350358963
1651,0.872832715511322
1652,-0.08380287140607834
1653,0.2882533371448517
1654,0.7833146452903748
1655,-0.10018102079629898
1656,0.3094266355037689
1657,0.7326428294181824
1658,-0.1023605689406395
1659,0.3265659213066101
1660,0.6944694519042969
1661,-0.10232365876436234
