,0
0,0.41319841146469116
1,0.3463432192802429
2,-0.7477379441261292
3,0.9999774098396301
4,0.44106364250183105
5,0.2855325937271118
6,-0.6883506178855896
7,0.9999380111694336
8,0.45835304260253906
9,0.2858600914478302
10,-0.6881101131439209
11,0.9999366402626038
12,0.47119140625
13,0.28686851263046265
14,-0.6877643465995789
15,0.9999263286590576
16,0.3877580761909485
17,0.29007405042648315
18,-0.6809089779853821
19,0.9999470114707947
20,0.3703290522098541
21,0.2914540469646454
22,-0.6801459193229675
23,0.9999546408653259
24,0.353540301322937
25,0.29430022835731506
26,-0.6800936460494995
27,0.9999592900276184
28,0.49167871475219727
29,0.3182806968688965
30,-0.32597675919532776
31,0.9999157190322876
32,0.33631595969200134
33,0.32632333040237427
34,-0.27017733454704285
35,0.9999555945396423
36,0.4503323435783386
37,0.4143962264060974
38,-0.621489405632019
39,0.9999531507492065
40,0.38496050238609314
41,0.4186879098415375
42,-0.6055890917778015
43,0.9999518394470215
44,0.6378811001777649
45,0.6933437585830688
46,-0.1348632276058197
47,0.9990615248680115
48,0.23583725094795227
49,0.6705182790756226
50,-0.19975610077381134
51,0.9996450543403625
52,0.7047125101089478
53,1.0483779907226562
54,-0.13064582645893097
55,0.3568554222583771
56,0.12204756587743759
57,1.048224687576294
58,-0.6598764061927795
59,0.906778872013092
60,0.7050763368606567
61,1.4559816122055054
62,-0.3839479684829712
63,0.23876431584358215
64,0.22141596674919128
65,0.7042444348335266
66,-1.5354599952697754
67,0.9727910161018372
68,0.7357351183891296
69,1.5399380922317505
70,-0.4594612717628479
71,0.3451320230960846
72,0.2181967943906784
73,0.5850880146026611
74,-1.719726800918579
75,0.9664825201034546
76,0.6786173582077026
77,1.5472302436828613
78,-0.4896737039089203
79,0.4640277624130249
80,0.22605499625205994
81,0.5397250652313232
82,-1.6668927669525146
83,0.971005916595459
84,0.6580532789230347
85,1.5087474584579468
86,-0.4135840833187103
87,0.4728282392024994
88,0.24044179916381836
89,0.5797258615493774
90,-1.5404396057128906
91,0.9668077826499939
92,0.5601211786270142
93,1.4434884786605835
94,-0.04131365939974785
95,0.0006017294363118708
96,0.26617273688316345
97,1.4398623704910278
98,0.04606010764837265
99,0.0007770078373141587
100,0.5329136848449707
101,2.0926969051361084
102,-0.06772253662347794
103,0.0002672857663128525
104,0.2726898789405823
105,2.097336769104004
106,0.06100695580244064
107,0.00018501961312722415
108,0.5207136869430542
109,2.6621592044830322
110,0.5302406549453735
111,6.603720976272598e-05
112,0.27534860372543335
113,2.664491891860962
114,0.49770522117614746
115,4.835519121115794e-06
116,0.5279073119163513
117,2.7391600608825684
118,0.5505770444869995
119,3.710120654432103e-05
120,0.2716618478298187
121,2.7385048866271973
122,0.5296257734298706
123,1.0207096238445956e-05
124,0.4801115095615387
125,2.8359169960021973
126,-0.029521089047193527
127,3.20934341289103e-05
128,0.3038869798183441
129,2.855051279067993
130,-0.11887550354003906
131,2.1525134798139334e-05
132,0.4068245589733124
133,0.406668484210968
134,-0.024207167327404022
135,0.405248761177063
136,0.3615351617336273
137,-0.046156346797943115
138,0.4063858389854431
139,0.37492382526397705
140,-0.02415907382965088
141,0.39845237135887146
142,0.3225916028022766
143,-0.034843456000089645
144,0.4050573706626892
145,0.3490714728832245
146,-0.04920444265007973
147,0.40527012944221497
148,0.333334356546402
149,-0.0459795780479908
150,0.4062747657299042
151,0.29633206129074097
152,-0.023763615638017654
153,0.3487567901611328
154,0.294587105512619
155,0.013289534486830235
156,0.40667009353637695
157,0.2704917788505554
158,-0.018781524151563644
159,0.4067385494709015
160,0.2551407814025879
161,-0.02090637758374214
162,0.4070943593978882
163,0.19506290555000305
164,-0.01192665845155716
165,0.4069419503211975
166,0.4133695065975189
167,-0.023033050820231438
168,0.4071383774280548
169,0.4186335504055023
170,-0.02006799355149269
171,0.40740442276000977
172,0.4208538830280304
173,-0.01610708236694336
174,0.407374769449234
175,0.4277474880218506
176,-0.014531715773046017
177,0.4073461592197418
178,0.43397241830825806
179,-0.015834489837288857
180,0.4073645770549774
181,0.44157978892326355
182,-0.01735885813832283
183,0.4075288772583008
184,0.4495007395744324
185,-0.015644965693354607
186,0.40797099471092224
187,0.4598689079284668
188,-0.006558236666023731
189,0.4055783450603485
190,0.36789682507514954
191,-0.0417252816259861
192,0.3979090452194214
193,0.3673118054866791
194,-0.02958681620657444
195,0.32547318935394287
196,0.2527162432670593
197,0.053504206240177155
198,0.3721623718738556
199,0.3045903444290161
200,0.0038726346101611853
201,0.3641825318336487
202,0.3057694733142853
203,0.00469999760389328
204,0.3565078377723694
205,0.3055124878883362
206,0.00727465283125639
207,0.3462403416633606
208,0.2990795969963074
209,0.014698043465614319
210,0.3788203299045563
211,0.3014034032821655
212,0.004142970312386751
213,0.3610442578792572
214,0.2762486934661865
215,0.0005968189798295498
216,0.3699303865432739
217,0.27695411443710327
218,0.00017055688658729196
219,0.35289251804351807
220,0.277866005897522
221,0.0035904187243431807
222,0.34759223461151123
223,0.2816500961780548
224,0.007326367311179638
225,0.34073829650878906
226,0.30735069513320923
227,0.01924627646803856
228,0.3774684965610504
229,0.47353553771972656
230,0.00595624465495348
231,0.34595054388046265
232,0.291662335395813
233,0.0160792488604784
234,0.3220035135746002
235,0.30298545956611633
236,0.05798280984163284
237,0.33278921246528625
238,0.3000620901584625
239,0.02793416753411293
240,0.3657788634300232
241,0.3539658486843109
242,-0.003488346701487899
243,0.39619529247283936
244,0.4042835831642151
245,-0.02259914204478264
246,0.39816707372665405
247,0.4183855354785919
248,-0.01826832816004753
249,0.38571974635124207
250,0.4081464111804962
251,-0.016836855560541153
252,0.3795056641101837
253,0.41354015469551086
254,-0.009574313648045063
255,0.3906327188014984
256,0.41890865564346313
257,-0.01419751811772585
258,0.38504576683044434
259,0.4202619194984436
260,-0.007584474049508572
261,0.37000980973243713
262,0.4336797297000885
263,0.005476018879562616
264,0.39819034934043884
265,0.3611202538013458
266,-0.04523038864135742
267,0.3968062996864319
268,0.34937405586242676
269,-0.047971662133932114
270,0.3360753655433655
271,0.2709774971008301
272,0.009501185268163681
273,0.3818182647228241
274,0.32357943058013916
275,-0.006199545226991177
276,0.37862923741340637
277,0.35867002606391907
278,-0.023087747395038605
279,0.3781004548072815
280,0.3525860607624054
281,-0.020394692197442055
282,0.34337925910949707
283,0.3533862233161926
284,0.008494739420711994
285,0.39751678705215454
286,0.33468902111053467
287,-0.04292525723576546
288,0.3543280065059662
289,0.25935637950897217
290,-0.006731431465595961
291,0.3432214856147766
292,0.2629172205924988
293,0.00043490357347764075
294,0.33158203959465027
295,0.2314312607049942
296,0.035967446863651276
297,0.38970011472702026
298,0.26870283484458923
299,-0.015344805084168911
300,0.37759825587272644
301,0.2803604304790497
302,0.0025122622027993202
303,0.3641933798789978
304,0.42086929082870483
305,0.007354456465691328
306,0.33288323879241943
307,0.41232049465179443
308,0.0827578455209732
309,0.38500288128852844
310,0.3651818335056305
311,-0.019738217815756798
312,0.392291396856308
313,0.369446337223053
314,-0.021291259676218033
315,0.3724622130393982
316,0.4226657450199127
317,0.006156366318464279
318,0.3766699433326721
319,0.4221723675727844
320,0.003537562442943454
321,0.33930784463882446
322,0.25529444217681885
323,0.004751072730869055
324,0.3786748945713043
325,0.3643782138824463
326,-0.018246933817863464
327,0.3695768713951111
328,0.2605316638946533
329,-0.012238948605954647
330,0.36809301376342773
331,0.2507353723049164
332,-0.014211408793926239
333,0.3609531819820404
334,0.20223398506641388
335,0.0011923157144337893
336,0.33567169308662415
337,0.24259033799171448
338,0.018232550472021103
339,0.36537444591522217
340,0.2250971794128418
341,-0.006991699803620577
342,0.3321649134159088
343,0.2660190165042877
344,0.017039760947227478
345,0.32882553339004517
346,0.25969362258911133
347,0.0343036875128746
348,0.3970314562320709
349,0.41235700249671936
350,-0.02144959196448326
351,0.38841915130615234
352,0.4145514965057373
353,-0.015897337347269058
354,0.382237046957016
355,0.4170595407485962
356,-0.00928344763815403
357,0.3873450458049774
358,0.367699533700943
359,-0.0183951985090971
360,0.3745439946651459
361,0.4227001667022705
362,0.004689025226980448
363,0.3777637481689453
364,0.4261409044265747
365,-0.0005518404650501907
366,0.3778333067893982
367,0.4212633967399597
368,0.0031716038938611746
369,0.3892073333263397
370,0.3604676127433777
371,-0.03210269287228584
372,0.3870584964752197
373,0.4197544455528259
374,-0.006280519533902407
375,0.3927067518234253
376,0.4198746085166931
377,-0.010845640674233437
378,0.3995319604873657
379,0.4203348457813263
380,-0.01459365151822567
381,0.3962891697883606
382,0.4587514400482178
383,-0.005671756807714701
384,0.39629077911376953
385,0.44785985350608826
386,-0.014467672444880009
387,0.3968711197376251
388,0.43984532356262207
389,-0.015879454091191292
390,0.3977797329425812
391,0.4320005178451538
392,-0.014231096021831036
393,0.3987753093242645
394,0.4269525408744812
395,-0.012902629561722279
396,0.38566339015960693
397,0.42456066608428955
398,-0.004936254117637873
399,0.3841179311275482
400,0.42655983567237854
401,-0.006249614525586367
402,0.38182294368743896
403,0.43033933639526367
404,-0.007130494806915522
405,0.3799545466899872
406,0.434669554233551
407,-0.005276620388031006
408,0.3725845515727997
409,0.398333340883255
410,-0.006845628377050161
411,0.32452547550201416
412,0.3547772765159607
413,0.09431919455528259
414,0.40594765543937683
415,0.37056851387023926
416,-0.030214158818125725
417,0.38211706280708313
418,0.42359423637390137
419,-1.0339299478800967e-05
420,0.38005971908569336
421,0.4245162308216095
422,-0.0007861968479119241
423,0.3952859044075012
424,0.37513288855552673
425,-0.02151932381093502
426,0.38210389018058777
427,0.37226906418800354
428,-0.012156692333519459
429,0.3938457667827606
430,0.3724139630794525
431,-0.021669842302799225
432,0.3734637498855591
433,0.3307134211063385
434,-0.002563212066888809
435,0.3608798384666443
436,0.33902931213378906
437,0.0006092927069403231
438,0.3770785629749298
439,0.3582775294780731
440,-0.015396739356219769
441,0.3426855206489563
442,0.21423649787902832
443,0.01746952161192894
444,0.3472234904766083
445,0.2306341528892517
446,0.004931995645165443
447,0.35169461369514465
448,0.2497379332780838
449,-0.00511743500828743
450,0.376782089471817
451,0.4427907466888428
452,0.0013104149838909507
453,0.38701188564300537
454,0.2533224821090698
455,-0.01915210485458374
456,0.38459423184394836
457,0.22365182638168335
458,-0.014244572259485722
459,0.38176777958869934
460,0.19645097851753235
461,-0.008646868169307709
462,0.34994155168533325
463,0.3034481108188629
464,0.011187825351953506
465,0.3331367075443268
466,0.3161165416240692
467,0.024596652016043663
468,0.38310861587524414
469,0.29813119769096375
470,0.005098455585539341
471,0.33965522050857544
472,0.2853447198867798
473,0.015063735656440258
474,0.38758644461631775
475,0.3157188296318054
476,-0.009773002937436104
477,0.38353753089904785
478,0.3536292612552643
479,-0.03182564303278923
480,0.3259285092353821
481,0.3243624269962311
482,0.034520428627729416
483,0.33784982562065125
484,0.32422545552253723
485,0.0169232115149498
486,0.34753674268722534
487,0.3284878432750702
488,0.008786413818597794
489,0.3624246120452881
490,0.3261614739894867
491,0.00396229512989521
492,0.3734300136566162
493,0.32085269689559937
494,0.0014633394312113523
495,0.38179415464401245
496,0.3150118887424469
497,-0.001471559051424265
498,0.3983106017112732
499,0.2995871901512146
500,-0.019955845549702644
501,0.326989084482193
502,0.3490186631679535
503,0.03262387961149216
504,0.3339540958404541
505,0.28426411747932434
506,0.019282259047031403
507,0.40132689476013184
508,0.36746713519096375
509,-0.04102198779582977
510,0.3819339871406555
511,0.3349529504776001
512,-0.009588931687176228
513,0.32221275568008423
514,0.3029494285583496
515,0.08651227504014969
516,0.38803353905677795
517,0.30847403407096863
518,-0.0032883700914680958
519,0.3767743706703186
520,0.3593713641166687
521,-0.006578836124390364
522,0.343595027923584
523,0.29264843463897705
524,0.01779177039861679
525,0.3832024037837982
526,0.34633007645606995
527,-0.028589023277163506
528,0.3271874487400055
529,0.3827105760574341
530,0.09087538719177246
531,0.38313376903533936
532,0.2936698794364929
533,0.007344613783061504
534,0.3902164399623871
535,0.3392636477947235
536,-0.03735857829451561
537,0.3465511202812195
538,0.44192734360694885
539,0.03824560344219208
540,0.34845685958862305
541,0.45479539036750793
542,0.053278982639312744
543,0.3220714330673218
544,0.3522195518016815
545,0.06340145319700241
546,0.33785462379455566
547,0.4249125123023987
548,0.04859515652060509
549,0.3252948224544525
550,0.2795461416244507
551,0.048532191663980484
552,0.37633460760116577
553,0.4853484630584717
554,0.011097341775894165
555,0.4025467336177826
556,0.37011292576789856
557,-0.02956354431807995
558,0.3749266564846039
559,0.3441164791584015
560,-0.005852622911334038
561,0.3272168040275574
562,0.3025091886520386
563,0.036863651126623154
564,0.3567274212837219
565,0.29813632369041443
566,0.008037665858864784
567,0.3638443648815155
568,0.2989283800125122
569,0.0057107387110590935
570,0.3754875361919403
571,0.4282630980014801
572,0.0010812543332576752
573,0.32923996448516846
574,0.3728318214416504
575,0.035969484597444534
576,0.3913270831108093
577,0.503006100654602
578,0.01299050822854042
579,0.36806294322013855
580,0.4839557409286499
581,0.030585849657654762
582,0.3588724434375763
583,0.47174161672592163
584,0.040606893599033356
585,0.40690964460372925
586,0.22383010387420654
587,-0.0169367715716362
588,0.40876176953315735
589,0.5062397718429565
590,0.009835603646934032
591,0.37073978781700134
592,0.29808107018470764
593,0.004961301106959581
594,0.37708619236946106
595,0.296115517616272
596,0.005814291071146727
597,0.38113531470298767
598,0.2948387861251831
599,0.007348419167101383
600,0.3294183611869812
601,0.2822644114494324
602,0.028048308566212654
603,0.3763287663459778
604,0.28634339570999146
605,0.0044838739559054375
606,0.36940887570381165
607,0.2835806906223297
608,0.0030933755915611982
609,0.3622502088546753
610,0.282891184091568
611,0.0038110632449388504
612,0.35499879717826843
613,0.28464916348457336
614,0.0061880904249846935
615,0.35050350427627563
616,0.2875978350639343
617,0.009225019253790379
618,0.3226618766784668
619,0.27511030435562134
620,0.07188403606414795
621,0.3519634008407593
622,0.2964608073234558
623,0.010862625204026699
624,0.40662702918052673
625,0.3852326273918152
626,-0.022059548646211624
627,0.3790571391582489
628,0.3905600905418396
629,-0.012164032086730003
630,0.38467663526535034
631,0.3630041480064392
632,-0.023273678496479988
633,0.3947678804397583
634,0.38647037744522095
635,-0.020856644958257675
636,0.4065936505794525
637,0.28310421109199524
638,-0.01782684214413166
639,0.35607320070266724
640,0.45867419242858887
641,0.029804827645421028
642,0.36572352051734924
643,0.4718984365463257
644,0.02100067026913166
645,0.39041218161582947
646,0.4951993227005005
647,0.0023461938835680485
648,0.34035104513168335
649,0.43644264340400696
650,0.06877974420785904
651,0.3809881806373596
652,0.2906087636947632
653,0.006128431763499975
654,0.39252614974975586
655,0.3181937038898468
656,-0.021869586780667305
657,0.40843838453292847
658,0.498406320810318
659,-0.00035018485505133867
660,0.3784782588481903
661,0.49494338035583496
662,0.0201050266623497
663,0.3251127600669861
664,0.3781575560569763
665,0.06272571533918381
666,0.39153000712394714
667,0.42568403482437134
668,-0.009255052544176579
669,0.3899609446525574
670,0.429426908493042
671,-0.010650810785591602
672,0.3882068693637848
673,0.4353099763393402
674,-0.011639179661870003
675,0.3869274854660034
676,0.44240689277648926
677,-0.010057562030851841
678,0.38509052991867065
679,0.4518054127693176
680,-0.0030902333091944456
681,0.3801046311855316
682,0.4209945797920227
683,-0.0016798326978459954
684,0.3773069977760315
685,0.4197794198989868
686,-0.0016002097399905324
687,0.3747780919075012
688,0.4177047312259674
689,-0.0016118517378345132
690,0.3671340346336365
691,0.40870970487594604
692,0.00022769381757825613
693,0.3387259244918823
694,0.3792199194431305
695,0.018400702625513077
696,0.3930875360965729
697,0.3068771958351135
698,-0.014226951636373997
699,0.3895263671875
700,0.28618112206459045
701,0.0004676916287280619
702,0.384531706571579
703,0.287723183631897
704,0.004070210736244917
705,0.382320374250412
706,0.4194999635219574
707,-0.0008841824601404369
708,0.3394325375556946
709,0.4082038700580597
710,0.032039158046245575
711,0.39620351791381836
712,0.28540223836898804
713,-0.0111694959923625
714,0.38113388419151306
715,0.4619814455509186
716,0.0020828379783779383
717,0.4056408107280731
718,0.3205879032611847
719,-0.03816304728388786
720,0.39821699261665344
721,0.311663419008255
722,-0.028239183127880096
723,0.4059620797634125
724,0.30885791778564453
725,-0.03063279762864113
726,0.3862369954586029
727,0.336698442697525
728,-0.021139901131391525
729,0.40824615955352783
730,0.4864320755004883
731,-0.0053516533225774765
732,0.40809038281440735
733,0.47205841541290283
734,-0.00577161367982626
735,0.39389511942863464
736,0.47017034888267517
737,-0.003408458549529314
738,0.3631964921951294
739,0.43723851442337036
740,0.010867984034121037
741,0.370875746011734
742,0.3696646988391876
743,-0.004001493565738201
744,0.37126606702804565
745,0.4511274993419647
746,0.007028189953416586
747,0.35421091318130493
748,0.36864978075027466
749,0.0009440039284527302
750,0.3645302355289459
751,0.38235795497894287
752,-0.0015607236418873072
753,0.3486161530017853
754,0.38837355375289917
755,0.00872011762112379
756,0.39129209518432617
757,0.4836542308330536
758,-0.002349825808778405
759,0.38131165504455566
760,0.3437008261680603
761,-0.014578188769519329
762,0.3572861850261688
763,0.44583913683891296
764,0.019523242488503456
765,0.36729514598846436
766,0.46031999588012695
767,0.013913579285144806
768,0.35698288679122925
769,0.42134684324264526
770,0.011647443287074566
771,0.3322802782058716
772,0.3931880593299866
773,0.039421193301677704
774,0.34833669662475586
775,0.42238837480545044
776,0.020660467445850372
777,0.3298872709274292
778,0.4023086130619049
779,0.05949946120381355
780,0.3592812418937683
781,0.39883407950401306
782,0.0031874265987426043
783,0.3873356282711029
784,0.3264150619506836
785,-0.01524816732853651
786,0.38636869192123413
787,0.3585883378982544
788,-0.033818598836660385
789,0.38119712471961975
790,0.36225083470344543
791,-0.02419673651456833
792,0.38977357745170593
793,0.35077720880508423
794,-0.040336206555366516
795,0.38321369886398315
796,0.2772727906703949
797,-0.0020551253110170364
798,0.3700407147407532
799,0.2713509202003479
800,-0.0034487200900912285
801,0.35833144187927246
802,0.27003106474876404
803,-0.002498577581718564
804,0.348757803440094
805,0.2717270851135254
806,0.0015542075270786881
807,0.342404842376709
808,0.2766323685646057
809,0.0072754560969769955
810,0.33903276920318604
811,0.2963132858276367
812,0.02141851745545864
813,0.32085174322128296
814,0.32729431986808777
815,0.06126496568322182
816,0.3446546196937561
817,0.3122663199901581
818,0.014895598404109478
819,0.35266467928886414
820,0.31553319096565247
821,0.009359062649309635
822,0.36306798458099365
823,0.3151865601539612
824,0.0053517320193350315
825,0.3730543851852417
826,0.31214192509651184
827,0.0035101172979921103
828,0.3808854818344116
829,0.3079524636268616
830,0.002454997505992651
831,0.3862939476966858
832,0.3038681149482727
833,0.0016899510519579053
834,0.3234310746192932
835,0.32880935072898865
836,0.09332925826311111
837,0.38172152638435364
838,0.36587369441986084
839,-0.01988557167351246
840,0.39199864864349365
841,0.3284328281879425
842,-0.02835921198129654
843,0.39227762818336487
844,0.3591548800468445
845,-0.040801018476486206
846,0.3973419964313507
847,0.365386039018631
848,-0.03747360408306122
849,0.39250877499580383
850,0.36108675599098206
851,-0.036553021520376205
852,0.38441702723503113
853,0.3699169158935547
854,-0.017038574442267418
855,0.39878931641578674
856,0.3665449023246765
857,-0.03977818042039871
858,0.39981454610824585
859,0.36927974224090576
860,-0.02953822910785675
861,0.3859485685825348
862,0.29451850056648254
863,0.005760903935879469
864,0.3905685245990753
865,0.297432541847229
866,0.00013695268717128783
867,0.39284881949424744
868,0.29926806688308716
869,-0.006218670401722193
870,0.3479299247264862
871,0.28979307413101196
872,0.012245835736393929
873,0.3437637388706207
874,0.2860458791255951
875,0.012618827633559704
876,0.4131535291671753
877,0.32272905111312866
878,-0.03550397604703903
879,0.468420147895813
880,0.2961721420288086
881,0.008278303779661655
882,0.4141920804977417
883,0.3674633800983429
884,-0.030115840956568718
885,0.4960557222366333
886,0.25303640961647034
887,0.04583781212568283
888,0.443926066160202
889,0.30568262934684753
890,0.0005146943149156868
891,0.45226216316223145
892,0.30694979429244995
893,0.0007628244929946959
894,0.4603193402290344
895,0.30672386288642883
896,0.002638665959239006
897,0.4713006615638733
898,0.30059048533439636
899,0.009394338354468346
900,0.4368671774864197
901,0.30234745144844055
902,0.001518678735010326
903,0.4552861154079437
904,0.27716168761253357
905,-0.0034536791499704123
906,0.4461641013622284
907,0.2776327133178711
908,-0.003040981711819768
909,0.4637584984302521
910,0.27893561124801636
911,-0.0010292259976267815
912,0.4694165289402008
913,0.28288814425468445
914,0.002279758919030428
915,0.4772575795650482
916,0.3085864782333374
917,0.013431297615170479
918,0.44046369194984436
919,0.4749037027359009
920,0.003596164286136627
921,0.47145265340805054
922,0.29329952597618103
923,0.010807721875607967
924,0.49973732233047485
925,0.3039635419845581
926,0.050119996070861816
927,0.48609161376953125
928,0.30111774802207947
929,0.02149156667292118
930,0.4498473107814789
931,0.3545888066291809
932,-0.0068304212763905525
933,0.41783463954925537
934,0.4043806791305542
935,-0.0234474278986454
936,0.41663557291030884
937,0.41840866208076477
938,-0.0191024336963892
939,0.4293660819530487
940,0.4084068536758423
941,-0.01851052977144718
942,0.4366167187690735
943,0.41364043951034546
944,-0.011961483396589756
945,0.4249027967453003
946,0.41898638010025024
947,-0.01581619679927826
948,0.43123704195022583
949,0.42018944025039673
950,-0.009676769375801086
951,0.4478055536746979
952,0.43407195806503296
953,0.0023422050289809704
954,0.4125162661075592
955,0.36116498708724976
956,-0.0456637367606163
957,0.4135954976081848
958,0.3495122492313385
959,-0.04845469072461128
960,0.4814682602882385
961,0.271803081035614
962,0.003600204363465309
963,0.43299970030784607
964,0.32405519485473633
965,-0.008360862731933594
966,0.43435922265052795
967,0.35906702280044556
968,-0.025017231702804565
969,0.4352323114871979
970,0.35299375653266907
971,-0.02244528941810131
972,0.4740363359451294
973,0.35433197021484375
974,0.003009962383657694
975,0.4133641719818115
976,0.3348236083984375
977,-0.04356107488274574
978,0.4614020586013794
979,0.2598806321620941
980,-0.01086388062685728
981,0.47335919737815857
982,0.2635735273361206
983,-0.004794413223862648
984,0.48841938376426697
985,0.23147708177566528
986,0.029065024107694626
987,0.4243893027305603
988,0.2689207196235657
989,-0.01665661856532097
990,0.4383932948112488
991,0.2809808850288391
992,-0.00013610071619041264
993,0.4537130892276764
994,0.4212864935398102
995,0.0036245696246623993
996,0.4915301501750946
997,0.41493701934814453
998,0.07564473152160645
999,0.4280981421470642
1000,0.36551135778427124
1001,-0.021383417770266533
1002,0.42071959376335144
1003,0.36961978673934937
1004,-0.022080358117818832
1005,0.44513002038002014
1006,0.42251765727996826
1007,0.002957926830276847
1008,0.4408656358718872
1009,0.4218922257423401
1010,0.0007738199201412499
1011,0.47767022252082825
1012,0.2558749318122864
1013,-0.0007681549177505076
1014,0.43492767214775085
1015,0.36477044224739075
1016,-0.020206749439239502
1017,0.44532299041748047
1018,0.26094555854797363
1019,-0.015062413178384304
1020,0.4467500150203705
1021,0.2509553134441376
1022,-0.017074499279260635
1023,0.45519089698791504
1024,0.20201481878757477
1025,-0.00269356113858521
1026,0.48264583945274353
1027,0.2429007589817047
1028,0.01213536411523819
1029,0.4499691426753998
1030,0.22513477504253387
1031,-0.010374774225056171
1032,0.4861021041870117
1033,0.26664432883262634
1034,0.01065752375870943
1035,0.49097466468811035
1036,0.2602155804634094
1037,0.027305928990244865
1038,0.41739359498023987
1039,0.41241663694381714
1040,-0.02229515090584755
1041,0.4269256293773651
1042,0.4147224724292755
1043,-0.017603574320673943
1044,0.43397241830825806
1045,0.4170694649219513
1046,-0.011509482748806477
1047,0.42591410875320435
1048,0.3679973781108856
1049,-0.01963777281343937
1050,0.44296783208847046
1051,0.4224388599395752
1052,0.0016987132839858532
1053,0.4394165873527527
1054,0.4260401725769043
1055,-0.0030608975794166327
1056,0.4397231638431549
1057,0.421130895614624
1058,0.0004556832427624613
1059,0.42279720306396484
1060,0.3607993423938751
1061,-0.03345810994505882
1062,0.4294894337654114
1063,0.41955453157424927
1064,-0.008217638358473778
1065,0.42318642139434814
1066,0.4199133515357971
1067,-0.012336665764451027
1068,0.41574835777282715
1069,0.42029333114624023
1070,-0.015413996763527393
1071,0.42004063725471497
1072,0.4590466022491455
1073,-0.006502494681626558
1074,0.4192091226577759
1075,0.44804322719573975
1076,-0.015392998233437538
1077,0.418332040309906
1078,0.43999505043029785
1079,-0.016831588000059128
1080,0.4173290431499481
1081,0.4321470856666565
1082,-0.015089835040271282
1083,0.4164813160896301
1084,0.42707210779190063
1085,-0.013729613274335861
1086,0.4309700131416321
1087,0.42448145151138306
1088,-0.006837383843958378
1089,0.432484894990921
1090,0.42643144726753235
1091,-0.00820248294621706
1092,0.43480899930000305
1093,0.4303063452243805
1094,-0.009071958251297474
1095,0.43678367137908936
1096,0.434710830450058
1097,-0.007362747099250555
1098,0.44335758686065674
1099,0.3987334966659546
1100,-0.009543263353407383
1101,0.5001586079597473
1102,0.35644352436065674
1103,0.08616741001605988
1104,0.4350375235080719
1105,0.42345643043518066
1106,-0.002380908466875553
1107,0.43704092502593994
1108,0.42440998554229736
1109,-0.0032318681478500366
1110,0.41781824827194214
1111,0.37520530819892883
1112,-0.022269727662205696
1113,0.4319748282432556
1114,0.372578889131546
1115,-0.013656625524163246
1116,0.4191801846027374
1117,0.37251996994018555
1118,-0.022449320182204247
1119,0.44190922379493713
1120,0.33127501606941223
1121,-0.005511969793587923
1122,0.4551714360713959
1123,0.33976542949676514
1124,-0.003376853186637163
1125,0.43676382303237915
1126,0.35867437720298767
1127,-0.017562301829457283
1128,0.47545528411865234
1129,0.2140025943517685
1130,0.01176388654857874
1131,0.46965646743774414
1132,0.23067036271095276
1133,2.7874023089680122e-06
1134,0.46408671140670776
1135,0.2501373291015625
1136,-0.009452053345739841
1137,0.4407196640968323
1138,0.44336459040641785
1139,-0.0012213664595037699
1140,0.42711058259010315
1141,0.25336819887161255
1142,-0.020576033741235733
1143,0.42980360984802246
1144,0.22368551790714264
1145,-0.015890328213572502
1146,0.4331049621105194
1147,0.19628800451755524
1148,-0.010646590031683445
1149,0.46731263399124146
1150,0.3048141598701477
1151,0.006088984198868275
1152,0.4854855537414551
1153,0.3172076940536499
1154,0.018152615055441856
1155,0.4324328601360321
1156,0.29908230900764465
1157,0.0027701244689524174
1158,0.4780988395214081
1159,0.28653833270072937
1160,0.009313615038990974
1161,0.4267670214176178
1162,0.31607019901275635
1163,-0.01157437078654766
1164,0.4285425841808319
1165,0.3540612459182739
1166,-0.03339901566505432
1167,0.49373582005500793
1168,0.3255564868450165
1169,0.027267377823591232
1170,0.47994962334632874
1171,0.32528817653656006
1172,0.010925667360424995
1173,0.4694630801677704
1174,0.32926875352859497
1175,0.0035525159910321236
1176,0.4538176655769348
1177,0.326854407787323
1178,-5.547184628085233e-05
1179,0.44225454330444336
1180,0.32150137424468994
1181,-0.0015288613503798842
1182,0.4334500730037689
1183,0.3156353235244751
1184,-0.0038260212168097496
1185,0.4147348701953888
1186,0.29974105954170227
1187,-0.02071186527609825
1188,0.4924747943878174
1189,0.35044318437576294
1190,0.02549431100487709
1191,0.4844006597995758
1192,0.2851930558681488
1193,0.012940144166350365
1194,0.4099641442298889
1195,0.36746880412101746
1196,-0.041365642100572586
1197,0.43241918087005615
1198,0.33540815114974976
1199,-0.011601487174630165
1200,0.5017153024673462
1201,0.30384916067123413
1202,0.07816881686449051
1203,0.42681002616882324
1204,0.30895882844924927
1205,-0.005058924667537212
1206,0.4376623034477234
1207,0.3597581684589386
1208,-0.008580944500863552
1209,0.4740842878818512
1210,0.2941235303878784
1211,0.012267117388546467
1212,0.429288387298584
1213,0.3467113673686981
1214,-0.030184924602508545
1215,0.49754053354263306
1216,0.3848629891872406
1217,0.08321616798639297
1218,0.43265384435653687
1219,0.2946729063987732
1220,0.004959623795002699
1221,0.42137908935546875
1222,0.33948493003845215
1223,-0.03858411684632301
1224,0.47459590435028076
1225,0.44464749097824097
1226,0.03291427344083786
1227,0.47410333156585693
1228,0.45791617035865784
1229,0.047924939543008804
1230,0.4999070465564728
1231,0.3539184033870697
1232,0.055562686175107956
1233,0.48404932022094727
1234,0.4276706576347351
1235,0.042428817600011826
1236,0.4954814910888672
1237,0.28024765849113464
1238,0.041048429906368256
1239,0.4421754777431488
1240,0.4870443642139435
1241,0.00867362879216671
1242,0.40944650769233704
1243,0.3701173961162567
1244,-0.029796713963150978
1245,0.4400729835033417
1246,0.3445602059364319
1247,-0.008445823565125465
1248,0.4926280975341797
1249,0.3035578727722168
1250,0.029809731990098953
1251,0.45986977219581604
1252,0.2996072471141815
1253,0.0036493411753326654
1254,0.45246970653533936
1255,0.30027568340301514
1256,0.0017832373268902302
1257,0.44179055094718933
1258,0.4282299876213074
1259,-0.0016147894784808159
1260,0.4907723665237427
1261,0.3745109736919403
1262,0.028983473777770996
1263,0.4267037808895111
1264,0.5040276646614075
1265,0.01156601868569851
1266,0.4521386921405792
1267,0.486411452293396
1268,0.027148334309458733
1269,0.4625072181224823
1270,0.4746851623058319
1271,0.03630221262574196
1272,0.44537025690078735
1273,0.29932570457458496
1274,0.001572835142724216
1275,0.4387715458869934
1276,0.29710307717323303
1277,0.002892691409215331
1278,0.4346800446510315
1279,0.29587921500205994
1280,0.004677117336541414
1281,0.48980066180229187
1282,0.28296393156051636
1283,0.021225081756711006
1284,0.43982306122779846
1285,0.28732532262802124
1286,0.0014310849364846945
1287,0.4470287561416626
1288,0.28466522693634033
1289,-0.00043078127782791853
1290,0.45430710911750793
1291,0.28414231538772583
1292,-0.00024519613361917436
1293,0.46173468232154846
1294,0.28603360056877136
1295,0.0016329793725162745
1296,0.46643906831741333
1297,0.2890574336051941
1298,0.004385175183415413
1299,0.5001099705696106
1300,0.2757338881492615
1301,0.06384266912937164
1302,0.4649001955986023
1303,0.2980421781539917
1304,0.006097034085541964
1305,0.43584173917770386
1306,0.39093834161758423
1307,-0.014281287789344788
1308,0.428090363740921
1309,0.3633408546447754
1310,-0.024655627086758614
1311,0.41894111037254333
1312,0.38658738136291504
1313,-0.021744035184383392
1314,0.4643439054489136
1315,0.4611981511116028
1316,0.025531338527798653
1317,0.453849732875824
1318,0.4742167592048645
1319,0.017675720155239105
1320,0.4269509017467499
1321,0.49615126848220825
1322,0.000981787103228271
1323,0.48323601484298706
1324,0.4394269287586212
1325,0.06240538880228996
1326,0.43481582403182983
1327,0.2915952503681183
1328,0.0034555906895548105
1329,0.42049700021743774
1330,0.3184846341609955
1331,-0.02303198166191578
1332,0.44053322076797485
1333,0.49670901894569397
1334,0.01760197803378105
1335,0.49712592363357544
1336,0.3802995979785919
1337,0.055267561227083206
1338,0.42435431480407715
1339,0.4257505238056183
1340,-0.010782742872834206
1341,0.42589038610458374
1342,0.42948776483535767
1343,-0.012155181728303432
1344,0.42767417430877686
1345,0.4353407621383667
1346,-0.013245775364339352
1347,0.42913031578063965
1348,0.44253188371658325
1349,-0.011715283617377281
1350,0.43179261684417725
1351,0.45230042934417725
1352,-0.004956111777573824
1353,0.43696314096450806
1354,0.4208720922470093
1355,-0.004300485365092754
1356,0.4396776556968689
1357,0.4197131097316742
1358,-0.00448029488325119
1359,0.44224631786346436
1360,0.4176952838897705
1361,-0.0045545995235443115
1362,0.44981977343559265
1363,0.409061998128891
1364,-0.003178402315825224
1365,0.47997385263442993
1366,0.38066333532333374
1367,0.012417799793183804
1368,0.4206309914588928
1369,0.30714288353919983
1370,-0.015558087266981602
1371,0.42552992701530457
1372,0.28677234053611755
1373,-0.0011622640304267406
1374,0.43103229999542236
1375,0.28846901655197144
1376,0.0019151450833305717
1377,0.4348198175430298
1378,0.4193550944328308
1379,-0.0033124652691185474
1380,0.48080140352249146
1381,0.41025084257125854
1382,0.026057956740260124
1383,0.4177285134792328
1384,0.2856902480125427
1385,-0.012029184028506279
1386,0.4363885223865509
1387,0.46291255950927734
1388,4.9801936256699264e-05
1389,0.41408321261405945
1390,0.3117837607860565
1391,-0.028858132660388947
1392,0.4268816113471985
1393,0.33703696727752686
1394,-0.022637613117694855
1395,0.4228546619415283
1396,0.47071993350982666
1397,-0.0044597056694328785
1398,0.45522695779800415
1399,0.43846532702445984
1400,0.007396217435598373
1401,0.4443921446800232
1402,0.37014150619506836
1403,-0.006719168275594711
1404,0.4469631016254425
1405,0.4523073136806488
1406,0.004232899751514196
1407,0.4624421000480652
1408,0.3695122003555298
1409,-0.003449009731411934
1410,0.45164018869400024
1411,0.3830312490463257
1412,-0.004976910073310137
1413,0.4692213833332062
1414,0.3895549178123474
1415,0.0038052480667829514
1416,0.4256681203842163
1417,0.48442530632019043
1418,-0.0036674856673926115
1419,0.43248873949050903
1420,0.344104140996933
1421,-0.016480140388011932
1422,0.46199658513069153
1423,0.44768214225769043
1424,0.015487021766602993
1425,0.451568603515625
1426,0.4621466398239136
1427,0.010805736295878887
1428,0.4614066481590271
1429,0.4224115014076233
1430,0.007316934876143932
1431,0.4883473813533783
1432,0.39524322748184204
1433,0.03281780704855919
1434,0.47110262513160706
1435,0.42422157526016235
1436,0.015590105205774307
1437,0.4925139248371124
1438,0.40480688214302063
1439,0.05250253528356552
1440,0.45796677470207214
1441,0.3995521664619446
1442,-0.0009188108379021287
1443,0.4263387620449066
1444,0.32674291729927063
1445,-0.016903946176171303
1446,0.42556166648864746
1447,0.35895368456840515
1448,-0.03525383397936821
1449,0.4316956698894501
1450,0.36272963881492615
1451,-0.02586400881409645
1452,0.421405553817749
1453,0.35109782218933105
1454,-0.04168378934264183
1455,0.4320390224456787
1456,0.27783870697021484
1457,-0.004221342969685793
1458,0.44560977816581726
1459,0.2720152735710144
1460,-0.0064741577953100204
1461,0.45758962631225586
1462,0.2708774209022522
1463,-0.006432551424950361
1464,0.46765291690826416
1465,0.27264997363090515
1466,-0.0033259945921599865
1467,0.4747142493724823
1468,0.27763882279396057
1469,0.001936298911459744
1470,0.47925499081611633
1471,0.2975887060165405
1472,0.015453497879207134
1473,0.501006007194519
1474,0.32865801453590393
1475,0.0532112792134285
1476,0.47290050983428955
1477,0.3134002089500427
1478,0.009444057941436768
1479,0.46424001455307007
1480,0.31651511788368225
1481,0.004553128499537706
1482,0.45335108041763306
1483,0.31614306569099426
1484,0.0013706088066101074
1485,0.4428975582122803
1486,0.3129245340824127
1487,0.00044823161442764103
1488,0.43471187353134155
1489,0.30867043137550354
1490,6.991770351305604e-05
1491,0.4290221631526947
1492,0.3045284152030945
1493,-0.00024014496011659503
1494,0.5010698437690735
1495,0.33002299070358276
1496,0.08497354388237
1497,0.43160510063171387
1498,0.3662339150905609
1499,-0.02154102921485901
1500,0.42024216055870056
1501,0.3286284804344177
1502,-0.02956867776811123
1503,0.4189131557941437
1504,0.3593825697898865
1505,-0.0417291596531868
1506,0.4143816828727722
1507,0.3654541075229645
1508,-0.038009483367204666
1509,0.41915902495384216
1510,0.36130496859550476
1511,-0.03750482574105263
1512,0.4291885495185852
1513,0.3702927231788635
1514,-0.018463414162397385
1515,0.4126890003681183
1516,0.3665997087955475
1517,-0.040198326110839844
1518,0.4122435450553894
1519,0.36930757761001587
1520,-0.029910579323768616
1521,0.42952078580856323
1522,0.29534855484962463
1523,0.003664555959403515
1524,0.42446884512901306
1525,0.2980223596096039
1526,-0.001298935036174953
1527,0.42165467143058777
1528,0.2996709942817688
1529,-0.007453471422195435
1530,0.46924400329589844
1531,0.29141372442245483
1532,0.0071648042649030685
1533,0.473614901304245
1534,0.28733745217323303
1535,0.007188692223280668
1536,0.0
1537,0.0
1538,0.0
1539,0.0
1540,0.0
1541,0.0
1542,0.0
1543,0.0
1544,0.0
1545,0.0
1546,0.0
1547,0.0
1548,0.0
1549,0.0
1550,0.0
1551,0.0
1552,0.0
1553,0.0
1554,0.0
1555,0.0
1556,0.0
1557,0.0
1558,0.0
1559,0.0
1560,0.0
1561,0.0
1562,0.0
1563,0.0
1564,0.0
1565,0.0
1566,0.0
1567,0.0
1568,0.0
1569,0.0
1570,0.0
1571,0.0
1572,0.0
1573,0.0
1574,0.0
1575,0.0
1576,0.0
1577,0.0
1578,0.0
1579,0.0
1580,0.0
1581,0.0
1582,0.0
1583,0.0
1584,0.0
1585,0.0
1586,0.0
1587,0.0
1588,0.0
1589,0.0
1590,0.0
1591,0.0
1592,0.0
1593,0.0
1594,0.0
1595,0.0
1596,0.0
1597,0.0
1598,0.0
1599,0.20799581706523895
1600,0.7110406160354614
1601,2.3414969518853468e-08
1602,0.18946316838264465
1603,0.6414652466773987
1604,0.0034106953535228968
1605,0.18189047276973724
1606,0.5541841387748718
1607,-0.003537246258929372
1608,0.1729857325553894
1609,0.4854040741920471
1610,-0.012437853962182999
1611,0.14949601888656616
1612,0.4455537796020508
1613,-0.021077461540699005
1614,0.1831328570842743
1615,0.5267622470855713
1616,-0.020710624754428864
1617,0.2148507833480835
1618,0.4456641674041748
1619,-0.03644631430506706
1620,0.2361941635608673
1621,0.4024878144264221
1622,-0.043152302503585815
1623,0.2534128725528717
1624,0.36762720346450806
1625,-0.04778139293193817
1626,0.20065462589263916
1627,0.5418389439582825
1628,-0.03253980353474617
1629,0.27546098828315735
1630,0.49377304315567017
1631,-0.05377734825015068
1632,0.2781844139099121
1633,0.5317497253417969
1634,-0.05328711122274399
1635,0.26043936610221863
1636,0.5543857216835022
1637,-0.050241630524396896
1638,0.2258632332086563
1639,0.5646472573280334
1640,-0.04303323104977608
1641,0.2944795489311218
1642,0.5304835438728333
1643,-0.05906791239976883
1644,0.29037049412727356
1645,0.5639511346817017
1646,-0.047861408442258835
1647,0.2709963619709015
1648,0.5786899924278259
1649,-0.03885843977332115
1650,0.2525843679904938
1651,0.5919327139854431
1652,-0.053262628614902496
1653,0.3055625557899475
1654,0.5639257431030273
1655,-0.05820440873503685
1656,0.30046406388282776
1657,0.59375
1658,-0.04707545042037964
1659,0.2826573848724365
1660,0.607935905456543
1661,-0.0385691300034523
