,0
0,0.4259660243988037
1,0.3428409695625305
2,-0.9558965563774109
3,0.9999814033508301
4,0.4527274966239929
5,0.2890917658805847
6,-0.8937762975692749
7,0.9999599456787109
8,0.46974602341651917
9,0.2900353670120239
10,-0.8936290740966797
11,0.9999597668647766
12,0.48151224851608276
13,0.2922239303588867
14,-0.8934372663497925
15,0.9999533295631409
16,0.4002975821495056
17,0.2900315821170807
18,-0.8896263837814331
19,0.999965250492096
20,0.3828583359718323
21,0.29261162877082825
22,-0.8890137672424316
23,0.9999682903289795
24,0.36733752489089966
25,0.2957712709903717
26,-0.889112651348114
27,0.9999690651893616
28,0.5011835098266602
29,0.326460063457489
30,-0.4863993525505066
31,0.99994957447052
32,0.3513014614582062
33,0.32731062173843384
34,-0.46199020743370056
35,0.9999716281890869
36,0.4637525677680969
37,0.4113847017288208
38,-0.8088916540145874
39,0.9999775290489197
40,0.3968721926212311
41,0.4108774960041046
42,-0.799686849117279
43,0.99997878074646
44,0.6453294157981873
45,0.6825258731842041
46,-0.2734147906303406
47,0.999518871307373
48,0.23051147162914276
49,0.6563348174095154
50,-0.31643742322921753
51,0.999748706817627
52,0.7282177209854126
53,1.0235952138900757
54,-0.27847540378570557
55,0.40357229113578796
56,0.1337900310754776
57,1.0283788442611694
58,-0.7824928164482117
59,0.7386250495910645
60,0.6980680227279663
61,1.3913770914077759
62,-0.6897508502006531
63,0.20601016283035278
64,0.23597177863121033
65,0.7762099504470825
66,-1.7380825281143188
67,0.6649578809738159
68,0.7059705257415771
69,1.4739216566085815
70,-0.7956433296203613
71,0.2659970819950104
72,0.250862181186676
73,0.6851148009300232
74,-1.9321181774139404
75,0.658724844455719
76,0.6697512865066528
77,1.4318739175796509
78,-0.8259282112121582
79,0.3524056077003479
80,0.25701016187667847
81,0.6509961485862732
82,-1.8961915969848633
83,0.6798505783081055
84,0.661754310131073
85,1.40834641456604
86,-0.7216705679893494
87,0.3526289463043213
88,0.2649504542350769
89,0.6721798777580261
90,-1.749140739440918
91,0.6748020648956299
92,0.5710344910621643
93,1.4314837455749512
94,-0.04155808687210083
95,0.0017288130475208163
96,0.2851964831352234
97,1.4206080436706543
98,0.04636112228035927
99,0.0019456782611086965
100,0.538418173789978
101,2.0650317668914795
102,-0.1348545253276825
103,0.00046689523151144385
104,0.28132590651512146
105,2.0580286979675293
106,-0.022954899817705154
107,0.00023012756719253957
108,0.5182534456253052
109,2.6265451908111572
110,0.41315746307373047
111,8.294526924146339e-05
112,0.2727373242378235
113,2.6200523376464844
114,0.3136046230792999
115,7.695434760535136e-06
116,0.5241455435752869
117,2.707364797592163
118,0.4284496307373047
119,5.916426016483456e-05
120,0.26712125539779663
121,2.69765043258667
122,0.32863757014274597
123,1.8012717191595584e-05
124,0.4712795615196228
125,2.7942941188812256
126,-0.18498952686786652
127,5.245735155767761e-05
128,0.28999555110931396
129,2.7951624393463135
130,-0.3426262140274048
131,2.9975381039548665e-05
132,0.41959837079048157
133,0.39927157759666443
134,-0.024917729198932648
135,0.41404640674591064
136,0.36007174849510193
137,-0.04551847279071808
138,0.41666555404663086
139,0.37228265404701233
140,-0.02450481429696083
141,0.40545934438705444
142,0.3231428265571594
143,-0.03325223922729492
144,0.4130607843399048
145,0.34792882204055786
146,-0.048180777579545975
147,0.4124152958393097
148,0.3325849771499634
149,-0.04460642486810684
150,0.41158947348594666
151,0.29703325033187866
152,-0.02182476595044136
153,0.35672274231910706
154,0.3027162253856659
155,0.015443548560142517
156,0.41059398651123047
157,0.27245864272117615
158,-0.016087224707007408
159,0.4097011387348175
160,0.2575967013835907
161,-0.01755501702427864
162,0.4066704511642456
163,0.19889168441295624
164,-0.007073191460222006
165,0.4202292561531067
166,0.40529125928878784
167,-0.0240477304905653
168,0.42080584168434143
169,0.4100685715675354
170,-0.021440718322992325
171,0.42126187682151794
172,0.41206830739974976
173,-0.01780540682375431
174,0.4222286641597748
175,0.42579182982444763
176,-0.014649441465735435
177,0.4225741922855377
178,0.43154874444007874
179,-0.016018250957131386
180,0.4230397343635559
181,0.43859541416168213
182,-0.017566267400979996
183,0.42362740635871887
184,0.44598689675331116
185,-0.015780622139573097
186,0.4244645833969116
187,0.4560425877571106
188,-0.007242121733725071
189,0.4149755537509918
190,0.36629989743232727
191,-0.041380152106285095
192,0.4079119861125946
193,0.3666355609893799
194,-0.02954682521522045
195,0.3309687376022339
196,0.26662611961364746
197,0.05685470253229141
198,0.379721999168396
199,0.30949538946151733
200,0.00563148595392704
201,0.37208253145217896
202,0.311442494392395
203,0.006520595867186785
204,0.36463120579719543
205,0.31212174892425537
206,0.009126966819167137
207,0.35433149337768555
208,0.30752691626548767
209,0.01667846366763115
210,0.38597434759140015
211,0.30577194690704346
212,0.005804667714983225
213,0.3672788441181183
214,0.28339606523513794
215,0.0033637129236012697
216,0.37583139538764954
217,0.28296929597854614
218,0.002839492168277502
219,0.35961389541625977
220,0.28607243299484253
221,0.006336316466331482
222,0.35476598143577576
223,0.290553480386734
224,0.009962908923625946
225,0.3490926921367645
226,0.31643912196159363
227,0.020876362919807434
228,0.3952997028827667
229,0.4727058410644531
230,0.0042540887370705605
231,0.3538505733013153
232,0.3005196452140808
233,0.018271706998348236
234,0.3297480344772339
235,0.3160649240016937
236,0.05936450883746147
237,0.34079116582870483
238,0.3109871447086334
239,0.029778730124235153
240,0.37588441371917725
241,0.35727134346961975
242,-0.0031611386220902205
243,0.4088588058948517
244,0.3988306522369385
245,-0.023037830367684364
246,0.41186967492103577
247,0.41122934222221375
248,-0.019440164789557457
249,0.39896899461746216
250,0.4042360484600067
251,-0.01735123060643673
252,0.3936331868171692
253,0.41050612926483154
254,-0.010005692020058632
255,0.4047379195690155
256,0.41319540143013
257,-0.015161912888288498
258,0.39971083402633667
259,0.41574352979660034
260,-0.00839285459369421
261,0.38640096783638
262,0.4332413971424103
263,0.004865642171353102
264,0.40730541944503784
265,0.3606416583061218
266,-0.044481709599494934
267,0.40528032183647156
268,0.3491601049900055
269,-0.046855948865413666
270,0.3429729640483856
271,0.2823547124862671
272,0.012788736261427402
273,0.3899325728416443
274,0.3263365924358368
275,-0.005134346429258585
276,0.38896241784095764
277,0.36032217741012573
278,-0.022646768018603325
279,0.38816526532173157
280,0.3544637858867645
281,-0.01990392990410328
282,0.35352200269699097
283,0.35978201031684875
284,0.008791917935013771
285,0.4051758646965027
286,0.3348875641822815
287,-0.041510969400405884
288,0.3599448800086975
289,0.26818493008613586
290,-0.003021861892193556
291,0.34945017099380493
292,0.27332907915115356
293,0.004100217018276453
294,0.33583948016166687
295,0.24479711055755615
296,0.040313977748155594
297,0.3944132626056671
298,0.27274712920188904
299,-0.012286080047488213
300,0.38343822956085205
301,0.28538206219673157
302,0.004877699539065361
303,0.3798162639141083
304,0.4210534691810608
305,0.006724114529788494
306,0.346512109041214
307,0.42288675904273987
308,0.0791521891951561
309,0.3956588804721832
310,0.3659151792526245
311,-0.019658565521240234
312,0.4029179811477661
313,0.3688775300979614
314,-0.021489184349775314
315,0.38806217908859253
316,0.4215409457683563
317,0.005570849869400263
318,0.3923546373844147
319,0.42062535881996155
320,0.0030256719328463078
321,0.3451683521270752
322,0.2666432559490204
323,0.008686365559697151
324,0.3894498944282532
325,0.3656177520751953
326,-0.018097124993801117
327,0.3746999502182007
328,0.26729169487953186
329,-0.008683037012815475
330,0.37259751558303833
331,0.25802910327911377
332,-0.010275494307279587
333,0.3625524342060089
334,0.21195213496685028
335,0.006506865378469229
336,0.3406715393066406
337,0.2549673914909363
338,0.022359449416399002
339,0.3682321012020111
340,0.23339062929153442
341,-0.0023356149904429913
342,0.33878883719444275
343,0.2782818078994751
344,0.020472196862101555
345,0.3348645269870758
346,0.27274173498153687
347,0.03773738071322441
348,0.41027143597602844
349,0.4059508144855499
350,-0.022157710045576096
351,0.40212127566337585
352,0.40956658124923706
353,-0.016603238880634308
354,0.39661863446235657
355,0.4132497012615204
356,-0.009897139854729176
357,0.3980270028114319
358,0.3678421378135681
359,-0.018483934924006462
360,0.39017313718795776
361,0.42134279012680054
362,0.004128789994865656
363,0.3935142755508423
364,0.4256315231323242
365,-0.0007315140101127326
366,0.39357155561447144
367,0.41968387365341187
368,0.0026741893962025642
369,0.3990881145000458
370,0.36140888929367065
371,-0.03156806901097298
372,0.4016929566860199
373,0.414928674697876
374,-0.007297233212739229
375,0.4068164825439453
376,0.41365617513656616
377,-0.01209258008748293
378,0.41337502002716064
379,0.4128648042678833
380,-0.01601083017885685
381,0.41284728050231934
382,0.4563541114330292
383,-0.00609451113268733
384,0.41246992349624634
385,0.44578051567077637
386,-0.014321357011795044
387,0.4125802516937256
388,0.4382456839084625
389,-0.01570236310362816
390,0.41298338770866394
391,0.43092694878578186
392,-0.014032402075827122
393,0.4136938750743866
394,0.42609840631484985
395,-0.012712065130472183
396,0.401204377412796
397,0.4242866337299347
398,-0.004778516478836536
399,0.39971062541007996
400,0.42630690336227417
401,-0.006031027063727379
402,0.39761584997177124
403,0.43003883957862854
404,-0.0069541591219604015
405,0.3959972858428955
406,0.43427425622940063
407,-0.005218246951699257
408,0.38562363386154175
409,0.3981330394744873
410,-0.0070972745306789875
411,0.3351549506187439
412,0.36737164855003357
413,0.0926237478852272
414,0.41573166847229004
415,0.36871853470802307
416,-0.030374139547348022
417,0.39780089259147644
418,0.4229861795902252
419,-0.0001187356174341403
420,0.3956911563873291
421,0.4239315986633301
422,-0.0009147617383860052
423,0.4061020016670227
424,0.3737519383430481
425,-0.02175598219037056
426,0.3931999206542969
427,0.3724666237831116
428,-0.012301472015678883
429,0.40456509590148926
430,0.3714194595813751
431,-0.021899808198213577
432,0.38214486837387085
433,0.33411866426467896
434,-0.0017908609006553888
435,0.37012210488319397
436,0.34351012110710144
437,0.0011955416994169354
438,0.3875388205051422
439,0.3599430024623871
440,-0.015141819603741169
441,0.34560415148735046
442,0.22629141807556152
443,0.0224594846367836
444,0.351154088973999
445,0.2414877712726593
446,0.009409584105014801
447,0.35681241750717163
448,0.2593456208705902
449,-0.001015929621644318
450,0.39307841658592224
451,0.44209223985671997
452,0.0008348225383087993
453,0.39084571599960327
454,0.25813746452331543
455,-0.015436473302543163
456,0.3865717649459839
457,0.2293999344110489
458,-0.009663201868534088
459,0.38224753737449646
460,0.20353956520557404
461,-0.0034053088165819645
462,0.358162522315979
463,0.3110492527484894
464,0.013077698647975922
465,0.34176260232925415
466,0.32602500915527344
467,0.025930730625987053
468,0.38989341259002686
469,0.30212634801864624
470,0.006770728621631861
471,0.34719905257225037
472,0.2956383526325226
473,0.01760779321193695
474,0.395033597946167
475,0.3180706799030304
476,-0.008491317741572857
477,0.3932039141654968
478,0.35518842935562134
479,-0.031105410307645798
480,0.33490273356437683
481,0.33541303873062134
482,0.03546379134058952
483,0.3469039797782898
484,0.33270764350891113
485,0.018101248890161514
486,0.356661319732666
487,0.3351357579231262
488,0.009879046119749546
489,0.37116920948028564
490,0.3310692012310028
491,0.005035193171352148
492,0.3816918134689331
493,0.3248160779476166
494,0.0025768533814698458
495,0.38953274488449097
496,0.31822752952575684
497,-0.00023084666463546455
498,0.40420788526535034
499,0.3011845648288727
500,-0.018018340691924095
501,0.33696192502975464
502,0.3590078055858612
503,0.03276392072439194
504,0.34142005443573
505,0.29558342695236206
506,0.021902713924646378
507,0.41087648272514343
508,0.36640703678131104
509,-0.04059934988617897
510,0.39065098762512207
511,0.337185263633728
512,-0.008893018588423729
513,0.3300893306732178
514,0.31664785742759705
515,0.08729979395866394
516,0.39512404799461365
517,0.31116384267807007
518,-0.0018687796546146274
519,0.3873080015182495
520,0.36102038621902466
521,-0.006530849728733301
522,0.3514944911003113
523,0.3018922507762909
524,0.019940942525863647
525,0.39257049560546875
526,0.3480071425437927
527,-0.02776026353240013
528,0.33915314078330994
529,0.3944942355155945
530,0.0881056860089302
531,0.3896556496620178
532,0.2978520691394806
533,0.009149201214313507
534,0.3986158072948456
535,0.34027132391929626
536,-0.03612798452377319
537,0.36215639114379883
538,0.44768399000167847
539,0.03571907803416252
540,0.3646295368671417
541,0.46127986907958984
542,0.04945877194404602
543,0.3320757746696472
544,0.36424165964126587
545,0.062726691365242
546,0.35205531120300293
547,0.43308043479919434
548,0.0459313802421093
549,0.33213120698928833
550,0.29269081354141235
551,0.0509704165160656
552,0.3947027921676636
553,0.4849739968776703
554,0.008665417321026325
555,0.41246291995048523
556,0.3687278628349304
557,-0.029713504016399384
558,0.3843362629413605
559,0.34672293066978455
560,-0.0054465108551084995
561,0.3351952135562897
562,0.3143746554851532
563,0.038564492017030716
564,0.36456945538520813
565,0.3048850893974304
566,0.010065670125186443
567,0.37141042947769165
568,0.30484700202941895
569,0.007673269137740135
570,0.39141547679901123
571,0.4277596175670624
572,0.0007466307142749429
573,0.34025537967681885
574,0.38219666481018066
575,0.0350990891456604
576,0.4103299677371979
577,0.5007711052894592
578,0.009536249563097954
579,0.38622239232063293
580,0.485836386680603
581,0.027247140184044838
582,0.376201868057251
583,0.475614458322525
584,0.037102919071912766
585,0.40805670619010925
586,0.22682370245456696
587,-0.012759795412421227
588,0.4276615083217621
589,0.5016809701919556
590,0.006083743646740913
591,0.37797239422798157
592,0.3033594787120819
593,0.0068849544040858746
594,0.38397008180618286
595,0.30089133977890015
596,0.007668508682399988
597,0.3878181278705597
598,0.2992432713508606
599,0.009157936088740826
600,0.33667317032814026
601,0.2944822907447815
602,0.030683256685733795
603,0.382627010345459
604,0.29162606596946716
605,0.00670024286955595
606,0.3757995665073395
607,0.2897702157497406
608,0.005487075075507164
609,0.3689492344856262
610,0.28995901346206665
611,0.0063264938071370125
612,0.362172394990921
613,0.29255279898643494
614,0.008655119687318802
615,0.35804957151412964
616,0.2959825098514557
617,0.011649087071418762
618,0.32918816804885864
619,0.28907662630081177
620,0.07402973622083664
621,0.35993286967277527
622,0.3039700984954834
623,0.012951718643307686
624,0.4177284240722656
625,0.38104137778282166
626,-0.022450150921940804
627,0.39130899310112
628,0.38983404636383057
629,-0.012389306910336018
630,0.3951203525066376
631,0.3640679121017456
632,-0.0230040792375803
633,0.40627872943878174
634,0.3836553394794464
635,-0.020997127518057823
636,0.4112771153450012
637,0.2844826281070709
638,-0.015564696863293648
639,0.3730005919933319
640,0.46216005086898804
641,0.027352945879101753
642,0.38343554735183716
643,0.4734971523284912
644,0.018532687798142433
645,0.4090907573699951
646,0.49251556396484375
647,-0.0001392135745845735
648,0.35538551211357117
649,0.4452263116836548
650,0.06483743339776993
651,0.3873993456363678
652,0.29518768191337585
653,0.008134224452078342
654,0.399750679731369
655,0.3197496235370636
656,-0.020395826548337936
657,0.4267827868461609
658,0.4933088421821594
659,-0.003112893318757415
660,0.3971518576145172
661,0.4948006570339203
662,0.016893021762371063
663,0.33632880449295044
664,0.3894903063774109
665,0.06107059866189957
666,0.40671345591545105
667,0.42537224292755127
668,-0.009007204324007034
669,0.40536215901374817
670,0.4290016293525696
671,-0.01031658984720707
672,0.4039592146873474
673,0.43469828367233276
674,-0.011316915974020958
675,0.40306228399276733
676,0.44142457842826843
677,-0.009830381721258163
678,0.4015001654624939
679,0.4505882263183594
680,-0.0034222041722387075
681,0.39531657099723816
682,0.4179246127605438
683,-0.0023314657155424356
684,0.3923802673816681
685,0.417208731174469
686,-0.002119991462677717
687,0.38971641659736633
688,0.41567495465278625
689,-0.002091697882860899
690,0.3814011216163635
691,0.4086652398109436
692,-6.850397767266259e-05
693,0.35017892718315125
694,0.3862021565437317
695,0.017813464626669884
696,0.39974188804626465
697,0.3088521957397461
698,-0.012617041356861591
699,0.3952699899673462
700,0.28958648443222046
701,0.0024949645157903433
702,0.39059096574783325
703,0.29173171520233154
704,0.006169110536575317
705,0.39744752645492554
706,0.4160768389701843
707,-0.0016548018902540207
708,0.35279566049575806
709,0.41515690088272095
710,0.03040236607193947
711,0.40152060985565186
712,0.28796806931495667
713,-0.008971109986305237
714,0.39821314811706543
715,0.4608076214790344
716,0.0010770508088171482
717,0.4121517837047577
718,0.3203345537185669
719,-0.03656868636608124
720,0.40470409393310547
721,0.31272417306900024
722,-0.026428816840052605
723,0.4118999242782593
724,0.30904269218444824
725,-0.028860827907919884
726,0.3948649764060974
727,0.3382740020751953
728,-0.020225821062922478
729,0.425911009311676
730,0.4812503457069397
731,-0.007243038155138493
732,0.42510464787483215
733,0.46741044521331787
734,-0.0069910138845443726
735,0.4111332893371582
736,0.46737709641456604
737,-0.004452720750123262
738,0.3796085715293884
739,0.43808603286743164
740,0.009977119974792004
741,0.3822958469390869
742,0.3714970052242279
743,-0.003985037095844746
744,0.38815057277679443
745,0.4510047435760498
746,0.006013502366840839
747,0.36526134610176086
748,0.3730035722255707
749,0.0010282519506290555
750,0.37682074308395386
751,0.38442665338516235
752,-0.0016634563216939569
753,0.3611476421356201
754,0.3929446041584015
755,0.008380034007132053
756,0.409379780292511
757,0.4807271361351013
758,-0.00396794592961669
759,0.39068716764450073
760,0.3456326723098755
761,-0.014005068689584732
762,0.373921662569046
763,0.4482313394546509
764,0.017903629690408707
765,0.384566992521286
766,0.461093544960022
767,0.012153157033026218
768,0.37242642045021057
769,0.4232337474822998
770,0.010910136625170708
771,0.3444646894931793
772,0.4019739627838135
773,0.03787171095609665
774,0.36319056153297424
775,0.42676350474357605
776,0.01941821165382862
777,0.34257301688194275
778,0.4125848412513733
779,0.05710994824767113
780,0.37287700176239014
781,0.4006902873516083
782,0.002945957938209176
783,0.395328164100647
784,0.3283129334449768
785,-0.0141769303008914
786,0.39621222019195557
787,0.35987117886543274
788,-0.033138930797576904
789,0.39168581366539
790,0.3635828495025635
791,-0.023902537301182747
792,0.39880117774009705
793,0.35164862871170044
794,-0.0393640473484993
795,0.38874080777168274
796,0.2817150056362152
797,0.000529702112544328
798,0.3757043182849884
799,0.2775680720806122
800,-0.0004544333787634969
801,0.36440813541412354
802,0.27781176567077637
803,0.0006350969197228551
804,0.35530567169189453
805,0.28093549609184265
806,0.004638208542019129
807,0.3494751453399658
808,0.28665995597839355
809,0.01023823767900467
810,0.3470081388950348
811,0.30634018778800964
812,0.023470181971788406
813,0.32980963587760925
814,0.33998534083366394
815,0.0616745725274086
816,0.35323724150657654
817,0.3203277885913849
818,0.01645682379603386
819,0.36123061180114746
820,0.3222421407699585
821,0.010867474600672722
822,0.3714120388031006
823,0.3206426501274109
824,0.006834904197603464
825,0.38097643852233887
826,0.3166194260120392
827,0.004966055508702993
828,0.388317346572876
829,0.31171977519989014
830,0.003865836188197136
831,0.3932499885559082
832,0.3071112632751465
833,0.0031455911230295897
834,0.3327064514160156
835,0.341985821723938
836,0.09288758784532547
837,0.39249908924102783
838,0.36677658557891846
839,-0.019777683541178703
840,0.3997437357902527
841,0.32962849736213684
842,-0.027045853435993195
843,0.40169692039489746
844,0.3596735894680023
845,-0.04005037993192673
846,0.40705546736717224
847,0.3649653196334839
848,-0.037104856222867966
849,0.40218469500541687
850,0.36159318685531616
851,-0.035994499921798706
852,0.3952992260456085
853,0.3700893819332123
854,-0.0171255711466074
855,0.4084130525588989
856,0.3658694922924042
857,-0.039397336542606354
858,0.4098152816295624
859,0.36825618147850037
860,-0.029609370976686478
861,0.3924175202846527
862,0.29821816086769104
863,0.007490997202694416
864,0.3969000577926636
865,0.30030837655067444
866,0.001795461168512702
867,0.39913487434387207
868,0.3016899526119232
869,-0.004563319496810436
870,0.35567790269851685
871,0.29846662282943726
872,0.014579523354768753
873,0.35133329033851624
874,0.29551470279693604
875,0.01506057009100914
876,0.41947704553604126
877,0.3213821351528168
878,-0.034215010702610016
879,0.4724423289299011
880,0.2891281843185425
881,0.008318538777530193
882,0.4234904944896698
883,0.3646361827850342
884,-0.030315805226564407
885,0.4998241066932678
886,0.24471810460090637
887,0.04592331126332283
888,0.4492757022380829
889,0.3012515604496002
890,0.0009357721428386867
891,0.45745739340782166
892,0.30125775933265686
893,0.0009693781612440944
894,0.4653751850128174
895,0.29992353916168213
896,0.002692414913326502
897,0.4759771227836609
898,0.29302528500556946
899,0.009151407517492771
900,0.44221746921539307
901,0.29915711283683777
902,0.00216525886207819
903,0.4582836925983429
904,0.27247172594070435
905,-0.0024501739535480738
906,0.4495111405849457
907,0.27404168248176575
908,-0.0017823893576860428
909,0.4666880965232849
910,0.2732356786727905
911,-0.0002963896840810776
912,0.47258222103118896
913,0.27647456526756287
914,0.0027817944064736366
915,0.48290956020355225
916,0.29985642433166504
917,0.012760610319674015
918,0.4569322168827057
919,0.465779185295105
920,0.0006835067179054022
921,0.47533294558525085
922,0.28629034757614136
923,0.010818814858794212
924,0.5071805715560913
925,0.2936953008174896
926,0.04833619296550751
927,0.49167880415916443
928,0.2921117842197418
929,0.020703092217445374
930,0.4584439694881439
931,0.3465433120727539
932,-0.008090736344456673
933,0.43054357171058655
934,0.39576220512390137
935,-0.024373210966587067
936,0.4304463267326355
937,0.40856626629829407
938,-0.020787714049220085
939,0.442486435174942
940,0.3980273902416229
941,-0.019998833537101746
942,0.45011696219444275
943,0.4021928608417511
944,-0.013715893030166626
945,0.43877458572387695
946,0.40825653076171875
947,-0.01774223893880844
948,0.445149302482605
949,0.4089084267616272
950,-0.011770755983889103
951,0.46212685108184814
952,0.42270350456237793
953,1.5646339306840673e-05
954,0.4210878908634186
955,0.35884153842926025
956,-0.04511230066418648
957,0.4212552607059479
958,0.34713923931121826
959,-0.04754897207021713
960,0.48412981629371643
961,0.2649710774421692
962,0.004296132829040289
963,0.43959635496139526
964,0.3200618028640747
965,-0.008244231343269348
966,0.4425083100795746
967,0.3531624376773834
968,-0.025461440905928612
969,0.44294098019599915
970,0.34718263149261475
971,-0.022829417139291763
972,0.4830041825771332
973,0.34312939643859863
974,0.0008119753911159933
975,0.4202401041984558
976,0.3329938054084778
977,-0.04242626577615738
978,0.46299996972084045
979,0.25563734769821167
980,-0.00911224726587534
981,0.47519946098327637
982,0.25793108344078064
983,-0.0035446875263005495
984,0.49002549052238464
985,0.2245200276374817
986,0.030438557267189026
987,0.42746931314468384
988,0.26877883076667786
989,-0.014261085540056229
990,0.4422375559806824
991,0.27827104926109314
992,0.001161417574621737
993,0.4671940803527832
994,0.408820778131485
995,0.0009939249139279127
996,0.5072499513626099
997,0.4041215479373932
998,0.0689588114619255
999,0.43695104122161865
1000,0.36037325859069824
1001,-0.021995270624756813
1002,0.4300914704799652
1003,0.3651842474937439
1004,-0.022649196907877922
1005,0.45920222997665405
1006,0.41079604625701904
1007,0.0005673798150382936
1008,0.4548770785331726
1009,0.41093766689300537
1010,-0.001390924328006804
1011,0.47924691438674927
1012,0.2501114010810852
1013,0.0006675613694824278
1014,0.4436399042606354
1015,0.3582533299922943
1016,-0.020949983969330788
1017,0.44722169637680054
1018,0.2585074305534363
1019,-0.012840484268963337
1020,0.448045015335083
1021,0.24868333339691162
1022,-0.014452348463237286
1023,0.4544123709201813
1024,0.19954387843608856
1025,0.0009361655684188008
1026,0.4841578006744385
1027,0.2365831881761551
1028,0.013654944486916065
1029,0.4501243829727173
1030,0.22278223931789398
1031,-0.007176082115620375
1032,0.48877742886543274
1033,0.25950974225997925
1034,0.011338702403008938
1035,0.4942207336425781
1036,0.2525041997432709
1037,0.027817416936159134
1038,0.4307389259338379
1039,0.4030359387397766
1040,-0.02355184592306614
1041,0.4405137598514557
1042,0.40403664112091064
1043,-0.019275709986686707
1044,0.4476870000362396
1045,0.4056381583213806
1046,-0.013443070463836193
1047,0.4351080060005188
1048,0.3628304898738861
1049,-0.020260613411664963
1050,0.45705142617225647
1051,0.4110425114631653
1052,-0.0005447781295515597
1053,0.4537741541862488
1054,0.4165762960910797
1055,-0.004654230084270239
1056,0.4536614418029785
1057,0.4105629622936249
1058,-0.0016251010820269585
1059,0.43131023645401
1060,0.35731062293052673
1061,-0.0335022397339344
1062,0.4434603452682495
1063,0.40853363275527954
1064,-0.010432804003357887
1065,0.4371911585330963
1066,0.409209281206131
1067,-0.014483971521258354
1068,0.42979148030281067
1069,0.41043344140052795
1070,-0.017383817583322525
1071,0.4364865720272064
1072,0.45341360569000244
1073,-0.007518557831645012
1074,0.43513861298561096
1075,0.44278988242149353
1076,-0.01585865207016468
1077,0.4338877201080322
1078,0.43542224168777466
1079,-0.017309442162513733
1080,0.43245378136634827
1081,0.4283347725868225
1082,-0.01553296111524105
1083,0.43130168318748474
1084,0.4236997365951538
1085,-0.014124864712357521
1086,0.4452851712703705
1087,0.41774144768714905
1088,-0.007827568799257278
1089,0.4469462037086487
1090,0.4193078875541687
1091,-0.009175038896501064
1092,0.449457049369812
1093,0.42246854305267334
1094,-0.010095879435539246
1095,0.451684832572937
1096,0.4262123107910156
1097,-0.008589054457843304
1098,0.45551106333732605
1099,0.38850724697113037
1100,-0.011172493919730186
1101,0.5124140977859497
1102,0.34568268060684204
1103,0.08117025345563889
1104,0.4491984248161316
1105,0.4152553677558899
1106,-0.003884505480527878
1107,0.45135176181793213
1108,0.41555893421173096
1109,-0.004748450592160225
1110,0.4277556240558624
1111,0.37075644731521606
1112,-0.022851720452308655
1113,0.4416196942329407
1114,0.3657947778701782
1115,-0.014598237350583076
1116,0.42885470390319824
1117,0.3681086003780365
1118,-0.022989816963672638
1119,0.4489339292049408
1120,0.3255879878997803
1121,-0.005996236111968756
1122,0.4628072679042816
1123,0.3315860629081726
1124,-0.004542312119156122
1125,0.4450596272945404
1126,0.3522075414657593
1127,-0.018229683861136436
1128,0.4755229651927948
1129,0.20888151228427887
1130,0.01439371146261692
1131,0.4701002836227417
1132,0.22605958580970764
1133,0.0023633039090782404
1134,0.4651961326599121
1135,0.24594637751579285
1136,-0.007402229122817516
1137,0.4559903144836426
1138,0.43375518918037415
1139,-0.0031660343520343304
1140,0.42913687229156494
1141,0.25333595275878906
1142,-0.01755771040916443
1143,0.4303080141544342
1144,0.22369934618473053
1145,-0.01212390698492527
1146,0.4322482943534851
1147,0.19666510820388794
1148,-0.006261950824409723
1149,0.4722045063972473
1150,0.29730862379074097
1151,0.005913293920457363
1152,0.49215298891067505
1153,0.3070322871208191
1154,0.016919396817684174
1155,0.43767499923706055
1156,0.2966908812522888
1157,0.003549607004970312
1158,0.4818723201751709
1159,0.2792645990848541
1160,0.009421523660421371
1161,0.43291622400283813
1162,0.313321053981781
1163,-0.010988851077854633
1164,0.4362971782684326
1165,0.34964218735694885
1166,-0.03336125612258911
1167,0.5015658736228943
1168,0.3143923282623291
1169,0.02528962679207325
1170,0.48680442571640015
1171,0.3149228096008301
1172,0.009621793404221535
1173,0.47632625699043274
1174,0.3197343349456787
1175,0.0025100738275796175
1176,0.46052688360214233
1177,0.31967392563819885
1178,-0.0006504396442323923
1179,0.44865289330482483
1180,0.31639954447746277
1181,-0.0016828981461003423
1182,0.4395940899848938
1183,0.31210729479789734
1184,-0.003504627849906683
1185,0.4200158417224884
1186,0.2992411255836487
1187,-0.01910414919257164
1188,0.50206059217453
1189,0.33819887042045593
1190,0.02263595350086689
1191,0.4884442090988159
1192,0.2773204743862152
1193,0.012944131158292294
1194,0.4192262887954712
1195,0.3652970492839813
1196,-0.041113801300525665
1197,0.4396311044692993
1198,0.33090806007385254
1199,-0.011798050254583359
1200,0.5101836323738098
1201,0.29389333724975586
1202,0.07543005049228668
1203,0.4326516389846802
1204,0.3065817058086395
1205,-0.0043590497225522995
1206,0.44629600644111633
1207,0.35307562351226807
1208,-0.009535707533359528
1209,0.47826433181762695
1210,0.2868006229400635
1211,0.012136184610426426
1212,0.43654826283454895
1213,0.3423022925853729
1214,-0.030071398243308067
1215,0.5116568207740784
1216,0.37389513850212097
1217,0.07725758105516434
1218,0.4376535415649414
1219,0.29250696301460266
1220,0.005853939801454544
1221,0.4282965362071991
1222,0.33641868829727173
1223,-0.03786207363009453
1224,0.49045294523239136
1225,0.4330064058303833
1226,0.027968542650341988
1227,0.4913550317287445
1228,0.44741007685661316
1229,0.04174179956316948
1230,0.5110810995101929
1231,0.3421437442302704
1232,0.05168972164392471
1233,0.4995201826095581
1234,0.41596826910972595
1235,0.03700341656804085
1236,0.5007917284965515
1237,0.2712863087654114
1238,0.040407005697488785
1239,0.4593678116798401
1240,0.47801661491394043
1241,0.004967126529663801
1242,0.4190409183502197
1243,0.36784282326698303
1244,-0.030041970312595367
1245,0.44792401790618896
1246,0.33837565779685974
1247,-0.009161435067653656
1248,0.4989490509033203
1249,0.2938486337661743
1250,0.028653834015130997
1251,0.46421539783477783
1252,0.29318323731422424
1253,0.003837142838165164
1254,0.4570657014846802
1255,0.29480987787246704
1256,0.002126546809449792
1257,0.45622286200523376
1258,0.4181341230869293
1259,-0.0034722175914794207
1260,0.502400815486908
1261,0.36204108595848083
1262,0.02508496679365635
1263,0.4452286660671234
1264,0.4971923828125
1265,0.007396058179438114
1266,0.46988385915756226
1267,0.4770311713218689
1268,0.02218007855117321
1269,0.4800198972225189
1270,0.464569091796875
1271,0.030830280855298042
1272,0.4501931071281433
1273,0.294970840215683
1274,0.0021338986698538065
1275,0.4437219202518463
1276,0.29390496015548706
1277,0.003565630642697215
1278,0.4396839737892151
1279,0.2933662235736847
1280,0.005470311269164085
1281,0.4942341148853302
1282,0.2746160328388214
1283,0.02099522016942501
1284,0.44407927989959717
1285,0.2845686078071594
1286,0.0024345717392861843
1287,0.4508099853992462
1288,0.2810966968536377
1289,0.0005681523471139371
1290,0.45776575803756714
1291,0.27969878911972046
1292,0.0005762094515375793
1293,0.46505966782569885
1294,0.2805999517440796
1295,0.002197270281612873
1296,0.46988609433174133
1297,0.28289586305618286
1298,0.004801263101398945
1299,0.5061246156692505
1300,0.266455739736557
1301,0.06256890296936035
1302,0.46903520822525024
1303,0.2911807596683502
1304,0.0061752996407449245
1305,0.44717419147491455
1306,0.38219571113586426
1307,-0.015549199655652046
1308,0.4367305040359497
1309,0.3585410714149475
1310,-0.025027278810739517
1311,0.42998206615448
1312,0.38036876916885376
1313,-0.02237122133374214
1314,0.48052719235420227
1315,0.45004433393478394
1316,0.02105788141489029
1317,0.47045573592185974
1318,0.4639973044395447
1319,0.013543125241994858
1320,0.444718599319458
1321,0.48872342705726624
1322,-0.0022840385790914297
1323,0.499946266412735
1324,0.4289156198501587
1325,0.05563175678253174
1326,0.43952637910842896
1327,0.28931060433387756
1328,0.004401941783726215
1329,0.42658206820487976
1330,0.3164035975933075
1331,-0.02202039398252964
1332,0.4586344063282013
1333,0.4883732497692108
1334,0.013122480362653732
1335,0.5102857351303101
1336,0.36839017271995544
1337,0.05044710636138916
1338,0.43894273042678833
1339,0.42077353596687317
1340,-0.01148001104593277
1341,0.44071316719055176
1342,0.4240136444568634
1343,-0.012790534645318985
1344,0.44278743863105774
1345,0.42920923233032227
1346,-0.013911617919802666
1347,0.44463300704956055
1348,0.4356713891029358
1349,-0.01251930557191372
1350,0.4477856755256653
1351,0.4446265697479248
1352,-0.0064589292742311954
1353,0.4509636163711548
1354,0.4094475209712982
1355,-0.006447059568017721
1356,0.4535909593105316
1357,0.4079733192920685
1358,-0.006591085810214281
1359,0.45599550008773804
1360,0.4057603180408478
1361,-0.006616337690502405
1362,0.46273094415664673
1363,0.3973131477832794
1364,-0.005248143803328276
1365,0.491423100233078
1366,0.36844366788864136
1367,0.009049003943800926
1368,0.4262554347515106
1369,0.3055797815322876
1370,-0.014476076699793339
1371,0.43011999130249023
1372,0.28560298681259155
1373,0.0002992628142237663
1374,0.43560680747032166
1375,0.28654730319976807
1376,0.003142841160297394
1377,0.4488324224948883
1378,0.40827640891075134
1379,-0.0055491868406534195
1380,0.4946107268333435
1381,0.39788419008255005
1382,0.02167528122663498
1383,0.422311395406723
1384,0.28551602363586426
1385,-0.010236265137791634
1386,0.4525572955608368
1387,0.454288125038147
1388,-0.0021452016662806273
1389,0.41985586285591125
1390,0.3108280599117279
1391,-0.027309881523251534
1392,0.43390893936157227
1393,0.3332710564136505
1394,-0.022362228482961655
1395,0.43950575590133667
1396,0.4640813171863556
1397,-0.006075018085539341
1398,0.46957314014434814
1399,0.4266758859157562
1400,0.004535977728664875
1401,0.4538264870643616
1402,0.3619430959224701
1403,-0.008023008704185486
1404,0.46228185296058655
1405,0.4418661296367645
1406,0.0016884257784113288
1407,0.47231143712997437
1408,0.3592383861541748
1409,-0.005441977176815271
1410,0.4622977674007416
1411,0.3732428252696991
1412,-0.006719834171235561
1413,0.480652391910553
1414,0.37779363989830017
1415,0.0010377425933256745
1416,0.44280004501342773
1417,0.4770115613937378
1418,-0.006068524904549122
1419,0.439991295337677
1420,0.33918994665145874
1421,-0.016707122325897217
1422,0.47695407271385193
1423,0.4359399974346161
1424,0.011850382201373577
1425,0.4673685133457184
1426,0.45155537128448486
1427,0.007469033822417259
1428,0.4747534692287445
1429,0.4099123477935791
1430,0.004245229531079531
1431,0.501578688621521
1432,0.38280928134918213
1433,0.028247328475117683
1434,0.48505550622940063
1435,0.41186439990997314
1436,0.011883322149515152
1437,0.5070227980613708
1438,0.39300599694252014
1439,0.04698856174945831
1440,0.46998339891433716
1441,0.38782793283462524
1442,-0.0032510629389435053
1443,0.4329499900341034
1444,0.32353276014328003
1445,-0.016507860273122787
1446,0.4337979853153229
1447,0.35504695773124695
1448,-0.035194359719753265
1449,0.4401828348636627
1450,0.3572196960449219
1451,-0.026321176439523697
1452,0.42900803685188293
1453,0.3478601574897766
1454,-0.04119868576526642
1455,0.4357384443283081
1456,0.2761264443397522
1457,-0.002467110985890031
1458,0.44843220710754395
1459,0.2688322067260742
1460,-0.004795253276824951
1461,0.4600161612033844
1462,0.2662988603115082
1463,-0.00504020182415843
1464,0.47010868787765503
1465,0.26696208119392395
1466,-0.002325295237824321
1467,0.47756633162498474
1468,0.2711062431335449
1469,0.002579059451818466
1470,0.48406681418418884
1471,0.28955239057540894
1472,0.015063588507473469
1473,0.5102367997169495
1474,0.3174613416194916
1475,0.05037660151720047
1476,0.4786452353000641
1477,0.3047197759151459
1478,0.008825582452118397
1479,0.47014957666397095
1480,0.30861741304397583
1481,0.004116805270314217
1482,0.4592723846435547
1483,0.3097727596759796
1484,0.0012506617931649089
1485,0.44874343276023865
1486,0.30829644203186035
1487,0.0005906550795771182
1488,0.44048428535461426
1489,0.3054163157939911
1490,0.0005559970741160214
1491,0.43467360734939575
1492,0.3022233247756958
1493,0.00044837468885816634
1494,0.5114973187446594
1495,0.31968510150909424
1496,0.08104273676872253
1497,0.4404633045196533
1498,0.3602786362171173
1499,-0.02218121662735939
1500,0.4267658591270447
1501,0.32615768909454346
1502,-0.028766131028532982
1503,0.42725399136543274
1504,0.35645774006843567
1505,-0.0413699708878994
1506,0.4234929084777832
1507,0.3628298342227936
1508,-0.037847328931093216
1509,0.42777329683303833
1510,0.3583446741104126
1511,-0.03734569624066353
1512,0.4386081099510193
1513,0.36423030495643616
1514,-0.01920308545231819
1515,0.42186811566352844
1516,0.3641243278980255
1517,-0.0399910993874073
1518,0.42174631357192993
1519,0.36665254831314087
1520,-0.030132729560136795
1521,0.4345724880695343
1522,0.2934468984603882
1523,0.004638324491679668
1524,0.42985600233078003
1525,0.2965283989906311
1526,-0.00026694140979088843
1527,0.42707863450050354
1528,0.2983657717704773
1529,-0.00634930981323123
1530,0.4728868901729584
1531,0.2848004698753357
1532,0.007366555742919445
1533,0.47719433903694153
1534,0.280407577753067
1535,0.007395101711153984
1536,0.0
1537,0.0
1538,0.0
1539,0.0
1540,0.0
1541,0.0
1542,0.0
1543,0.0
1544,0.0
1545,0.0
1546,0.0
1547,0.0
1548,0.0
1549,0.0
1550,0.0
1551,0.0
1552,0.0
1553,0.0
1554,0.0
1555,0.0
1556,0.0
1557,0.0
1558,0.0
1559,0.0
1560,0.0
1561,0.0
1562,0.0
1563,0.0
1564,0.0
1565,0.0
1566,0.0
1567,0.0
1568,0.0
1569,0.0
1570,0.0
1571,0.0
1572,0.0
1573,0.0
1574,0.0
1575,0.0
1576,0.0
1577,0.0
1578,0.0
1579,0.0
1580,0.0
1581,0.0
1582,0.0
1583,0.0
1584,0.0
1585,0.0
1586,0.0
1587,0.0
1588,0.0
1589,0.0
1590,0.0
1591,0.0
1592,0.0
1593,0.0
1594,0.0
1595,0.0
1596,0.0
1597,0.0
1598,0.0
1599,0.0
1600,0.0
1601,0.0
1602,0.0
1603,0.0
1604,0.0
1605,0.0
1606,0.0
1607,0.0
1608,0.0
1609,0.0
1610,0.0
1611,0.0
1612,0.0
1613,0.0
1614,0.0
1615,0.0
1616,0.0
1617,0.0
1618,0.0
1619,0.0
1620,0.0
1621,0.0
1622,0.0
1623,0.0
1624,0.0
1625,0.0
1626,0.0
1627,0.0
1628,0.0
1629,0.0
1630,0.0
1631,0.0
1632,0.0
1633,0.0
1634,0.0
1635,0.0
1636,0.0
1637,0.0
1638,0.0
1639,0.0
1640,0.0
1641,0.0
1642,0.0
1643,0.0
1644,0.0
1645,0.0
1646,0.0
1647,0.0
1648,0.0
1649,0.0
1650,0.0
1651,0.0
1652,0.0
1653,0.0
1654,0.0
1655,0.0
1656,0.0
1657,0.0
1658,0.0
1659,0.0
1660,0.0
1661,0.0
