,0
0,0.44178882241249084
1,0.5132967233657837
2,-1.1201403141021729
3,0.9980711936950684
4,0.48281803727149963
5,0.41789481043815613
6,-1.0291264057159424
7,0.9978492259979248
8,0.509687602519989
9,0.4167989194393158
10,-1.029517650604248
11,0.9978582262992859
12,0.5301093459129333
13,0.4165859818458557
14,-1.0293128490447998
15,0.9974525570869446
16,0.3998909592628479
17,0.4247354567050934
18,-1.0288488864898682
19,0.9978387951850891
20,0.3750073313713074
21,0.42818668484687805
22,-1.028308391571045
23,0.997821033000946
24,0.35432127118110657
25,0.43241456151008606
26,-1.0289186239242554
27,0.9977945685386658
28,0.5664019584655762
29,0.4542301893234253
30,-0.4590238630771637
31,0.9984918236732483
32,0.3356693685054779
33,0.4761877655982971
34,-0.4382956027984619
35,0.998124897480011
36,0.4952126145362854
37,0.6021105647087097
38,-0.9056733250617981
39,0.9975194334983826
40,0.40182191133499146
41,0.6103767156600952
42,-0.9028425216674805
43,0.9979039430618286
44,0.7479733824729919
45,0.8501430749893188
46,-0.20874682068824768
47,0.9782404899597168
48,0.19322815537452698
49,0.8529825806617737
50,-0.20591524243354797
51,0.9714550375938416
52,0.8902203440666199
53,1.3378734588623047
54,-1.099424958229065
55,0.5767092108726501
56,-0.04704371467232704
57,1.2109603881835938
58,-1.160988450050354
59,0.6014677286148071
60,0.5653411746025085
61,1.0203572511672974
62,-1.9087454080581665
63,0.7659576535224915
64,0.10734613984823227
65,0.946478545665741
66,-2.349397897720337
67,0.7938598990440369
68,0.44930100440979004
69,0.9570761322975159
70,-2.08536434173584
71,0.7322043180465698
72,0.21310171484947205
73,0.8421095013618469
74,-2.5791919231414795
75,0.7159081697463989
76,0.4433453679084778
77,0.8976463675498962
78,-1.9235289096832275
79,0.7712350487709045
80,0.23642346262931824
81,0.77951580286026
82,-2.445298194885254
83,0.7595937252044678
84,0.4669434130191803
85,0.9209970831871033
86,-1.8758106231689453
87,0.7168338298797607
88,0.23007817566394806
89,0.8573713302612305
90,-2.329742908477783
91,0.7154852151870728
92,0.6654514074325562
93,1.8450713157653809
94,-0.05947766453027725
95,0.0021935072727501392
96,0.27708742022514343
97,1.848257303237915
98,0.06527182459831238
99,0.0022769132629036903
100,0.6784555315971375
101,2.7048048973083496
102,-0.2771459221839905
103,0.024924645200371742
104,0.31742388010025024
105,2.6751294136047363
106,-0.27519866824150085
107,0.009662320837378502
108,0.7100673317909241
109,3.4624247550964355
110,0.20606660842895508
111,0.0009444770403206348
112,0.35685592889785767
113,3.447934627532959
114,-0.058118660002946854
115,0.00038840764318592846
116,0.7236981987953186
117,3.5718977451324463
118,0.2050592601299286
119,0.00042739982018247247
120,0.35706448554992676
121,3.5628554821014404
122,-0.06442524492740631
123,0.0004267164331395179
124,0.6488794684410095
125,3.692643404006958
126,-0.6290820837020874
127,0.000920402817428112
128,0.4083486497402191
129,3.6724865436553955
130,-0.9203445315361023
131,0.0014451683964580297
132,0.4483216404914856
133,0.5773751139640808
134,-0.03254183381795883
135,0.4403257668018341
136,0.5153493285179138
137,-0.06457988917827606
138,0.4444447457790375
139,0.5335147380828857
140,-0.03333369642496109
141,0.4280790686607361
142,0.4617207646369934
143,-0.04923724755644798
144,0.4388861060142517
145,0.49809008836746216
146,-0.06913946568965912
147,0.4380684792995453
148,0.47588667273521423
149,-0.06495008617639542
150,0.43744534254074097
151,0.42291173338890076
152,-0.03457459807395935
153,0.35868126153945923
154,0.4302065372467041
155,0.019822726026177406
156,0.4358048141002655
157,0.38271480798721313
158,-0.02803800441324711
159,0.43439099192619324
160,0.36029261350631714
161,-0.03144405782222748
162,0.43058526515960693
163,0.27999749779701233
164,-0.020957812666893005
165,0.44919365644454956
166,0.5864487886428833
167,-0.030577566474676132
168,0.4501897692680359
169,0.5932283997535706
170,-0.026195047423243523
171,0.4509750008583069
172,0.5959619879722595
173,-0.020542612299323082
174,0.4518935978412628
175,0.6027995347976685
176,-0.0178479366004467
177,0.4523405432701111
178,0.6110230088233948
179,-0.019487740471959114
180,0.4529465138912201
181,0.6209778785705566
182,-0.021626051515340805
183,0.4539434611797333
184,0.6314526200294495
185,-0.01945842057466507
186,0.4557640850543976
187,0.6457502841949463
188,-0.007137794513255358
189,0.4417766034603119
190,0.5240319967269897
191,-0.058235153555870056
192,0.4316358268260956
193,0.5241012573242188
194,-0.040807731449604034
195,0.3223402500152588
196,0.37393665313720703
197,0.07748325169086456
198,0.39206230640411377
199,0.4403707981109619
200,0.0055437954142689705
201,0.38084760308265686
202,0.44333958625793457
203,0.007246089167892933
204,0.3701375722885132
205,0.4440358877182007
206,0.011423666030168533
207,0.3556804656982422
208,0.4367935061454773
209,0.02237818017601967
210,0.4012100398540497
211,0.43469542264938354
212,0.005643910262733698
213,0.3731911778450012
214,0.4018138647079468
215,0.0006642939406447113
216,0.38573360443115234
217,0.4013694226741791
218,-0.00042363881948404014
219,0.3621404767036438
220,0.40543797612190247
221,0.005703930743038654
222,0.35545939207077026
223,0.41178494691848755
224,0.011311589740216732
225,0.3483331501483917
226,0.4488985538482666
227,0.02933557890355587
228,0.41495057940483093
229,0.6704885363578796
230,0.012282569892704487
231,0.3547327518463135
232,0.4267270267009735
233,0.023959117010235786
234,0.3226785957813263
235,0.4444449245929718
236,0.0852726548910141
237,0.3365664780139923
238,0.4388088881969452
239,0.04191916063427925
240,0.38680705428123474
241,0.5102778673171997
242,-0.0030396815855056047
243,0.43343469500541687
244,0.5760002136230469
245,-0.02977071702480316
246,0.4379516541957855
247,0.594371497631073
248,-0.023218216374516487
249,0.4198266863822937
250,0.5827713012695312
251,-0.020950062200427055
252,0.41219016909599304
253,0.5908735990524292
254,-0.010461660102009773
255,0.4279412627220154
256,0.5962587594985962
257,-0.017053455114364624
258,0.4206215441226959
259,0.5988675355911255
260,-0.007695639040321112
261,0.4013424217700958
262,0.6183134317398071
263,0.011269032023847103
264,0.4305611252784729
265,0.5159235596656799
266,-0.06296924501657486
267,0.427505761384964
268,0.4999220371246338
269,-0.06707858294248581
270,0.3368613123893738
271,0.395418643951416
272,0.015552934259176254
273,0.4065213203430176
274,0.46518123149871826
275,-0.008186263963580132
276,0.40450388193130493
277,0.5153619647026062
278,-0.03121623396873474
279,0.4035092890262604
280,0.5068731904029846
281,-0.027576657012104988
282,0.35563600063323975
283,0.5128071308135986
284,0.015465176664292812
285,0.4274279475212097
286,0.4790986180305481
287,-0.06032359227538109
288,0.3593505918979645
289,0.37482815980911255
290,-0.008586100302636623
291,0.3451303541660309
292,0.3821756839752197
293,0.002469572937116027
294,0.3277992606163025
295,0.3431781232357025
296,0.05164700746536255
297,0.41035979986190796
298,0.38253700733184814
299,-0.022653667256236076
300,0.396992951631546
301,0.40506452322006226
302,0.002484405878931284
303,0.3919372856616974
304,0.6026247143745422
305,0.014279610477387905
306,0.35009869933128357
307,0.5927568674087524
308,0.12345793098211288
309,0.4140898883342743
310,0.5232231020927429
311,-0.02678757533431053
312,0.4245498478412628
313,0.5279402732849121
314,-0.02892165631055832
315,0.40409746766090393
316,0.6036044359207153
317,0.01218781340867281
318,0.40986132621765137
319,0.6020815968513489
320,0.008169297128915787
321,0.3386499285697937
322,0.3717555105686188
323,0.008462549187242985
324,0.405547171831131
325,0.5231903791427612
326,-0.02424445189535618
327,0.3804272413253784
328,0.3737803101539612
329,-0.017318984493613243
330,0.37719568610191345
331,0.36010390520095825
332,-0.020381588488817215
333,0.3651564419269562
334,0.2979596257209778
335,-4.301860826672055e-05
336,0.3331770896911621
337,0.3568134307861328
338,0.02695741318166256
339,0.3719996511936188
340,0.3277507424354553
341,-0.011002509854733944
342,0.3309679627418518
343,0.3888646960258484
344,0.026124972850084305
345,0.326579213142395
346,0.3820905089378357
347,0.050198595970869064
348,0.4355182349681854
349,0.5866712927818298
350,-0.027879321947693825
351,0.4242583215236664
352,0.59096759557724
353,-0.019625449553132057
354,0.41634848713874817
355,0.595153272151947
356,-0.01005562860518694
357,0.4176865220069885
358,0.5262987613677979
359,-0.024714628234505653
360,0.40696981549263
361,0.6032048463821411
362,0.00996243953704834
363,0.4115539789199829
364,0.6067405343055725
365,0.0021960982121527195
366,0.4113968014717102
367,0.6005734205245972
368,0.007586004212498665
369,0.4188225269317627
370,0.5161268711090088
371,-0.044159386307001114
372,0.423595666885376
373,0.5976786017417908
374,-0.005877971649169922
375,0.4311078190803528
376,0.5970850586891174
377,-0.012401721440255642
378,0.4403047561645508
379,0.5966225862503052
380,-0.017884349450469017
381,0.43978795409202576
382,0.6461913585662842
383,-0.005376468878239393
384,0.43855762481689453
385,0.6312183141708374
386,-0.01736569218337536
387,0.43855977058410645
388,0.6205825209617615
389,-0.019183499738574028
390,0.43911996483802795
391,0.6102388501167297
392,-0.01687004417181015
393,0.4400557279586792
394,0.6033488512039185
395,-0.01515153143554926
396,0.4220324158668518
397,0.6027653217315674
398,-0.003939173184335232
399,0.4200751781463623
400,0.6056028604507446
401,-0.005820388440042734
402,0.41732057929039
403,0.6110169887542725
404,-0.00711933383718133
405,0.41516485810279846
406,0.6171305179595947
407,-0.004595791921019554
408,0.4009014964103699
409,0.5709373354911804
410,-0.006833160296082497
411,0.33328768610954285
412,0.5148078799247742
413,0.13859543204307556
414,0.44297030568122864
415,0.5275295376777649
416,-0.041966307908296585
417,0.417286217212677
418,0.602429986000061
419,0.0029184359591454268
420,0.414528489112854
421,0.6040910482406616
422,0.0019165269332006574
423,0.4292472302913666
424,0.5355388522148132
425,-0.029139799997210503
426,0.4112888276576996
427,0.5334706902503967
428,-0.015693863853812218
429,0.42696717381477356
430,0.5318519473075867
431,-0.029390374198555946
432,0.3955429792404175
433,0.4766371548175812
434,-0.002406301675364375
435,0.3785533308982849
436,0.49035584926605225
437,0.0031280778348445892
438,0.40294545888900757
439,0.5148279666900635
440,-0.020346516743302345
441,0.34080252051353455
442,0.317416787147522
443,0.024240203201770782
444,0.34713900089263916
445,0.3379453420639038
446,0.007059392984956503
447,0.35437241196632385
448,0.36160075664520264
449,-0.006670179311186075
450,0.4115179777145386
451,0.6288319230079651
452,0.005083663854748011
453,0.4047994017601013
454,0.3609529137611389
455,-0.028188468888401985
456,0.39970681071281433
457,0.3232632279396057
458,-0.022298721596598625
459,0.3942849040031433
460,0.2865694761276245
461,-0.01529844943434
462,0.3609846234321594
463,0.4421549439430237
464,0.017293192446231842
465,0.33836913108825684
466,0.4621664881706238
467,0.037408679723739624
468,0.4070010483264923
469,0.4292924404144287
470,0.006737932562828064
471,0.344599187374115
472,0.41720008850097656
473,0.023061184212565422
474,0.4136827290058136
475,0.4531506896018982
476,-0.013588071800768375
477,0.41034287214279175
478,0.5076965093612671
479,-0.043816834688186646
480,0.3294185698032379
481,0.47445428371429443
482,0.052400100976228714
483,0.3453964591026306
484,0.4731084406375885
485,0.026608234271407127
486,0.35906532406806946
487,0.47763046622276306
488,0.014534369111061096
489,0.37974047660827637
490,0.4720193147659302
491,0.007177627645432949
492,0.39477822184562683
493,0.4627948999404907
494,0.0029118910897523165
495,0.4060313105583191
496,0.4531256854534149
497,-0.0017024101689457893
498,0.4266779124736786
499,0.42878660559654236
500,-0.028737884014844894
501,0.3333784341812134
502,0.5087475776672363
503,0.05049164965748787
504,0.3361567258834839
505,0.4153827726840973
506,0.029334766790270805
507,0.4358048737049103
508,0.5240598917007446
509,-0.056993238627910614
510,0.407649427652359
511,0.48119455575942993
512,-0.01292252354323864
513,0.3242568373680115
514,0.4436849355697632
515,0.12603197991847992
516,0.414074569940567
517,0.4428083300590515
518,-0.004736687522381544
519,0.4030715525150299
520,0.5161901712417603
521,-0.008052108809351921
522,0.35148388147354126
523,0.4279000163078308
524,0.02667888067662716
525,0.4095637798309326
526,0.4974132180213928
527,-0.03946671262383461
528,0.33964085578918457
529,0.5528607964515686
530,0.13435429334640503
531,0.40674853324890137
532,0.4230048656463623
533,0.009656036272644997
534,0.41803109645843506
535,0.48649850487709045
536,-0.05205703526735306
537,0.3698797821998596
538,0.6323715448379517
539,0.05946260690689087
540,0.3743961453437805
541,0.6490350961685181
542,0.08159518986940384
543,0.3281018137931824
544,0.5129554271697998
545,0.09463810920715332
546,0.3565370738506317
547,0.6103048324584961
548,0.07459067553281784
549,0.3244580626487732
550,0.4109910726547241
551,0.0710618868470192
552,0.41446349024772644
553,0.6870390772819519
554,0.02038363181054592
555,0.4382370710372925
556,0.5274435877799988
557,-0.04088953509926796
558,0.39886388182640076
559,0.4951239228248596
560,-0.007170373573899269
561,0.3291915953159332
562,0.442827433347702
563,0.05489716678857803
564,0.3697601556777954
565,0.4339241087436676
566,0.012050256133079529
567,0.3797498345375061
568,0.4340682625770569
569,0.00837311614304781
570,0.4086321294307709
571,0.6100239157676697
572,0.004722785670310259
573,0.33901119232177734
574,0.5410282611846924
575,0.05578960105776787
576,0.4371334910392761
577,0.7088480591773987
578,0.02298225648701191
579,0.4036172926425934
580,0.6862039566040039
581,0.04865778982639313
582,0.3900073766708374
583,0.6707862019538879
584,0.06313669681549072
585,0.43228399753570557
586,0.31955042481422424
587,-0.027097521349787712
588,0.46167606115341187
589,0.7103879451751709
590,0.017760299146175385
591,0.3894674777984619
592,0.4317084848880768
593,0.007023141253739595
594,0.3983909487724304
595,0.4277277886867523
596,0.007917352020740509
597,0.4040098190307617
598,0.42505377531051636
599,0.009825803339481354
600,0.3297279477119446
601,0.413110613822937
602,0.041993603110313416
603,0.3964718282222748
604,0.41499167680740356
605,0.005516275763511658
606,0.3863767385482788
607,0.4130205810070038
608,0.003824241692200303
609,0.3762487769126892
610,0.4134909510612488
611,0.005264200270175934
612,0.36643025279045105
613,0.41686907410621643
614,0.00914333388209343
615,0.36057353019714355
616,0.4211973547935486
617,0.013612036593258381
618,0.32138872146606445
619,0.4053293466567993
620,0.10442078858613968
621,0.3631529211997986
622,0.43225860595703125
623,0.016229281201958656
624,0.44595327973365784
625,0.5476168990135193
626,-0.030260208994150162
627,0.4088784456253052
628,0.5592859983444214
629,-0.014913518913090229
630,0.41324108839035034
631,0.5203208923339844
632,-0.0317491739988327
633,0.4297139644622803
634,0.5512723922729492
635,-0.027946114540100098
636,0.43701377511024475
637,0.4025971293449402
638,-0.026645736768841743
639,0.3844095766544342
640,0.6537472605705261
641,0.04720871150493622
642,0.39875921607017517
643,0.6702983379364014
644,0.03462621197104454
645,0.4346534311771393
646,0.698203444480896
647,0.007490875199437141
648,0.3620690703392029
649,0.6249944567680359
650,0.10385440289974213
651,0.40347790718078613
652,0.4193556010723114
653,0.007939333096146584
654,0.4200633466243744
655,0.4561033844947815
656,-0.030925758183002472
657,0.45998409390449524
658,0.699659526348114
659,0.002910162089392543
660,0.4186720550060272
661,0.6997665166854858
662,0.03350220248103142
663,0.3350512683391571
664,0.5481555461883545
665,0.09419611096382141
666,0.43004414439201355
667,0.6030777096748352
668,-0.009916586801409721
669,0.42819711565971375
670,0.6082082986831665
671,-0.011936871334910393
672,0.4263564944267273
673,0.6162130832672119
674,-0.013475094921886921
675,0.4253441393375397
676,0.6257466077804565
677,-0.011393639259040356
678,0.42382749915122986
679,0.6390246152877808
680,-0.0014004622353240848
681,0.41429924964904785
682,0.6004791259765625
683,0.000731819833163172
684,0.41015225648880005
685,0.5994421243667603
686,0.0010214695939794183
687,0.4064326584339142
688,0.5970779061317444
689,0.0010271025821566582
690,0.394631028175354
691,0.585892379283905
692,0.0037872523535043
693,0.3521050810813904
694,0.5488196611404419
695,0.030459389090538025
696,0.4202900826931
697,0.43988874554634094
698,-0.02031252533197403
699,0.4140181839466095
700,0.41042229533195496
701,-0.0006695935735478997
702,0.40783026814460754
703,0.4141511619091034
704,0.004795718006789684
705,0.4173148274421692
706,0.5979275703430176
707,0.0018689071293920279
708,0.35649222135543823
709,0.5878807902336121
710,0.0504949688911438
711,0.422658771276474
712,0.4077339768409729
713,-0.01701563224196434
714,0.4191608726978302
715,0.6539694666862488
716,0.006144742015749216
717,0.43789324164390564
718,0.4577493369579315
719,-0.05439217388629913
720,0.4271175265312195
721,0.44616881012916565
722,-0.04033282771706581
723,0.4377032518386841
724,0.44099345803260803
725,-0.04410585016012192
726,0.4131966233253479
727,0.48310959339141846
728,-0.029392261058092117
729,0.4583582878112793
730,0.6830285787582397
731,-0.004526311066001654
732,0.4569876492023468
733,0.6629298329353333
734,-0.005588136147707701
735,0.4373960494995117
736,0.66275954246521
737,-0.001822638907469809
738,0.39187344908714294
739,0.6241726875305176
740,0.01942640170454979
741,0.3957257568836212
742,0.5313155651092529
743,-0.0037824029568582773
744,0.4044435918331146
745,0.6412143707275391
746,0.013507073745131493
747,0.37202882766723633
748,0.5322035551071167
749,0.0042398045770823956
750,0.3879667818546295
751,0.5496523976325989
752,0.00028246533474884927
753,0.3664379119873047
754,0.5600167512893677
755,0.015909207984805107
756,0.43479692935943604
757,0.6820002794265747
758,0.00037481365143321455
759,0.40750131011009216
760,0.49367350339889526
761,-0.01979971118271351
762,0.38452109694480896
763,0.6363913416862488
764,0.03231213614344597
765,0.39974740147590637
766,0.654323935508728
767,0.023947302252054214
768,0.3817040026187897
769,0.6040192246437073
770,0.020811453461647034
771,0.3453953266143799
772,0.568280816078186
773,0.061059072613716125
774,0.36987990140914917
775,0.6061233878135681
776,0.033941999077796936
777,0.34385883808135986
778,0.5804447531700134
779,0.09017923474311829
780,0.38244569301605225
781,0.573229193687439
782,0.008094243705272675
783,0.41402941942214966
784,0.468394935131073
785,-0.021252715960144997
786,0.41463086009025574
787,0.5140818953514099
788,-0.046504855155944824
789,0.4083574116230011
790,0.519953727722168
791,-0.03277628496289253
792,0.4181285500526428
793,0.5028077363967896
794,-0.05585802346467972
795,0.40352243185043335
796,0.3979310393333435
797,-0.0041554635390639305
798,0.3839374780654907
799,0.3915363550186157
800,-0.005253403447568417
801,0.3675942122936249
802,0.3917968273162842
803,-0.003082283539697528
804,0.3548547327518463
805,0.3959084451198578
806,0.003380369395017624
807,0.34708213806152344
808,0.40401777625083923
809,0.011991734616458416
810,0.34506067633628845
811,0.43314316868782043
812,0.03228762373328209
813,0.3236927390098572
814,0.47852835059165955
815,0.09081847965717316
816,0.3541880249977112
817,0.45529353618621826
818,0.023027976974844933
819,0.3653833270072937
820,0.45862969756126404
821,0.01486477442085743
822,0.3799211084842682
823,0.4565441310405731
824,0.00881554652005434
825,0.39378124475479126
826,0.450687050819397
827,0.005285554099828005
828,0.4044744074344635
829,0.44328731298446655
830,0.0035401545464992523
831,0.41167208552360535
832,0.4365847408771515
833,0.0019490509293973446
834,0.329022616147995
835,0.47915777564048767
836,0.13636241853237152
837,0.40969353914260864
838,0.5247598886489868
839,-0.02670034021139145
840,0.4198983907699585
841,0.47078925371170044
842,-0.0398247092962265
843,0.42241203784942627
844,0.5139878988265991
845,-0.05654135346412659
846,0.43034306168556213
847,0.5216271281242371
848,-0.051962293684482574
849,0.42322486639022827
850,0.5164558291435242
851,-0.050492025911808014
852,0.4140152633190155
853,0.5298614501953125
854,-0.022736361250281334
855,0.4322907030582428
856,0.5231900215148926
857,-0.0552859865128994
858,0.43438994884490967
859,0.5266308784484863
860,-0.04083625227212906
861,0.41059809923171997
862,0.4235686957836151
863,0.007233247626572847
864,0.41692543029785156
865,0.4266699254512787
866,-0.0006660496001131833
867,0.4198460280895233
868,0.42883843183517456
869,-0.00930741149932146
870,0.3572158217430115
871,0.42421504855155945
872,0.0182143934071064
873,0.35078656673431396
874,0.4184029698371887
875,0.019094552844762802
876,0.44880911707878113
877,0.4593355655670166
878,-0.051043227314949036
879,0.5274375677108765
880,0.41148287057876587
881,0.006649094633758068
882,0.4543668329715729
883,0.5216440558433533
884,-0.04226917400956154
885,0.568071722984314
886,0.34337878227233887
887,0.0572865754365921
888,0.4932114779949188
889,0.42908215522766113
890,-0.0031655465718358755
891,0.5053902268409729
892,0.4293956458568573
893,-0.0030482434667646885
894,0.5169351696968079
895,0.42737552523612976
896,-0.0005406032432802022
897,0.5323013067245483
898,0.416861891746521
899,0.008411634713411331
900,0.48257938027381897
901,0.4256184995174408
902,-0.0010473799193277955
903,0.5070268511772156
904,0.38631731271743774
905,-0.010143336839973927
906,0.4941588044166565
907,0.38862335681915283
908,-0.008949234150350094
909,0.519234836101532
910,0.38737165927886963
911,-0.0067418720573186874
912,0.5276913642883301
913,0.39199841022491455
914,-0.0021091331727802753
915,0.5421438217163086
916,0.42634910345077515
917,0.014209825545549393
918,0.502895712852478
919,0.6618844270706177
920,0.006059733685106039
921,0.5316066741943359
922,0.4070853590965271
923,0.010156934149563313
924,0.5768761038780212
925,0.4141010046005249
926,0.06477683782577515
927,0.5550344586372375
928,0.4130494296550751
929,0.02503303438425064
930,0.5053188800811768
931,0.49622970819473267
932,-0.01177840493619442
933,0.4635447859764099
934,0.5722745060920715
935,-0.03207927942276001
936,0.46341177821159363
937,0.5910516977310181
938,-0.025431973859667778
939,0.48025670647621155
940,0.5752448439598083
941,-0.025719212368130684
942,0.49141278862953186
943,0.5806678533554077
944,-0.017043769359588623
945,0.47526949644088745
946,0.5902554392814636
947,-0.02143228054046631
948,0.4846614599227905
949,0.5903530120849609
950,-0.013350296765565872
951,0.5100520253181458
952,0.6051890254020691
953,0.002860012697055936
954,0.45061227679252625
955,0.5136331915855408
956,-0.06411021202802658
957,0.45104262232780457
958,0.4971686899662018
959,-0.06832487881183624
960,0.5457068085670471
961,0.3706088662147522
962,-0.00031097617466002703
963,0.4788152277469635
964,0.4567360579967499
965,-0.013853945769369602
966,0.4823262393474579
967,0.5062072277069092
968,-0.036258112639188766
969,0.4831234812736511
970,0.4973990321159363
971,-0.03286964073777199
972,0.5407273173332214
973,0.4910668432712555
974,0.001047121942974627
975,0.4497145414352417
976,0.4764974117279053
977,-0.062027473002672195
978,0.5158123970031738
979,0.35624170303344727
980,-0.019685043022036552
981,0.5331127643585205
982,0.35987162590026855
983,-0.011383892968297005
984,0.5545967817306519
985,0.3144715428352356
986,0.033517323434352875
987,0.4623921513557434
988,0.3763808310031891
989,-0.026190374046564102
990,0.48318931460380554
991,0.3949470818042755
992,-0.004433204885572195
993,0.5173426866531372
994,0.5873324871063232
995,0.004159135743975639
996,0.5746209621429443
997,0.5689219832420349
998,0.1049242690205574
999,0.47417935729026794
1000,0.5162805318832397
1001,-0.030878711491823196
1002,0.4640878438949585
1003,0.5233534574508667
1004,-0.030886370688676834
1005,0.504947304725647
1006,0.590286910533905
1007,0.003314714878797531
1008,0.4990828037261963
1009,0.5900424718856812
1010,0.0004043803783133626
1011,0.5394628047943115
1012,0.34758448600769043
1013,-0.006343143060803413
1014,0.48383763432502747
1015,0.5138894319534302
1016,-0.029361853376030922
1017,0.49258214235305786
1018,0.3604893088340759
1019,-0.024974506348371506
1020,0.4937925636768341
1021,0.34593144059181213
1022,-0.02807459607720375
1023,0.5019603967666626
1024,0.2800455689430237
1025,-0.010321908630430698
1026,0.5465819239616394
1027,0.3303195834159851
1028,0.010722634382545948
1029,0.4963667690753937
1030,0.3119848668575287
1031,-0.019843289628624916
1032,0.5525810718536377
1033,0.36214038729667664
1034,0.009134439751505852
1035,0.5602800250053406
1036,0.3535337746143341
1037,0.03182148188352585
1038,0.46378621459007263
1039,0.5830993056297302
1040,-0.03022969327867031
1041,0.4774778485298157
1042,0.5842844843864441
1043,-0.024139991030097008
1044,0.48800867795944214
1045,0.5858407020568848
1046,-0.016136622056365013
1047,0.4713657796382904
1048,0.5200842022895813
1049,-0.02788311056792736
1050,0.5019064545631409
1051,0.5905167460441589
1052,0.0016709949122741818
1053,0.49709585309028625
1054,0.5953978896141052
1055,-0.004672386217862368
1056,0.49756529927253723
1057,0.5891772508621216
1058,9.141678310697898e-05
1059,0.46572384238243103
1060,0.5108987092971802
1061,-0.04767344519495964
1062,0.48228904604911804
1063,0.5897387266159058
1064,-0.0111484220251441
1065,0.47310978174209595
1066,0.5915722846984863
1067,-0.016402702778577805
1068,0.4625430703163147
1069,0.5936062932014465
1070,-0.020150037482380867
1071,0.4723219573497772
1072,0.6425468921661377
1073,-0.007612226530909538
1074,0.46984681487083435
1075,0.6274838447570801
1076,-0.019794033840298653
1077,0.467966228723526
1078,0.6170641779899597
1079,-0.021738611161708832
1080,0.4659962058067322
1081,0.6069700121879578
1082,-0.01929062232375145
1083,0.4645425081253052
1084,0.6003832817077637
1085,-0.017439790070056915
1086,0.48517799377441406
1087,0.594626784324646
1088,-0.009271594695746899
1089,0.4873177707195282
1090,0.5969220399856567
1091,-0.011137076653540134
1092,0.4907330870628357
1093,0.6016277074813843
1094,-0.01259238738566637
1095,0.493866503238678
1096,0.6072520017623901
1097,-0.01037457212805748
1098,0.4995437562465668
1099,0.5589138865470886
1100,-0.014190113171935081
1101,0.5824453830718994
1102,0.4862704873085022
1103,0.11768501996994019
1104,0.4909939765930176
1105,0.5927445888519287
1106,-0.003658722387626767
1107,0.4936831593513489
1108,0.5936264395713806
1109,-0.0048157391138374805
1110,0.46053117513656616
1111,0.531754195690155
1112,-0.03112678788602352
1113,0.4806060791015625
1114,0.5251926183700562
1115,-0.01966077834367752
1116,0.46217525005340576
1117,0.5276921987533569
1118,-0.03130196034908295
1119,0.49231767654418945
1120,0.46518978476524353
1121,-0.010057182982563972
1122,0.5121074914932251
1123,0.4745805263519287
1124,-0.007243815343827009
1125,0.48598727583885193
1126,0.5048379302024841
1127,-0.025924744084477425
1128,0.5335587859153748
1129,0.29251664876937866
1130,0.009443338960409164
1131,0.5264461636543274
1132,0.31539541482925415
1133,-0.005961621180176735
1134,0.5193508863449097
1135,0.3415883481502533
1136,-0.018293626606464386
1137,0.5004338622093201
1138,0.6185941696166992
1139,-0.0017929323948919773
1140,0.46470537781715393
1141,0.3535981774330139
1142,-0.03197192773222923
1143,0.4660693109035492
1144,0.31487762928009033
1145,-0.02679402194917202
1146,0.46861332654953003
1147,0.27672842144966125
1148,-0.02045583166182041
1149,0.5267974138259888
1150,0.423417866230011
1151,0.003973058424890041
1152,0.5552107691764832
1153,0.4365992844104767
1154,0.02072877623140812
1155,0.4758080244064331
1156,0.4217587411403656
1157,0.0006659530918113887
1158,0.5413066744804382
1159,0.3943544030189514
1160,0.007722251582890749
1161,0.46906647086143494
1162,0.44669297337532043
1163,-0.018126582726836205
1164,0.4732758700847626
1165,0.5004513263702393
1166,-0.047877199947834015
1167,0.5682811737060547
1168,0.44645535945892334
1169,0.033435579389333725
1170,0.5474238395690918
1171,0.4493405818939209
1172,0.01078864000737667
1173,0.5322560667991638
1174,0.4570873975753784
1175,0.0009284394327551126
1176,0.5093802213668823
1177,0.45674026012420654
1178,-0.0031954364385455847
1179,0.49228397011756897
1180,0.4513666331768036
1181,-0.004926683846861124
1182,0.4789591431617737
1183,0.44472813606262207
1184,-0.007711875252425671
1185,0.44985371828079224
1186,0.4261002838611603
1187,-0.030704304575920105
1188,0.5680516958236694
1189,0.48153984546661377
1190,0.03173297271132469
1191,0.5510884523391724
1192,0.3900138735771179
1193,0.012621838599443436
1194,0.4479382634162903
1195,0.5226650238037109
1196,-0.057881779968738556
1197,0.478473424911499
1198,0.47282811999320984
1199,-0.018211418762803078
1200,0.5809235572814941
1201,0.41284114122390747
1202,0.10430539399385452
1203,0.4686644673347473
1204,0.4365719258785248
1205,-0.009344831109046936
1206,0.4876340925693512
1207,0.5060555338859558
1208,-0.013431102968752384
1209,0.5357648134231567
1210,0.4070872664451599
1211,0.012206632643938065
1212,0.4739006757736206
1213,0.48988810181617737
1214,-0.043666522949934006
1215,0.5808718800544739
1216,0.5262362360954285
1217,0.11460750550031662
1218,0.4757755696773529
1219,0.41570529341697693
1220,0.0033248262479901314
1221,0.4617912769317627
1222,0.48139822483062744
1223,-0.05523255839943886
1224,0.5510571599006653
1225,0.6141214370727539
1226,0.045395489782094955
1227,0.5523272156715393
1228,0.631951093673706
1229,0.06738600879907608
1230,0.580323338508606
1231,0.48397111892700195
1232,0.07413075864315033
1233,0.5636204481124878
1234,0.5888046026229858
1235,0.05821603536605835
1236,0.568642795085907
1237,0.3814491033554077
1238,0.05142063647508621
1239,0.5067911744117737
1240,0.678363561630249
1241,0.013704966753721237
1242,0.44783705472946167
1243,0.5263110399246216
1244,-0.04149360582232475
1245,0.4903566837310791
1246,0.4841701090335846
1247,-0.013831687159836292
1248,0.5653045177459717
1249,0.4150027334690094
1250,0.03648309409618378
1251,0.5154808759689331
1252,0.4177754521369934
1253,0.0004163813136983663
1254,0.5049176812171936
1255,0.4202003479003906
1256,-0.001917572459205985
1257,0.5007017254829407
1258,0.5981004238128662
1259,-0.0026849464047700167
1260,0.5677786469459534
1261,0.5150156617164612
1262,0.03757422789931297
1263,0.4867246150970459
1264,0.7044506669044495
1265,0.019243614748120308
1266,0.5219566822052002
1267,0.6755063533782959
1268,0.03933386132121086
1269,0.5364350080490112
1270,0.6573246717453003
1271,0.05158935487270355
1272,0.49463027715682983
1273,0.42011016607284546
1274,-0.0018408091273158789
1275,0.4848945140838623
1276,0.41811177134513855
1277,0.0003268428554292768
1278,0.4788205325603485
1279,0.4169653058052063
1280,0.0029833735898137093
1281,0.5594422817230225
1282,0.38552629947662354
1283,0.023915112018585205
1284,0.485694944858551
1285,0.4052700996398926
1286,-0.002377505647018552
1287,0.4961296319961548
1288,0.40098053216934204
1289,-0.0053025814704597
1290,0.5064020156860352
1291,0.3993915915489197
1292,-0.00534779904410243
1293,0.516983151435852
1294,0.4004719853401184
1295,-0.0029467083513736725
1296,0.523924708366394
1297,0.403212308883667
1298,0.0008634937694296241
1299,0.5762114524841309
1300,0.3742518424987793
1301,0.08330362290143967
1302,0.5225240588188171
1303,0.4146428406238556
1304,0.00366119178943336
1305,0.48786401748657227
1306,0.549817681312561
1307,-0.020462049171328545
1308,0.473838746547699
1309,0.5133476257324219
1310,-0.035357482731342316
1311,0.46332791447639465
1312,0.5471469163894653
1313,-0.030287113040685654
1314,0.5372616052627563
1315,0.6389130353927612
1316,0.035862453281879425
1317,0.5228833556175232
1318,0.6587174534797668
1319,0.0255536250770092
1320,0.48578476905822754
1321,0.6934643387794495
1322,0.003933868370950222
1323,0.564478874206543
1324,0.6045267581939697
1325,0.08713947236537933
1326,0.478624165058136
1327,0.41141459345817566
1328,0.0009919044096022844
1329,0.4596022069454193
1330,0.451568067073822
1331,-0.03395561873912811
1332,0.5058262348175049
1333,0.6918776035308838
1334,0.026702307164669037
1335,0.5784878730773926
1336,0.521027684211731
1337,0.07457749545574188
1338,0.4756796658039093
1339,0.5973093509674072
1340,-0.014025998301804066
1341,0.4779863953590393
1342,0.6019687056541443
1343,-0.016007060185074806
1344,0.4808207154273987
1345,0.6094343066215515
1346,-0.017827024683356285
1347,0.48334527015686035
1348,0.6187232136726379
1349,-0.01587705872952938
1350,0.48828554153442383
1351,0.6317434906959534
1352,-0.006447565741837025
1353,0.49318087100982666
1354,0.5899155139923096
1355,-0.00629913667216897
1356,0.4968460202217102
1357,0.5880041718482971
1358,-0.006745435763150454
1359,0.500171959400177
1360,0.5847517251968384
1361,-0.0069580404087901115
1362,0.5101595520973206
1363,0.5716269016265869
1364,-0.005478916689753532
1365,0.5520207285881042
1366,0.5259311199188232
1367,0.014854450710117817
1368,0.45923900604248047
1369,0.4353173077106476
1370,-0.023607559502124786
1371,0.46507278084754944
1372,0.4046768546104431
1373,-0.004765850491821766
1374,0.4729621708393097
1375,0.40688592195510864
1376,-0.0009277138742618263
1377,0.49020323157310486
1378,0.5881362557411194
1379,-0.004927182570099831
1380,0.5566003918647766
1381,0.5660313367843628
1382,0.034757792949676514
1383,0.45357444882392883
1384,0.4041650891304016
1385,-0.01944001019001007
1386,0.49586963653564453
1387,0.6459437608718872
1388,0.0006505657802335918
1389,0.44960421323776245
1390,0.44356659054756165
1391,-0.041923876851797104
1392,0.47016987204551697
1393,0.4764339327812195
1394,-0.0332782082259655
1395,0.4772847592830658
1396,0.6586624383926392
1397,-0.004520007874816656
1398,0.5213854908943176
1399,0.6099830269813538
1400,0.009876678697764874
1401,0.4985407292842865
1402,0.5190297961235046
1403,-0.010899427346885204
1404,0.5104033946990967
1405,0.6299293041229248
1406,0.005926909856498241
1407,0.5249136686325073
1408,0.5143588185310364
1409,-0.007151677738875151
1410,0.5103225708007812
1411,0.5352080464363098
1412,-0.008613670244812965
1413,0.5369249582290649
1414,0.5405004620552063
1415,0.002994595328345895
1416,0.4825842082500458
1417,0.6773808002471924
1418,-0.0030442543793469667
1419,0.47896918654441833
1420,0.48514777421951294
1421,-0.02466852031648159
1422,0.5322508215904236
1423,0.6211768984794617
1424,0.021434998139739037
1425,0.5181105732917786
1426,0.6425812244415283
1427,0.015630563721060753
1428,0.5287851095199585
1429,0.5872592926025391
1430,0.009190444834530354
1431,0.5663943290710449
1432,0.5438660979270935
1433,0.04362953081727028
1434,0.5433622598648071
1435,0.5874127149581909
1436,0.020599348470568657
1437,0.5740412473678589
1438,0.5556814670562744
1439,0.07162877172231674
1440,0.5212975740432739
1441,0.5568488836288452
1442,-0.0028076996095478535
1443,0.46890339255332947
1444,0.46189212799072266
1445,-0.0255005843937397
1446,0.46942639350891113
1447,0.5079164505004883
1448,-0.050281185656785965
1449,0.478857159614563
1450,0.5117990374565125
1451,-0.03718672692775726
1452,0.4625750482082367
1453,0.497795045375824
1454,-0.059072885662317276
1455,0.4740558862686157
1456,0.3898778557777405
1457,-0.009715535677969456
1458,0.493274450302124
1459,0.3787955939769745
1460,-0.013308249413967133
1461,0.5102937817573547
1462,0.37516844272613525
1463,-0.01361101120710373
1464,0.5247393846511841
1465,0.3760513961315155
1466,-0.009521899744868279
1467,0.5353698134422302
1468,0.3820776641368866
1469,-0.0022948666010051966
1470,0.5442002415657043
1471,0.41008418798446655
1472,0.016693899407982826
1473,0.5802156925201416
1474,0.44855159521102905
1475,0.0698881596326828
1476,0.5359512567520142
1477,0.4341907501220703
1478,0.008721159771084785
1479,0.523709237575531
1480,0.4402177929878235
1481,0.0024040297139436007
1482,0.5078620910644531
1483,0.4417828321456909
1484,-0.0015164243523031473
1485,0.49242332577705383
1486,0.43926382064819336
1487,-0.0027344305999577045
1488,0.48016753792762756
1489,0.4347561299800873
1490,-0.002644888125360012
1491,0.4714975357055664
1492,0.42988690733909607
1493,-0.0030171957332640886
1494,0.5819295048713684
1495,0.44936224818229675
1496,0.11483725160360336
1497,0.47924646735191345
1498,0.5166104435920715
1499,-0.03098720870912075
1500,0.45966386795043945
1501,0.4660910367965698
1502,-0.04294604808092117
1503,0.45978227257728577
1504,0.5098564028739929
1505,-0.05897558480501175
1506,0.45422056317329407
1507,0.5190091133117676
1508,-0.053346071392297745
1509,0.46047061681747437
1510,0.5123609304428101
1511,-0.0530259795486927
1512,0.4763230085372925
1513,0.5226225852966309
1514,-0.02639046683907509
1515,0.45184317231178284
1516,0.5209617614746094
1517,-0.05634737387299538
1518,0.4517284333705902
1519,0.5246942043304443
1520,-0.04181480035185814
1521,0.4712626338005066
1522,0.4169907867908478
1523,0.0019574176985770464
1524,0.46435242891311646
1525,0.4214026927947998
1526,-0.004502410534769297
1527,0.460342675447464
1528,0.424163281917572
1529,-0.01256546564400196
1530,0.5281869769096375
1531,0.4053553342819214
1532,0.004821348004043102
1533,0.5343419909477234
1534,0.3973553776741028
1535,0.004891693592071533
1536,0.5547622442245483
1537,1.0070817470550537
1538,-3.559665060492989e-07
1539,0.4913196265697479
1540,0.9847971796989441
1541,0.009511216543614864
1542,0.4210560917854309
1543,0.9564722776412964
1544,0.0010139854857698083
1545,0.3627658486366272
1546,0.9394755363464355
1547,-0.010290045291185379
1548,0.31727105379104614
1549,0.9373780488967896
1550,-0.022757800295948982
1551,0.40408265590667725
1552,0.8666181564331055
1553,-0.028124550357460976
1554,0.3003394901752472
1555,0.8775216341018677
1556,-0.05506276711821556
1557,0.24037346243858337
1558,0.9136943221092224
1559,-0.07136627286672592
1560,0.20245510339736938
1561,0.9476709365844727
1562,-0.08041774481534958
1563,0.4159219264984131
1564,0.874417245388031
1565,-0.04532194882631302
1566,0.2945306599140167
1567,0.895819902420044
1568,-0.06948565691709518
1569,0.23255698382854462
1570,0.9356946349143982
1571,-0.0797366350889206
1572,0.19180932641029358
1573,0.9718990325927734
1574,-0.08716773986816406
1575,0.4293544888496399
1576,0.903113067150116
1577,-0.06093519181013107
1578,0.3164810240268707
1579,0.9169215559959412
1580,-0.0806630402803421
1581,0.25546979904174805
1582,0.9572749137878418
1583,-0.08420335501432419
1584,0.2143561691045761
1585,0.9967495203018188
1586,-0.08633909374475479
1587,0.44300293922424316
1588,0.9490017890930176
1589,-0.07508740574121475
1590,0.3594062626361847
1591,0.9548892378807068
1592,-0.09239932149648666
1593,0.3112383484840393
1594,0.975771963596344
1595,-0.09575043618679047
1596,0.27449896931648254
1597,1.0011049509048462
1598,-0.09672938287258148
1599,0.0
1600,0.0
1601,0.0
1602,0.0
1603,0.0
1604,0.0
1605,0.0
1606,0.0
1607,0.0
1608,0.0
1609,0.0
1610,0.0
1611,0.0
1612,0.0
1613,0.0
1614,0.0
1615,0.0
1616,0.0
1617,0.0
1618,0.0
1619,0.0
1620,0.0
1621,0.0
1622,0.0
1623,0.0
1624,0.0
1625,0.0
1626,0.0
1627,0.0
1628,0.0
1629,0.0
1630,0.0
1631,0.0
1632,0.0
1633,0.0
1634,0.0
1635,0.0
1636,0.0
1637,0.0
1638,0.0
1639,0.0
1640,0.0
1641,0.0
1642,0.0
1643,0.0
1644,0.0
1645,0.0
1646,0.0
1647,0.0
1648,0.0
1649,0.0
1650,0.0
1651,0.0
1652,0.0
1653,0.0
1654,0.0
1655,0.0
1656,0.0
1657,0.0
1658,0.0
1659,0.0
1660,0.0
1661,0.0
