,0
0,0.2282223403453827
1,0.5396332144737244
2,-1.16118586063385
3,0.987420380115509
4,0.2787451148033142
5,0.44073712825775146
6,-1.1448564529418945
7,0.9772515892982483
8,0.30369293689727783
9,0.4408907890319824
10,-1.1454942226409912
11,0.9813922643661499
12,0.33205193281173706
13,0.4426265358924866
14,-1.145896315574646
15,0.9747391939163208
16,0.23337021470069885
17,0.44811928272247314
18,-1.0742636919021606
19,0.9739092588424683
20,0.2233705222606659
21,0.4504951536655426
22,-1.0742870569229126
23,0.980013370513916
24,0.21307532489299774
25,0.4545646905899048
26,-1.0751625299453735
27,0.9789072275161743
28,0.4212459623813629
29,0.4857267439365387
30,-0.8158532977104187
31,0.9851680397987366
32,0.26350516080856323
33,0.4957110583782196
34,-0.47376084327697754
35,0.9789698719978333
36,0.2885880768299103
37,0.6355705857276917
38,-1.0262010097503662
39,0.9855078458786011
40,0.23495087027549744
41,0.6426398754119873
42,-0.9287732243537903
43,0.9824502468109131
44,0.6909490823745728
45,0.9103281497955322
46,-0.5474332571029663
47,0.9491894245147705
48,0.14178113639354706
49,0.9014284014701843
50,-0.27702975273132324
51,0.9712904095649719
52,0.8509502410888672
53,1.3545663356781006
54,-0.7795423865318298
55,0.09831599146127701
56,-0.11000026762485504
57,1.2075811624526978
58,-1.0182442665100098
59,0.62334805727005
60,0.8564766049385071
61,1.709355115890503
62,-1.1021225452423096
63,0.03860068321228027
64,0.15746769309043884
65,0.6548992395401001
66,-2.1722934246063232
67,0.7206976413726807
68,0.8989275693893433
69,1.8330849409103394
70,-1.1784777641296387
71,0.04873780533671379
72,0.21602754294872284
73,0.5264115333557129
74,-2.406505823135376
75,0.6095805168151855
76,0.8406737446784973
77,1.8175292015075684
78,-1.2203980684280396
79,0.07583417743444443
80,0.23683670163154602
81,0.5126397609710693
82,-2.2606959342956543
83,0.6603127121925354
84,0.8121089935302734
85,1.7700130939483643
86,-1.1316816806793213
87,0.07031048089265823
88,0.22909632325172424
89,0.5678495764732361
90,-2.154996395111084
91,0.5903457403182983
92,0.5962147116661072
93,1.9189894199371338
94,-0.14997097849845886
95,0.0002888184681069106
96,0.21613356471061707
97,1.9148725271224976
98,0.15489427745342255
99,0.0004932822776027024
100,0.6115521788597107
101,2.7239763736724854
102,-0.42634254693984985
103,0.0037044447381049395
104,0.28121739625930786
105,2.6980836391448975
106,-0.23728087544441223
107,0.0031342548318207264
108,0.6312157511711121
109,3.4596283435821533
110,0.2949536144733429
111,0.00020542609854601324
112,0.31075114011764526
113,3.43886399269104
114,0.17358258366584778
115,0.00011102043936261907
116,0.6431530714035034
117,3.577691078186035
118,0.3212566673755646
119,9.025282633956522e-05
120,0.31357085704803467
121,3.555427312850952
122,0.1906360238790512
123,0.00013414090790320188
124,0.574140727519989
125,3.6827287673950195
126,-0.4859982132911682
127,0.0002069558686343953
128,0.34834229946136475
129,3.6692633628845215
130,-0.6389710903167725
131,0.0004015872546005994
132,0.1997266411781311
133,0.5549920201301575
134,-0.033087108284235
135,0.18229103088378906
136,0.49824872612953186
137,-0.04398759827017784
138,0.2023387849330902
139,0.5207659602165222
140,-0.02819005586206913
141,0.19538533687591553
142,0.45676782727241516
143,-0.017152735963463783
144,0.1826881468296051
145,0.4830743670463562
146,-0.0444868803024292
147,0.19118601083755493
148,0.4665811061859131
149,-0.03839626908302307
150,0.21758589148521423
151,0.42697441577911377
152,-0.008615895174443722
153,0.19413629174232483
154,0.44079524278640747
155,0.08453775942325592
156,0.22588425874710083
157,0.39397430419921875
158,0.0036811421159654856
159,0.2258048951625824
160,0.3739340007305145
161,0.006334313191473484
162,0.240589439868927
163,0.30518293380737305
164,0.027719752863049507
165,0.20050787925720215
166,0.5627167820930481
167,-0.03270154073834419
168,0.20336180925369263
169,0.5695245265960693
170,-0.03109331987798214
171,0.20742842555046082
172,0.5728935599327087
173,-0.02845877595245838
174,0.20679792761802673
175,0.5874104499816895
176,-0.027156827971339226
177,0.20450067520141602
178,0.5929559469223022
179,-0.029231559485197067
180,0.20326672494411469
181,0.600218653678894
182,-0.03177230805158615
183,0.20386457443237305
184,0.6092723608016968
185,-0.032316070050001144
186,0.2090647667646408
187,0.6269125938415527
188,-0.028165385127067566
189,0.1878756880760193
190,0.5087240934371948
191,-0.041248172521591187
192,0.19115537405014038
193,0.5112084746360779
194,-0.02468397654592991
195,0.20774973928928375
196,0.39905887842178345
197,0.16594688594341278
198,0.20941250026226044
199,0.44733020663261414
200,0.05301029607653618
201,0.20291617512702942
202,0.4497574269771576
203,0.06136852502822876
204,0.19760742783546448
205,0.45057156682014465
206,0.07109343260526657
207,0.1950494349002838
208,0.4471188485622406
209,0.08806024491786957
210,0.21439608931541443
211,0.4423615336418152
212,0.04571559652686119
213,0.1996607631444931
214,0.4151817560195923
215,0.0643923431634903
216,0.20664797723293304
217,0.41450753808021545
218,0.05465502664446831
219,0.19453535974025726
220,0.4186062216758728
221,0.07445501536130905
222,0.19241398572921753
223,0.424582302570343
224,0.08193467557430267
225,0.1920100748538971
226,0.4568955600261688
227,0.09530278295278549
228,0.1899200975894928
229,0.6484540700912476
230,0.00631750700995326
231,0.19403189420700073
232,0.43934404850006104
233,0.09029564261436462
234,0.2043658196926117
235,0.4576402008533478
236,0.1584726721048355
237,0.19333261251449585
238,0.44958797097206116
239,0.11364608258008957
240,0.18687070906162262
241,0.5024998188018799
242,0.03425075486302376
243,0.19141477346420288
244,0.5537905097007751
245,-0.02107689343392849
246,0.19688551127910614
247,0.570003867149353
248,-0.02002863772213459
249,0.18659448623657227
250,0.5595923662185669
251,-0.005512042436748743
252,0.18621671199798584
253,0.567540168762207
254,0.008595799095928669
255,0.19367174804210663
256,0.5716167092323303
257,-0.0071881003677845
258,0.1922360062599182
259,0.5745797157287598
260,0.004868202842772007
261,0.1880602091550827
262,0.5966050028800964
263,0.025450583547353745
264,0.1781579703092575
265,0.4993983805179596
266,-0.037602152675390244
267,0.17785429954528809
268,0.4847964644432068
269,-0.036929599940776825
270,0.18761694431304932
271,0.41351330280303955
272,0.09891381859779358
273,0.20485946536064148
274,0.46501070261001587
275,0.025804823264479637
276,0.18256735801696777
277,0.5025758743286133
278,0.0013096323236823082
279,0.1860523521900177
280,0.49582672119140625
281,0.005332276225090027
282,0.17664852738380432
283,0.5067269206047058
284,0.07074343413114548
285,0.18601560592651367
286,0.46934109926223755
287,-0.0275909211486578
288,0.19183555245399475
289,0.39327263832092285
290,0.0654522031545639
291,0.18749094009399414
292,0.4009573757648468
293,0.08396802097558975
294,0.20310774445533752
295,0.37087562680244446
296,0.14540018141269684
297,0.21305714547634125
298,0.3956840932369232
299,0.023014340549707413
300,0.21338170766830444
301,0.41700050234794617
302,0.04909796267747879
303,0.18474885821342468
304,0.5824316740036011
305,0.03724735602736473
306,0.21789449453353882
307,0.5984731912612915
308,0.14284029603004456
309,0.1885090470314026
310,0.5106762647628784
311,-0.003550503868609667
312,0.1937856525182724
313,0.5153112411499023
314,-0.015176108106970787
315,0.189448744058609
316,0.5817849636077881
317,0.03065279684960842
318,0.19335077702999115
319,0.5808027386665344
320,0.023782577365636826
321,0.18800663948059082
322,0.3933538496494293
323,0.0941237211227417
324,0.1865817904472351
325,0.5101061463356018
326,0.003935245331376791
327,0.19973933696746826
328,0.3902888298034668
329,0.04499093443155289
330,0.19861242175102234
331,0.3785198926925659
332,0.047069113701581955
333,0.20987273752689362
334,0.3271423876285553
335,0.0851190909743309
336,0.19442132115364075
337,0.3810553252696991
338,0.11676619201898575
339,0.203385591506958
340,0.35061347484588623
341,0.06586471199989319
342,0.1890549659729004
343,0.40905699133872986
344,0.11269696801900864
345,0.19694653153419495
346,0.40444275736808777
347,0.13797812163829803
348,0.1930580884218216
349,0.5631146430969238
350,-0.02103322371840477
351,0.18944166600704193
352,0.5664473176002502
353,-0.006662222556769848
354,0.18852847814559937
355,0.57117760181427
356,0.005707438103854656
357,0.19145113229751587
358,0.5136528611183167
359,-0.005872605834156275
360,0.1911521553993225
361,0.5814708471298218
362,0.026480117812752724
363,0.19095052778720856
364,0.5851748585700989
365,0.015216139145195484
366,0.19525146484375
367,0.5801264643669128
368,0.022415990009903908
369,0.18310800194740295
370,0.5032816529273987
371,-0.014557229354977608
372,0.19653579592704773
373,0.5739787220954895
374,0.004304833710193634
375,0.1981312781572342
376,0.5729336738586426
377,-0.005959933158010244
378,0.20160791277885437
379,0.5728861093521118
380,-0.01705242320895195
381,0.1996987760066986
382,0.6249775886535645
383,-0.017729202285408974
384,0.19537842273712158
385,0.607405424118042
386,-0.020387770608067513
387,0.19530794024467468
388,0.5985988974571228
389,-0.01957358606159687
390,0.19740459322929382
391,0.591439425945282
392,-0.016644563525915146
393,0.20029017329216003
394,0.5868965983390808
395,-0.015347869135439396
396,0.19592560827732086
397,0.584458589553833
398,0.005453246179968119
399,0.19367852807044983
400,0.5860522985458374
401,0.003691203659400344
402,0.19102612137794495
403,0.5893514156341553
404,0.002448979066684842
405,0.18932543694972992
406,0.5943784713745117
407,0.004984269384294748
408,0.18341675400733948
409,0.5527716279029846
410,0.017578154802322388
411,0.22553613781929016
412,0.5276374816894531
413,0.1786460131406784
414,0.19516494870185852
415,0.5142830610275269
416,-0.0324924997985363
417,0.19591906666755676
418,0.5835108160972595
419,0.015319676138460636
420,0.19316773116588593
421,0.5836411714553833
422,0.014401211403310299
423,0.19548186659812927
424,0.5219002366065979
425,-0.017195381224155426
426,0.1914338767528534
427,0.5195525288581848
428,0.0029001531656831503
429,0.19449740648269653
430,0.5189101696014404
431,-0.016528669744729996
432,0.19911503791809082
433,0.4749867618083954
434,0.03546440228819847
435,0.18821406364440918
436,0.48655155301094055
437,0.04846782982349396
438,0.18843194842338562
439,0.5032389163970947
440,0.009462758898735046
441,0.2042204588651657
442,0.3466300368309021
443,0.11700282245874405
444,0.19750168919563293
445,0.3629176616668701
446,0.09319864213466644
447,0.19136035442352295
448,0.3824688494205475
449,0.072754867374897
450,0.1900399923324585
451,0.6071702241897583
452,0.013230900280177593
453,0.21024394035339355
454,0.37673553824424744
455,0.025339223444461823
456,0.21454188227653503
457,0.34357374906539917
458,0.04062465950846672
459,0.22098350524902344
460,0.314184308052063
461,0.05399287864565849
462,0.19519540667533875
463,0.4503222107887268
464,0.08078890293836594
465,0.18861016631126404
466,0.46784645318984985
467,0.10589823126792908
468,0.21748441457748413
469,0.43776047229766846
470,0.04394229128956795
471,0.19159582257270813
472,0.43113818764686584
473,0.0975138247013092
474,0.20815221965312958
475,0.4543258547782898
476,0.01916736736893654
477,0.17984458804130554
478,0.4949847161769867
479,-0.01016291230916977
480,0.18769808113574982
481,0.48016825318336487
482,0.12288161367177963
483,0.18464070558547974
484,0.47552719712257385
485,0.09210208803415298
486,0.18521791696548462
487,0.47737887501716614
488,0.07283097505569458
489,0.1948072612285614
490,0.4722118377685547
491,0.055019576102495193
492,0.20398801565170288
493,0.46436581015586853
494,0.0429038442671299
495,0.21013909578323364
496,0.45593851804733276
497,0.03319346159696579
498,0.21206173300743103
499,0.4324600398540497
500,0.0028884890489280224
501,0.1810963898897171
502,0.5088230967521667
503,0.11523757129907608
504,0.19084377586841583
505,0.4302939474582672
506,0.10876790434122086
507,0.18531015515327454
508,0.5085700154304504
509,-0.03636026382446289
510,0.1996530294418335
511,0.47730860114097595
512,0.018745437264442444
513,0.22404448688030243
514,0.461891233921051
515,0.1894758641719818
516,0.21423350274562836
517,0.4471777379512787
518,0.027609894052147865
519,0.1929856538772583
520,0.5058863759040833
521,0.016935057938098907
522,0.19446709752082825
523,0.4403166174888611
524,0.0947185531258583
525,0.18492186069488525
526,0.4867047369480133
527,-0.005521863698959351
528,0.2221117913722992
529,0.5623153448104858
530,0.16372691094875336
531,0.21898803114891052
532,0.43324896693229675
533,0.048412028700113297
534,0.18469756841659546
535,0.4762669801712036
536,-0.01722942851483822
537,0.19038280844688416
538,0.6220192909240723
539,0.07562845200300217
540,0.2030961513519287
541,0.6440303325653076
542,0.08597181737422943
543,0.19837212562561035
544,0.5193659663200378
545,0.15020252764225006
546,0.1929648518562317
547,0.6050575971603394
548,0.09953722357749939
549,0.20131921768188477
550,0.4290958642959595
551,0.15200115740299225
552,0.18976286053657532
553,0.666564404964447
554,0.009494788013398647
555,0.192996084690094
556,0.5140093564987183
557,-0.029301321133971214
558,0.19572095572948456
559,0.4895913302898407
560,0.025619514286518097
561,0.19496628642082214
562,0.45396164059638977
563,0.1296221762895584
564,0.19721819460391998
565,0.4421249330043793
566,0.07178236544132233
567,0.202318012714386
568,0.44194111227989197
569,0.06367367506027222
570,0.18959957361221313
571,0.5878728628158569
572,0.018488982692360878
573,0.18074961006641388
574,0.5377996563911438
575,0.10850858688354492
576,0.20011287927627563
577,0.6935514211654663
578,-0.006818970665335655
579,0.19634440541267395
580,0.6722092628479004
581,0.038427967578172684
582,0.19872121512889862
583,0.6604140996932983
584,0.0603192001581192
585,0.23158802092075348
586,0.33808624744415283
587,0.016931356862187386
588,0.21448475122451782
589,0.7001552581787109
590,-0.027174942195415497
591,0.2081105262041092
592,0.43988287448883057
593,0.056356217712163925
594,0.21347707509994507
595,0.43669742345809937
596,0.05196979641914368
597,0.217124342918396
598,0.43458980321884155
599,0.050241924822330475
600,0.19317790865898132
601,0.42958882451057434
602,0.12356957048177719
603,0.2131289541721344
604,0.4278816878795624
605,0.05370749160647392
606,0.20710766315460205
607,0.4271027147769928
608,0.05846979096531868
609,0.20106402039527893
610,0.42765697836875916
611,0.06545562297105789
612,0.1962108612060547
613,0.4303995966911316
614,0.07362677901983261
615,0.19430741667747498
616,0.43406063318252563
617,0.07954839617013931
618,0.21486243605613708
619,0.4272824227809906
620,0.1813836395740509
621,0.19503048062324524
622,0.44153138995170593
623,0.0791037380695343
624,0.20267876982688904
625,0.5317472219467163
626,-0.028045494109392166
627,0.18613912165164948
628,0.5415921211242676
629,0.005627559497952461
630,0.1856946051120758
631,0.5079772472381592
632,-0.006584667135030031
633,0.19363820552825928
634,0.5344085693359375
635,-0.01679658144712448
636,0.2254658192396164
637,0.4111512005329132
638,0.00047562288818880916
639,0.1899040788412094
640,0.6390018463134766
641,0.052747175097465515
642,0.19049447774887085
643,0.6524364948272705
644,0.031172100454568863
645,0.19388505816459656
646,0.6781570911407471
647,-0.014073987491428852
648,0.21097394824028015
649,0.6258055567741394
650,0.11546061187982559
651,0.2168431133031845
652,0.4306332767009735
653,0.050809334963560104
654,0.20156681537628174
655,0.454494833946228
656,0.0014163730666041374
657,0.2073162943124771
658,0.684015691280365
659,-0.033545318990945816
660,0.19522088766098022
661,0.6834033727645874
662,0.01589122787117958
663,0.19738174974918365
664,0.5511960983276367
665,0.13838733732700348
666,0.19693803787231445
667,0.5855839252471924
668,-0.004280129447579384
669,0.19439247250556946
670,0.5887817144393921
671,-0.0054803090170025826
672,0.19202634692192078
673,0.594097912311554
674,-0.007126608397811651
675,0.19063237309455872
676,0.602063775062561
677,-0.006076631136238575
678,0.19321313500404358
679,0.6170903444290161
680,-0.0007090663420967758
681,0.19262105226516724
682,0.5774931311607361
683,0.015969930216670036
684,0.18956363201141357
685,0.5763425827026367
686,0.01915581524372101
687,0.18761542439460754
688,0.5745632648468018
689,0.021806687116622925
690,0.18262837827205658
691,0.5666211843490601
692,0.03075230121612549
693,0.17634713649749756
694,0.5405819416046143
695,0.07899948209524155
696,0.21065804362297058
697,0.44253361225128174
698,0.011471967212855816
699,0.22101742029190063
700,0.42010223865509033
701,0.03406527638435364
702,0.2192385196685791
703,0.42431640625
704,0.04514099285006523
705,0.19600296020507812
706,0.5757634043693542
707,0.015048888511955738
708,0.18264687061309814
709,0.5790074467658997
710,0.08509338647127151
711,0.21980610489845276
712,0.41654542088508606
713,0.016412826254963875
714,0.1932268887758255
715,0.6320422887802124
716,0.002257220447063446
717,0.20067739486694336
718,0.45350179076194763
719,-0.028281057253479958
720,0.2031574845314026
721,0.44534367322921753
722,-0.00858386978507042
723,0.2090206742286682
724,0.44098997116088867
725,-0.01793333701789379
726,0.19403798878192902
727,0.4766180217266083
728,0.0019707551691681147
729,0.20570316910743713
730,0.6644688248634338
731,-0.03450377285480499
732,0.20777493715286255
733,0.643801212310791
734,-0.03125138208270073
735,0.19795691967010498
736,0.6409878134727478
737,-0.017164403572678566
738,0.1862255483865738
739,0.604743480682373
740,0.03430342674255371
741,0.18875275552272797
742,0.5194533467292786
743,0.02408807910978794
744,0.18989792466163635
745,0.6201738119125366
746,0.018609410151839256
747,0.17786288261413574
748,0.5218722224235535
749,0.04577869549393654
750,0.18264669179916382
751,0.5360097885131836
752,0.03152269124984741
753,0.17625892162322998
754,0.547773003578186
755,0.0558796152472496
756,0.1939716935157776
757,0.6598281860351562
758,-0.015813231468200684
759,0.19474393129348755
760,0.48653000593185425
761,0.01062367670238018
762,0.18582917749881744
763,0.6186724305152893
764,0.04506181553006172
765,0.18913014233112335
766,0.634087324142456
767,0.025269391015172005
768,0.1821734607219696
769,0.5864816904067993
770,0.046963419765233994
771,0.1835620105266571
772,0.5636904835700989
773,0.10315877199172974
774,0.18166255950927734
775,0.5923229455947876
776,0.061856236308813095
777,0.19621625542640686
778,0.5804875493049622
779,0.1244911178946495
780,0.18015417456626892
781,0.5574753880500793
782,0.04049045220017433
783,0.20112091302871704
784,0.4657007157802582
785,0.010718000121414661
786,0.18016855418682098
787,0.5008722543716431
788,-0.014243296347558498
789,0.18301984667778015
790,0.5070325136184692
791,-0.004215127322822809
792,0.17776647210121155
793,0.4887154996395111
794,-0.022217201068997383
795,0.21519039571285248
796,0.4094007611274719
797,0.04093405231833458
798,0.2047281712293625
799,0.4053339958190918
800,0.05205276608467102
801,0.19635233283042908
802,0.4063922166824341
803,0.06373182684183121
804,0.19071605801582336
805,0.4107111692428589
806,0.07698558270931244
807,0.1892469823360443
808,0.4191282093524933
809,0.08829055726528168
810,0.19407474994659424
811,0.4448079466819763
812,0.101895272731781
813,0.20075052976608276
814,0.4883287250995636
815,0.1573013961315155
816,0.1908186823129654
817,0.4614085853099823
818,0.08596428483724594
819,0.19282740354537964
820,0.46275436878204346
821,0.07253259420394897
822,0.19977602362632751
823,0.4603661596775055
824,0.0592072531580925
825,0.20782992243766785
826,0.4552919268608093
827,0.048200346529483795
828,0.2138245403766632
829,0.4490756690502167
830,0.03986964374780655
831,0.21752560138702393
832,0.4432990550994873
833,0.034625094383955
834,0.22749143838882446
835,0.4947250485420227
836,0.1881503462791443
837,0.1868656575679779
838,0.5115383863449097
839,-0.0013795109698548913
840,0.1936415582895279
841,0.46516531705856323
842,-0.006732330657541752
843,0.1778431385755539
844,0.49893710017204285
845,-0.027233488857746124
846,0.18621200323104858
847,0.5076382160186768
848,-0.030530765652656555
849,0.18225818872451782
850,0.5027875304222107
851,-0.023679403588175774
852,0.19095996022224426
853,0.5161845088005066
854,-0.0031260368414223194
855,0.18493494391441345
856,0.5083842873573303
857,-0.034109603613615036
858,0.19171085953712463
859,0.5134996771812439
860,-0.02693156898021698
861,0.22004491090774536
862,0.43275782465934753
863,0.042044129222631454
864,0.22083136439323425
865,0.4344210624694824
866,0.030277788639068604
867,0.21799242496490479
868,0.43496063351631165
869,0.02108861319720745
870,0.1936083734035492
871,0.43692049384117126
872,0.08464086800813675
873,0.19248703122138977
874,0.4316001534461975
875,0.08940666913986206
876,0.20908352732658386
877,0.4551490247249603
878,-0.03442881628870964
879,0.3127411901950836
880,0.4219372868537903
881,-0.03965885192155838
882,0.20444223284721375
883,0.5107051730155945
884,-0.037915922701358795
885,0.40250518918037415
886,0.3632116913795471
887,-0.02355424128472805
888,0.27840057015419006
889,0.43581321835517883
890,-0.027333401143550873
891,0.2887137234210968
892,0.43599358201026917
893,-0.03483257442712784
894,0.30049899220466614
895,0.4348968267440796
896,-0.04020913690328598
897,0.3212716281414032
898,0.42749765515327454
899,-0.04308733716607094
900,0.2704114019870758
901,0.43294018507003784
902,-0.01738835871219635
903,0.29012829065322876
904,0.3934364318847656
905,-0.035742782056331635
906,0.27943435311317444
907,0.39556649327278137
908,-0.02451321668922901
909,0.30290767550468445
910,0.39510366320610046
911,-0.04144736006855965
912,0.3132074773311615
913,0.4002510607242584
914,-0.04351762309670448
915,0.3327820599079132
916,0.4366721510887146
917,-0.04536455497145653
918,0.25546857714653015
919,0.6559443473815918
920,-0.052446212619543076
921,0.3191584050655365
922,0.4186949133872986
923,-0.03950962424278259
924,0.4008341431617737
925,0.43383079767227173
926,-0.035422433167696
927,0.35299360752105713
928,0.42637279629707336
929,-0.04428354278206825
930,0.2720603346824646
931,0.49485498666763306
932,-0.04693462699651718
933,0.2136201411485672
934,0.5529057383537292
935,-0.04212852939963341
936,0.21621716022491455
937,0.5698150396347046
938,-0.039610039442777634
939,0.232960045337677
940,0.559401273727417
941,-0.04908962920308113
942,0.2485082745552063
943,0.5665902495384216
944,-0.051672812551259995
945,0.2310413420200348
946,0.5719525218009949
947,-0.04538104310631752
948,0.24430009722709656
949,0.5745285153388977
950,-0.04618526250123978
951,0.2725210189819336
952,0.5971554517745972
953,-0.0521533265709877
954,0.19076572358608246
955,0.49805599451065063
956,-0.04881691932678223
957,0.19243782758712769
958,0.4833458960056305
959,-0.05016838386654854
960,0.3352629542350769
961,0.3837793469429016
962,-0.049502935260534286
963,0.2550309896469116
964,0.4589775800704956
965,-0.026835765689611435
966,0.23373673856258392
967,0.5000061392784119
968,-0.04848458617925644
969,0.23856893181800842
970,0.4926517903804779
971,-0.04580066353082657
972,0.315523624420166
973,0.4944084584712982
974,-0.062667615711689
975,0.2001992166042328
976,0.46783432364463806
977,-0.04462343081831932
978,0.2954156994819641
979,0.3664793372154236
980,-0.037839457392692566
981,0.3167356252670288
982,0.37153059244155884
983,-0.04541018232703209
984,0.3759661614894867
985,0.332381010055542
986,-0.024676727131009102
987,0.2458226978778839
988,0.38548389077186584
989,-0.010831744410097599
990,0.2712918221950531
991,0.4015538692474365
992,-0.015288281254470348
993,0.2818204164505005
994,0.5807945132255554
995,-0.0562492311000824
996,0.4041489064693451
997,0.6021009683609009
998,-0.035427410155534744
999,0.22703544795513153
1000,0.5094617009162903
1001,-0.040625110268592834
1002,0.21803656220436096
1003,0.5148227214813232
1004,-0.03357870876789093
1005,0.2699863314628601
1006,0.5807473063468933
1007,-0.05029526725411415
1008,0.26617810130119324
1009,0.5804879069328308
1010,-0.047569017857313156
1011,0.327361136674881
1012,0.3611729145050049
1013,-0.043838392943143845
1014,0.2387448400259018
1015,0.508514404296875
1016,-0.04489807039499283
1017,0.27171406149864197
1018,0.36984652280807495
1019,-0.02615218609571457
1020,0.27349475026130676
1021,0.35635441541671753
1022,-0.02643417939543724
1023,0.3043317198753357
1024,0.2985663115978241
1025,-0.012964521534740925
1026,0.3496936857700348
1027,0.34628063440322876
1028,-0.03545241802930832
1029,0.28624725341796875
1030,0.3258882164955139
1031,-0.019134914502501488
1032,0.3491721451282501
1033,0.3775438666343689
1034,-0.04631322622299194
1035,0.37420105934143066
1036,0.3713235557079315
1037,-0.03478677570819855
1038,0.21442805230617523
1039,0.5624258518218994
1040,-0.042052317410707474
1041,0.23065194487571716
1042,0.5665545463562012
1043,-0.047797638922929764
1044,0.24548561871051788
1045,0.5706266760826111
1046,-0.04943476989865303
1047,0.2259509414434433
1048,0.5131977200508118
1049,-0.03611961752176285
1050,0.267587274312973
1051,0.5806883573532104
1052,-0.04845423251390457
1053,0.2592128813266754
1054,0.5847747325897217
1055,-0.04826997593045235
1056,0.2661443054676056
1057,0.5802671909332275
1058,-0.046981699764728546
1059,0.21260887384414673
1060,0.5017016530036926
1061,-0.04846739023923874
1062,0.24615108966827393
1063,0.5741626024246216
1064,-0.04409890994429588
1065,0.23302043974399567
1066,0.5731969475746155
1067,-0.041555482894182205
1068,0.2196148782968521
1069,0.5724121928215027
1070,-0.03708110377192497
1071,0.22507986426353455
1072,0.6262427568435669
1073,-0.03757890686392784
1074,0.21921542286872864
1075,0.60749351978302
1076,-0.0421890988945961
1077,0.21783673763275146
1078,0.5982950925827026
1079,-0.04209676384925842
1080,0.21805843710899353
1081,0.5911323428153992
1082,-0.03907344117760658
1083,0.2194366455078125
1084,0.5865166187286377
1085,-0.036534324288368225
1086,0.24696332216262817
1087,0.5841531753540039
1088,-0.04382561892271042
1089,0.24730192124843597
1090,0.5854493975639343
1091,-0.045508794486522675
1092,0.248679518699646
1093,0.5889550447463989
1094,-0.048296842724084854
1095,0.25060051679611206
1096,0.5941199064254761
1097,-0.04953201860189438
1098,0.25830674171447754
1099,0.5500374436378479
1100,-0.05170002952218056
1101,0.42759275436401367
1102,0.5161231160163879
1103,-0.01950802654027939
1104,0.2564745843410492
1105,0.583484411239624
1106,-0.045533716678619385
1107,0.2573176324367523
1108,0.5835201740264893
1109,-0.046851880848407745
1110,0.21477104723453522
1111,0.5216352343559265
1112,-0.0351727120578289
1113,0.2386021912097931
1114,0.5188893675804138
1115,-0.036177974194288254
1116,0.2161264717578888
1117,0.5184234380722046
1118,-0.03414134308695793
1119,0.26699915528297424
1120,0.46730315685272217
1121,-0.034832533448934555
1122,0.2843621075153351
1123,0.4759633243083954
1124,-0.04660798981785774
1125,0.24384823441505432
1126,0.50050288438797
1127,-0.04343441501259804
1128,0.3433917760848999
1129,0.3099353313446045
1130,-0.022130325436592102
1131,0.32103705406188965
1132,0.3304843604564667
1133,-0.0299958735704422
1134,0.3014337420463562
1135,0.35341447591781616
1136,-0.0371689535677433
1137,0.2593299150466919
1138,0.6092427372932434
1139,-0.05103032663464546
1140,0.2478293776512146
1141,0.36412328481674194
1142,-0.011822742410004139
1143,0.25785061717033386
1144,0.3298797607421875
1145,-0.0037158988416194916
1146,0.27136731147766113
1147,0.29793021082878113
1148,0.004530126694589853
1149,0.3129592537879944
1150,0.43231257796287537
1151,-0.04278964549303055
1152,0.3475186228752136
1153,0.44754642248153687
1154,-0.050554003566503525
1155,0.2652904987335205
1156,0.42953217029571533
1157,-0.012194653041660786
1158,0.33241987228393555
1159,0.4061369001865387
1160,-0.045910172164440155
1161,0.24626430869102478
1162,0.44918423891067505
1163,-0.02297675609588623
1164,0.22049929201602936
1165,0.4920470714569092
1166,-0.050293270498514175
1167,0.36803531646728516
1168,0.4601052701473236
1169,-0.054566338658332825
1170,0.3323270082473755
1171,0.4571691155433655
1172,-0.055185314267873764
1173,0.3108406364917755
1174,0.46190565824508667
1175,-0.051988132297992706
1176,0.28699222207069397
1177,0.46024462580680847
1178,-0.040375929325819016
1179,0.2718938887119293
1180,0.4553698003292084
1181,-0.02953893132507801
1182,0.2607693076133728
1183,0.4490409195423126
1184,-0.021332884207367897
1185,0.2276330590248108
1186,0.42966949939727783
1187,-0.015071019530296326
1188,0.3623404800891876
1189,0.4942101836204529
1190,-0.06184232980012894
1191,0.3461918234825134
1192,0.40377411246299744
1193,-0.04807576164603233
1194,0.19251906871795654
1195,0.5078577399253845
1196,-0.045278992503881454
1197,0.24828584492206573
1198,0.4726192355155945
1199,-0.03231101110577583
1200,0.43058115243911743
1201,0.43855589628219604
1202,-0.014811608009040356
1203,0.2517976462841034
1204,0.4411129355430603
1205,-0.014954549260437489
1206,0.2503982484340668
1207,0.5032779574394226
1208,-0.03595811873674393
1209,0.32664042711257935
1210,0.4184589385986328
1211,-0.04144750162959099
1212,0.2265421450138092
1213,0.48373398184776306
1214,-0.04638928174972534
1215,0.4202163815498352
1216,0.557966411113739
1217,-0.026297597214579582
1218,0.26767995953559875
1219,0.4248722791671753
1220,-0.010692276060581207
1221,0.21244674921035767
1222,0.473641037940979
1223,-0.04727743938565254
1224,0.33618393540382385
1225,0.6313438415527344
1226,-0.05708462372422218
1227,0.3494510054588318
1228,0.6578648090362549
1229,-0.049120672047138214
1230,0.3983137011528015
1231,0.5054374933242798
1232,-0.04322635009884834
1233,0.36183083057403564
1234,0.6111994981765747
1235,-0.056710414588451385
1236,0.38953226804733276
1237,0.400159627199173
1238,-0.03301597759127617
1239,0.2596312463283539
1240,0.6771153211593628
1241,-0.05373404175043106
1242,0.1984703540802002
1243,0.5136041045188904
1244,-0.03465225175023079
1245,0.2594098150730133
1246,0.48380282521247864
1247,-0.0373523086309433
1248,0.37025943398475647
1249,0.4304811954498291
1250,-0.04481671750545502
1251,0.29788655042648315
1252,0.4258297085762024
1253,-0.0373091883957386
1254,0.2877827286720276
1255,0.42747119069099426
1256,-0.03300053998827934
1257,0.26251688599586487
1258,0.5875587463378906
1259,-0.0497339591383934
1260,0.3618633449077606
1261,0.5290514230728149
1262,-0.06253982335329056
1263,0.23835234344005585
1264,0.7011336088180542
1265,-0.04222997650504112
1266,0.29039520025253296
1267,0.6869077086448669
1268,-0.04902953654527664
1269,0.31700459122657776
1270,0.6755491495132446
1271,-0.04970782622694969
1272,0.28003352880477905
1273,0.42754513025283813
1274,-0.026025233790278435
1275,0.27363187074661255
1276,0.4262663722038269
1277,-0.018758120015263557
1278,0.26953762769699097
1279,0.42577463388442993
1280,-0.01315878052264452
1281,0.3627302646636963
1282,0.401536226272583
1283,-0.045437026768922806
1284,0.2745923697948456
1285,0.41495442390441895
1286,-0.019027110189199448
1287,0.28192436695098877
1288,0.41081732511520386
1289,-0.025851625949144363
1290,0.2896803617477417
1291,0.40949752926826477
1292,-0.03255728632211685
1293,0.2999194860458374
1294,0.41074129939079285
1295,-0.03774336725473404
1296,0.30787429213523865
1297,0.4137079119682312
1298,-0.03966439887881279
1299,0.41988900303840637
1300,0.396511971950531
1301,-0.01787365972995758
1302,0.306034654378891
1303,0.42386582493782043
1304,-0.039298754185438156
1305,0.2441447675228119
1306,0.540504515171051
1307,-0.046922240406274796
1308,0.224466472864151
1309,0.50614333152771
1310,-0.04139776527881622
1311,0.21669098734855652
1312,0.5336986184120178
1313,-0.03832932934165001
1314,0.31033027172088623
1315,0.6502056121826172
1316,-0.0547608844935894
1317,0.28617414832115173
1318,0.6646589040756226
1319,-0.05370042473077774
1320,0.23177914321422577
1321,0.6841208934783936
1322,-0.04841535538434982
1323,0.3788353204727173
1324,0.635798990726471
1325,-0.04367266222834587
1326,0.269503653049469
1327,0.4211934506893158
1328,-0.014131726697087288
1329,0.22805719077587128
1330,0.45102065801620483
1331,-0.027172064408659935
1332,0.2636130452156067
1333,0.6956700086593628
1334,-0.048894479870796204
1335,0.3940395712852478
1336,0.5442762970924377
1337,-0.04719686508178711
1338,0.23323699831962585
1339,0.5851011872291565
1340,-0.04143797978758812
1341,0.23338808119297028
1342,0.5882163643836975
1343,-0.043813008815050125
1344,0.23389677703380585
1345,0.593786358833313
1346,-0.047155678272247314
1347,0.23502561450004578
1348,0.6020054221153259
1349,-0.0481196828186512
1350,0.24331000447273254
1351,0.6191578507423401
1352,-0.047595053911209106
1353,0.2578444480895996
1354,0.5773218870162964
1355,-0.047538772225379944
1356,0.2593165636062622
1357,0.5756328105926514
1358,-0.050313014537096024
1359,0.26223844289779663
1360,0.5730926990509033
1361,-0.052078649401664734
1362,0.27185484766960144
1363,0.5637606382369995
1364,-0.055575497448444366
1365,0.33187800645828247
1366,0.5331327319145203
1367,-0.06600931286811829
1368,0.23692643642425537
1369,0.4383438229560852
1370,-0.018110742792487144
1371,0.25537529587745667
1372,0.4123632609844208
1373,-0.003793415380641818
1374,0.26394397020339966
1375,0.41424065828323364
1376,-0.009056268259882927
1377,0.25788676738739014
1378,0.5759487748146057
1379,-0.04579635709524155
1380,0.3429115414619446
1381,0.5790307521820068
1382,-0.062065329402685165
1383,0.24046862125396729
1384,0.4114346504211426
1385,-0.005969183053821325
1386,0.25108516216278076
1387,0.6370404958724976
1388,-0.04900334030389786
1389,0.21818631887435913
1390,0.4432923197746277
1391,-0.023993127048015594
1392,0.23205973207950592
1393,0.4731244444847107
1394,-0.03554043918848038
1395,0.22754943370819092
1396,0.6438864469528198
1397,-0.04163911193609238
1398,0.28547269105911255
1399,0.6074438095092773
1400,-0.055240318179130554
1401,0.2610664367675781
1402,0.5156058669090271
1403,-0.042709797620773315
1404,0.2703811228275299
1405,0.6250178217887878
1406,-0.05245957151055336
1407,0.2913743257522583
1408,0.5137062668800354
1409,-0.05840225890278816
1410,0.27264899015426636
1411,0.5311933159828186
1412,-0.0519026517868042
1413,0.30682167410850525
1414,0.5421841740608215
1415,-0.06325142830610275
1416,0.22886675596237183
1417,0.6641338467597961
1418,-0.04813730716705322
1419,0.24270129203796387
1420,0.48287227749824524
1421,-0.03651965782046318
1422,0.29971885681152344
1423,0.6250962615013123
1424,-0.05699785426259041
1425,0.2783561646938324
1426,0.6423287391662598
1427,-0.05334794893860817
1428,0.29563966393470764
1429,0.5859142541885376
1430,-0.060496456921100616
1431,0.3612256944179535
1432,0.5601614117622375
1433,-0.06120108813047409
1434,0.3182152211666107
1435,0.5942922830581665
1436,-0.062049005180597305
1437,0.3841699957847595
1438,0.5802925229072571
1439,-0.05217660591006279
1440,0.28564807772636414
1441,0.5532305836677551
1442,-0.05822666734457016
1443,0.2382579892873764
1444,0.4615938365459442
1445,-0.029760953038930893
1446,0.21518570184707642
1447,0.498882919549942
1448,-0.0508342869579792
1449,0.22906413674354553
1450,0.5049517154693604
1451,-0.046306002885103226
1452,0.20556288957595825
1453,0.48661670088768005
1454,-0.0518563911318779
1455,0.26136070489883423
1456,0.3969447612762451
1457,-0.01135137677192688
1458,0.2764870226383209
1459,0.38610246777534485
1460,-0.024036666378378868
1461,0.29135623574256897
1462,0.38277027010917664
1463,-0.035383954644203186
1464,0.3074001669883728
1465,0.3847213089466095
1466,-0.04336807131767273
1467,0.3217684030532837
1468,0.39249688386917114
1469,-0.04659384489059448
1470,0.33793970942497253
1471,0.4222208559513092
1472,-0.04310913011431694
1473,0.40078961849212646
1474,0.46888935565948486
1475,-0.04107465595006943
1476,0.3224744498729706
1477,0.4426858127117157
1478,-0.04617568105459213
1479,0.30621984601020813
1480,0.44663041830062866
1481,-0.043206699192523956
1482,0.28947269916534424
1483,0.4472714960575104
1484,-0.03612387552857399
1485,0.275883287191391
1486,0.44507041573524475
1487,-0.027027545496821404
1488,0.26611852645874023
1489,0.4409327805042267
1490,-0.0169815793633461
1491,0.2590233087539673
1492,0.43628138303756714
1493,-0.011670050211250782
1494,0.4310881495475769
1495,0.4773436188697815
1496,-0.015249930322170258
1497,0.2324083149433136
1498,0.5102274417877197
1499,-0.0427023321390152
1500,0.21982473134994507
1501,0.4622141420841217
1502,-0.036272887140512466
1503,0.20121309161186218
1504,0.4976368248462677
1505,-0.05060695484280586
1506,0.20041996240615845
1507,0.5069857239723206
1508,-0.04419495537877083
1509,0.205071359872818
1510,0.5016462206840515
1511,-0.047590237110853195
1512,0.2321760058403015
1513,0.5159729719161987
1514,-0.03765466436743736
1515,0.19655315577983856
1516,0.5074917674064636
1517,-0.04505409300327301
1518,0.2017410397529602
1519,0.5129605531692505
1520,-0.03618161380290985
1521,0.2620227634906769
1522,0.4249737858772278
1523,-0.007100854534655809
1524,0.2535001039505005
1525,0.4281112551689148
1526,-0.005786098539829254
1527,0.24562610685825348
1528,0.4296814203262329
1529,-0.009003068320453167
1530,0.31346166133880615
1531,0.41629236936569214
1532,-0.039940979331731796
1533,0.32306867837905884
1534,0.40785446763038635
1535,-0.04352053254842758
1536,0.0
1537,0.0
1538,0.0
1539,0.0
1540,0.0
1541,0.0
1542,0.0
1543,0.0
1544,0.0
1545,0.0
1546,0.0
1547,0.0
1548,0.0
1549,0.0
1550,0.0
1551,0.0
1552,0.0
1553,0.0
1554,0.0
1555,0.0
1556,0.0
1557,0.0
1558,0.0
1559,0.0
1560,0.0
1561,0.0
1562,0.0
1563,0.0
1564,0.0
1565,0.0
1566,0.0
1567,0.0
1568,0.0
1569,0.0
1570,0.0
1571,0.0
1572,0.0
1573,0.0
1574,0.0
1575,0.0
1576,0.0
1577,0.0
1578,0.0
1579,0.0
1580,0.0
1581,0.0
1582,0.0
1583,0.0
1584,0.0
1585,0.0
1586,0.0
1587,0.0
1588,0.0
1589,0.0
1590,0.0
1591,0.0
1592,0.0
1593,0.0
1594,0.0
1595,0.0
1596,0.0
1597,0.0
1598,0.0
1599,0.0
1600,0.0
1601,0.0
1602,0.0
1603,0.0
1604,0.0
1605,0.0
1606,0.0
1607,0.0
1608,0.0
1609,0.0
1610,0.0
1611,0.0
1612,0.0
1613,0.0
1614,0.0
1615,0.0
1616,0.0
1617,0.0
1618,0.0
1619,0.0
1620,0.0
1621,0.0
1622,0.0
1623,0.0
1624,0.0
1625,0.0
1626,0.0
1627,0.0
1628,0.0
1629,0.0
1630,0.0
1631,0.0
1632,0.0
1633,0.0
1634,0.0
1635,0.0
1636,0.0
1637,0.0
1638,0.0
1639,0.0
1640,0.0
1641,0.0
1642,0.0
1643,0.0
1644,0.0
1645,0.0
1646,0.0
1647,0.0
1648,0.0
1649,0.0
1650,0.0
1651,0.0
1652,0.0
1653,0.0
1654,0.0
1655,0.0
1656,0.0
1657,0.0
1658,0.0
1659,0.0
1660,0.0
1661,0.0
