,0
0,0.23992820084095
1,0.49371883273124695
2,-1.1057703495025635
3,0.9852259159088135
4,0.2889196276664734
5,0.4099348485469818
6,-1.1066750288009644
7,0.974291980266571
8,0.31416335701942444
9,0.4124796986579895
10,-1.1072434186935425
11,0.978283703327179
12,0.3425103724002838
13,0.4170345366001129
14,-1.1076127290725708
15,0.972834050655365
16,0.24575307965278625
17,0.41235998272895813
18,-1.0141247510910034
19,0.9699947237968445
20,0.237207293510437
21,0.41413742303848267
22,-1.0140283107757568
23,0.9756494760513306
24,0.22868084907531738
25,0.41752517223358154
26,-1.014756441116333
27,0.9753167629241943
28,0.4281233251094818
29,0.472205251455307
30,-0.8299939036369324
31,0.9810056090354919
32,0.2830096185207367
33,0.4672798216342926
34,-0.4033137261867523
35,0.9715999364852905
36,0.29640471935272217
37,0.593052327632904
38,-0.9969900250434875
39,0.9841678142547607
40,0.24516496062278748
41,0.5949487090110779
42,-0.8703354597091675
43,0.9782146215438843
44,0.6916018724441528
45,0.9189245104789734
46,-0.5928807854652405
47,0.9431805610656738
48,0.15318557620048523
49,0.8822317719459534
50,-0.10934217274188995
51,0.9689795970916748
52,0.8372862935066223
53,1.3782391548156738
54,-0.8228617906570435
55,0.10121466219425201
56,-0.09264343231916428
57,1.2399665117263794
58,-0.789749026298523
59,0.6254006624221802
60,0.8276597857475281
61,1.751949667930603
62,-1.1350241899490356
63,0.050502754747867584
64,0.1407676637172699
65,0.6928894519805908
66,-2.055840492248535
67,0.8234809637069702
68,0.8606970906257629
69,1.8845287561416626
70,-1.216862678527832
71,0.06750177592039108
72,0.1894579827785492
73,0.5660711526870728
74,-2.2920937538146973
75,0.7148557901382446
76,0.8039196729660034
77,1.8691506385803223
78,-1.2599318027496338
79,0.10398600995540619
80,0.21532106399536133
81,0.5534629225730896
82,-2.1636924743652344
83,0.7715035676956177
84,0.7785148024559021
85,1.81911039352417
86,-1.1636886596679688
87,0.09221837669610977
88,0.21375878155231476
89,0.6004895567893982
90,-2.0485012531280518
91,0.6972842812538147
92,0.5819702744483948
93,1.9138755798339844
94,-0.19538083672523499
95,0.00021010858472436666
96,0.2085992842912674
97,1.8990607261657715
98,0.2000385969877243
99,0.00038002384826540947
100,0.5766392946243286
101,2.736156940460205
102,-0.370776891708374
103,0.002756421687081456
104,0.25402188301086426
105,2.6937551498413086
106,-0.1385495960712433
107,0.0027719009667634964
108,0.5915313959121704
109,3.495774030685425
110,0.2811174988746643
111,0.00022033005370758474
112,0.2746007740497589
113,3.4594833850860596
114,0.24393221735954285
115,7.931952859507874e-05
116,0.6055980920791626
117,3.6169862747192383
118,0.2962171137332916
119,9.09920345293358e-05
120,0.27455273270606995
121,3.5772852897644043
122,0.25784584879875183
123,0.00013045428204350173
124,0.528539776802063
125,3.7026052474975586
126,-0.5458369255065918
127,0.0001557277428219095
128,0.2984744608402252
129,3.682753801345825
130,-0.5919986963272095
131,0.00034114837762899697
132,0.20925597846508026
133,0.5442484617233276
134,-0.03965387120842934
135,0.1939198076725006
136,0.48053014278411865
137,-0.04946199059486389
138,0.21273097395896912
139,0.5061230063438416
140,-0.03281962126493454
141,0.2056056410074234
142,0.4391113221645355
143,-0.018928585574030876
144,0.19439955055713654
145,0.4644694924354553
146,-0.049546267837285995
147,0.20262452960014343
148,0.44779786467552185
149,-0.04193221032619476
150,0.22784733772277832
151,0.40911588072776794
152,-0.006681427359580994
153,0.199198380112648
154,0.43339917063713074
155,0.08857570588588715
156,0.23603329062461853
157,0.3777613937854767
158,0.008287858217954636
159,0.2358134388923645
160,0.3575941324234009
161,0.01217735931277275
162,0.2499479055404663
163,0.2886200547218323
164,0.03990834951400757
165,0.20985141396522522
166,0.552712619304657
167,-0.03949379548430443
168,0.21248194575309753
169,0.5603383183479309
170,-0.03778087720274925
171,0.21639305353164673
172,0.5643237829208374
173,-0.03476529195904732
174,0.21595855057239532
175,0.57252436876297
176,-0.0342843197286129
177,0.2137853354215622
178,0.5781104564666748
179,-0.03694386035203934
180,0.21254722774028778
181,0.585735559463501
182,-0.04052220657467842
183,0.2132900506258011
184,0.5955711603164673
185,-0.04206238314509392
186,0.21905817091464996
187,0.6149132251739502
188,-0.03858581557869911
189,0.19942572712898254
190,0.4919387698173523
191,-0.04661929979920387
192,0.20108506083488464
193,0.49643078446388245
194,-0.029251841828227043
195,0.21111121773719788
196,0.39638686180114746
197,0.17736168205738068
198,0.21602526307106018
199,0.4379312992095947
200,0.0562436617910862
201,0.20896458625793457
202,0.44107452034950256
203,0.06426670402288437
204,0.20311474800109863
205,0.4424549639225006
206,0.07395268976688385
207,0.20003117620944977
208,0.44025716185569763
209,0.0917397066950798
210,0.2216465026140213
211,0.4320850372314453
212,0.049348872154951096
213,0.20509454607963562
214,0.40471696853637695
215,0.06845097988843918
216,0.2129475176334381
217,0.40308207273483276
218,0.05916253849864006
219,0.1991388350725174
220,0.40931910276412964
221,0.07823006808757782
222,0.19658516347408295
223,0.4162468910217285
224,0.08582484722137451
225,0.19693759083747864
226,0.45088356733322144
227,0.09890922158956528
228,0.19732531905174255
229,0.6433818340301514
230,-0.004889949690550566
231,0.19881808757781982
232,0.4322649836540222
233,0.09470927715301514
234,0.20881998538970947
235,0.45586204528808594
236,0.16604487597942352
237,0.19772744178771973
238,0.44483682513237
239,0.11872560530900955
240,0.1934826672077179
241,0.49304142594337463
242,0.03244910016655922
243,0.1996825933456421
244,0.5442802906036377
245,-0.027970850467681885
246,0.20495381951332092
247,0.5621479749679565
248,-0.02703562192618847
249,0.19318857789039612
250,0.5525798797607422
251,-0.01251495722681284
252,0.1916811168193817
253,0.5624951124191284
254,0.0015605356311425567
255,0.20069125294685364
256,0.5650869607925415
257,-0.014308234676718712
258,0.19838128983974457
259,0.569278359413147
260,-0.002185707911849022
261,0.19266891479492188
262,0.5926426649093628
263,0.01715731993317604
264,0.1889699399471283
265,0.4825321137905121
266,-0.043085336685180664
267,0.18832767009735107
268,0.4673064947128296
269,-0.04192590340971947
270,0.19115665555000305
271,0.4071607291698456
272,0.10386448353528976
273,0.21272112429141998
274,0.4530603289604187
275,0.02657514065504074
276,0.18915432691574097
277,0.490436851978302
278,-0.00244867498986423
279,0.1924755871295929
280,0.48374709486961365
281,0.0023066119756549597
282,0.18242147564888
283,0.500146210193634
284,0.06978500634431839
285,0.196400985121727
286,0.4515518248081207
287,-0.031159965321421623
288,0.19705830514431
289,0.38306725025177
290,0.07012297213077545
291,0.19163739681243896
292,0.3929312825202942
293,0.08864177018404007
294,0.20658086240291595
295,0.3656940460205078
296,0.15698976814746857
297,0.22198864817619324
298,0.3811366558074951
299,0.027607185766100883
300,0.22048327326774597
301,0.4050334095954895
302,0.05407535657286644
303,0.18846550583839417
304,0.5793247818946838
305,0.03023352101445198
306,0.22415900230407715
307,0.6009663343429565
308,0.1433451622724533
309,0.195906862616539
310,0.4983347952365875
311,-0.007092611398547888
312,0.2021556794643402
313,0.5022218823432922
314,-0.019365724176168442
315,0.1936892420053482
316,0.5780495405197144
317,0.0238388329744339
318,0.1980646848678589
319,0.5762151479721069
320,0.016835542395710945
321,0.19174832105636597
322,0.3860538899898529
323,0.09997393935918808
324,0.19295567274093628
325,0.4988720118999481
326,0.00022229854948818684
327,0.2066570371389389
328,0.3779124319553375
329,0.049574241042137146
330,0.20522969961166382
331,0.3660331666469574
332,0.05229470878839493
333,0.21585869789123535
334,0.31523507833480835
335,0.09644336253404617
336,0.198158398270607
337,0.37462735176086426
338,0.12535157799720764
339,0.2096918225288391
340,0.3379385769367218
341,0.07431742548942566
342,0.1926039159297943
343,0.4036332368850708
344,0.11883579939603806
345,0.20052891969680786
346,0.40048736333847046
347,0.14692668616771698
348,0.20126983523368835
349,0.5544322729110718
350,-0.028080947697162628
351,0.1962742805480957
352,0.5597971081733704
353,-0.013835359364748001
354,0.1943720281124115
355,0.5660495162010193
356,-0.001518433098681271
357,0.1990205943584442
358,0.5012893676757812
359,-0.009480379521846771
360,0.19559508562088013
361,0.577279269695282
362,0.01963343843817711
363,0.19608354568481445
364,0.5787124633789062
365,0.007223124150186777
366,0.20010197162628174
367,0.575191080570221
368,0.015451457351446152
369,0.19200381636619568
370,0.4889017939567566
371,-0.018912235274910927
372,0.20283880829811096
373,0.5684794187545776
374,-0.002490111393854022
375,0.20536695420742035
376,0.5664430260658264
377,-0.012732747942209244
378,0.209701806306839
379,0.5652731657028198
380,-0.023877741768956184
381,0.20895683765411377
382,0.6145707964897156
383,-0.028650397434830666
384,0.2039443850517273
385,0.595231831073761
386,-0.03074616752564907
387,0.20388475060462952
388,0.5855765342712402
389,-0.029016077518463135
390,0.20578423142433167
391,0.5779883861541748
392,-0.02496221475303173
393,0.20853838324546814
394,0.5733174085617065
395,-0.02296827919781208
396,0.20209020376205444
397,0.5750474333763123
398,-0.002289051888510585
399,0.1998019814491272
400,0.576804518699646
401,-0.004617434460669756
402,0.1970134973526001
403,0.5808044672012329
404,-0.006490697152912617
405,0.1952645629644394
406,0.586552083492279
407,-0.004169198218733072
408,0.18877212703227997
409,0.5462775230407715
410,0.011515535414218903
411,0.23076024651527405
412,0.5296792387962341
413,0.18518278002738953
414,0.20636236667633057
415,0.49852505326271057
416,-0.037175603210926056
417,0.20151135325431824
418,0.5758573412895203
419,0.007909588515758514
420,0.19858014583587646
421,0.5764760375022888
422,0.006525706499814987
423,0.2039773017168045
424,0.508882999420166
425,-0.022025544196367264
426,0.19808535277843475
427,0.5087428092956543
428,-0.0008340188069269061
429,0.20298394560813904
430,0.5057523250579834
431,-0.020953767001628876
432,0.20629362761974335
433,0.46464335918426514
434,0.035722766071558
435,0.19490887224674225
436,0.4775511920452118
437,0.0480523444712162
438,0.19455382227897644
439,0.4920315444469452
440,0.006519136484712362
441,0.20858097076416016
442,0.33825647830963135
443,0.1282763034105301
444,0.20216593146324158
445,0.3536298871040344
446,0.10156630724668503
447,0.19631808996200562
448,0.37255191802978516
449,0.07837323099374771
450,0.19626446068286896
451,0.6007785201072693
452,0.0036323603708297014
453,0.21860089898109436
454,0.36170437932014465
455,0.03072534315288067
456,0.22249166667461395
457,0.32839468121528625
458,0.04912971332669258
459,0.22864538431167603
460,0.2997514009475708
461,0.06544297933578491
462,0.20038990676403046
463,0.4429997503757477
464,0.08394366502761841
465,0.19326958060264587
466,0.462887704372406
467,0.10929851233959198
468,0.22515720129013062
469,0.42658165097236633
470,0.04805556312203407
471,0.19559019804000854
472,0.4246615767478943
473,0.1021694764494896
474,0.21656250953674316
475,0.44092971086502075
476,0.02031426504254341
477,0.18777580559253693
478,0.4808986186981201
479,-0.014234342612326145
480,0.1922161877155304
481,0.4767695367336273
482,0.12631811201572418
483,0.18959227204322815
484,0.4696361720561981
485,0.09407356381416321
486,0.19088290631771088
487,0.47001025080680847
488,0.07403984665870667
489,0.20134411752223969
490,0.4632467031478882
491,0.0560942217707634
492,0.21106742322444916
493,0.4543304741382599
494,0.044480957090854645
495,0.21797902882099152
496,0.4445141553878784
497,0.03510582447052002
498,0.2215336263179779
499,0.4157722592353821
500,0.004796268884092569
501,0.18625420331954956
502,0.5056672096252441
503,0.11653850972652435
504,0.19477060437202454
505,0.4248497188091278
506,0.11390656232833862
507,0.19630193710327148
508,0.4924207329750061
509,-0.04177068918943405
510,0.2071930468082428
511,0.46515199542045593
512,0.018365776166319847
513,0.22848761081695557
514,0.4623194932937622
515,0.1998317837715149
516,0.22263073921203613
517,0.43430665135383606
518,0.03016119822859764
519,0.19912761449813843
520,0.49537593126296997
521,0.014846911653876305
522,0.19899922609329224
523,0.43378323316574097
524,0.09922923892736435
525,0.19253623485565186
526,0.47279664874076843
527,-0.008729757741093636
528,0.22788181900978088
529,0.5648552179336548
530,0.1675819307565689
531,0.22675935924053192
532,0.4219164550304413
533,0.053233541548252106
534,0.19386045634746552
535,0.46021485328674316
536,-0.020758245140314102
537,0.195825457572937
538,0.620951771736145
539,0.07007817924022675
540,0.2096397876739502
541,0.6444636583328247
542,0.08099285513162613
543,0.20380589365959167
544,0.5187762379646301
545,0.1540166139602661
546,0.19866570830345154
547,0.6047648191452026
548,0.09616488963365555
549,0.2055293470621109
550,0.42613229155540466
551,0.1605180948972702
552,0.19737766683101654
553,0.6627688407897949
554,-0.0022254018113017082
555,0.20362746715545654
556,0.4986613392829895
557,-0.03395882248878479
558,0.20263472199440002
559,0.479004442691803
560,0.024643097072839737
561,0.1993463933467865
562,0.4503173232078552
563,0.13523530960083008
564,0.2027319371700287
565,0.4338652491569519
566,0.0753476619720459
567,0.2082836627960205
568,0.433134526014328
569,0.06715036928653717
570,0.19446519017219543
571,0.582417368888855
572,0.010448251850903034
573,0.1863328516483307
574,0.5355476140975952
575,0.10822249203920364
576,0.20996913313865662
577,0.6892895102500916
578,-0.019374756142497063
579,0.20386721193790436
580,0.6709108948707581
581,0.0288711991161108
582,0.20547345280647278
583,0.660042405128479
584,0.05277428403496742
585,0.24122002720832825
586,0.32116609811782837
587,0.02596461772918701
588,0.2259182333946228
589,0.6940590739250183
590,-0.039503831416368484
591,0.21460208296775818
592,0.4304901957511902
593,0.06007680669426918
594,0.22054176032543182
595,0.42661017179489136
596,0.056109149008989334
597,0.22455783188343048
598,0.4238356947898865
599,0.05487082153558731
600,0.19724184274673462
601,0.42522120475769043
602,0.12967100739479065
603,0.22018282115459442
604,0.416727751493454
605,0.05839112028479576
606,0.21358762681484222
607,0.41649749875068665
608,0.06277630478143692
609,0.20697104930877686
610,0.41752272844314575
611,0.06952764093875885
612,0.2015841007232666
613,0.42119431495666504
614,0.07763950526714325
615,0.19929617643356323
616,0.4255732297897339
617,0.08363416790962219
618,0.21900483965873718
619,0.42606237530708313
620,0.1928202211856842
621,0.20026738941669464
622,0.4337104856967926
623,0.08286252617835999
624,0.21272246539592743
625,0.5186974406242371
626,-0.03330538049340248
627,0.19225314259529114
628,0.5331273674964905
629,-0.00017806079995352775
630,0.19337308406829834
631,0.49510103464126587
632,-0.010185802355408669
633,0.20182405412197113
634,0.5230328440666199
635,-0.022634059190750122
636,0.23570621013641357
637,0.394707053899765
638,0.004248908720910549
639,0.1956654042005539
640,0.6376391649246216
641,0.04478038102388382
642,0.19692979753017426
643,0.6500124931335449
644,0.021267330273985863
645,0.20297753810882568
646,0.6724748611450195
647,-0.027150114998221397
648,0.21739760041236877
649,0.6273414492607117
650,0.11291834712028503
651,0.224359929561615
652,0.4192354679107666
653,0.055514056235551834
654,0.2106286585330963
655,0.438811719417572
656,0.0014368164120242
657,0.2181982696056366
658,0.6762624382972717
659,-0.0466441884636879
660,0.20381727814674377
661,0.6808273792266846
662,0.00456291064620018
663,0.2034679353237152
664,0.5512585043907166
665,0.14011962711811066
666,0.20408016443252563
667,0.5739357471466064
668,-0.011996333487331867
669,0.2015821635723114
670,0.5773395299911499
671,-0.013931808061897755
672,0.19925111532211304
673,0.5831425786018372
674,-0.01644502580165863
675,0.19790644943714142
676,0.5917454957962036
677,-0.015984026715159416
678,0.200973778963089
679,0.608525276184082
680,-0.011378041468560696
681,0.19782090187072754
682,0.573149561882019
683,0.008983314037322998
684,0.19439974427223206
685,0.5725380182266235
686,0.012127429246902466
687,0.19210085272789001
688,0.5709749460220337
689,0.01489076018333435
690,0.1870219111442566
691,0.5622036457061768
692,0.024416515603661537
693,0.18186208605766296
694,0.5364285707473755
695,0.07659255713224411
696,0.2196468561887741
697,0.4274391233921051
698,0.013036868534982204
699,0.22954176366329193
700,0.40683314204216003
701,0.039100345224142075
702,0.22711820900440216
703,0.41213563084602356
704,0.05009350925683975
705,0.20160137116909027
706,0.5708896517753601
707,0.008041970431804657
708,0.18786737322807312
709,0.5772074460983276
710,0.08172785490751266
711,0.22918130457401276
712,0.40153831243515015
713,0.02043130435049534
714,0.20077162981033325
715,0.6253846883773804
716,-0.0086205480620265
717,0.21166858077049255
718,0.4348490238189697
719,-0.02992558479309082
720,0.2129857838153839
721,0.4280637204647064
722,-0.008442909456789494
723,0.2196233719587326
724,0.42252814769744873
725,-0.017674824222922325
726,0.20225341618061066
727,0.4626135528087616
728,0.0005350075662136078
729,0.21604329347610474
730,0.6552737951278687
731,-0.04723434895277023
732,0.2178562581539154
733,0.6331248879432678
734,-0.04288365691900253
735,0.2069554328918457
736,0.6322109699249268
737,-0.02892683818936348
738,0.19067665934562683
739,0.6016419529914856
740,0.026051947847008705
741,0.19457611441612244
742,0.5103543996810913
743,0.020935241132974625
744,0.19574137032032013
745,0.6156233549118042
746,0.008770191110670567
747,0.18383143842220306
748,0.5143598318099976
749,0.04280748963356018
750,0.18807324767112732
751,0.5285176038742065
752,0.02717386931180954
753,0.18136249482631683
754,0.5427130460739136
755,0.05208885297179222
756,0.2027921974658966
757,0.6526942253112793
758,-0.02849944308400154
759,0.20193496346473694
760,0.4742330312728882
761,0.009012609720230103
762,0.19060653448104858
763,0.6163877844810486
764,0.036972805857658386
765,0.19501209259033203
766,0.6305978298187256
767,0.01554733794182539
768,0.185977965593338
769,0.5836165547370911
770,0.04029170051217079
771,0.18908846378326416
772,0.5622996091842651
773,0.10146351903676987
774,0.1861143261194229
775,0.5899172425270081
776,0.05614408478140831
777,0.2022760808467865
778,0.5807454586029053
779,0.1237005963921547
780,0.1846323311328888
781,0.5525288581848145
782,0.0350906066596508
783,0.20943927764892578
784,0.451856791973114
785,0.010557889938354492
786,0.18870750069618225
787,0.48648566007614136
788,-0.01865258812904358
789,0.19015155732631683
790,0.4946421682834625
791,-0.008268588222563267
792,0.1870386153459549
793,0.47282499074935913
794,-0.027092715725302696
795,0.223249614238739
796,0.39643770456314087
797,0.04607996717095375
798,0.21136310696601868
799,0.3934469521045685
800,0.05683910474181175
801,0.2016855925321579
802,0.395877480506897
803,0.06804708391427994
804,0.19511017203330994
805,0.4018075168132782
806,0.08112405985593796
807,0.19311174750328064
808,0.41172900795936584
809,0.09257794916629791
810,0.19853469729423523
811,0.4391148090362549
812,0.10650607943534851
813,0.20549684762954712
814,0.487332284450531
815,0.16292385756969452
816,0.19597291946411133
817,0.4546874761581421
818,0.08879780769348145
819,0.1984453946352005
820,0.45493099093437195
821,0.07473215460777283
822,0.2059847116470337
823,0.45159682631492615
824,0.061161503195762634
825,0.21467219293117523
826,0.4455459415912628
827,0.05069529265165329
828,0.22140870988368988
829,0.43825411796569824
830,0.042743463069200516
831,0.22567710280418396
832,0.43137431144714355
833,0.038034215569496155
834,0.232223778963089
835,0.4962009787559509
836,0.19685810804367065
837,0.1936994194984436
838,0.4998420774936676
839,-0.00520144309848547
840,0.20299938321113586
841,0.44917646050453186
842,-0.008278219029307365
843,0.187622532248497
844,0.48310527205467224
845,-0.032311953604221344
846,0.1964985579252243
847,0.4922855794429779
848,-0.03567149490118027
849,0.1919017732143402
850,0.4875256419181824
851,-0.028400735929608345
852,0.1979825496673584
853,0.5047107338905334
854,-0.006882703863084316
855,0.19557534158229828
856,0.492681622505188
857,-0.039519526064395905
858,0.20195284485816956
859,0.4984169602394104
860,-0.03154269605875015
861,0.22807814180850983
862,0.4208565950393677
863,0.04679730534553528
864,0.22936969995498657
865,0.42152559757232666
866,0.034413717687129974
867,0.22684767842292786
868,0.42096829414367676
869,0.024272482842206955
870,0.1984889805316925
871,0.4290754199028015
872,0.08877626061439514
873,0.19664475321769714
874,0.4243405759334564
875,0.09360623359680176
876,0.22061973810195923
877,0.4363677501678467
878,-0.03554457426071167
879,0.3254412114620209
880,0.40483343601226807
881,-0.031445056200027466
882,0.21691790223121643
883,0.49409642815589905
884,-0.041990894824266434
885,0.41346830129623413
886,0.3490928113460541
887,-0.005945584271103144
888,0.29058176279067993
889,0.41982805728912354
890,-0.02125626616179943
891,0.3010053038597107
892,0.41971370577812195
893,-0.028714291751384735
894,0.31297120451927185
895,0.41836345195770264
896,-0.033654648810625076
897,0.33386021852493286
898,0.41082215309143066
899,-0.035103391855955124
900,0.2825707495212555
901,0.4171755313873291
902,-0.011700334958732128
903,0.3019469976425171
904,0.3760712742805481
905,-0.028270578011870384
906,0.29103970527648926
907,0.3785436451435089
908,-0.017234643921256065
909,0.31497639417648315
910,0.3772866725921631
911,-0.03364115580916405
912,0.3256601095199585
913,0.3824778199195862
914,-0.03540724888443947
915,0.3450015187263489
916,0.42049452662467957
917,-0.037231653928756714
918,0.2674965560436249
919,0.6458703875541687
920,-0.06162966042757034
921,0.3318104147911072
922,0.40156641602516174
923,-0.03090403974056244
924,0.4118974804878235
925,0.42021602392196655
926,-0.02216680720448494
927,0.36509501934051514
928,0.4105971157550812
929,-0.03439556062221527
930,0.28439274430274963
931,0.47925859689712524
932,-0.0455968976020813
933,0.2238139510154724
934,0.5409726500511169
935,-0.047993700951337814
936,0.22573548555374146
937,0.5598992705345154
938,-0.04551833122968674
939,0.24371002614498138
940,0.5477381944656372
941,-0.05399056524038315
942,0.259025514125824
943,0.5559171438217163
944,-0.055907465517520905
945,0.2411305010318756
946,0.5617780685424805
947,-0.05047958344221115
948,0.25442036986351013
949,0.5646960735321045
950,-0.050612691789865494
951,0.2832893133163452
952,0.5866497159004211
953,-0.05704044550657272
954,0.20316052436828613
955,0.47977179288864136
956,-0.053899746388196945
957,0.2049989551305771
958,0.46427109837532043
959,-0.05485212057828903
960,0.34754279255867004
961,0.3671863079071045
962,-0.0396038256585598
963,0.2668491303920746
964,0.44291913509368896
965,-0.024037037044763565
966,0.24839118123054504
967,0.4823543429374695
968,-0.05041990429162979
969,0.2528543770313263
970,0.47536370158195496
971,-0.04698892682790756
972,0.327450156211853
973,0.4786277413368225
974,-0.05906618386507034
975,0.21246282756328583
976,0.448787659406662
977,-0.04758455976843834
978,0.30712470412254333
979,0.3495369553565979
980,-0.029649468138813972
981,0.32877612113952637
982,0.3546043634414673
983,-0.03631511703133583
984,0.38695114850997925
985,0.31685376167297363
986,-0.007516407873481512
987,0.2564666271209717
988,0.3689245581626892
989,-0.004969520028680563
990,0.28276196122169495
991,0.384985089302063
992,-0.008031760342419147
993,0.2929536700248718
994,0.5702652931213379
995,-0.05929138883948326
996,0.41663607954978943
997,0.5936840772628784
998,-0.02966172620654106
999,0.24130523204803467
1000,0.49242478609085083
1001,-0.042728569358587265
1002,0.2313949167728424
1003,0.4988926649093628
1004,-0.036943498998880386
1005,0.28019028902053833
1006,0.570803165435791
1007,-0.05355297029018402
1008,0.2764185965061188
1009,0.5701930522918701
1010,-0.05110086500644684
1011,0.33927494287490845
1012,0.3447076678276062
1013,-0.03332965075969696
1014,0.25354087352752686
1015,0.491912305355072
1016,-0.04674765467643738
1017,0.2829718589782715
1018,0.3529245853424072
1019,-0.019008221104741096
1020,0.2846544682979584
1021,0.3392717242240906
1022,-0.018719792366027832
1023,0.3150101900100708
1024,0.2808646261692047
1025,0.0016147511778399348
1026,0.36102551221847534
1027,0.3299160897731781
1028,-0.02190505340695381
1029,0.29702964425086975
1030,0.3079594075679779
1031,-0.007913726381957531
1032,0.3611554205417633
1033,0.36152225732803345
1034,-0.03494266793131828
1035,0.385622501373291
1036,0.35616689920425415
1037,-0.02035321295261383
1038,0.224167600274086
1039,0.5515941381454468
1040,-0.04808461293578148
1041,0.2409498691558838
1042,0.5557504296302795
1043,-0.052918870002031326
1044,0.2557249367237091
1045,0.5604009628295898
1046,-0.0539063885807991
1047,0.23997920751571655
1048,0.4967796504497528
1049,-0.038621608167886734
1050,0.2777324914932251
1051,0.5705572366714478
1052,-0.05188750848174095
1053,0.26923632621765137
1054,0.5728998780250549
1055,-0.05321887135505676
1056,0.276422381401062
1057,0.5699701309204102
1058,-0.05064138397574425
1059,0.226082444190979
1060,0.4832249581813812
1061,-0.05161556228995323
1062,0.2561042308807373
1063,0.5647503137588501
1064,-0.048447418957948685
1065,0.24281921982765198
1066,0.5636204481124878
1067,-0.046477388590574265
1068,0.22896847128868103
1069,0.5631357431411743
1070,-0.04274080693721771
1071,0.23508906364440918
1072,0.6138544082641602
1073,-0.04738398641347885
1074,0.2286868691444397
1075,0.5932044982910156
1076,-0.05119091272354126
1077,0.2271110713481903
1078,0.5831656455993652
1079,-0.05011560022830963
1080,0.2273251712322235
1081,0.5757121443748474
1082,-0.045968424528837204
1083,0.22871065139770508
1084,0.5711498260498047
1085,-0.04285357519984245
1086,0.2566976547241211
1087,0.5704329609870911
1088,-0.04889095574617386
1089,0.25706741213798523
1090,0.5717201232910156
1091,-0.051193732768297195
1092,0.25845441222190857
1093,0.5754414796829224
1094,-0.05456775426864624
1095,0.26048293709754944
1096,0.5811103582382202
1097,-0.05607699602842331
1098,0.2701020836830139
1099,0.5374966859817505
1100,-0.05487580969929695
1101,0.4390241503715515
1102,0.5067023038864136
1103,-0.007399750407785177
1104,0.26643961668014526
1105,0.571037769317627
1106,-0.04993182048201561
1107,0.2672126591205597
1108,0.5712058544158936
1109,-0.05163387209177017
1110,0.2274283468723297
1111,0.506471574306488
1112,-0.039200060069561005
1113,0.25280800461769104
1114,0.5037106871604919
1115,-0.03835616260766983
1116,0.22917160391807556
1117,0.5028048753738403
1118,-0.037849146872758865
1119,0.27915918827056885
1120,0.4515702724456787
1121,-0.0319850817322731
1122,0.2963641881942749
1123,0.460097074508667
1124,-0.04356752708554268
1125,0.2582811117172241
1126,0.48400136828422546
1127,-0.044446371495723724
1128,0.3543003499507904
1129,0.29308342933654785
1130,-0.006185375619679689
1131,0.33217835426330566
1132,0.31330227851867676
1133,-0.017458047717809677
1134,0.3129759132862091
1135,0.3365168571472168
1136,-0.02764173038303852
1137,0.26954036951065063
1138,0.5975428819656372
1139,-0.05762090906500816
1140,0.25833478569984436
1141,0.34704405069351196
1142,-0.0052130683325231075
1143,0.2681565284729004
1144,0.31190627813339233
1145,0.006344643421471119
1146,0.2815581262111664
1147,0.28027135133743286
1148,0.01760261319577694
1149,0.3255558907985687
1150,0.4155459403991699
1151,-0.03554682061076164
1152,0.3595878779888153
1153,0.4316709041595459
1154,-0.04228823632001877
1155,0.2773685157299042
1156,0.41368913650512695
1157,-0.006296652834862471
1158,0.34486818313598633
1159,0.38925984501838684
1160,-0.03668462112545967
1161,0.25761741399765015
1162,0.43256545066833496
1163,-0.020265091210603714
1164,0.2344275712966919
1165,0.4733687937259674
1166,-0.052913278341293335
1167,0.37998563051223755
1168,0.44496792554855347
1169,-0.04580948129296303
1170,0.3444739878177643
1171,0.4411255121231079
1172,-0.04845128953456879
1173,0.3228849768638611
1174,0.4456835985183716
1175,-0.046651456505060196
1176,0.29890066385269165
1177,0.444420725107193
1178,-0.03610339015722275
1179,0.28392449021339417
1180,0.43973302841186523
1181,-0.025456679984927177
1182,0.27241235971450806
1183,0.4332457482814789
1184,-0.01749551109969616
1185,0.23843443393707275
1186,0.41172799468040466
1187,-0.012525714002549648
1188,0.37438976764678955
1189,0.4795769453048706
1190,-0.0552622452378273
1191,0.3583775460720062
1192,0.387509286403656
1193,-0.037862688302993774
1194,0.20448434352874756
1195,0.49075666069984436
1196,-0.050411406904459
1197,0.26064127683639526
1198,0.45627784729003906
1199,-0.030773676931858063
1200,0.4412575364112854
1201,0.42751288414001465
1202,0.0017185360193252563
1203,0.26307395100593567
1204,0.42494335770606995
1205,-0.010884817689657211
1206,0.2645382881164551
1207,0.48759350180625916
1208,-0.0361223965883255
1209,0.3393923044204712
1210,0.4014885425567627
1211,-0.03258555755019188
1212,0.2402631640434265
1213,0.46554648876190186
1214,-0.04807685688138008
1215,0.4320525527000427
1216,0.5491752028465271
1217,-0.017013197764754295
1218,0.27960771322250366
1219,0.40875372290611267
1220,-0.003931616432964802
1221,0.225249245762825
1222,0.4549415111541748
1223,-0.049732621759176254
1224,0.34878867864608765
1225,0.6207950115203857
1226,-0.05869906395673752
1227,0.362452894449234
1228,0.6491888761520386
1229,-0.050304945558309555
1230,0.4097821116447449
1231,0.49300670623779297
1232,-0.033822089433670044
1233,0.3743627071380615
1234,0.6002859473228455
1235,-0.05539993196725845
1236,0.40079519152641296
1237,0.3857346177101135
1238,-0.018690308555960655
1239,0.2724933624267578
1240,0.6680580377578735
1241,-0.06338953226804733
1242,0.21012479066848755
1243,0.4974881112575531
1244,-0.03916751593351364
1245,0.27208954095840454
1246,0.46814286708831787
1247,-0.03588201850652695
1248,0.3821289539337158
1249,0.41529467701911926
1250,-0.03381551802158356
1251,0.3105778694152832
1252,0.40890899300575256
1253,-0.03006509318947792
1254,0.30027279257774353
1255,0.4107488691806793
1256,-0.02626747451722622
1257,0.27261877059936523
1258,0.5761774182319641
1259,-0.05458995699882507
1260,0.3739568889141083
1261,0.5155080556869507
1262,-0.05754048377275467
1263,0.25097376108169556
1264,0.6939589381217957
1265,-0.05348457768559456
1266,0.3038645088672638
1267,0.6791388392448425
1268,-0.05589662119746208
1269,0.33037906885147095
1270,0.6673570871353149
1271,-0.05401642620563507
1272,0.2922346293926239
1273,0.41121870279312134
1274,-0.019477777183055878
1275,0.28583940863609314
1276,0.4102822542190552
1277,-0.012309351935982704
1278,0.28171539306640625
1279,0.40984925627708435
1280,-0.006509517785161734
1281,0.3745361566543579
1282,0.3859943449497223
1283,-0.033871524035930634
1284,0.2861217260360718
1285,0.3985912799835205
1286,-0.011826543137431145
1287,0.29328256845474243
1288,0.3940892219543457
1289,-0.018535984680056572
1290,0.3011094033718109
1291,0.3922005891799927
1292,-0.024954237043857574
1293,0.3117881715297699
1294,0.3930915892124176
1295,-0.029924282804131508
1296,0.3200073540210724
1297,0.3959566056728363
1298,-0.031525008380413055
1299,0.43065154552459717
1300,0.3837019205093384
1301,-0.0003887734783347696
1302,0.31879350543022156
1303,0.4067830741405487
1304,-0.0316455252468586
1305,0.2569730579853058
1306,0.5269700288772583
1307,-0.05037275701761246
1308,0.23863248527050018
1309,0.4884348213672638
1310,-0.043610598891973495
1311,0.22817546129226685
1312,0.5199788808822632
1313,-0.04317354038357735
1314,0.32352593541145325
1315,0.6404212713241577
1316,-0.05944621562957764
1317,0.29934343695640564
1318,0.6553125381469727
1319,-0.06097247451543808
1320,0.24396026134490967
1321,0.6754890084266663
1322,-0.06034781411290169
1323,0.39161351323127747
1324,0.6273490190505981
1325,-0.04146767407655716
1326,0.2813127040863037
1327,0.4048798978328705
1328,-0.0071840351447463036
1329,0.23951277136802673
1330,0.4330458641052246
1331,-0.026011250913143158
1332,0.2768182158470154
1333,0.688080906867981
1334,-0.058362510055303574
1335,0.40572917461395264
1336,0.5326845645904541
1337,-0.04014093056321144
1338,0.24277545511722565
1339,0.5701984167098999
1340,-0.04711692035198212
1341,0.2428918182849884
1342,0.5732704997062683
1343,-0.05011369660496712
1344,0.2433965802192688
1345,0.5790650248527527
1346,-0.05434521287679672
1347,0.24462464451789856
1348,0.5878368616104126
1349,-0.05587483569979668
1350,0.2533528208732605
1351,0.6067007184028625
1352,-0.05586891621351242
1353,0.267947256565094
1354,0.5677528977394104
1355,-0.05139649286866188
1356,0.2696194052696228
1357,0.566021203994751
1358,-0.05403826758265495
1359,0.2726300358772278
1360,0.5633049607276917
1361,-0.055695705115795135
1362,0.2830287218093872
1363,0.5523682832717896
1364,-0.05820494145154953
1365,0.34384167194366455
1366,0.5188324451446533
1367,-0.06333544105291367
1368,0.2479531168937683
1369,0.4209566116333008
1370,-0.015322073362767696
1371,0.26645463705062866
1372,0.3961856961250305
1373,0.00268086651340127
1374,0.2754175066947937
1375,0.39815935492515564
1376,-0.0023213953245431185
1377,0.2678951025009155
1378,0.566471517086029
1379,-0.04966751113533974
1380,0.3550865650177002
1381,0.566589891910553
1382,-0.06076036021113396
1383,0.2511669099330902
1384,0.3948238492012024
1385,-0.001095191459171474
1386,0.2619269788265228
1387,0.6260063052177429
1388,-0.057800956070423126
1389,0.22929911315441132
1390,0.42469391226768494
1391,-0.02323337271809578
1392,0.24451708793640137
1393,0.4556770622730255
1394,-0.03554908558726311
1395,0.23801672458648682
1396,0.6328864097595215
1397,-0.052530184388160706
1398,0.2972014546394348
1399,0.5966593623161316
1400,-0.05983364209532738
1401,0.27465295791625977
1402,0.5007659792900085
1403,-0.04315606504678726
1404,0.28164801001548767
1405,0.614324152469635
1406,-0.059334564954042435
1407,0.30328643321990967
1408,0.4982317388057709
1409,-0.05746328458189964
1410,0.2849777340888977
1411,0.5170314908027649
1412,-0.05295037478208542
1413,0.31892162561416626
1414,0.5280002951622009
1415,-0.06267277151346207
1416,0.2402431070804596
1417,0.6542473435401917
1418,-0.059723980724811554
1419,0.2558481693267822
1420,0.46624109148979187
1421,-0.03629293292760849
1422,0.3122839033603668
1423,0.6142718195915222
1424,-0.061487652361392975
1425,0.2906019389629364
1426,0.6321343183517456
1427,-0.060495514422655106
1428,0.30751609802246094
1429,0.5745521187782288
1430,-0.0629844069480896
1431,0.3734082877635956
1432,0.5476093888282776
1433,-0.057803988456726074
1434,0.33046671748161316
1435,0.5822700262069702
1436,-0.06337419897317886
1437,0.39638903737068176
1438,0.5693156123161316
1439,-0.04776369780302048
1440,0.29731285572052
1441,0.5404789447784424
1442,-0.05951492115855217
1443,0.2500741183757782
1444,0.4444509744644165
1445,-0.02835024520754814
1446,0.2290009707212448
1447,0.48000994324684143
1448,-0.05395741015672684
1449,0.24356397986412048
1450,0.4872518479824066
1451,-0.048695798963308334
1452,0.21886011958122253
1453,0.4674935042858124
1454,-0.05548745021224022
1455,0.2724629044532776
1456,0.3805152177810669
1457,-0.0042914957739412785
1458,0.28790709376335144
1459,0.3689475655555725
1460,-0.01658327504992485
1461,0.3031565248966217
1462,0.3651787042617798
1463,-0.0277955811470747
1464,0.3193950653076172
1465,0.3669516444206238
1466,-0.03543240949511528
1467,0.33425286412239075
1468,0.37503892183303833
1469,-0.03795412927865982
1470,0.35037264227867126
1471,0.40589290857315063
1472,-0.03384210541844368
1473,0.41215780377388
1474,0.4557262361049652
1475,-0.029683584347367287
1476,0.33477386832237244
1477,0.42636334896087646
1478,-0.03907960280776024
1479,0.31843647360801697
1480,0.4303239583969116
1481,-0.03705994412302971
1482,0.3015938103199005
1483,0.43127813935279846
1484,-0.03088892623782158
1485,0.2879825234413147
1486,0.4292987287044525
1487,-0.021919172257184982
1488,0.27799513936042786
1489,0.4253155291080475
1490,-0.01215535681694746
1491,0.27058666944503784
1492,0.4205448031425476
1493,-0.006708088796585798
1494,0.44207993149757385
1495,0.46745869517326355
1496,-0.0005433040205389261
1497,0.24699729681015015
1498,0.4934494197368622
1499,-0.04491256922483444
1500,0.23185870051383972
1501,0.443922758102417
1502,-0.03675413131713867
1503,0.21430039405822754
1504,0.47883325815200806
1505,-0.054886505007743835
1506,0.21284443140029907
1507,0.4896775484085083
1508,-0.04884583503007889
1509,0.2180662751197815
1510,0.48326918482780457
1511,-0.05143655464053154
1512,0.24640697240829468
1513,0.500124990940094
1514,-0.040098439902067184
1515,0.20874643325805664
1516,0.4902198612689972
1517,-0.050014544278383255
1518,0.2138822376728058
1519,0.4966583251953125
1520,-0.04053302854299545
1521,0.27377164363861084
1522,0.40902239084243774
1523,-0.0008403068641200662
1524,0.2648089826107025
1525,0.4121694564819336
1526,-0.0004285212198738009
1527,0.25664764642715454
1528,0.41323110461235046
1529,-0.004750162363052368
1530,0.32579752802848816
1531,0.3987795114517212
1532,-0.03162514418363571
1533,0.33567267656326294
1534,0.3903872072696686
1535,-0.03486315533518791
1536,0.0
1537,0.0
1538,0.0
1539,0.0
1540,0.0
1541,0.0
1542,0.0
1543,0.0
1544,0.0
1545,0.0
1546,0.0
1547,0.0
1548,0.0
1549,0.0
1550,0.0
1551,0.0
1552,0.0
1553,0.0
1554,0.0
1555,0.0
1556,0.0
1557,0.0
1558,0.0
1559,0.0
1560,0.0
1561,0.0
1562,0.0
1563,0.0
1564,0.0
1565,0.0
1566,0.0
1567,0.0
1568,0.0
1569,0.0
1570,0.0
1571,0.0
1572,0.0
1573,0.0
1574,0.0
1575,0.0
1576,0.0
1577,0.0
1578,0.0
1579,0.0
1580,0.0
1581,0.0
1582,0.0
1583,0.0
1584,0.0
1585,0.0
1586,0.0
1587,0.0
1588,0.0
1589,0.0
1590,0.0
1591,0.0
1592,0.0
1593,0.0
1594,0.0
1595,0.0
1596,0.0
1597,0.0
1598,0.0
1599,0.08440569043159485
1600,0.7727535963058472
1601,2.882238447909913e-07
1602,0.15244221687316895
1603,0.7320044040679932
1604,0.011720347218215466
1605,0.1819363385438919
1606,0.6724329590797424
1607,0.01058181282132864
1608,0.20935040712356567
1609,0.6330819725990295
1610,0.002248974982649088
1611,0.23665687441825867
1612,0.6009804010391235
1613,-0.005411481950432062
1614,0.11440673470497131
1615,0.5737775564193726
1616,0.00802354421466589
1617,0.19892370700836182
1618,0.5394023656845093
1619,-0.012491176836192608
1620,0.25505706667900085
1621,0.5482577681541443
1622,-0.02650916762650013
1623,0.29387691617012024
1624,0.5716370940208435
1625,-0.03431237116456032
1626,0.10869148373603821
1627,0.5791396498680115
1628,-0.009682411327958107
1629,0.213029146194458
1630,0.5526112914085388
1631,-0.03632691502571106
1632,0.26616692543029785
1633,0.5995141267776489
1634,-0.04610883817076683
1635,0.288936972618103
1636,0.649772047996521
1637,-0.04832707345485687
1638,0.11612123996019363
1639,0.5981183052062988
1640,-0.028559645637869835
1641,0.22350537776947021
1642,0.5739226937294006
1643,-0.05577706918120384
1644,0.27163806557655334
1645,0.6247770190238953
1646,-0.05821540951728821
1647,0.2874355912208557
1648,0.6784452199935913
1649,-0.053154055029153824
1650,0.1329137086868286
1651,0.6259588599205017
1652,-0.046584602445364
1653,0.212453693151474
1654,0.600386381149292
1655,-0.06508608907461166
1656,0.2437172830104828
1657,0.6334813833236694
1658,-0.06481260061264038
1659,0.2533265948295593
1660,0.6753153800964355
1661,-0.060199834406375885
