,0
0,0.42687901854515076
1,0.3558443486690521
2,-0.8506788015365601
3,0.9999791383743286
4,0.4565984606742859
5,0.2942163646221161
6,-0.7863396406173706
7,0.9999531507492065
8,0.47275328636169434
9,0.2949216961860657
10,-0.786305844783783
11,0.9999520778656006
12,0.4833519458770752
13,0.29574695229530334
14,-0.7861253023147583
15,0.9999426603317261
16,0.4041662812232971
17,0.29734909534454346
18,-0.7860689759254456
19,0.9999565482139587
20,0.38772159814834595
21,0.29793304204940796
22,-0.7854503989219666
23,0.9999621510505676
24,0.37149709463119507
25,0.2987280488014221
26,-0.7856009602546692
27,0.9999635815620422
28,0.5062366724014282
29,0.32803669571876526
30,-0.37058132886886597
31,0.9999369978904724
32,0.35241934657096863
33,0.329367995262146
34,-0.3419426381587982
35,0.9999670386314392
36,0.4618692398071289
37,0.4235458970069885
38,-0.702564537525177
39,0.9999682903289795
40,0.39676162600517273
41,0.4282229244709015
42,-0.6970431804656982
43,0.9999672174453735
44,0.6482867002487183
45,0.6861360669136047
46,-0.08978338539600372
47,0.9993509650230408
48,0.2491644322872162
49,0.6625125408172607
50,-0.25248825550079346
51,0.9996696710586548
52,0.7470628619194031
53,1.0071109533309937
54,-0.10985414683818817
55,0.33717042207717896
56,0.13374288380146027
57,1.0178579092025757
58,-0.8289268612861633
59,0.8674043416976929
60,0.8207171559333801
61,1.2337383031845093
62,-0.48690199851989746
63,0.34756895899772644
64,0.26337674260139465
65,0.6263179779052734
66,-1.8019345998764038
67,0.85872483253479
68,0.8579599261283875
69,1.271151065826416
70,-0.5728940367698669
71,0.418427050113678
72,0.28649473190307617
73,0.511047899723053
74,-1.9988105297088623
75,0.8512890934944153
76,0.8394997715950012
77,1.2364462614059448
78,-0.6018038392066956
79,0.5198430418968201
80,0.2876133322715759
81,0.47332605719566345
82,-1.9473966360092163
83,0.8621852397918701
84,0.8079149127006531
85,1.229034423828125
86,-0.5231243968009949
87,0.5159034132957458
88,0.29220297932624817
89,0.5119220614433289
90,-1.8106365203857422
91,0.8579356074333191
92,0.5859322547912598
93,1.4338510036468506
94,-0.043901294469833374
95,0.0009280433296225965
96,0.2910383641719818
97,1.4329324960708618
98,0.04894951358437538
99,0.001084394520148635
100,0.5640002489089966
101,2.0721538066864014
102,-0.14181438088417053
103,0.0005153176607564092
104,0.30555111169815063
105,2.079862356185913
106,0.023414000868797302
107,0.0002771545550785959
108,0.5663803815841675
109,2.646719455718994
110,0.3726988434791565
111,0.00010847923840628937
112,0.3216782510280609
113,2.6462900638580322
114,0.4086889624595642
115,6.454922186094336e-06
116,0.5753981471061707
117,2.7252321243286133
118,0.383611798286438
119,6.853148806840181e-05
120,0.31652969121932983
121,2.718581199645996
122,0.43407148122787476
123,1.695394894341007e-05
124,0.5288653373718262
125,2.8117921352386475
126,-0.2345600128173828
127,5.08752855239436e-05
128,0.35796281695365906
129,2.830277919769287
130,-0.2192341834306717
131,3.241281592636369e-05
132,0.41534093022346497
133,0.4035892188549042
134,-0.025235354900360107
135,0.4112025499343872
136,0.3622587323188782
137,-0.04539444297552109
138,0.41381049156188965
139,0.375172883272171
140,-0.02465377375483513
141,0.4048151969909668
142,0.3260965645313263
143,-0.03283166140317917
144,0.41066235303878784
145,0.35036611557006836
146,-0.048004455864429474
147,0.41086363792419434
148,0.3355746567249298
149,-0.04438742622733116
150,0.4123440682888031
151,0.3010866940021515
152,-0.021731186658143997
153,0.35979801416397095
154,0.3029540777206421
155,0.017379002645611763
156,0.41257160902023315
157,0.27692005038261414
158,-0.01604991964995861
159,0.41220399737358093
160,0.2623906433582306
161,-0.01741013117134571
162,0.4119220972061157
163,0.20492956042289734
164,-0.006790036801248789
165,0.41572147607803345
166,0.4096635580062866
167,-0.024380914866924286
168,0.4162071645259857
169,0.41443169116973877
170,-0.0218200646340847
171,0.41672223806381226
172,0.41647231578826904
173,-0.018234606832265854
174,0.41717860102653503
175,0.4352957010269165
176,-0.01323685236275196
177,0.41721469163894653
178,0.4411391019821167
179,-0.014543385244905949
180,0.41735920310020447
181,0.4480804204940796
182,-0.0159092228859663
183,0.41771063208580017
184,0.45517855882644653
185,-0.013817955739796162
186,0.41846683621406555
187,0.4635257422924042
188,-0.005213739816099405
189,0.41205230355262756
190,0.36851412057876587
191,-0.04132528230547905
192,0.40573400259017944
193,0.3686170279979706
194,-0.029380202293395996
195,0.3370278477668762
196,0.26590126752853394
197,0.05981840565800667
198,0.3818719983100891
199,0.31147244572639465
200,0.006900664884597063
201,0.37423786520957947
202,0.31284165382385254
203,0.008047842420637608
204,0.3669056296348572
205,0.31293731927871704
206,0.01088128611445427
207,0.3573504090309143
208,0.3075556457042694
209,0.018691368401050568
210,0.38822323083877563
211,0.30813270807266235
212,0.00673261471092701
213,0.37060537934303284
214,0.2842519283294678
215,0.005137627944350243
216,0.37910234928131104
217,0.2844884991645813
218,0.004188722465187311
219,0.36298975348472595
220,0.28637027740478516
221,0.008307539857923985
222,0.3581806719303131
223,0.29047495126724243
224,0.012067032977938652
225,0.3517223596572876
226,0.3161059021949768
227,0.0229664146900177
228,0.3892313838005066
229,0.47450336813926697
230,0.00667166244238615
231,0.3571668565273285
232,0.30057084560394287
233,0.020303092896938324
234,0.33383405208587646
235,0.3141534924507141
236,0.06222172826528549
237,0.3440905213356018
238,0.31000980734825134
239,0.032195307314395905
240,0.3757007122039795
241,0.35850682854652405
242,-0.0020071719773113728
243,0.4049510657787323
244,0.402434378862381
245,-0.022936822846531868
246,0.4075924754142761
247,0.4149669408798218
248,-0.01950031891465187
249,0.3953065276145935
250,0.40735572576522827
251,-0.016823677346110344
252,0.38992395997047424
253,0.4135993719100952
254,-0.00903127808123827
255,0.40076014399528503
256,0.41672173142433167
257,-0.014818549156188965
258,0.395812064409256
259,0.41921621561050415
260,-0.007740237284451723
261,0.38166821002960205
262,0.4367560148239136
263,0.006780656054615974
264,0.40472400188446045
265,0.36236268281936646
266,-0.0441436730325222
267,0.40311989188194275
268,0.351178914308548
269,-0.046416282653808594
270,0.3470062017440796
271,0.28190046548843384
272,0.015217214822769165
273,0.3906968832015991
274,0.32868680357933044
275,-0.004344429820775986
276,0.3881838023662567
277,0.3617607653141022
278,-0.021804656833410263
279,0.3877328038215637
280,0.3560628294944763
281,-0.01904810220003128
282,0.3540624976158142
283,0.3597152531147003
284,0.010588943026959896
285,0.4037984609603882
286,0.33736902475357056
287,-0.0410374291241169
288,0.3635874390602112
289,0.26940715312957764
290,-0.0012615808518603444
291,0.35339829325675964
292,0.2735966444015503
293,0.006196900270879269
294,0.34218066930770874
295,0.2449590563774109
296,0.04313412681221962
297,0.39683225750923157
298,0.27624598145484924
299,-0.011666259728372097
300,0.3865780830383301
301,0.2874183654785156
302,0.005928730592131615
303,0.3760693669319153
304,0.42364880442619324
305,0.008663435466587543
306,0.34626099467277527
307,0.42078879475593567
308,0.08112756162881851
309,0.3945082128047943
310,0.36768627166748047
311,-0.019128670915961266
312,0.40119755268096924
313,0.3710593581199646
314,-0.02134123630821705
315,0.38389331102371216
316,0.4254899322986603
317,0.0071389200165867805
318,0.3882431983947754
319,0.4248853921890259
320,0.004411244299262762
321,0.3495984673500061
322,0.26682358980178833
323,0.010923351161181927
324,0.3887247145175934
325,0.367218554019928
326,-0.017371712252497673
327,0.37780043482780457
328,0.26960235834121704
329,-0.007406753953546286
330,0.3760414123535156
331,0.2604926824569702
332,-0.00888848677277565
333,0.3685176372528076
334,0.2148706167936325
335,0.008474914357066154
336,0.34602344036102295
337,0.25519779324531555
338,0.024888252839446068
339,0.37289610505104065
340,0.2361752688884735
341,-0.0006905166665092111
342,0.34325525164604187
343,0.2776796817779541
344,0.02307247370481491
345,0.340074360370636
346,0.27209997177124023
347,0.040549587458372116
348,0.40606996417045593
349,0.40964794158935547
350,-0.022100241854786873
351,0.39817818999290466
352,0.4129142761230469
353,-0.016153862699866295
354,0.3927381932735443
355,0.41653963923454285
356,-0.009070566855370998
357,0.3967784345149994
358,0.3698149621486664
359,-0.018103910610079765
360,0.38598930835723877
361,0.4254789352416992
362,0.005549232009798288
363,0.38884788751602173
364,0.430931031703949
365,0.0009328830055892467
366,0.38962212204933167
367,0.42390942573547363
368,0.0040497612208127975
369,0.39750048518180847
370,0.3628603219985962
371,-0.0309007465839386
372,0.3979590833187103
373,0.41853776574134827
374,-0.006704855244606733
375,0.40295013785362244
376,0.4173348844051361
377,-0.011877372860908508
378,0.40919029712677
379,0.4167361557483673
380,-0.016109561547636986
381,0.4066762328147888
382,0.46285566687583923
383,-0.003945636563003063
384,0.40629222989082336
385,0.4539370536804199
386,-0.012192972004413605
387,0.4067186713218689
388,0.44682577252388
389,-0.013752146624028683
390,0.4075685143470764
391,0.4396924376487732
392,-0.012272483669221401
393,0.408611923456192
394,0.4347858130931854
395,-0.011022371239960194
396,0.3966391682624817
397,0.4309837520122528
398,-0.0030493640806525946
399,0.3949257433414459
400,0.432900607585907
401,-0.004209027625620365
402,0.39253127574920654
403,0.4363284409046173
404,-0.004970501642674208
405,0.39061397314071655
406,0.4400859475135803
407,-0.003196215722709894
408,0.3831190764904022
409,0.40027183294296265
410,-0.005988148041069508
411,0.3378720283508301
412,0.3649205267429352
413,0.09503471851348877
414,0.41289520263671875
415,0.37117767333984375
416,-0.030485188588500023
417,0.3934880793094635
418,0.4287346601486206
419,0.00144220853690058
420,0.39117124676704407
421,0.4295670986175537
422,0.0007258786936290562
423,0.4038541316986084
424,0.3761597275733948
425,-0.021567650139331818
426,0.392089307308197
427,0.37440362572669983
428,-0.01183165330439806
429,0.4025919735431671
430,0.3736817538738251
431,-0.021768007427453995
432,0.3828805387020111
433,0.3359583616256714
434,-0.0008060894324444234
435,0.37068241834640503
436,0.34460487961769104
437,0.002447676146402955
438,0.38708922266960144
439,0.3615970313549042
440,-0.014336546882987022
441,0.35190773010253906
442,0.2276519387960434
443,0.024931948632001877
444,0.35632139444351196
445,0.24279356002807617
446,0.011587702669203281
447,0.3608579933643341
448,0.2606216371059418
449,0.0008724655490368605
450,0.38780322670936584
451,0.44635647535324097
452,0.002886652946472168
453,0.3937431871891022
454,0.26185375452041626
455,-0.0146334832534194
456,0.39078012108802795
457,0.23346035182476044
458,-0.008628386072814465
459,0.38785606622695923
460,0.20794956386089325
461,-0.0022206080611795187
462,0.36077824234962463
463,0.31134453415870667
464,0.014971675351262093
465,0.3442060947418213
466,0.325138121843338
467,0.028266672044992447
468,0.39229920506477356
469,0.30472368001937866
470,0.007532953750342131
471,0.3507550358772278
472,0.29516059160232544
473,0.01991642825305462
474,0.39586159586906433
475,0.3207927942276001
476,-0.007837547920644283
477,0.3920341432094574
478,0.3565693497657776
479,-0.030315229669213295
480,0.33733609318733215
481,0.33383798599243164
482,0.03805579990148544
483,0.3486737906932831
484,0.33225783705711365
485,0.020273176953196526
486,0.3579070568084717
487,0.33543670177459717
488,0.01174138579517603
489,0.3722482919692993
490,0.33232131600379944
491,0.00641559436917305
492,0.38287463784217834
493,0.32670918107032776
494,0.003666508011519909
495,0.39079374074935913
496,0.3206765949726105
497,0.000545632210560143
498,0.40507200360298157
499,0.3046979308128357
500,-0.017644627019762993
501,0.33835381269454956
502,0.35743510723114014
503,0.035264234989881516
504,0.34519657492637634
505,0.29480499029159546
506,0.024437546730041504
507,0.40815407037734985
508,0.36837413907051086
509,-0.040387846529483795
510,0.3909503221511841
511,0.33936336636543274
512,-0.008128290064632893
513,0.33489128947257996
514,0.3147830367088318
515,0.09006273001432419
516,0.39649200439453125
517,0.3140157461166382
518,-0.0012587463716045022
519,0.38702669739723206
520,0.3627971410751343
521,-0.005774298682808876
522,0.3548048734664917
523,0.30166712403297424
524,0.022063057869672775
525,0.39186111092567444
526,0.3497023284435272
527,-0.026965834200382233
528,0.3404061496257782
529,0.3919859230518341
530,0.09030280262231827
531,0.3923792243003845
532,0.30048316717147827
533,0.009987610392272472
534,0.39749807119369507
535,0.3423296809196472
536,-0.035460006445646286
537,0.3592258393764496
538,0.4469849169254303
539,0.03802303969860077
540,0.36142608523368835
541,0.46022045612335205
542,0.05137977376580238
543,0.33396244049072266
544,0.3618621826171875
545,0.06538432091474533
546,0.3504498302936554
547,0.43176257610321045
548,0.04819982871413231
549,0.33688080310821533
550,0.29141947627067566
551,0.05382364243268967
552,0.3883778154850006
553,0.4857773184776306
554,0.011024191975593567
555,0.4098176658153534
556,0.37095004320144653
557,-0.029714463278651237
558,0.3845454454421997
559,0.3484881818294525
560,-0.004585993476212025
561,0.3386707603931427
562,0.3128965497016907
563,0.0412059910595417
564,0.3672122061252594
565,0.305795282125473
566,0.011839191429316998
567,0.3738906979560852
568,0.3063466548919678
569,0.009247814305126667
570,0.3866577744483948
571,0.4325920045375824
572,0.002417734358459711
573,0.34079352021217346
574,0.38053062558174133
575,0.037406690418720245
576,0.4031802713871002
577,0.5024929642677307
578,0.011378510855138302
579,0.38060808181762695
580,0.4855801463127136
581,0.029340488836169243
582,0.371608704328537
583,0.47494691610336304
584,0.039147812873125076
585,0.41194379329681396
586,0.23222175240516663
587,-0.012539085000753403
588,0.4203476309776306
589,0.5050004720687866
590,0.007368250284343958
591,0.38044941425323486
592,0.30534449219703674
593,0.008188444189727306
594,0.38655170798301697
595,0.3032178580760956
596,0.008692396804690361
597,0.3904748558998108
598,0.30179789662361145
599,0.010017155669629574
600,0.3407883048057556
601,0.2934081554412842
602,0.033393848687410355
603,0.3857508599758148
604,0.29390424489974976
605,0.007866570726037025
606,0.3790738880634308
607,0.29165777564048767
608,0.006907744333148003
609,0.3722594678401947
610,0.2913534343242645
611,0.00800777692347765
612,0.3655209541320801
613,0.29340529441833496
614,0.010556011460721493
615,0.36137813329696655
616,0.29643160104751587
617,0.013649828732013702
618,0.3347775936126709
619,0.28770655393600464
620,0.07692931592464447
621,0.36280205845832825
622,0.30448925495147705
623,0.014822715893387794
624,0.4144832491874695
625,0.38452163338661194
626,-0.022657452151179314
627,0.3890700340270996
628,0.39203086495399475
629,-0.011714882217347622
630,0.3939647078514099
631,0.365638792514801
632,-0.022441936656832695
633,0.4033457636833191
634,0.3865796625614166
635,-0.020738743245601654
636,0.4128285348415375
637,0.28872883319854736
638,-0.01550630945712328
639,0.36872828006744385
640,0.46189185976982117
641,0.029673829674720764
642,0.3781263828277588
643,0.4735638499259949
644,0.0209066029638052
645,0.4019683599472046
646,0.4947319030761719
647,0.002025126712396741
648,0.353618860244751
649,0.4438246190547943
650,0.06662687659263611
651,0.3902718722820282
652,0.29769086837768555
653,0.009087592363357544
654,0.39989739656448364
655,0.322594553232193
656,-0.019831225275993347
657,0.41941091418266296
658,0.49707087874412537
659,-0.0014996163081377745
660,0.3906228542327881
661,0.4953020513057709
662,0.01900414004921913
663,0.3370095193386078
664,0.3871391713619232
665,0.0634942278265953
666,0.40185365080833435
667,0.4331626296043396
668,-0.0072478922083973885
669,0.4002224802970886
670,0.43671542406082153
671,-0.008422531187534332
672,0.39839503169059753
673,0.4421311616897583
674,-0.009221456944942474
675,0.3971019983291626
676,0.4483572244644165
677,-0.0076883588917553425
678,0.39561641216278076
679,0.45584046840667725
680,-0.001257284777238965
681,0.3913819491863251
682,0.4215741455554962
683,-0.0013350168010219932
684,0.3884482979774475
685,0.42066916823387146
686,-0.0009927641367539763
687,0.3859049081802368
688,0.4189419746398926
689,-0.000803228875156492
690,0.3784905672073364
691,0.4109639525413513
692,0.001557998824864626
693,0.3501524031162262
694,0.385501503944397
695,0.0197986401617527
696,0.40059947967529297
697,0.3119777739048004
698,-0.012138576246798038
699,0.39772897958755493
700,0.29267895221710205
701,0.0030615581199526787
702,0.39336562156677246
703,0.29432398080825806
704,0.006994594819843769
705,0.39373040199279785
706,0.41985639929771423
707,-0.0007067370461300015
708,0.35170575976371765
709,0.414352148771286
710,0.032585520297288895
711,0.403361976146698
712,0.2915339469909668
713,-0.008563138544559479
714,0.39228585362434387
715,0.4641251266002655
716,0.0033648605458438396
717,0.4113887548446655
718,0.3237469792366028
719,-0.03641025349497795
720,0.40476590394973755
721,0.3159489333629608
722,-0.026001617312431335
723,0.41187119483947754
724,0.31279176473617554
725,-0.02869783528149128
726,0.39456671476364136
727,0.3404594659805298
728,-0.019551808014512062
729,0.4188499450683594
730,0.4857792854309082
731,-0.005354549735784531
732,0.41860654950141907
733,0.47330936789512634
734,-0.004947643727064133
735,0.40465548634529114
736,0.472059965133667
737,-0.002161933807656169
738,0.37522611021995544
739,0.4400702118873596
740,0.01218194980174303
741,0.3815464973449707
742,0.373052179813385
743,-0.0029797726310789585
744,0.3828681409358978
745,0.45344793796539307
746,0.008266421966254711
747,0.36487847566604614
748,0.37361347675323486
749,0.0025755101814866066
750,0.3755216598510742
751,0.38581451773643494
752,-0.00033648524549789727
753,0.36035439372062683
754,0.3931959867477417
755,0.010309993289411068
756,0.40249982476234436
757,0.48391008377075195
758,-0.0016473195282742381
759,0.39062634110450745
760,0.3476001024246216
761,-0.013258845545351505
762,0.36974796652793884
763,0.44884392619132996
764,0.02024812065064907
765,0.37934231758117676
766,0.46213221549987793
767,0.014514800161123276
768,0.3691762387752533
769,0.4247029423713684
770,0.01307887863367796
771,0.3442305624485016
772,0.40041598677635193
773,0.04007047414779663
774,0.36065685749053955
775,0.42697572708129883
776,0.021679505705833435
777,0.34217461943626404
778,0.41058075428009033
779,0.05940531939268112
780,0.37104731798171997
781,0.402138888835907
782,0.0046959673054516315
783,0.39555642008781433
784,0.3308066129684448
785,-0.013506838120520115
786,0.3947319984436035
787,0.36118242144584656
788,-0.03237871080636978
789,0.39067405462265015
790,0.36505791544914246
791,-0.02318652719259262
792,0.3970883786678314
793,0.3532041311264038
794,-0.038756757974624634
795,0.39156433939933777
796,0.28437432646751404
797,0.0013892131391912699
798,0.3788117468357086
799,0.2793712317943573
800,0.000825794180855155
801,0.36770811676979065
802,0.27880918979644775
803,0.002299122279509902
804,0.35879749059677124
805,0.281230092048645
806,0.006650213152170181
807,0.35312619805336
808,0.2864605188369751
809,0.012459835037589073
810,0.35025203227996826
811,0.3057941198348999
812,0.025695720687508583
813,0.33284589648246765
814,0.3377196788787842
815,0.06448821723461151
816,0.3554573655128479
817,0.3202877342700958
818,0.018460260704159737
819,0.3629988729953766
820,0.3228164613246918
821,0.012621138244867325
822,0.37301012873649597
823,0.3219102621078491
824,0.008266255259513855
825,0.3826404809951782
826,0.31857025623321533
827,0.006145933177322149
828,0.39008966088294983
829,0.31410929560661316
830,0.004660388454794884
831,0.39510393142700195
832,0.3098737597465515
833,0.003765990026295185
834,0.33658674359321594
835,0.3397960364818573
836,0.09552454203367233
837,0.391507089138031
838,0.3684404194355011
839,-0.019169192761182785
840,0.3992261290550232
841,0.3321560323238373
842,-0.02645210735499859
843,0.39962491393089294
844,0.36108094453811646
845,-0.03949485346674919
846,0.4047515392303467
847,0.36676737666130066
848,-0.03683657571673393
849,0.40027090907096863
850,0.36310210824012756
851,-0.0354592464864254
852,0.3941487669944763
853,0.3720182478427887
854,-0.016679763793945312
855,0.40589064359664917
856,0.36772072315216064
857,-0.03915814682841301
858,0.40737611055374146
859,0.37034595012664795
860,-0.02952667511999607
861,0.39497828483581543
862,0.30097097158432007
863,0.008144738152623177
864,0.3989282250404358
865,0.3033888339996338
866,0.0023020757362246513
867,0.4007203280925751
868,0.3049004077911377
869,-0.0041456385515630245
870,0.35897544026374817
871,0.2986848056316376
872,0.016570843756198883
873,0.3547658622264862
874,0.29522693157196045
875,0.017195893451571465
876,0.4186420440673828
877,0.32534289360046387
878,-0.03441634029150009
879,0.47412553429603577
880,0.2966998219490051
881,0.005583416670560837
882,0.42061519622802734
883,0.3678116202354431
884,-0.030651722103357315
885,0.5058804750442505
886,0.25539395213127136
887,0.04162510484457016
888,0.4505491256713867
889,0.3074820935726166
890,-0.0007957883062772453
891,0.4587583839893341
892,0.3080519437789917
893,-0.0011000885860994458
894,0.46678343415260315
895,0.3073451817035675
896,0.00024083229072857648
897,0.4777119755744934
898,0.3009754419326782
899,0.006219330709427595
900,0.44351017475128174
901,0.30487632751464844
902,0.0006887524505145848
903,0.46052590012550354
904,0.27884912490844727
905,-0.004487758502364159
906,0.4516088664531708
907,0.2799680531024933
908,-0.003395820502191782
909,0.4689755439758301
910,0.2801699638366699
911,-0.0027013199869543314
912,0.4748293161392212
913,0.2837955951690674
914,0.000110364802822005
915,0.4847661852836609
916,0.30875855684280396
917,0.009507403708994389
918,0.45086199045181274
919,0.47277411818504333
920,0.0010513815796002746
921,0.47718873620033264
922,0.29398125410079956
923,0.007920900359749794
924,0.5111771821975708
925,0.30428430438041687
926,0.043684739619493484
927,0.4942213296890259
928,0.30160170793533325
929,0.016991786658763885
930,0.4569682478904724
931,0.3539860248565674
932,-0.009818651713430882
933,0.4262419044971466
934,0.4010273516178131
935,-0.02501441352069378
936,0.42561742663383484
937,0.41376978158950806
938,-0.021446775645017624
939,0.4379713535308838
940,0.4045296907424927
941,-0.021003879606723785
942,0.44551265239715576
943,0.40978968143463135
944,-0.014794637449085712
945,0.4338809549808502
946,0.41450220346450806
947,-0.01864776574075222
948,0.44034308195114136
949,0.41603022813796997
950,-0.012761031277477741
951,0.4577929973602295
952,0.43234938383102417
953,-0.0006210078718140721
954,0.4181380569934845
955,0.3615633547306061
956,-0.04520735144615173
957,0.4187960624694824
958,0.3503224551677704
959,-0.04761882498860359
960,0.48705732822418213
961,0.27373501658439636
962,0.0010246913880109787
963,0.4396469295024872
964,0.3259073793888092
965,-0.009451247751712799
966,0.4398503303527832
967,0.3585991859436035
968,-0.026538705453276634
969,0.4407256841659546
970,0.35287776589393616
971,-0.023938976228237152
972,0.48219120502471924
973,0.35276922583580017
974,-0.002300046384334564
975,0.4186058044433594
976,0.336584210395813
977,-0.0425882451236248
978,0.4656031131744385
979,0.2630724012851715
980,-0.011239387094974518
981,0.47798648476600647
982,0.26610302925109863
983,-0.006294130347669125
984,0.49598002433776855
985,0.23486632108688354
986,0.02678564377129078
987,0.429432213306427
988,0.2742334008216858
989,-0.014925451949238777
990,0.44414201378822327
991,0.2838565409183502
992,-0.0002244042552774772
993,0.4630173444747925
994,0.41846537590026855
995,-0.00018407114839646965
996,0.5075401067733765
997,0.41433823108673096
998,0.06416188180446625
999,0.43406614661216736
1000,0.36521419882774353
1001,-0.0227820985019207
1002,0.4271799325942993
1003,0.369437575340271
1004,-0.023161347955465317
1005,0.45485615730285645
1006,0.4204433858394623
1007,-0.0005776731413789093
1008,0.45062950253486633
1009,0.42026758193969727
1010,-0.0022956489119678736
1011,0.48257964849472046
1012,0.2587714195251465
1013,-0.002286485629156232
1014,0.440833181142807
1015,0.36402496695518494
1016,-0.022055834531784058
1017,0.44954097270965576
1018,0.2651293873786926
1019,-0.014231815934181213
1020,0.4507032036781311
1021,0.2556496858596802
1022,-0.01585734263062477
1023,0.45976945757865906
1024,0.20838701725006104
1025,-0.0008557344553992152
1026,0.4888085126876831
1027,0.2461751401424408
1028,0.010325750336050987
1029,0.454158753156662
1030,0.23066461086273193
1031,-0.008796882815659046
1032,0.4923069477081299
1033,0.268848717212677
1034,0.007829305715858936
1035,0.498948872089386
1036,0.2625632882118225
1037,0.023967856541275978
1038,0.42607855796813965
1039,0.4083218574523926
1040,-0.024223582819104195
1041,0.43571141362190247
1042,0.4104330837726593
1043,-0.020220307633280754
1044,0.44295671582221985
1045,0.4129842519760132
1046,-0.014471751637756824
1047,0.4321724474430084
1048,0.3676041066646576
1049,-0.021009396761655807
1050,0.45274242758750916
1051,0.42060011625289917
1052,-0.0015826326562091708
1053,0.4493336081504822
1054,0.42673027515411377
1055,-0.005056106951087713
1056,0.44946011900901794
1057,0.41965022683143616
1058,-0.0024738351348787546
1059,0.4285275936126709
1060,0.3610718846321106
1061,-0.034158218652009964
1062,0.4387856125831604
1063,0.41554033756256104
1064,-0.011403529904782772
1065,0.4324035048484802
1066,0.41531744599342346
1067,-0.015406296588480473
1068,0.42499566078186035
1069,0.41562771797180176
1070,-0.01809493638575077
1071,0.4308616518974304
1072,0.46186307072639465
1073,-0.005888478364795446
1074,0.4296605885028839
1075,0.4527944028377533
1076,-0.01429862342774868
1077,0.4285646677017212
1078,0.4457218647003174
1079,-0.015950683504343033
1080,0.4273601174354553
1081,0.43862035870552063
1082,-0.014383723959326744
1083,0.42633745074272156
1084,0.4338005781173706
1085,-0.013054373674094677
1086,0.44061481952667236
1087,0.42804133892059326
1088,-0.007624689023941755
1089,0.44224902987480164
1090,0.42975082993507385
1091,-0.008876518346369267
1092,0.44480618834495544
1093,0.43297529220581055
1094,-0.009725348092615604
1095,0.4470144212245941
1096,0.4365839958190918
1097,-0.008328502997756004
1098,0.4514561891555786
1099,0.3961823582649231
1100,-0.012498659081757069
1101,0.5155394077301025
1102,0.3561672270298004
1103,0.07604219019412994
1104,0.44471606612205505
1105,0.4252031743526459
1106,-0.0042449249885976315
1107,0.446898877620697
1108,0.4257248640060425
1109,-0.0050241341814398766
1110,0.4246629476547241
1111,0.3748435080051422
1112,-0.023357538506388664
1113,0.43860816955566406
1114,0.3715329170227051
1115,-0.015567070804536343
1116,0.4258498251438141
1117,0.37223511934280396
1118,-0.023500945419073105
1119,0.44871610403060913
1120,0.3322111964225769
1121,-0.007621495518833399
1122,0.46235352754592896
1123,0.33948495984077454
1124,-0.006746106781065464
1125,0.44267594814300537
1126,0.35824623703956604
1127,-0.019410666078329086
1128,0.4812343120574951
1129,0.21870157122612
1130,0.011591783724725246
1131,0.4745386242866516
1132,0.2349674105644226
1133,-0.0001670600613579154
1134,0.4682512879371643
1135,0.25381654500961304
1136,-0.009604522958397865
1137,0.45120787620544434
1138,0.44319137930870056
1139,-0.003126450115814805
1140,0.4315952658653259
1141,0.25928595662117004
1142,-0.018117019906640053
1143,0.43415307998657227
1144,0.23051583766937256
1145,-0.012793712317943573
1146,0.4374706447124481
1147,0.2043401151895523
1148,-0.006959275808185339
1149,0.47373124957084656
1150,0.3051046133041382
1151,0.0031635318882763386
1152,0.4940442442893982
1153,0.3168373107910156
1154,0.013255402445793152
1155,0.4389653205871582
1156,0.30207324028015137
1157,0.0021991056855767965
1158,0.48430827260017395
1159,0.28760460019111633
1160,0.006211442872881889
1161,0.4332185387611389
1162,0.3186724781990051
1163,-0.011917601339519024
1164,0.43380677700042725
1165,0.35416293144226074
1166,-0.03412659838795662
1167,0.5037070512771606
1168,0.3247952163219452
1169,0.02105344831943512
1170,0.48801833391189575
1171,0.32453304529190063
1172,0.0061685494147241116
1173,0.47695955634117126
1174,0.32871708273887634
1175,-0.00036407524021342397
1176,0.46091127395629883
1177,0.32728132605552673
1178,-0.0028299742843955755
1179,0.4491300880908966
1180,0.322922021150589
1181,-0.003348061116412282
1182,0.4402276575565338
1183,0.31789612770080566
1184,-0.004796416964381933
1185,0.4206451177597046
1186,0.3038085103034973
1187,-0.019378401339054108
1188,0.5028754472732544
1189,0.3488061726093292
1190,0.018371932208538055
1191,0.4912753105163574
1192,0.28645026683807373
1193,0.009418100118637085
1194,0.4162183403968811
1195,0.367869108915329
1196,-0.0412510484457016
1197,0.43883442878723145
1198,0.3366422653198242
1199,-0.012987801805138588
1200,0.5153159499168396
1201,0.30470389127731323
1202,0.07042954117059708
1203,0.4334322214126587
1204,0.3118852972984314
1205,-0.005389978643506765
1206,0.4440692961215973
1207,0.3593687117099762
1208,-0.010751374997198582
1209,0.48029211163520813
1210,0.29468661546707153
1211,0.009055809117853642
1212,0.434567391872406
1213,0.3472277820110321
1214,-0.03085673227906227
1215,0.5136129856109619
1216,0.3842321038246155
1217,0.07220795005559921
1218,0.43909287452697754
1219,0.297911673784256
1220,0.004446468781679869
1221,0.42658358812332153
1222,0.3406742811203003
1223,-0.03832148760557175
1224,0.4868420958518982
1225,0.4425315856933594
1226,0.02534497156739235
1227,0.4882773160934448
1228,0.45653635263442993
1229,0.03847258910536766
1230,0.5132128596305847
1231,0.35287678241729736
1232,0.04687942937016487
1233,0.49721723794937134
1234,0.42606279253959656
1235,0.03336545452475548
1236,0.5053191781044006
1237,0.28162872791290283
1238,0.03613836690783501
1239,0.4529905319213867
1240,0.4843476414680481
1241,0.004988590255379677
1242,0.416126012802124
1243,0.37054479122161865
1244,-0.030260443687438965
1245,0.4467828571796417
1246,0.3448615074157715
1247,-0.010618274100124836
1248,0.5019358396530151
1249,0.30386197566986084
1250,0.024536773562431335
1251,0.46571430563926697
1252,0.3003523349761963
1253,0.0014960720436647534
1254,0.4585464298725128
1255,0.3015214502811432
1256,6.47761335130781e-05
1257,0.4518054723739624
1258,0.42822539806365967
1259,-0.003999708686023951
1260,0.5020328760147095
1261,0.3725488483905792
1262,0.020997729152441025
1263,0.4382302761077881
1264,0.5019601583480835
1265,0.007947483099997044
1266,0.46451136469841003
1267,0.48391488194465637
1268,0.020936336368322372
1269,0.47562772035598755
1270,0.472488135099411
1271,0.02867978997528553
1272,0.4516642987728119
1273,0.30123040080070496
1274,0.00036408312735147774
1275,0.4452191889286041
1276,0.2997454106807709
1277,0.0019920708145946264
1278,0.441139817237854
1279,0.29891225695610046
1280,0.003967710305005312
1281,0.4976388216018677
1282,0.2843213379383087
1283,0.017155088484287262
1284,0.4458388388156891
1285,0.2905254364013672
1286,0.0009401288698427379
1287,0.45273903012275696
1288,0.2875431478023529
1289,-0.0011587959015741944
1290,0.45973068475723267
1291,0.28662312030792236
1292,-0.0014493295457214117
1293,0.46697986125946045
1294,0.2878948450088501
1295,-0.00010872966231545433
1296,0.4717346131801605
1297,0.2903931736946106
1298,0.002257163403555751
1299,0.5119292140007019
1300,0.27729010581970215
1301,0.05786838382482529
1302,0.47061780095100403
1303,0.2986106872558594
1304,0.0035977684892714024
1305,0.44337528944015503
1306,0.3888239860534668
1307,-0.016698533669114113
1308,0.4338773787021637
1309,0.363145112991333
1310,-0.025793680921196938
1311,0.42647144198417664
1312,0.38512828946113586
1313,-0.02289089374244213
1314,0.47597599029541016
1315,0.45858073234558105
1316,0.019402695819735527
1317,0.4650384187698364
1318,0.47143030166625977
1319,0.012746399268507957
1320,0.4376315772533417
1321,0.494019091129303
1322,-0.00132001843303442
1323,0.49843764305114746
1324,0.43877506256103516
1325,0.051380835473537445
1326,0.4410754144191742
1327,0.29490935802459717
1328,0.002939243335276842
1329,0.42633265256881714
1330,0.3211457133293152
1331,-0.02254091203212738
1332,0.4523019790649414
1333,0.49423229694366455
1334,0.012789232656359673
1335,0.5112761855125427
1336,0.3790600001811981
1337,0.04574735462665558
1338,0.43407660722732544
1339,0.4311765432357788
1340,-0.01085890457034111
1341,0.4357929229736328
1342,0.43457701802253723
1343,-0.012066050432622433
1344,0.43780598044395447
1345,0.43983036279678345
1346,-0.013042844831943512
1347,0.4395461678504944
1348,0.44604769349098206
1349,-0.011660070158541203
1350,0.4426044523715973
1351,0.45370954275131226
1352,-0.005695932079106569
1353,0.4463745653629303
1354,0.41758087277412415
1355,-0.0074880835600197315
1356,0.44901591539382935
1357,0.41635820269584656
1358,-0.007688043639063835
1359,0.45146533846855164
1360,0.4143255352973938
1361,-0.007797314319759607
1362,0.45840388536453247
1363,0.40615782141685486
1364,-0.006625731475651264
1365,0.48960205912590027
1366,0.37844622135162354
1367,0.005825239699333906
1368,0.42679378390312195
1369,0.31049200892448425
1370,-0.01507335901260376
1371,0.4317657947540283
1372,0.29072532057762146
1373,-0.0005786182591691613
1374,0.43724343180656433
1375,0.2917659878730774
1376,0.0018507250351831317
1377,0.44438502192497253
1378,0.4162396490573883
1379,-0.0065229651518166065
1380,0.49192121624946594
1381,0.40802884101867676
1382,0.018514299765229225
1383,0.4238128662109375
1384,0.2903463840484619
1385,-0.010690974071621895
1386,0.446992427110672
1387,0.46215397119522095
1388,-0.0015082048485055566
1389,0.41974717378616333
1390,0.31511494517326355
1391,-0.02744877338409424
1392,0.432732492685318
1393,0.33832499384880066
1394,-0.023141710087656975
1395,0.43336212635040283
1396,0.47117558121681213
1397,-0.004532551858574152
1398,0.4652877748012543
1399,0.4359780550003052
1400,0.0037008500657975674
1401,0.4512881636619568
1402,0.36905595660209656
1403,-0.00938667356967926
1404,0.457428514957428
1405,0.45040977001190186
1406,0.001552048372104764
1407,0.47009411454200745
1408,0.36799710988998413
1409,-0.007532055955380201
1410,0.4591499865055084
1411,0.381295770406723
1412,-0.008307305164635181
1413,0.47763708233833313
1414,0.387267142534256
1415,-0.0012015575775876641
1416,0.4360487461090088
1417,0.4830237030982971
1418,-0.0048235030844807625
1419,0.43855634331703186
1420,0.3448074758052826
1421,-0.01775195077061653
1422,0.4725345969200134
1423,0.4449569284915924
1424,0.01057618111371994
1425,0.4621680974960327
1426,0.45949384570121765
1427,0.007061112206429243
1428,0.4707629382610321
1429,0.4195825159549713
1430,0.0027772956527769566
1431,0.5002562403678894
1432,0.3931830823421478
1433,0.02434801310300827
1434,0.4813804626464844
1435,0.42169493436813354
1436,0.009781795553863049
1437,0.5065941214561462
1438,0.40347304940223694
1439,0.042555540800094604
1440,0.4661329686641693
1441,0.39697474241256714
1442,-0.004831017926335335
1443,0.4324782192707062
1444,0.3287440538406372
1445,-0.017381712794303894
1446,0.43103501200675964
1447,0.3590700626373291
1448,-0.035850588232278824
1449,0.43731236457824707
1450,0.3622768223285675
1451,-0.02727375365793705
1452,0.4265439808368683
1453,0.3516107499599457
1454,-0.04163382202386856
1455,0.43759849667549133
1456,0.28164568543434143
1457,-0.003585526952520013
1458,0.4505845010280609
1459,0.274990051984787
1460,-0.006377228070050478
1461,0.4623371362686157
1462,0.27311915159225464
1463,-0.007136916741728783
1464,0.4725223183631897
1465,0.27449074387550354
1466,-0.0049048191867768764
1467,0.4800022840499878
1468,0.2790934443473816
1469,-0.00039859171374700963
1470,0.4863360822200775
1471,0.298188179731369
1472,0.011726242490112782
1473,0.5133592486381531
1474,0.32818689942359924
1475,0.04554231837391853
1476,0.4801211357116699
1477,0.31335678696632385
1478,0.0057948580943048
1479,0.47134578227996826
1480,0.3167365789413452
1481,0.0014871599851176143
1482,0.46023911237716675
1483,0.31697171926498413
1484,-0.0008960372651927173
1485,0.44970715045928955
1486,0.3146529793739319
1487,-0.001070458791218698
1488,0.4415113627910614
1489,0.3111155033111572
1490,-0.0008210820960812271
1491,0.43575504422187805
1492,0.30755433440208435
1493,-0.0006805963930673897
1494,0.5156956911087036
1495,0.33028724789619446
1496,0.07592995464801788
1497,0.4375288486480713
1498,0.36559051275253296
1499,-0.023122601211071014
1500,0.4258168935775757
1501,0.3306451737880707
1502,-0.02928585559129715
1503,0.4244095981121063
1504,0.35972270369529724
1505,-0.04173820838332176
1506,0.42060211300849915
1507,0.36584651470184326
1508,-0.0380842424929142
1509,0.424936980009079
1510,0.3616861402988434
1511,-0.03774628788232803
1512,0.4356085956096649
1513,0.3695424497127533
1514,-0.0200283695012331
1515,0.4188866913318634
1516,0.3669601380825043
1517,-0.04016717150807381
1518,0.4188278019428253
1519,0.3696575462818146
1520,-0.03038894012570381
1521,0.43591418862342834
1522,0.29862678050994873
1523,0.0034037281293421984
1524,0.4310935139656067
1525,0.30155885219573975
1526,-0.00117920630145818
1527,0.4281221926212311
1528,0.30333319306373596
1529,-0.007057606242597103
1530,0.47469618916511536
1531,0.2923704981803894
1532,0.004653953947126865
1533,0.47938066720962524
1534,0.2881298065185547
1535,0.004514048341661692
1536,0.0
1537,0.0
1538,0.0
1539,0.0
1540,0.0
1541,0.0
1542,0.0
1543,0.0
1544,0.0
1545,0.0
1546,0.0
1547,0.0
1548,0.0
1549,0.0
1550,0.0
1551,0.0
1552,0.0
1553,0.0
1554,0.0
1555,0.0
1556,0.0
1557,0.0
1558,0.0
1559,0.0
1560,0.0
1561,0.0
1562,0.0
1563,0.0
1564,0.0
1565,0.0
1566,0.0
1567,0.0
1568,0.0
1569,0.0
1570,0.0
1571,0.0
1572,0.0
1573,0.0
1574,0.0
1575,0.0
1576,0.0
1577,0.0
1578,0.0
1579,0.0
1580,0.0
1581,0.0
1582,0.0
1583,0.0
1584,0.0
1585,0.0
1586,0.0
1587,0.0
1588,0.0
1589,0.0
1590,0.0
1591,0.0
1592,0.0
1593,0.0
1594,0.0
1595,0.0
1596,0.0
1597,0.0
1598,0.0
1599,0.2420610785484314
1600,0.634562611579895
1601,3.9767269299773034e-07
1602,0.2346416413784027
1603,0.5723661184310913
1604,0.004029924049973488
1605,0.24913543462753296
1606,0.5184112787246704
1607,-0.0002555230166763067
1608,0.27779677510261536
1609,0.49697819352149963
1610,-0.007829088717699051
1611,0.30197420716285706
1612,0.49892839789390564
1613,-0.01522973831743002
1614,0.25526079535484314
1615,0.47462451457977295
1616,-0.007396880071610212
1617,0.26812994480133057
1618,0.4019674062728882
1619,-0.017282946035265923
1620,0.2752416133880615
1621,0.35703814029693604
1622,-0.02106238529086113
1623,0.2797088623046875
1624,0.32059431076049805
1625,-0.022391462698578835
1626,0.27849265933036804
1627,0.4804782569408417
1628,-0.01795174740254879
1629,0.3158753514289856
1630,0.4142968952655792
1631,-0.02640637196600437
1632,0.3402007818222046
1633,0.379466712474823
1634,-0.03033154085278511
1635,0.35937240719795227
1636,0.3519642949104309
1637,-0.030999815091490746
1638,0.2995193600654602
1639,0.4998546242713928
1640,-0.027687877416610718
1641,0.33485451340675354
1642,0.49653804302215576
1643,-0.03572468087077141
1644,0.32712239027023315
1645,0.5212199091911316
1646,-0.03378073871135712
1647,0.3159715235233307
1648,0.5362314581871033
1649,-0.02875768020749092
1650,0.3184621036052704
1651,0.5269705653190613
1652,-0.037612494081258774
1653,0.3440439701080322
1654,0.5277447700500488
1655,-0.03728131577372551
1656,0.3340204656124115
1657,0.5494593977928162
1658,-0.028711628168821335
1659,0.32164883613586426
1660,0.5624849796295166
1661,-0.020467039197683334
