,0
0,0.4279465079307556
1,0.35619181394577026
2,-0.8371714353561401
3,0.9999784827232361
4,0.4572402536869049
5,0.2944749891757965
6,-0.7793039083480835
7,0.9999511241912842
8,0.4729676842689514
9,0.29518312215805054
10,-0.7791537046432495
11,0.9999497532844543
12,0.4835417866706848
13,0.2959372103214264
14,-0.7788516283035278
15,0.9999397397041321
16,0.40506380796432495
17,0.29748228192329407
18,-0.7739844918251038
19,0.9999549984931946
20,0.38863253593444824
21,0.2980652153491974
22,-0.7733563184738159
23,0.9999607801437378
24,0.37276697158813477
25,0.298766553401947
26,-0.7733345627784729
27,0.999962329864502
28,0.5068501234054565
29,0.3282189965248108
30,-0.38977479934692383
31,0.999933123588562
32,0.35334622859954834
33,0.3294820487499237
34,-0.3488115072250366
35,0.9999653697013855
36,0.46295279264450073
37,0.4234636127948761
38,-0.699981153011322
39,0.9999668598175049
40,0.39840060472488403
41,0.42826730012893677
42,-0.6876361966133118
43,0.9999656081199646
44,0.6481941938400269
45,0.6857707500457764
46,-0.14170636236667633
47,0.9993318915367126
48,0.25573301315307617
49,0.6641687154769897
50,-0.24703240394592285
51,0.9996697306632996
52,0.7456457614898682
53,1.0095494985580444
54,-0.1261330544948578
55,0.33145537972450256
56,0.13623979687690735
57,1.0207629203796387
58,-0.7653392553329468
59,0.8806981444358826
60,0.8065560460090637
61,1.3008215427398682
62,-0.4772806763648987
63,0.35685479640960693
64,0.26131564378738403
65,0.6531442999839783
66,-1.689540147781372
67,0.883918046951294
68,0.8466759920120239
69,1.3740042448043823
70,-0.5622907280921936
71,0.4346558451652527
72,0.2844877541065216
73,0.5326348543167114
74,-1.8783738613128662
75,0.8766468167304993
76,0.8190685510635376
77,1.35358726978302
78,-0.600578248500824
79,0.5394241809844971
80,0.2855987548828125
81,0.4911908805370331
82,-1.8292286396026611
83,0.8860782384872437
84,0.7869851589202881
85,1.331727385520935
86,-0.5145667791366577
87,0.5366855263710022
88,0.2911338806152344
89,0.5318286418914795
90,-1.6975500583648682
91,0.8821044564247131
92,0.590629518032074
93,1.429710030555725
94,-0.0462191179394722
95,0.000855910184327513
96,0.29932767152786255
97,1.4318970441818237
98,0.051118187606334686
99,0.0010121208615601063
100,0.5697128176689148
101,2.070796012878418
102,-0.12792575359344482
103,0.00048718295875005424
104,0.31384629011154175
105,2.080393075942993
106,0.04597971588373184
107,0.00026273075491189957
108,0.5679489374160767
109,2.646510362625122
110,0.4232679009437561
111,0.00010694883530959487
112,0.32978400588035583
113,2.646885395050049
114,0.4593908190727234
115,5.942846200923668e-06
116,0.5769278407096863
117,2.724686622619629
118,0.4390317499637604
119,6.626764661632478e-05
120,0.3262835443019867
121,2.719341993331909
122,0.48729628324508667
123,1.5731055100332014e-05
124,0.5299756526947021
125,2.8123373985290527
126,-0.1507149636745453
127,4.75853230454959e-05
128,0.36363595724105835
129,2.831104040145874
130,-0.1763395369052887
131,3.040843876078725e-05
132,0.41897857189178467
133,0.4024180769920349
134,-0.025378406047821045
135,0.4153495728969574
136,0.35906046628952026
137,-0.045889027416706085
138,0.41756975650787354
139,0.37237951159477234
140,-0.025073284283280373
141,0.40897703170776367
142,0.3227051794528961
143,-0.033482909202575684
144,0.41494888067245483
145,0.3470560610294342
146,-0.04848258197307587
147,0.41520217061042786
148,0.3322160840034485
149,-0.04486022889614105
150,0.4166547954082489
151,0.2976878583431244
152,-0.02216595597565174
153,0.3627297282218933
154,0.2995645999908447
155,0.015587661415338516
156,0.41698694229125977
157,0.2725023031234741
158,-0.01643410138785839
159,0.4168020486831665
160,0.2576921582221985
161,-0.017804250121116638
162,0.4170167148113251
163,0.20126043260097504
164,-0.007445299997925758
165,0.4193236529827118
166,0.4085785150527954
167,-0.024535303935408592
168,0.41974055767059326
169,0.41346466541290283
170,-0.02199384570121765
171,0.4201660454273224
172,0.4155813157558441
173,-0.018416021019220352
174,0.42071735858917236
175,0.44055476784706116
176,-0.011539747007191181
177,0.420771062374115
178,0.4467424154281616
179,-0.01279366109520197
180,0.4208863377571106
181,0.45395612716674805
182,-0.014002300798892975
183,0.4211452901363373
184,0.4611979126930237
185,-0.011567750945687294
186,0.42154502868652344
187,0.4683992266654968
188,-0.002801550319418311
189,0.41607531905174255
190,0.3653586506843567
191,-0.04180004075169563
192,0.409381240606308
193,0.36547374725341797
194,-0.029977405443787575
195,0.3402833342552185
196,0.26185697317123413
197,0.05704302713274956
198,0.3852148950099945
199,0.3084099590778351
200,0.005574383307248354
201,0.3774928152561188
202,0.30987489223480225
203,0.006575668230652809
204,0.3700449764728546
205,0.30987417697906494
206,0.009258058853447437
207,0.3602644205093384
208,0.3040352463722229
209,0.016862012445926666
210,0.39167124032974243
211,0.3048880994319916
212,0.005553505849093199
213,0.37365567684173584
214,0.2793273627758026
215,0.003553760005161166
216,0.3824083209037781
217,0.27983275055885315
218,0.0028285381849855185
219,0.3657897412776947
220,0.28142425417900085
221,0.006610994227230549
222,0.36083221435546875
223,0.28577014803886414
224,0.010288107208907604
225,0.35484012961387634
226,0.3126661479473114
227,0.02105158567428589
228,0.39167845249176025
229,0.47607797384262085
230,0.008583279326558113
231,0.3599895238876343
232,0.29690486192703247
233,0.01845647767186165
234,0.33705204725265503
235,0.31036919355392456
236,0.059483785182237625
237,0.3472658097743988
238,0.3060322105884552
239,0.030072910711169243
240,0.3788839280605316
241,0.3555940091609955
242,-0.003091701539233327
243,0.40826696157455444
244,0.40123045444488525
245,-0.023205630481243134
246,0.4109269976615906
247,0.41410014033317566
248,-0.01975841633975506
249,0.39835110306739807
250,0.4062563478946686
251,-0.017207860946655273
252,0.39296096563339233
253,0.412754625082016
254,-0.009226348251104355
255,0.40396183729171753
256,0.4159752428531647
257,-0.015111638233065605
258,0.39898964762687683
259,0.41869550943374634
260,-0.007923057302832603
261,0.38425958156585693
262,0.43745720386505127
263,0.007407503668218851
264,0.40873271226882935
265,0.3590553104877472
266,-0.044723715633153915
267,0.4072381854057312
268,0.3478635549545288
269,-0.047017067670822144
270,0.3498857021331787
271,0.2761880159378052
272,0.013272701762616634
273,0.39410510659217834
274,0.3254603147506714
275,-0.005333178676664829
276,0.3914058208465576
277,0.3584193289279938
278,-0.02285037189722061
279,0.39092904329299927
280,0.3527975380420685
281,-0.020079277455806732
282,0.3572922945022583
283,0.35682448744773865
284,0.00901313778012991
285,0.4079399108886719
286,0.3339899778366089
287,-0.04168190062046051
288,0.36653932929039
289,0.26323020458221436
290,-0.0026418648194521666
291,0.35626649856567383
292,0.2674644887447357
293,0.0045847585424780846
294,0.3456261157989502
295,0.24063260853290558
296,0.040628865361213684
297,0.4005264639854431
298,0.27135416865348816
299,-0.012455048970878124
300,0.3900827169418335
301,0.28320080041885376
302,0.00469520827755332
303,0.3789900243282318
304,0.42327582836151123
305,0.008819961920380592
306,0.3491537570953369
307,0.4178076386451721
308,0.07896464318037033
309,0.39777708053588867
310,0.3643638789653778
311,-0.01999644935131073
312,0.4045758843421936
313,0.3679995834827423
314,-0.022001175209879875
315,0.38674500584602356
316,0.4260155260562897
317,0.00726953474804759
318,0.39126282930374146
319,0.42558208107948303
320,0.004648429341614246
321,0.3524896204471588
322,0.26055628061294556
323,0.009132235310971737
324,0.39189407229423523
325,0.36406534910202026
326,-0.01834157295525074
327,0.3810196816921234
328,0.26387450098991394
329,-0.008579246699810028
330,0.3793928325176239
331,0.2546493411064148
332,-0.010111776180565357
333,0.37283048033714294
334,0.21058504283428192
335,0.0067780474200844765
336,0.34919196367263794
337,0.2500714361667633
338,0.022800739854574203
339,0.37676048278808594
340,0.23133574426174164
341,-0.0021483164746314287
342,0.3462360203266144
343,0.2720138728618622
344,0.02095557190477848
345,0.34325021505355835
346,0.2673599421977997
347,0.0381326898932457
348,0.4093860685825348
349,0.40861791372299194
350,-0.02237611822783947
351,0.4012976884841919
352,0.41197487711906433
353,-0.01646958664059639
354,0.3958229720592499
355,0.41580960154533386
356,-0.009252605959773064
357,0.4000423550605774
358,0.36664363741874695
359,-0.01888612098991871
360,0.38891133666038513
361,0.4261549413204193
362,0.005725482478737831
363,0.3917088210582733
364,0.4330887496471405
365,0.001660163514316082
366,0.39273878931999207
367,0.42452695965766907
368,0.00430355966091156
369,0.401033490896225
370,0.35935112833976746
371,-0.031745631247758865
372,0.4012067914009094
373,0.4179583787918091
374,-0.0068957507610321045
375,0.4061765670776367
376,0.41658398509025574
377,-0.012155316770076752
378,0.41248640418052673
379,0.41587722301483154
380,-0.016371307894587517
381,0.40922895073890686
382,0.46730178594589233
383,-0.0017207713099196553
384,0.4090707302093506
385,0.459546834230423
386,-0.010106616653501987
387,0.4097133278846741
388,0.45248591899871826
389,-0.011910172179341316
390,0.4107407331466675
391,0.44500264525413513
392,-0.01064309012144804
393,0.41189754009246826
394,0.4398043155670166
395,-0.00944887287914753
396,0.399839848279953
397,0.4343511760234833
398,-0.0019829166121780872
399,0.39800766110420227
400,0.4363541603088379
401,-0.0029961164109408855
402,0.3953462839126587
403,0.4397927224636078
404,-0.0036807660944759846
405,0.39319872856140137
406,0.44334203004837036
407,-0.0019478743197396398
408,0.38631996512413025
409,0.3987783193588257
410,-0.006483635399490595
411,0.3408173620700836
412,0.36132052540779114
413,0.09221974015235901
414,0.416782945394516
415,0.36813876032829285
416,-0.030949192121624947
417,0.3966931402683258
418,0.4310459494590759
419,0.0021114321425557137
420,0.3941895663738251
421,0.43193042278289795
422,0.0014742439379915595
423,0.4072910249233246
424,0.3733428418636322
425,-0.022157536819577217
426,0.3952018618583679
427,0.37156328558921814
428,-0.012638663873076439
429,0.40599238872528076
430,0.37074214220046997
431,-0.022378426045179367
432,0.3861323893070221
433,0.33277392387390137
434,-0.0019283362198621035
435,0.3739035129547119
436,0.3415397107601166
437,0.0012044033501297235
438,0.3902167081832886
439,0.3584873378276825
440,-0.015351378358900547
441,0.355663001537323
442,0.22320139408111572
443,0.022801846265792847
444,0.35967814922332764
445,0.23754450678825378
446,0.009775280952453613
447,0.3639107942581177
448,0.25434958934783936
449,-0.0006769378087483346
450,0.3902572691440582
451,0.4482273459434509
452,0.004063175059854984
453,0.3976587653160095
454,0.2566758692264557
455,-0.015399063937366009
456,0.39521321654319763
457,0.22918808460235596
458,-0.009665817022323608
459,0.3926122784614563
460,0.2039477676153183
461,-0.003427234711125493
462,0.36378538608551025
463,0.3080836534500122
464,0.01322966255247593
465,0.3474363386631012
466,0.32168787717819214
467,0.026153694838285446
468,0.39582371711730957
469,0.3013480305671692
470,0.0064142849296331406
471,0.3536525368690491
472,0.2905992269515991
473,0.0180172398686409
474,0.3994647264480591
475,0.31753411889076233
476,-0.008696177043020725
477,0.3955223858356476
478,0.3530883491039276
479,-0.0312599241733551
480,0.3405168950557709
481,0.33036455512046814
482,0.03572345897555351
483,0.351883202791214
484,0.3289948105812073
485,0.018310701474547386
486,0.3611011803150177
487,0.3322684168815613
488,0.01009363867342472
489,0.3754723072052002
490,0.3292158842086792
491,0.0050811609253287315
492,0.38617920875549316
493,0.3235463500022888
494,0.0025385275948792696
495,0.39424794912338257
496,0.31744083762168884
497,-0.0004513498570304364
498,0.4092184603214264
499,0.30129921436309814
500,-0.01826300658285618
501,0.34150052070617676
502,0.35422834753990173
503,0.03306669369339943
504,0.3482554256916046
505,0.28997087478637695
506,0.022354453802108765
507,0.412045955657959
508,0.36521443724632263
509,-0.04096067324280739
510,0.39426863193511963
511,0.3361186981201172
512,-0.009166444651782513
513,0.3379615247249603
514,0.31101980805397034
515,0.08700822293758392
516,0.4001223146915436
517,0.3107369840145111
518,-0.0022007047664374113
519,0.39008092880249023
520,0.3597608804702759
521,-0.006778114475309849
522,0.3575715124607086
523,0.29772478342056274
524,0.020188862457871437
525,0.3953114449977875
526,0.34623730182647705
527,-0.027903474867343903
528,0.34319135546684265
529,0.3884471654891968
530,0.08775080740451813
531,0.39590340852737427
532,0.2971026301383972
533,0.008796852082014084
534,0.40136879682540894
535,0.3389357030391693
536,-0.036244187504053116
537,0.36215323209762573
538,0.4457210302352905
539,0.037687066942453384
540,0.3639015257358551
541,0.4589211344718933
542,0.050619013607501984
543,0.3369333744049072
544,0.358429491519928
545,0.0627441555261612
546,0.35375088453292847
547,0.42964988946914673
548,0.04700257629156113
549,0.3401232957839966
550,0.2872278094291687
551,0.051223527640104294
552,0.39053821563720703
553,0.4875134229660034
554,0.01287198904901743
555,0.4136256277561188
556,0.36789101362228394
557,-0.03025367110967636
558,0.38770967721939087
559,0.3453750014305115
560,-0.005665281321853399
561,0.34191277623176575
562,0.3089207410812378
563,0.038846470415592194
564,0.3703313171863556
565,0.302816241979599
566,0.010210728272795677
567,0.3771511912345886
568,0.3033961355686188
569,0.00773088401183486
570,0.38936543464660645
571,0.4344101548194885
572,0.003048993879929185
573,0.34394484758377075
574,0.37752026319503784
575,0.03544389083981514
576,0.4050077497959137
577,0.5055196285247803
578,0.01360358577221632
579,0.382247656583786
580,0.4864521026611328
581,0.030241038650274277
582,0.37353983521461487
583,0.47474074363708496
584,0.039281539618968964
585,0.4168298840522766
586,0.22823263704776764
587,-0.013107839040458202
588,0.4225599765777588
589,0.5085048675537109
590,0.00998219195753336
591,0.38382184505462646
592,0.30230802297592163
593,0.0067999642342329025
594,0.3900183439254761
595,0.30003631114959717
596,0.007440450135618448
597,0.3939695954322815
598,0.29846352338790894
599,0.008832419291138649
600,0.3439396023750305
601,0.2886083126068115
602,0.03114478848874569
603,0.3891507089138031
604,0.2905396819114685
605,0.006536341272294521
606,0.382306307554245
607,0.28828710317611694
608,0.0054933843202888966
609,0.37538713216781616
610,0.2879372835159302
611,0.006471529137343168
612,0.3685297667980194
613,0.2898903787136078
614,0.008898509666323662
615,0.36430174112319946
616,0.292848140001297
617,0.011890416033565998
618,0.3379392623901367
619,0.28383851051330566
620,0.07393397390842438
621,0.36582285165786743
622,0.3013176918029785
623,0.013092451728880405
624,0.4182058870792389
625,0.38236790895462036
626,-0.02300436981022358
627,0.3921191394329071
628,0.390075147151947
629,-0.012358961626887321
630,0.39726370573043823
631,0.36220648884773254
632,-0.023299099877476692
633,0.4067143201828003
634,0.3844970762729645
635,-0.02116224355995655
636,0.4171144664287567
637,0.28494372963905334
638,-0.01602778397500515
639,0.37112724781036377
640,0.4615398049354553
641,0.030185960233211517
642,0.38038232922554016
643,0.4740980863571167
644,0.022139403969049454
645,0.40423721075057983
646,0.4975029528141022
647,0.004510337486863136
648,0.35646510124206543
649,0.4416329264640808
650,0.06496097147464752
651,0.3937552273273468
652,0.2943241000175476
653,0.007873338647186756
654,0.40376004576683044
655,0.31923985481262207
656,-0.02060018666088581
657,0.4218989610671997
658,0.5004962682723999
659,0.0014229383086785674
660,0.392250657081604
661,0.4973733127117157
662,0.020600421354174614
663,0.33999088406562805
664,0.38394293189048767
665,0.061152465641498566
666,0.40504831075668335
667,0.43752363324165344
668,-0.005942380987107754
669,0.4032701551914215
670,0.44126808643341064
671,-0.0069432929158210754
672,0.4011528491973877
673,0.446850061416626
674,-0.0076308464631438255
675,0.39963188767433167
676,0.4530092775821686
677,-0.005999567452818155
678,0.39794307947158813
679,0.4591219127178192
680,0.0004553174658212811
681,0.3945440649986267
682,0.4214082360267639
683,-0.001403508591465652
684,0.39149755239486694
685,0.42038387060165405
686,-0.0010479919146746397
687,0.38891178369522095
688,0.41851696372032166
689,-0.000870340212713927
690,0.38177335262298584
691,0.40999728441238403
692,0.0013099265052005649
693,0.35349521040916443
694,0.38284534215927124
695,0.01834820955991745
696,0.40447792410850525
697,0.30862027406692505
698,-0.012886673212051392
699,0.4014337360858917
700,0.28897273540496826
701,0.0019938298501074314
702,0.3969672918319702
703,0.2906322777271271
704,0.005840617697685957
705,0.39701104164123535
706,0.41962212324142456
707,-0.0007186764269135892
708,0.3550146818161011
709,0.41218113899230957
710,0.03153296187520027
711,0.40732982754707336
712,0.28773820400238037
713,-0.009345827624201775
714,0.3947237730026245
715,0.4660734534263611
716,0.005196977406740189
717,0.4157298803329468
718,0.320361852645874
719,-0.03686544671654701
720,0.40892377495765686
721,0.3125621974468231
722,-0.02661486715078354
723,0.4161860942840576
724,0.3094177842140198
725,-0.02913251332938671
726,0.3980744183063507
727,0.33711788058280945
728,-0.02045118436217308
729,0.4215576946735382
730,0.48914849758148193
731,-0.0022564197424799204
732,0.42149409651756287
733,0.47719886898994446
734,-0.002057058736681938
735,0.4072890281677246
736,0.47526395320892334
737,0.00043376622488722205
738,0.37784484028816223
739,0.43994924426078796
740,0.012849250808358192
741,0.38463518023490906
742,0.3703247606754303
743,-0.003898520255461335
744,0.38525786995887756
745,0.4542093575000763
746,0.009532295167446136
747,0.368227481842041
748,0.3710899353027344
749,0.0015516693238168955
750,0.37883758544921875
751,0.3836318254470825
752,-0.001114245387725532
753,0.3638136386871338
754,0.3910306692123413
755,0.009449251927435398
756,0.4050653874874115
757,0.4865201711654663
758,0.0009704352123662829
759,0.3938543498516083
760,0.3443225920200348
761,-0.014253787696361542
762,0.37228044867515564
763,0.44853442907333374
764,0.020849989727139473
765,0.38178813457489014
766,0.46264785528182983
767,0.015844644978642464
768,0.3721432685852051
769,0.42380526661872864
770,0.013136821798980236
771,0.34742721915245056
772,0.3976752758026123
773,0.03839671611785889
774,0.3636498749256134
775,0.4257078766822815
776,0.02141520008444786
777,0.34536096453666687
778,0.4077709913253784
779,0.057476140558719635
780,0.37452349066734314
781,0.40051403641700745
782,0.004207927733659744
783,0.39913472533226013
784,0.32753098011016846
785,-0.014419646933674812
786,0.3982543349266052
787,0.35765841603279114
788,-0.033253710716962814
789,0.393923819065094
790,0.36165547370910645
791,-0.024095559492707253
792,0.40091443061828613
793,0.34975963830947876
794,-0.039562683552503586
795,0.3951224386692047
796,0.2799674868583679
797,0.00023093634808901697
798,0.3820785582065582
799,0.27424466609954834
800,-0.0004380475729703903
801,0.37071987986564636
802,0.2733690142631531
803,0.0008915187208913267
804,0.3616522252559662
805,0.2758065462112427
806,0.005038673989474773
807,0.35595089197158813
808,0.281331330537796
809,0.01068548858165741
810,0.3532533645629883
811,0.30187007784843445
812,0.023763224482536316
813,0.3359299302101135
814,0.3341156244277954
815,0.061768896877765656
816,0.35854843258857727
817,0.31701070070266724
818,0.01667122356593609
819,0.3661755919456482
820,0.3196864426136017
821,0.011021789163351059
822,0.37624871730804443
823,0.31885090470314026
824,0.0068385363556444645
825,0.38596758246421814
826,0.3154585063457489
827,0.004897094797343016
828,0.3935493230819702
829,0.31087517738342285
830,0.003563293954357505
831,0.39867955446243286
832,0.3065941035747528
833,0.0027667339891195297
834,0.3396183252334595
835,0.33616235852241516
836,0.0925210490822792
837,0.3947061002254486
838,0.36521661281585693
839,-0.02008686400949955
840,0.40309855341911316
841,0.3287898898124695
842,-0.027275467291474342
843,0.4034308195114136
844,0.3576425313949585
845,-0.04025186598300934
846,0.4085041284561157
847,0.36354511976242065
848,-0.0374651737511158
849,0.4039551615715027
850,0.35967811942100525
851,-0.0362045094370842
852,0.3973485231399536
853,0.36901766061782837
854,-0.017501745373010635
855,0.40971291065216064
856,0.3645622432231903
857,-0.03974855691194534
858,0.4110918939113617
859,0.36726975440979004
860,-0.03008183278143406
861,0.39859163761138916
862,0.29748037457466125
863,0.00703111058101058
864,0.40264126658439636
865,0.3000144064426422
866,0.0013465547235682607
867,0.4045272171497345
868,0.3015291690826416
869,-0.004960217978805304
870,0.3618604242801666
871,0.29503199458122253
872,0.014830308966338634
873,0.3574715852737427
874,0.29083558917045593
875,0.015359954908490181
876,0.42299965023994446
877,0.3220576047897339
878,-0.03473568335175514
879,0.4780544936656952
880,0.294853150844574
881,0.0061430614441633224
882,0.42469125986099243
883,0.3647039532661438
884,-0.030996782705187798
885,0.5082645416259766
886,0.2535400986671448
887,0.042647335678339005
888,0.45423412322998047
889,0.3052825331687927
890,-0.0006909789517521858
891,0.46246710419654846
892,0.3060860335826874
893,-0.0008541551069356501
894,0.47048303484916687
895,0.3054245710372925
896,0.0006604254012927413
897,0.4813603460788727
898,0.29895082116127014
899,0.006897511426359415
900,0.4472663998603821
901,0.3023242950439453
902,0.0006619658670388162
903,0.46482881903648376
904,0.2754441499710083
905,-0.004164449404925108
906,0.45578962564468384
907,0.27656346559524536
908,-0.0032465008553117514
909,0.4733404219150543
910,0.27693039178848267
911,-0.0021628946997225285
912,0.4791170656681061
913,0.2808714210987091
914,0.0007467888062819839
915,0.48780617117881775
916,0.3067498803138733
917,0.010208421386778355
918,0.45352041721343994
919,0.4746060073375702
920,0.003931783139705658
921,0.4810970723628998
922,0.2920076847076416
923,0.008569695055484772
924,0.5126240849494934
925,0.3024594783782959
926,0.0447724349796772
927,0.49690213799476624
928,0.2993624806404114
929,0.017914099618792534
930,0.46045276522636414
931,0.3515412211418152
932,-0.00958248507231474
933,0.43026798963546753
934,0.3998105227947235
935,-0.024964366108179092
936,0.4293306767940521
937,0.41289034485816956
938,-0.021447643637657166
939,0.44209328293800354
940,0.4034307599067688
941,-0.020689697936177254
942,0.4494837522506714
943,0.40892547369003296
944,-0.014074143953621387
945,0.4376564919948578
946,0.41371506452560425
947,-0.018364422023296356
948,0.4440266489982605
949,0.4154592752456665
950,-0.0122103625908494
951,0.461397647857666
952,0.4331353008747101
953,0.0011822166852653027
954,0.42235881090164185
955,0.35833844542503357
956,-0.04558129981160164
957,0.4231599271297455
958,0.34710177779197693
959,-0.04795074090361595
960,0.49104028940200806
961,0.27028632164001465
962,0.00198559183627367
963,0.4434755742549896
964,0.3230664134025574
965,-0.009486811235547066
966,0.444019615650177
967,0.35551950335502625
968,-0.026597512885928154
969,0.44485270977020264
970,0.3498463034629822
971,-0.023977799341082573
972,0.48482516407966614
973,0.3506707549095154
974,-0.0016576104098930955
975,0.4229988753795624
976,0.3333088755607605
977,-0.04289839789271355
978,0.47068002820014954
979,0.2589666247367859
980,-0.010678853839635849
981,0.48261409997940063
982,0.2622416317462921
983,-0.0054556881077587605
984,0.49942436814308167
985,0.23266227543354034
986,0.027738869190216064
987,0.43435803055763245
988,0.2699934244155884
989,-0.015094866044819355
990,0.44821521639823914
991,0.2805567979812622
992,-0.0002668869274202734
993,0.4664173424243927
994,0.41823408007621765
995,0.0014221079181879759
996,0.5068904161453247
997,0.41280409693717957
998,0.0654570460319519
999,0.4381508529186249
1000,0.36206433176994324
1001,-0.022958872839808464
1002,0.43121638894081116
1003,0.36649608612060547
1004,-0.023466473445296288
1005,0.45872268080711365
1006,0.42093056440353394
1007,0.0008075472433120012
1008,0.4543216824531555
1009,0.42092829942703247
1010,-0.0010363146429881454
1011,0.4871131479740143
1012,0.2549304962158203
1013,-0.0014036218635737896
1014,0.4448438286781311
1015,0.36114031076431274
1016,-0.022125478833913803
1017,0.4547843933105469
1018,0.26084548234939575
1019,-0.01405720878392458
1020,0.4560868740081787
1021,0.2512997090816498
1022,-0.015664055943489075
1023,0.46477749943733215
1024,0.20540407299995422
1025,-0.0005726378294639289
1026,0.4928741455078125
1027,0.24318474531173706
1028,0.011325905099511147
1029,0.45942699909210205
1030,0.2271651178598404
1031,-0.008541260845959187
1032,0.4959999918937683
1033,0.26544833183288574
1034,0.008823181502521038
1035,0.5020021200180054
1036,0.2600003182888031
1037,0.0250395555049181
1038,0.4299905598163605
1039,0.40728870034217834
1040,-0.02420060522854328
1041,0.4397175908088684
1042,0.40947410464286804
1043,-0.01991472765803337
1044,0.44685378670692444
1045,0.4122455418109894
1046,-0.013837103731930256
1047,0.4362124502658844
1048,0.3646104633808136
1049,-0.021223818883299828
1050,0.4565598666667938
1051,0.4211975634098053
1052,-0.00029801964410580695
1053,0.45333173871040344
1054,0.4288512170314789
1055,-0.0033681360073387623
1056,0.4530082941055298
1057,0.4202212691307068
1058,-0.0012087125796824694
1059,0.4327523410320282
1060,0.3577299416065216
1061,-0.0343472957611084
1062,0.4422999322414398
1063,0.41495662927627563
1064,-0.010901909321546555
1065,0.43599042296409607
1066,0.4145304560661316
1067,-0.015248685143887997
1068,0.4285663068294525
1069,0.41474616527557373
1070,-0.01811441034078598
1071,0.4343767464160919
1072,0.4663229286670685
1073,-0.003433567238971591
1074,0.4337249994277954
1075,0.45836788415908813
1076,-0.01196504570543766
1077,0.43263834714889526
1078,0.45133841037750244
1079,-0.013858692720532417
1080,0.4313020706176758
1081,0.4438888132572174
1082,-0.012457956559956074
1083,0.4301907420158386
1084,0.4387998878955841
1085,-0.011220229789614677
1086,0.44434621930122375
1087,0.4313856363296509
1088,-0.005893942434340715
1089,0.4461466670036316
1090,0.43319955468177795
1091,-0.007020269520580769
1092,0.448915034532547
1093,0.4363890588283539
1094,-0.007737308274954557
1095,0.45123419165611267
1096,0.4398147463798523
1097,-0.006274505518376827
1098,0.455090194940567
1099,0.3948040008544922
1100,-0.011863846331834793
1101,0.5152388215065002
1102,0.3543677031993866
1103,0.07716141641139984
1104,0.4483185112476349
1105,0.4275013506412506
1106,-0.0027206470258533955
1107,0.4507671892642975
1108,0.42803335189819336
1109,-0.003377308836206794
1110,0.4286859631538391
1111,0.372111439704895
1112,-0.0235859677195549
1113,0.44252660870552063
1114,0.368855744600296
1115,-0.01566753350198269
1116,0.4298518896102905
1117,0.36940616369247437
1118,-0.023776445537805557
1119,0.4523736834526062
1120,0.32952067255973816
1121,-0.007523388136178255
1122,0.4657355546951294
1123,0.3370393216609955
1124,-0.006440635770559311
1125,0.44665977358818054
1126,0.35535991191864014
1127,-0.01946333795785904
1128,0.4855894446372986
1129,0.2161175161600113
1130,0.012300743721425533
1131,0.47945958375930786
1132,0.23164668679237366
1133,0.0005103739676997066
1134,0.47341424226760864
1135,0.24969209730625153
1136,-0.00904602650552988
1137,0.4549332559108734
1138,0.4451402425765991
1139,-0.0009972527623176575
1140,0.4367388188838959
1141,0.25491511821746826
1142,-0.018210729584097862
1143,0.4393770098686218
1144,0.22693373262882233
1145,-0.01291126199066639
1146,0.4426563084125519
1147,0.20102937519550323
1148,-0.007162825670093298
1149,0.4773900508880615
1150,0.3031923472881317
1151,0.0036955089308321476
1152,0.4964841604232788
1153,0.31480860710144043
1154,0.014100220985710621
1155,0.4427950978279114
1156,0.29933038353919983
1157,0.0020590312778949738
1158,0.4879779815673828
1159,0.28498178720474243
1160,0.007072168868035078
1161,0.43719977140426636
1162,0.3157252371311188
1163,-0.012038979679346085
1164,0.4380953013896942
1165,0.35090020298957825
1166,-0.03427852690219879
1167,0.5055485963821411
1168,0.32289576530456543
1169,0.022089339792728424
1170,0.49071916937828064
1171,0.32244277000427246
1172,0.006944717839360237
1173,0.48005086183547974
1174,0.3264685273170471
1175,0.00018235898460261524
1176,0.464362770318985
1177,0.3249198794364929
1178,-0.002560459077358246
1179,0.45277103781700134
1180,0.3203475773334503
1181,-0.003237913129851222
1182,0.44400379061698914
1183,0.3151337504386902
1184,-0.004828679841011763
1185,0.4249342679977417
1186,0.30058178305625916
1187,-0.019696999341249466
1188,0.5044702291488647
1189,0.3469131588935852
1190,0.019443266093730927
1191,0.4945652484893799
1192,0.2836020886898041
1193,0.010396563448011875
1194,0.42029398679733276
1195,0.36476776003837585
1196,-0.04163190722465515
1197,0.44274500012397766
1198,0.333718866109848
1199,-0.01311375480145216
1200,0.5159947276115417
1201,0.3030102849006653
1202,0.0713493674993515
1203,0.4373391270637512
1204,0.3089877963066101
1205,-0.005559894721955061
1206,0.4479183256626129
1207,0.3565869629383087
1208,-0.010824264027178288
1209,0.48409152030944824
1210,0.29249024391174316
1211,0.009769540280103683
1212,0.4388284981250763
1213,0.344030499458313
1214,-0.03101499378681183
1215,0.5131624937057495
1216,0.3824026882648468
1217,0.0734172835946083
1218,0.4429974853992462
1219,0.2951958477497101
1220,0.0043447124771773815
1221,0.4309253394603729
1222,0.33747023344039917
1223,-0.0385601744055748
1224,0.4879606068134308
1225,0.4422153830528259
1226,0.027451522648334503
1227,0.48885947465896606
1228,0.45630407333374023
1229,0.04030747339129448
1230,0.5139279365539551
1231,0.3510763645172119
1232,0.04802720248699188
1233,0.49749428033828735
1234,0.42515337467193604
1235,0.035089608281850815
1236,0.5075236558914185
1237,0.27950677275657654
1238,0.037230461835861206
1239,0.4554770886898041
1240,0.4864356517791748
1241,0.007983855903148651
1242,0.4200785756111145
1243,0.36752134561538696
1244,-0.030688129365444183
1245,0.4505106210708618
1246,0.3420887887477875
1247,-0.010618764907121658
1248,0.5041064620018005
1249,0.3017212152481079
1250,0.025553753599524498
1251,0.46966543793678284
1252,0.29862040281295776
1253,0.0019011524273082614
1254,0.46239227056503296
1255,0.29970210790634155
1256,0.0003070381935685873
1257,0.4558618664741516
1258,0.43002331256866455
1259,-0.0023259061854332685
1260,0.5032737255096436
1261,0.37072938680648804
1262,0.02211596444249153
1263,0.4406987726688385
1264,0.5051267147064209
1265,0.010774463415145874
1266,0.4666503667831421
1267,0.485337495803833
1268,0.023520227521657944
1269,0.47720450162887573
1270,0.47304004430770874
1271,0.030942795798182487
1272,0.4554474651813507
1273,0.2991647720336914
1274,0.0004674562660511583
1275,0.44900983572006226
1276,0.29733532667160034
1277,0.0019817061256617308
1278,0.44497784972190857
1279,0.29627934098243713
1280,0.003921504598110914
1281,0.5005257725715637
1282,0.2815702259540558
1283,0.018228599801659584
1284,0.44986385107040405
1285,0.28806865215301514
1286,0.0009647897095419466
1287,0.45683586597442627
1288,0.2853293716907501
1289,-0.0010141575476154685
1290,0.46384739875793457
1291,0.2845473289489746
1292,-0.0011808755807578564
1293,0.4710606336593628
1294,0.28591206669807434
1295,0.0003188710834365338
1296,0.4757780432701111
1297,0.28844794631004333
1298,0.002772232284769416
1299,0.5134831666946411
1300,0.27557700872421265
1301,0.05884084105491638
1302,0.47458720207214355
1303,0.29685094952583313
1304,0.004081311635673046
1305,0.44729775190353394
1306,0.3870115578174591
1307,-0.016473811119794846
1308,0.43804097175598145
1309,0.3599102795124054
1310,-0.02597077004611492
1311,0.43048354983329773
1312,0.38308387994766235
1313,-0.02294023148715496
1314,0.47781902551651
1315,0.4589134156703949
1316,0.02192377857863903
1317,0.4672180116176605
1318,0.4725090563297272
1319,0.015540901571512222
1320,0.4401749074459076
1321,0.4969584345817566
1322,0.0017643923638388515
1323,0.4981652796268463
1324,0.43783777952194214
1325,0.05285252630710602
1326,0.4450443387031555
1327,0.2922951579093933
1328,0.0029031604062765837
1329,0.4305650591850281
1330,0.31802424788475037
1331,-0.02278834767639637
1332,0.45477986335754395
1333,0.49662676453590393
1334,0.015594687312841415
1335,0.5116573572158813
1336,0.37736445665359497
1337,0.046994127333164215
1338,0.43795377016067505
1339,0.43549785017967224
1340,-0.0090245446190238
1341,0.43979740142822266
1342,0.4391152858734131
1343,-0.01006470900028944
1344,0.44203105568885803
1345,0.4444824457168579
1346,-0.010951061733067036
1347,0.4438617527484894
1348,0.45064419507980347
1349,-0.009403670206665993
1350,0.44641849398612976
1351,0.45703062415122986
1352,-0.003360936651006341
1353,0.4500137269496918
1354,0.41738829016685486
1355,-0.006579796317964792
1356,0.45280441641807556
1357,0.41601118445396423
1358,-0.006708791013807058
1359,0.4552845358848572
1360,0.4138549864292145
1361,-0.006731630302965641
1362,0.46176132559776306
1363,0.40530556440353394
1364,-0.0054660881869494915
1365,0.49137577414512634
1366,0.3766624331474304
1367,0.006818764843046665
1368,0.43094512820243835
1369,0.3074037730693817
1370,-0.015316738747060299
1371,0.43590912222862244
1372,0.287555068731308
1373,-0.0008849005098454654
1374,0.44122520089149475
1375,0.28871649503707886
1376,0.0017464581178501248
1377,0.4478764235973358
1378,0.41597074270248413
1379,-0.005669985897839069
1380,0.4931327700614929
1381,0.40681278705596924
1382,0.020017599686980247
1383,0.4281405210494995
1384,0.286869078874588
1385,-0.011044717393815517
1386,0.4500977098941803
1387,0.46427828073501587
1388,0.001092826947569847
1389,0.42409223318099976
1390,0.31186026334762573
1391,-0.027780011296272278
1392,0.4368632137775421
1393,0.33520716428756714
1394,-0.02333671785891056
1395,0.43638068437576294
1396,0.47445863485336304
1397,-0.0015410066116601229
1398,0.4682444930076599
1399,0.4361666440963745
1400,0.005818873643875122
1401,0.4549197852611542
1402,0.3666359782218933
1403,-0.009194646961987019
1404,0.4605512320995331
1405,0.45143574476242065
1406,0.00392938544973731
1407,0.47297194600105286
1408,0.3660462200641632
1409,-0.006918013561517
1410,0.46236738562583923
1411,0.37944546341896057
1412,-0.00773361511528492
1413,0.4798729419708252
1414,0.3857404887676239
1415,-0.00015146314399316907
1416,0.4387429356575012
1417,0.4857879877090454
1418,-0.001643298426643014
1419,0.4425579309463501
1420,0.34180015325546265
1421,-0.017877627164125443
1422,0.47494134306907654
1423,0.4451291263103485
1424,0.012889559380710125
1425,0.4647815227508545
1426,0.46039193868637085
1427,0.009732804261147976
1428,0.47354674339294434
1429,0.4190146327018738
1430,0.004510440398007631
1431,0.501198947429657
1432,0.3916012644767761
1433,0.025625478476285934
1434,0.48339375853538513
1435,0.4211100935935974
1436,0.01162392646074295
1437,0.5066558718681335
1438,0.4020332098007202
1439,0.04400090128183365
1440,0.46889838576316833
1441,0.3956660032272339
1442,-0.003805270418524742
1443,0.436541885137558
1444,0.32574450969696045
1445,-0.01752987504005432
1446,0.43530240654945374
1447,0.3557478189468384
1448,-0.03602270036935806
1449,0.44147059321403503
1450,0.3591291010379791
1451,-0.02738645300269127
1452,0.43089306354522705
1453,0.3483254909515381
1454,-0.041875697672367096
1455,0.4420014023780823
1456,0.27801403403282166
1457,-0.0037544001825153828
1458,0.4552175998687744
1459,0.271167129278183
1460,-0.006197651848196983
1461,0.4670119285583496
1462,0.26934584975242615
1463,-0.006697469390928745
1464,0.4770895838737488
1465,0.27096518874168396
1466,-0.004181855823844671
1467,0.4842296242713928
1468,0.27597975730895996
1469,0.0004854705766774714
1470,0.48956751823425293
1471,0.29597681760787964
1472,0.012560330331325531
1473,0.5143247246742249
1474,0.3264429569244385
1475,0.04668169468641281
1476,0.4833633601665497
1477,0.3113509714603424
1478,0.006390915252268314
1479,0.4747356176376343
1480,0.3146384060382843
1481,0.0019731344655156136
1482,0.4638007879257202
1483,0.31479334831237793
1484,-0.0006264364346861839
1485,0.45336559414863586
1486,0.31223925948143005
1487,-0.0009891148656606674
1488,0.44524937868118286
1489,0.308455228805542
1490,-0.0008944602450355887
1491,0.4395967423915863
1492,0.3047063648700714
1493,-0.0008411363232880831
1494,0.515778124332428
1495,0.3286105692386627
1496,0.07693510502576828
1497,0.4415866434574127
1498,0.36258965730667114
1499,-0.02327711135149002
1500,0.4301033020019531
1501,0.3274680972099304
1502,-0.029542110860347748
1503,0.4286641776561737
1504,0.3564329445362091
1505,-0.04198965057730675
1506,0.424731582403183
1507,0.36269813776016235
1508,-0.03843243420124054
1509,0.42913416028022766
1510,0.35839012265205383
1511,-0.038039226084947586
1512,0.43958887457847595
1513,0.3666883111000061
1514,-0.020183809101581573
1515,0.42299172282218933
1516,0.3638390004634857
1517,-0.04056359454989433
1518,0.4228373169898987
1519,0.3665952980518341
1520,-0.0307660773396492
1521,0.4398002326488495
1522,0.29573628306388855
1523,0.003209692193195224
1524,0.43505460023880005
1525,0.29858556389808655
1526,-0.0014336095191538334
1527,0.43218564987182617
1528,0.300275981426239
1529,-0.007369332015514374
1530,0.47868016362190247
1531,0.29041755199432373
1532,0.00523014971986413
1533,0.4833862781524658
1534,0.28559398651123047
1535,0.005237294360995293
1536,0.0
1537,0.0
1538,0.0
1539,0.0
1540,0.0
1541,0.0
1542,0.0
1543,0.0
1544,0.0
1545,0.0
1546,0.0
1547,0.0
1548,0.0
1549,0.0
1550,0.0
1551,0.0
1552,0.0
1553,0.0
1554,0.0
1555,0.0
1556,0.0
1557,0.0
1558,0.0
1559,0.0
1560,0.0
1561,0.0
1562,0.0
1563,0.0
1564,0.0
1565,0.0
1566,0.0
1567,0.0
1568,0.0
1569,0.0
1570,0.0
1571,0.0
1572,0.0
1573,0.0
1574,0.0
1575,0.0
1576,0.0
1577,0.0
1578,0.0
1579,0.0
1580,0.0
1581,0.0
1582,0.0
1583,0.0
1584,0.0
1585,0.0
1586,0.0
1587,0.0
1588,0.0
1589,0.0
1590,0.0
1591,0.0
1592,0.0
1593,0.0
1594,0.0
1595,0.0
1596,0.0
1597,0.0
1598,0.0
1599,0.22473815083503723
1600,0.669607400894165
1601,5.482067990669748e-07
1602,0.21835771203041077
1603,0.5975315570831299
1604,0.004604823887348175
1605,0.23385435342788696
1606,0.5326471328735352
1607,-0.0026739961467683315
1608,0.26347026228904724
1609,0.4990561902523041
1610,-0.013852452859282494
1611,0.2900751531124115
1612,0.49152612686157227
1613,-0.02417801506817341
1614,0.22901426255702972
1615,0.490188330411911
1616,-0.012997031211853027
1617,0.24356263875961304
1618,0.4088798761367798
1619,-0.02852059341967106
1620,0.24995435774326324
1621,0.3583570420742035
1622,-0.03545863553881645
1623,0.25391948223114014
1624,0.3171704411506653
1625,-0.03902622312307358
1626,0.2464531809091568
1627,0.4955402612686157
1628,-0.026861315593123436
1629,0.2898361086845398
1630,0.41693115234375
1631,-0.04388695955276489
1632,0.3180859088897705
1633,0.3722206950187683
1634,-0.051978059113025665
1635,0.3410194516181946
1636,0.33859747648239136
1637,-0.05479229614138603
1638,0.2648472785949707
1639,0.5139184594154358
1640,-0.03947026655077934
1641,0.3234557807445526
1642,0.5055146217346191
1643,-0.05501581355929375
1644,0.3225255608558655
1645,0.5415623188018799
1646,-0.050186119973659515
1647,0.31310033798217773
1648,0.5649427175521851
1649,-0.04120117053389549
1650,0.28502386808395386
1651,0.5410205125808716
1652,-0.052402544766664505
1653,0.32949936389923096
1654,0.5408422946929932
1655,-0.058140479028224945
1656,0.326293408870697
1657,0.5725315809249878
1658,-0.04840075224637985
1659,0.3153255581855774
1660,0.5936654210090637
1661,-0.037697602063417435
