,0
0,0.4288869798183441
1,0.35087770223617554
2,-0.9576581120491028
3,0.9999856352806091
4,0.4582858979701996
5,0.2920386493206024
6,-0.8919335603713989
7,0.9999650120735168
8,0.47384580969810486
9,0.29309961199760437
10,-0.8918179273605347
11,0.9999635815620422
12,0.4853615164756775
13,0.2941446304321289
14,-0.8914861679077148
15,0.9999556541442871
16,0.40513285994529724
17,0.2928459048271179
18,-0.8931558728218079
19,0.999969482421875
20,0.38842645287513733
21,0.2929534912109375
22,-0.8923784494400024
23,0.9999735355377197
24,0.3720673620700836
25,0.29316654801368713
26,-0.8923656344413757
27,0.9999748468399048
28,0.5083756446838379
29,0.32504886388778687
30,-0.45258086919784546
31,0.9999500513076782
32,0.35223495960235596
33,0.32340842485427856
34,-0.4444272518157959
35,0.999975860118866
36,0.46321600675582886
37,0.4168039858341217
38,-0.7990204691886902
39,0.9999762773513794
40,0.39860668778419495
41,0.4176793396472931
42,-0.7958894371986389
43,0.9999759793281555
44,0.6428436040878296
45,0.6842392086982727
46,-0.16057540476322174
47,0.9994218945503235
48,0.23180019855499268
49,0.6653514504432678
50,-0.28069478273391724
51,0.9997570514678955
52,0.7408316135406494
53,1.0187515020370483
54,-0.17201432585716248
55,0.3629225790500641
56,0.09728167951107025
57,1.153421401977539
58,-0.7588510513305664
59,0.9147579669952393
60,0.799498438835144
61,1.2558356523513794
62,-0.702045202255249
63,0.3988775610923767
64,0.21759358048439026
65,0.7943100333213806
66,-1.7909377813339233
67,0.9586809277534485
68,0.8348158001899719
69,1.3059824705123901
70,-0.8198544383049011
71,0.4963511526584625
72,0.22472377121448517
73,0.6920881867408752
74,-1.991377592086792
75,0.9538106918334961
76,0.8022255897521973
77,1.2668213844299316
78,-0.8657224774360657
79,0.6075301170349121
80,0.2261383831501007
81,0.6408697962760925
82,-1.9650475978851318
83,0.9583898782730103
84,0.7737720012664795
85,1.254621982574463
86,-0.744787871837616
87,0.6084524989128113
88,0.24071939289569855
89,0.6628706455230713
90,-1.805303931236267
91,0.9555867314338684
92,0.5736786723136902
93,1.4161423444747925
94,-0.03905410319566727
95,0.000730178493540734
96,0.27576592564582825
97,1.410781979560852
98,0.04439627379179001
99,0.0008941531414166093
100,0.5334650874137878
101,2.063481092453003
102,-0.0834398865699768
103,0.0003548372769728303
104,0.27053162455558777
105,2.065587043762207
106,0.08428339660167694
107,0.00018520819139666855
108,0.513950526714325
109,2.6388065814971924
110,0.45436373353004456
111,8.174698450602591e-05
112,0.2662222683429718
113,2.6384520530700684
114,0.5295206308364868
115,3.695279929161188e-06
116,0.5188584923744202
117,2.7170584201812744
118,0.46662992238998413
119,4.9169229896506295e-05
120,0.2579081952571869
121,2.710604190826416
122,0.5522226095199585
123,9.356349437439349e-06
124,0.471012681722641
125,2.805321216583252
126,-0.16708144545555115
127,3.418971027713269e-05
128,0.29864853620529175
129,2.823448896408081
130,-0.1575019508600235
131,1.9711667846422642e-05
132,0.42019516229629517
133,0.40325453877449036
134,-0.023848576471209526
135,0.4171321988105774
136,0.3615868389606476
137,-0.044714659452438354
138,0.4190295934677124
139,0.37426066398620605
140,-0.023395536467432976
141,0.4105949103832245
142,0.32464414834976196
143,-0.03338003158569336
144,0.4167522192001343
145,0.34961047768592834
146,-0.04762231186032295
147,0.41694122552871704
148,0.33456912636756897
149,-0.044395994395017624
150,0.41811612248420715
151,0.29940012097358704
152,-0.022864263504743576
153,0.36348992586135864
154,0.29859501123428345
155,0.01467718742787838
156,0.4184066355228424
157,0.27532583475112915
158,-0.0181290116161108
159,0.41821563243865967
160,0.26069405674934387
161,-0.020110836252570152
162,0.4181043207645416
163,0.20051808655261993
164,-0.011033941991627216
165,0.4204837679862976
166,0.40951037406921387
167,-0.022852635011076927
168,0.4208647906780243
169,0.4145229160785675
170,-0.020066624507308006
171,0.42129620909690857
172,0.41677385568618774
173,-0.016283832490444183
174,0.4216609597206116
175,0.42740774154663086
176,-0.013676749542355537
177,0.4216875433921814
178,0.43332767486572266
179,-0.014888478443026543
180,0.42180344462394714
181,0.44057995080947876
182,-0.01617368869483471
183,0.42210492491722107
184,0.4480622708797455
185,-0.014112889766693115
186,0.42276468873023987
187,0.4580685496330261
188,-0.004930080380290747
189,0.4177311360836029
190,0.3677641749382019
191,-0.04044915735721588
192,0.411041796207428
193,0.36752042174339294
194,-0.02853725664317608
195,0.3398396372795105
196,0.2590961158275604
197,0.0548936128616333
198,0.38605767488479614
199,0.30791690945625305
200,0.00494816480204463
201,0.3783110976219177
202,0.3091082274913788
203,0.005921183619648218
204,0.3708428740501404
205,0.30904918909072876
206,0.008581923320889473
207,0.36088070273399353
208,0.30315861105918884
209,0.01602458953857422
210,0.39246413111686707
211,0.30476662516593933
212,0.004991530440747738
213,0.37509915232658386
214,0.28097784519195557
215,0.002165260724723339
216,0.3836269974708557
217,0.281485378742218
218,0.0014635685365647078
219,0.3673138916492462
220,0.2826951742172241
221,0.00523486128076911
222,0.3622744083404541
223,0.2864166796207428
224,0.008946461603045464
225,0.355114221572876
226,0.3116312325000763
227,0.020434657111763954
228,0.39337530732154846
229,0.4717378616333008
230,0.006983800791203976
231,0.3607550859451294
232,0.29603174328804016
233,0.017428886145353317
234,0.3362213969230652
235,0.30840232968330383
236,0.05896586924791336
237,0.34718412160873413
238,0.3051740527153015
239,0.029162820428609848
240,0.380062460899353
241,0.3560304343700409
242,-0.0024129466619342566
243,0.410173624753952
244,0.4015733003616333
245,-0.021929370239377022
246,0.4125346541404724
247,0.41471588611602783
248,-0.018104715272784233
249,0.40060853958129883
250,0.406054824590683
251,-0.016178401187062263
252,0.39514151215553284
253,0.41187775135040283
254,-0.009024130180478096
255,0.40576863288879395
256,0.41592833399772644
257,-0.013931198045611382
258,0.4008249044418335
259,0.4178798496723175
260,-0.007346729747951031
261,0.38654184341430664
262,0.4331327974796295
263,0.006133947987109423
264,0.410534143447876
265,0.36147192120552063
266,-0.043654996901750565
267,0.4090368449687958
268,0.35016173124313354
269,-0.046245183795690536
270,0.35071325302124023
271,0.27717071771621704
272,0.011288773268461227
273,0.3953859508037567
274,0.3262194097042084
275,-0.0053352233953773975
276,0.39310744404792786
277,0.35993027687072754
278,-0.02174154296517372
279,0.3925579786300659
280,0.35414955019950867
281,-0.01911133900284767
282,0.3578205406665802
283,0.35652226209640503
284,0.009509436786174774
285,0.40966978669166565
286,0.3361261188983917
287,-0.041235245764255524
288,0.36844152212142944
289,0.2657361924648285
290,-0.005073560401797295
291,0.3576689660549164
292,0.2693249583244324
293,0.002175544388592243
294,0.3456379473209381
295,0.23824170231819153
296,0.037667907774448395
297,0.4024568796157837
298,0.27418088912963867
299,-0.014288298785686493
300,0.39103442430496216
301,0.284542053937912
302,0.00353868305683136
303,0.3807436525821686
304,0.4207122325897217
305,0.00786008220165968
306,0.3478345572948456
307,0.4162270724773407
308,0.08188774436712265
309,0.3994279205799103
310,0.3660621643066406
311,-0.018706923350691795
312,0.40627121925354004
313,0.36966004967689514
314,-0.02046482264995575
315,0.3892076909542084
316,0.42198821902275085
317,0.006489378400146961
318,0.39346134662628174
319,0.4213140606880188
320,0.0038507685530930758
321,0.35372263193130493
322,0.26210513710975647
323,0.006568484473973513
324,0.3934735655784607
325,0.36536484956741333
326,-0.017087750136852264
327,0.38319623470306396
328,0.2667255401611328
329,-0.010751110501587391
330,0.3815435469150543
331,0.2573491036891937
332,-0.012571737170219421
333,0.37360331416130066
334,0.209045872092247
335,0.0030502614099532366
336,0.34989458322525024
337,0.24941475689411163
338,0.01994059793651104
339,0.3782956898212433
340,0.23162516951560974
341,-0.005282662808895111
342,0.34676408767700195
343,0.2725665867328644
344,0.018814945593476295
345,0.3432532250881195
346,0.266105592250824
347,0.035883985459804535
348,0.41119787096977234
349,0.40905630588531494
350,-0.020962417125701904
351,0.4033850133419037
352,0.41191160678863525
353,-0.015441068448126316
354,0.3979016840457916
355,0.4150504767894745
356,-0.008871955797076225
357,0.40169674158096313
358,0.36827000975608826
359,-0.017482047900557518
360,0.3913135826587677
361,0.4219193458557129
362,0.00497697526589036
363,0.39424824714660645
364,0.4257170557975769
365,9.08040747162886e-05
366,0.3946416676044464
367,0.4203623831272125
368,0.003478541737422347
369,0.40277162194252014
370,0.36147359013557434
371,-0.030668579041957855
372,0.40286898612976074
373,0.4173412322998047
374,-0.0061717564240098
375,0.4078558683395386
376,0.4167901277542114
377,-0.010790656320750713
378,0.41401591897010803
379,0.4166947901248932
380,-0.014565174467861652
381,0.41148102283477783
382,0.4573018550872803
383,-0.00392747949808836
384,0.41137269139289856
385,0.4467874765396118
386,-0.012792441993951797
387,0.4118078947067261
388,0.43916055560112
389,-0.014440416358411312
390,0.41260138154029846
391,0.43173807859420776
392,-0.013038014061748981
393,0.4135521650314331
394,0.42688512802124023
395,-0.011834777891635895
396,0.4017244875431061
397,0.42444461584091187
398,-0.004018951207399368
399,0.4001742899417877
400,0.4263903498649597
401,-0.005221921019256115
402,0.3979339003562927
403,0.43001264333724976
404,-0.005954446271061897
405,0.3961085379123688
406,0.434183806180954
407,-0.004115092568099499
408,0.3878616392612457
409,0.3981339633464813
410,-0.006117943208664656
411,0.33925050497055054
412,0.3595418632030487
413,0.0939626693725586
414,0.4183503985404968
415,0.3702843487262726
416,-0.029349209740757942
417,0.39854052662849426
418,0.42327383160591125
419,0.0006120526813901961
420,0.39649897813796997
421,0.42413008213043213
422,-0.00011929347965633497
423,0.40900513529777527
424,0.37485501170158386
425,-0.020594265311956406
426,0.3968569040298462
427,0.37270402908325195
428,-0.011239909566938877
429,0.40768808126449585
430,0.3723740875720978
431,-0.020829111337661743
432,0.3873669505119324
433,0.3333210349082947
434,-0.0016939484048634768
435,0.3749517500400543
436,0.34178370237350464
437,0.0015294374898076057
438,0.39177799224853516
439,0.3596356213092804
440,-0.01424392033368349
441,0.3561745285987854
442,0.2212654948234558
443,0.019328627735376358
444,0.36095741391181946
445,0.2374858856201172
446,0.00669498648494482
447,0.36575180292129517
448,0.25656628608703613
449,-0.003311981214210391
450,0.3927905261516571
451,0.4421044588088989
452,0.0023625055328011513
453,0.39955565333366394
454,0.25949808955192566
455,-0.017857983708381653
456,0.3966217339038849
457,0.22953233122825623
458,-0.012816458009183407
459,0.39356279373168945
460,0.2027413547039032
461,-0.007089369930326939
462,0.3644873797893524
463,0.30722856521606445
464,0.012507027946412563
465,0.34734660387039185
466,0.32060685753822327
467,0.025785179808735847
468,0.3965492844581604
469,0.30152589082717896
470,0.005837534088641405
471,0.35431718826293945
472,0.29051026701927185
473,0.016561834141612053
474,0.4007575809955597
475,0.31846514344215393
476,-0.00890151783823967
477,0.3972818851470947
478,0.35500285029411316
479,-0.030296821147203445
480,0.3401576280593872
481,0.32907187938690186
482,0.035613853484392166
483,0.3520846664905548
484,0.32822340726852417
485,0.018153253942728043
486,0.3617117702960968
487,0.3319897949695587
488,0.009960991330444813
489,0.3764519691467285
490,0.3292219340801239
491,0.004965364001691341
492,0.3872610926628113
493,0.3237960636615753
494,0.002326932270079851
495,0.3953342139720917
496,0.31793883442878723
497,-0.000724400975741446
498,0.4105626046657562
499,0.302742063999176
500,-0.01895713619887829
501,0.3413388133049011
502,0.35321179032325745
503,0.033553559333086014
504,0.34855347871780396
505,0.2899755537509918
506,0.020827557891607285
507,0.4137711822986603
508,0.3674997091293335
509,-0.03965061902999878
510,0.39567863941192627
511,0.33718475699424744
512,-0.008642897941172123
513,0.3367083966732025
514,0.308468222618103
515,0.08699328452348709
516,0.40120357275009155
517,0.3114640712738037
518,-0.0025686577428132296
519,0.39154207706451416
520,0.36076924204826355
521,-0.0056416490115225315
522,0.3583535850048065
523,0.2971229553222656
524,0.019126377999782562
525,0.3969857692718506
526,0.34800317883491516
527,-0.02712852880358696
528,0.3419628441333771
529,0.38712745904922485
530,0.09021224826574326
531,0.3965538740158081
532,0.2971886694431305
533,0.008099247701466084
534,0.4030546545982361
535,0.3408595323562622
536,-0.03569642826914787
537,0.3619973659515381
538,0.4435694217681885
539,0.03827615827322006
540,0.3638778626918793
541,0.4565371572971344
542,0.05269455164670944
543,0.3363158404827118
544,0.35690072178840637
545,0.06381760537624359
546,0.35280534625053406
547,0.42781275510787964
548,0.04847017303109169
549,0.33965277671813965
550,0.28547367453575134
551,0.049793876707553864
552,0.3923792839050293
553,0.4832659959793091
554,0.011847236193716526
555,0.4152269959449768
556,0.36996299028396606
557,-0.028644736856222153
558,0.3890651762485504
559,0.34620586037635803
560,-0.004940973129123449
561,0.3414849638938904
562,0.3077906370162964
563,0.03804849833250046
564,0.3711806535720825
565,0.3017057180404663
566,0.009396528825163841
567,0.37800493836402893
568,0.30239373445510864
569,0.006963214837014675
570,0.39204466342926025
571,0.4277685880661011
572,0.0016608076402917504
573,0.3437698781490326
574,0.3765849769115448
575,0.03647609055042267
576,0.40725862979888916
577,0.5000922083854675
578,0.013276374898850918
579,0.38422220945358276
580,0.482793927192688
581,0.030601372942328453
582,0.37475574016571045
583,0.4718564450740814
584,0.040340226143598557
585,0.41809022426605225
586,0.22897869348526
587,-0.016040626913309097
588,0.4243285655975342
589,0.5028233528137207
590,0.009786653332412243
591,0.38462546467781067
592,0.3015490174293518
593,0.006056719925254583
594,0.3907436430454254
595,0.29962581396102905
596,0.006726807449012995
597,0.39467042684555054
598,0.29835453629493713
599,0.00810999982059002
600,0.34390413761138916
601,0.28823375701904297
602,0.02955160103738308
603,0.3899936079978943
604,0.29045701026916504
605,0.005532536655664444
606,0.38333556056022644
607,0.2879919111728668
608,0.004343746230006218
609,0.37644627690315247
610,0.28746604919433594
611,0.005234098993241787
612,0.3695030212402344
613,0.28924813866615295
614,0.007681184448301792
615,0.36519855260849
616,0.2921246886253357
617,0.010762624442577362
618,0.33711522817611694
619,0.281073659658432
620,0.0728267952799797
621,0.36661505699157715
622,0.3002507984638214
623,0.012231539003551006
624,0.419537752866745
625,0.38370397686958313
626,-0.021341057494282722
627,0.39394569396972656
628,0.39023226499557495
629,-0.011281282640993595
630,0.3989473283290863
631,0.3640235960483551
632,-0.022112933918833733
633,0.4085404574871063
634,0.3853246569633484
635,-0.019848093390464783
636,0.4185248017311096
637,0.2869335412979126
638,-0.01705760695040226
639,0.3719864785671234
640,0.4589066505432129
641,0.03001163899898529
642,0.3817741572856903
643,0.4709148406982422
644,0.02149190567433834
645,0.4061407744884491
646,0.49230682849884033
647,0.00319467531517148
648,0.35549676418304443
649,0.43954846262931824
650,0.06794807314872742
651,0.3944973349571228
652,0.2943519949913025
653,0.007003148086369038
654,0.40524280071258545
655,0.32069510221481323
656,-0.020703842863440514
657,0.423674613237381
658,0.4949299693107605
659,0.00015706678095739335
660,0.3945966362953186
661,0.49273133277893066
662,0.020436877384781837
663,0.3393882215023041
664,0.3824802041053772
665,0.06280355155467987
666,0.4069358706474304
667,0.4256836473941803
668,-0.008188443258404732
669,0.4054396450519562
670,0.42927467823028564
671,-0.009463486261665821
672,0.4037626385688782
673,0.43492385745048523
674,-0.010224636644124985
675,0.4025653600692749
676,0.4416612386703491
677,-0.008546403609216213
678,0.40073084831237793
679,0.4508034288883209
680,-0.001617813017219305
681,0.3965079188346863
682,0.4193500578403473
683,-0.0014673371333628893
684,0.3936554193496704
685,0.41836199164390564
686,-0.0012972094118595123
687,0.3911042809486389
688,0.4165528416633606
689,-0.00122512795496732
690,0.38307762145996094
691,0.4084819555282593
692,0.0008635545382276177
693,0.35347163677215576
694,0.38218849897384644
695,0.01912810653448105
696,0.40579837560653687
697,0.3098214268684387
698,-0.013308738358318806
699,0.40249085426330566
700,0.29001742601394653
701,0.0011444530682638288
702,0.39777255058288574
703,0.29143473505973816
704,0.004900122992694378
705,0.39867907762527466
706,0.417771577835083
707,-0.0006967948284000158
708,0.3546041250228882
709,0.410814106464386
710,0.032312072813510895
711,0.4086715579032898
712,0.2893680930137634
713,-0.010324757546186447
714,0.3968172073364258
715,0.46063244342803955
716,0.0033992817625403404
717,0.4173567295074463
718,0.3225012421607971
719,-0.03680490702390671
720,0.4104105234146118
721,0.31424084305763245
722,-0.02698233164846897
723,0.4177485406398773
724,0.3113107681274414
725,-0.02949967049062252
726,0.39964672923088074
727,0.3386470079421997
728,-0.019946536049246788
729,0.4232354760169983
730,0.4832629859447479
731,-0.004426487721502781
732,0.4229607880115509
733,0.46955573558807373
734,-0.004462925251573324
735,0.40918102860450745
736,0.4681667983531952
737,-0.00195839605294168
738,0.3794347047805786
739,0.43708544969558716
740,0.011573906987905502
741,0.3858392536640167
742,0.3708738088607788
743,-0.003010540036484599
744,0.3872893154621124
745,0.45034483075141907
746,0.008003347553312778
747,0.36883530020713806
748,0.37084701657295227
749,0.00205518607981503
750,0.3796178996562958
751,0.3834421932697296
752,-0.0006022835150361061
753,0.3638406991958618
754,0.39032694697380066
755,0.009646526537835598
756,0.406821072101593
757,0.4811139702796936
758,-0.0011474154889583588
759,0.3953731060028076
760,0.34560662508010864
761,-0.013513880781829357
762,0.37341731786727905
763,0.4459867477416992
764,0.020022587850689888
765,0.38329756259918213
766,0.45944488048553467
767,0.014616060070693493
768,0.37316930294036865
769,0.4218711853027344
770,0.012315629050135612
771,0.3470604121685028
772,0.39654576778411865
773,0.03968114033341408
774,0.36407938599586487
775,0.42382192611694336
776,0.021172968670725822
777,0.34443750977516174
778,0.4061696529388428
779,0.059353262186050415
780,0.3749192953109741
781,0.3996499180793762
782,0.004040942061692476
783,0.400583416223526
784,0.3287723660469055
785,-0.014208698645234108
786,0.40002384781837463
787,0.3597440719604492
788,-0.032267309725284576
789,0.3956373929977417
790,0.3633410334587097
791,-0.02292521484196186
792,0.4027106761932373
793,0.3519086241722107
794,-0.038685306906700134
795,0.3964412808418274
796,0.2817632555961609
797,-0.001091752084903419
798,0.38372576236724854
799,0.27640247344970703
800,-0.002161986893042922
801,0.3724071979522705
802,0.27535101771354675
803,-0.0009789145551621914
804,0.3631494641304016
805,0.27723634243011475
806,0.0031948722898960114
807,0.3570570647716522
808,0.28204554319381714
809,0.008921002969145775
810,0.3535768985748291
811,0.30109789967536926
812,0.022701110690832138
813,0.33511167764663696
814,0.33237752318382263
815,0.062010832130908966
816,0.35903170704841614
817,0.3161630630493164
818,0.016136998310685158
819,0.3668642044067383
820,0.3191198408603668
821,0.010536696761846542
822,0.3771358132362366
823,0.31846868991851807
824,0.006457819137722254
825,0.3869105577468872
826,0.3153180480003357
827,0.004491707310080528
828,0.39446330070495605
829,0.31109321117401123
830,0.003192405914887786
831,0.3995803892612457
832,0.3070203959941864
833,0.002363538136705756
834,0.33806759119033813
835,0.3339311182498932
836,0.09338176995515823
837,0.3963618576526642
838,0.36672845482826233
839,-0.018773462623357773
840,0.40469902753829956
841,0.33051130175590515
842,-0.026988821104168892
843,0.4051952362060547
844,0.35991761088371277
845,-0.03920084983110428
846,0.4102174639701843
847,0.3656947910785675
848,-0.036153651773929596
849,0.4056694209575653
850,0.36185532808303833
851,-0.03508048877120018
852,0.39900511503219604
853,0.3703955411911011
854,-0.016091983765363693
855,0.41144290566444397
856,0.3667038679122925
857,-0.03843316063284874
858,0.4127320647239685
859,0.36928078532218933
860,-0.028577039018273354
861,0.3992476165294647
862,0.2979365587234497
863,0.006431335583329201
864,0.40355125069618225
865,0.3007132411003113
866,0.0007967384299263358
867,0.40562930703163147
868,0.30248650908470154
869,-0.00553200114518404
870,0.3626846373081207
871,0.2942579388618469
872,0.013669752515852451
873,0.35853052139282227
874,0.2908194959163666
875,0.01412088144570589
876,0.4246450662612915
877,0.3243004381656647
878,-0.03446502238512039
879,0.47942492365837097
880,0.29615354537963867
881,0.006496405694633722
882,0.42599523067474365
883,0.367191344499588
884,-0.029405836015939713
885,0.5094873309135437
886,0.25382256507873535
887,0.04230889678001404
888,0.45578062534332275
889,0.3063383400440216
890,-0.00041833569412119687
891,0.4639410674571991
892,0.3071707785129547
893,-0.000430072977906093
894,0.4718932509422302
895,0.3067002594470978
896,0.0011747200042009354
897,0.48278865218162537
898,0.30048680305480957
899,0.007368478924036026
900,0.44882917404174805
901,0.3035142421722412
902,0.0007552047027274966
903,0.46602851152420044
904,0.278818279504776
905,-0.004468647763133049
906,0.4572475552558899
907,0.2796279788017273
908,-0.0037936156149953604
909,0.4743068218231201
910,0.28021836280822754
911,-0.0023743242491036654
912,0.47999849915504456
913,0.2837631106376648
914,0.000681408098898828
915,0.48950323462486267
916,0.3083510398864746
917,0.011033614166080952
918,0.4547409117221832
919,0.47149717807769775
920,0.0031310184858739376
921,0.48246869444847107
922,0.2934674024581909
923,0.00884012971073389
924,0.5144276022911072
925,0.3037182688713074
926,0.04602903127670288
927,0.49870067834854126
928,0.3012610971927643
929,0.018601782619953156
930,0.4619066119194031
931,0.3539697229862213
932,-0.00781898945569992
933,0.4306010901927948
934,0.40099507570266724
935,-0.023316271603107452
936,0.4298543930053711
937,0.41417545080184937
938,-0.01941615901887417
939,0.4417840242385864
940,0.4049314856529236
941,-0.018999578431248665
942,0.44898852705955505
943,0.41028302907943726
944,-0.012952398508787155
945,0.4377173185348511
946,0.41502368450164795
947,-0.016559574753046036
948,0.44385796785354614
949,0.4164906144142151
950,-0.010796749033033848
951,0.46083495020866394
952,0.43137621879577637
953,0.0009957882575690746
954,0.4240870177745819
955,0.36106112599372864
956,-0.044359833002090454
957,0.42491742968559265
958,0.34978172183036804
959,-0.04706041142344475
960,0.4921482503414154
961,0.2735758125782013
962,0.0014894275227561593
963,0.44492366909980774
964,0.3249817490577698
965,-0.008819260634481907
966,0.445186048746109
967,0.3585631847381592
968,-0.024915650486946106
969,0.44609493017196655
970,0.3527612090110779
971,-0.022438708692789078
972,0.48676127195358276
973,0.35330289602279663
974,0.00056826276704669
975,0.424709290266037
976,0.33579254150390625
977,-0.04228729009628296
978,0.4711909890174866
979,0.26306650042533875
980,-0.011954296380281448
981,0.4833787977695465
982,0.2660924196243286
983,-0.006453393492847681
984,0.5004290342330933
985,0.2331220805644989
986,0.026367997750639915
987,0.4352250397205353
988,0.2733519375324249
989,-0.016543647274374962
990,0.4498330056667328
991,0.28306999802589417
992,-0.0007433759164996445
993,0.46632397174835205
994,0.4185447096824646
995,0.0017746583325788379
996,0.5095297694206238
997,0.4141075313091278
998,0.07019814848899841
999,0.4392177164554596
1000,0.3650180995464325
1001,-0.021183820441365242
1002,0.4322693943977356
1003,0.3689945340156555
1004,-0.021682778373360634
1005,0.4575761556625366
1006,0.41982877254486084
1007,0.0011497015366330743
1008,0.45336636900901794
1009,0.41926658153533936
1010,-0.0007922927616164088
1011,0.4878218472003937
1012,0.2585832476615906
1013,-0.0025818715803325176
1014,0.44591179490089417
1015,0.3640000522136688
1016,-0.020258700475096703
1017,0.4552798569202423
1018,0.2648867070674896
1019,-0.015433958731591702
1020,0.45652949810028076
1021,0.25525882840156555
1022,-0.017341474071145058
1023,0.4656425416469574
1024,0.20566311478614807
1025,-0.003393882652744651
1026,0.49366116523742676
1027,0.24508509039878845
1028,0.009890691377222538
1029,0.46003422141075134
1030,0.22896245121955872
1031,-0.010878989472985268
1032,0.49718910455703735
1033,0.26850101351737976
1034,0.008310262113809586
1035,0.503236711025238
1036,0.2615143656730652
1037,0.024386944249272346
1038,0.43036869168281555
1039,0.40850263833999634
1040,-0.022369202226400375
1041,0.43953970074653625
1042,0.4108927547931671
1043,-0.018204044550657272
1044,0.446445494890213
1045,0.41350027918815613
1046,-0.012565523386001587
1047,0.4372192621231079
1048,0.3673632740974426
1049,-0.019452307373285294
1050,0.4554319977760315
1051,0.41979146003723145
1052,2.5736328097991645e-05
1053,0.45216426253318787
1054,0.42392855882644653
1055,-0.004069664049893618
1056,0.4522845149040222
1057,0.41855767369270325
1058,-0.0010597588261589408
1059,0.43403154611587524
1060,0.36072424054145813
1061,-0.03286563605070114
1062,0.4422585368156433
1063,0.41599419713020325
1064,-0.009384933859109879
1065,0.4362024664878845
1066,0.4159628748893738
1067,-0.013202858157455921
1068,0.4291606843471527
1069,0.4161894917488098
1070,-0.015908153727650642
1071,0.43449121713638306
1072,0.45695173740386963
1073,-0.005247101187705994
1074,0.4332899749279022
1075,0.4463212490081787
1076,-0.01426665484905243
1077,0.43231600522994995
1078,0.4387267827987671
1079,-0.015963157638907433
1080,0.4312082529067993
1081,0.43133845925331116
1082,-0.014480802230536938
1083,0.43029695749282837
1084,0.42651593685150146
1085,-0.013234379701316357
1086,0.4439687728881836
1087,0.4231797158718109
1088,-0.007198778912425041
1089,0.4454912543296814
1090,0.42500564455986023
1091,-0.008471635170280933
1092,0.44786354899406433
1093,0.42857131361961365
1094,-0.00927402637898922
1095,0.4499281346797943
1096,0.432678759098053
1097,-0.007643694523721933
1098,0.45560070872306824
1099,0.39633840322494507
1100,-0.01058365311473608
1101,0.5175279974937439
1102,0.35572001338005066
1103,0.08068770915269852
1104,0.4478535056114197
1105,0.4217398762702942
1106,-0.0033663948997855186
1107,0.44982391595840454
1108,0.4225158095359802
1109,-0.0041813538409769535
1110,0.42967966198921204
1111,0.3742641806602478
1112,-0.021800022572278976
1113,0.4434277415275574
1114,0.3715120255947113
1115,-0.013740930706262589
1116,0.43090230226516724
1117,0.3717231750488281
1118,-0.021999351680278778
1119,0.45385369658470154
1120,0.3316100239753723
1121,-0.006422367412596941
1122,0.46733665466308594
1123,0.33941736817359924
1124,-0.004848392680287361
1125,0.44782203435897827
1126,0.3581559956073761
1127,-0.017710134387016296
1128,0.4864024221897125
1129,0.21661657094955444
1130,0.010027799755334854
1131,0.4798479378223419
1132,0.23367446660995483
1133,-0.0014053330523893237
1134,0.4737834632396698
1135,0.25360623002052307
1136,-0.010523785836994648
1137,0.4543260931968689
1138,0.44091323018074036
1139,-0.0018533985130488873
1140,0.4375736713409424
1141,0.25837647914886475
1142,-0.020264573395252228
1143,0.4402754604816437
1144,0.22808949649333954
1145,-0.015618579462170601
1146,0.4436567425727844
1147,0.2008201777935028
1148,-0.010412429459393024
1149,0.47881823778152466
1150,0.30462437868118286
1151,0.004302255343645811
1152,0.4984288811683655
1153,0.3167020082473755
1154,0.01530886348336935
1155,0.44440028071403503
1156,0.3005818724632263
1157,0.0021002935245633125
1158,0.4893096387386322
1159,0.28727829456329346
1160,0.007072433829307556
1161,0.43866613507270813
1162,0.3175235688686371
1163,-0.011717461980879307
1164,0.43945983052253723
1165,0.3539818227291107
1166,-0.032858848571777344
1167,0.5075656175613403
1168,0.32484158873558044
1169,0.023786211386322975
1170,0.4926094710826874
1171,0.3245992064476013
1172,0.008364696986973286
1173,0.4817989468574524
1174,0.3287685215473175
1175,0.001531857531517744
1176,0.4659327566623688
1177,0.3268584609031677
1178,-0.0014890963211655617
1179,0.45426857471466064
1180,0.32208383083343506
1181,-0.002531211357563734
1182,0.4454815983772278
1183,0.31677162647247314
1184,-0.004419753793627024
1185,0.42646288871765137
1186,0.3023509383201599
1187,-0.020152056589722633
1188,0.506574809551239
1189,0.34933584928512573
1190,0.021862898021936417
1191,0.49606847763061523
1192,0.28617236018180847
1193,0.010436078533530235
1194,0.4219064712524414
1195,0.36723756790161133
1196,-0.04024187847971916
1197,0.44411900639533997
1198,0.33598577976226807
1199,-0.01194202434271574
1200,0.5177437663078308
1201,0.30365103483200073
1202,0.0733061134815216
1203,0.4388406276702881
1204,0.31056857109069824
1205,-0.005409610457718372
1206,0.44905155897140503
1207,0.3592557907104492
1208,-0.009031380526721478
1209,0.48534253239631653
1210,0.29427996277809143
1211,0.010074715130031109
1212,0.44023793935775757
1213,0.34693053364753723
1214,-0.029745042324066162
1215,0.5153807401657104
1216,0.38404783606529236
1217,0.07765223830938339
1218,0.44456812739372253
1219,0.2963338792324066
1220,0.004238179884850979
1221,0.43253350257873535
1222,0.3400998115539551
1223,-0.037662580609321594
1224,0.4902035593986511
1225,0.44261032342910767
1226,0.02956204302608967
1227,0.49099618196487427
1228,0.4561823904514313
1229,0.04387984797358513
1230,0.515863835811615
1231,0.3529569208621979
1232,0.05094873160123825
1233,0.5003468990325928
1234,0.4262177348136902
1235,0.038336269557476044
1236,0.5090148448944092
1237,0.2807409465312958
1238,0.03752072900533676
1239,0.45681312680244446
1240,0.483330637216568
1241,0.007805880159139633
1242,0.42157411575317383
1243,0.36976781487464905
1244,-0.029023386538028717
1245,0.4518594443798065
1246,0.3445315957069397
1247,-0.009075847454369068
1248,0.5059838891029358
1249,0.30355405807495117
1250,0.02648511342704296
1251,0.47101491689682007
1252,0.29957911372184753
1253,0.0022045134101063013
1254,0.46385154128074646
1255,0.3005344867706299
1256,0.0005870743189007044
1257,0.45456990599632263
1258,0.4259319305419922
1259,-0.0028127008117735386
1260,0.5054537057876587
1261,0.3732122480869293
1262,0.02513882704079151
1263,0.44196489453315735
1264,0.5002596378326416
1265,0.01097939908504486
1266,0.4675996005535126
1267,0.4831305146217346
1268,0.024938521906733513
1269,0.4785272181034088
1270,0.4720362424850464
1271,0.033236242830753326
1272,0.4570121169090271
1273,0.30000728368759155
1274,0.0005960458074696362
1275,0.45059263706207275
1276,0.2982878088951111
1277,0.0020156169775873423
1278,0.44656920433044434
1279,0.2973576784133911
1280,0.0038506067357957363
1281,0.502105176448822
1282,0.28390389680862427
1283,0.018331993371248245
1284,0.45132672786712646
1285,0.2892175316810608
1286,0.0006903755129314959
1287,0.4582167863845825
1288,0.2864636778831482
1289,-0.0012579004978761077
1290,0.4652247130870819
1291,0.28572210669517517
1292,-0.0012789282482117414
1293,0.4724850654602051
1294,0.28717416524887085
1295,0.000295705278404057
1296,0.47718313336372375
1297,0.28978481888771057
1298,0.0028544177766889334
1299,0.51485276222229
1300,0.27593785524368286
1301,0.05958609655499458
1302,0.47592875361442566
1303,0.29797419905662537
1304,0.004446031525731087
1305,0.4477939307689667
1306,0.38885217905044556
1307,-0.014701264910399914
1308,0.4391390383243561
1309,0.36295151710510254
1310,-0.024348771199584007
1311,0.43123117089271545
1312,0.38470718264579773
1313,-0.021328430622816086
1314,0.4793713688850403
1315,0.4584183394908905
1316,0.023004835471510887
1317,0.46865153312683105
1318,0.4709523022174835
1319,0.015944814309477806
1320,0.4417301118373871
1321,0.4923333525657654
1322,0.0009511804091744125
1323,0.5008406043052673
1324,0.43841293454170227
1325,0.057466454803943634
1326,0.44657349586486816
1327,0.29339057207107544
1328,0.002710168482735753
1329,0.43206787109375
1330,0.3200770914554596
1331,-0.022560928016901016
1332,0.45571208000183105
1333,0.4930163621902466
1334,0.01627889648079872
1335,0.5136885046958923
1336,0.3792285919189453
1337,0.05054863914847374
1338,0.43770962953567505
1339,0.4248851239681244
1340,-0.010713047347962856
1341,0.4392971098423004
1342,0.4283789098262787
1343,-0.011958871968090534
1344,0.4411306083202362
1345,0.4339144229888916
1346,-0.012877454049885273
1347,0.44271448254585266
1348,0.44066911935806274
1349,-0.011326810345053673
1350,0.44579797983169556
1351,0.45004504919052124
1352,-0.004719058517366648
1353,0.44945457577705383
1354,0.41763854026794434
1355,-0.005696429405361414
1356,0.4520800709724426
1357,0.4165486693382263
1358,-0.005945964716374874
1359,0.4545711576938629
1360,0.41460344195365906
1361,-0.0060422648675739765
1362,0.46223846077919006
1363,0.4063718318939209
1364,-0.004764271434396505
1365,0.4936760663986206
1366,0.3792038857936859
1367,0.009445220232009888
1368,0.43244093656539917
1369,0.30918094515800476
1370,-0.015375151298940182
1371,0.4373503029346466
1372,0.2893010377883911
1373,-0.0013812548713758588
1374,0.4428267180919647
1375,0.2904799282550812
1376,0.0013226205483078957
1377,0.44747698307037354
1378,0.41621434688568115
1379,-0.004727160092443228
1380,0.49553820490837097
1381,0.4085232615470886
1382,0.02261865884065628
1383,0.4294949173927307
1384,0.2889079749584198
1385,-0.01178986020386219
1386,0.45060867071151733
1387,0.4601046144962311
1388,4.810031168744899e-05
1389,0.4256485402584076
1390,0.3138788640499115
1391,-0.02797960303723812
1392,0.43830811977386475
1393,0.3377092182636261
1394,-0.022363170981407166
1395,0.43732085824012756
1396,0.46797439455986023
1397,-0.00360328727401793
1398,0.4687206447124481
1399,0.43565821647644043
1400,0.0057391016744077206
1401,0.45610955357551575
1402,0.36907094717025757
1403,-0.007411409169435501
1404,0.4608478248119354
1405,0.44939517974853516
1406,0.0033843815326690674
1407,0.4749099314212799
1408,0.368333637714386
1409,-0.004960021004080772
1410,0.4638415575027466
1411,0.38143980503082275
1412,-0.0060973684303462505
1413,0.4821442663669586
1414,0.3878340721130371
1415,0.0017011623131111264
1416,0.4401981234550476
1417,0.4809800982475281
1418,-0.003291844157502055
1419,0.44388577342033386
1420,0.34438401460647583
1421,-0.01656177267432213
1422,0.4760753810405731
1423,0.4448593556880951
1424,0.013393067754805088
1425,0.4658222198486328
1426,0.45896944403648376
1427,0.009526499547064304
1428,0.4744945764541626
1429,0.41985076665878296
1430,0.005219988524913788
1431,0.5035392045974731
1432,0.3937998414039612
1433,0.02886302024126053
1434,0.4850863814353943
1435,0.42200416326522827
1436,0.012949441559612751
1437,0.5092693567276001
1438,0.40365540981292725
1439,0.0478176511824131
1440,0.47051864862442017
1441,0.3973539471626282
1442,-0.0025514978915452957
1443,0.4379940629005432
1444,0.32784610986709595
1445,-0.01685108058154583
1446,0.4366205036640167
1447,0.3588351309299469
1448,-0.03460414335131645
1449,0.44259899854660034
1450,0.3621860146522522
1451,-0.025646567344665527
1452,0.4324732720851898
1453,0.35124725103378296
1454,-0.0406867153942585
1455,0.443306565284729
1456,0.28070932626724243
1457,-0.004518001340329647
1458,0.45624515414237976
1459,0.2746465802192688
1460,-0.007127266377210617
1461,0.46789225935935974
1462,0.27306288480758667
1463,-0.007523449137806892
1464,0.4779203534126282
1465,0.274410605430603
1466,-0.004817136563360691
1467,0.4852302670478821
1468,0.2789156436920166
1469,2.6035084374598227e-05
1470,0.491146981716156
1471,0.29776883125305176
1472,0.012962350621819496
1473,0.5163290500640869
1474,0.3279910981655121
1475,0.048844315111637115
1476,0.48497921228408813
1477,0.3130418062210083
1478,0.007323031313717365
1479,0.4762856662273407
1480,0.31635522842407227
1481,0.0028020786121487617
1482,0.46530789136886597
1483,0.31630459427833557
1484,5.580777724389918e-05
1485,0.4548827111721039
1486,0.313627153635025
1487,-0.0005067416932433844
1488,0.4467707872390747
1489,0.3098549544811249
1490,-0.0006261665839701891
1491,0.4411275386810303
1492,0.306119829416275
1493,-0.0007455706363543868
1494,0.5178682804107666
1495,0.3295164704322815
1496,0.07972101867198944
1497,0.4426480829715729
1498,0.36550575494766235
1499,-0.02145017497241497
1500,0.43165484070777893
1501,0.32978555560112
1502,-0.028921552002429962
1503,0.4302193820476532
1504,0.359331876039505
1505,-0.04072947055101395
1506,0.42614278197288513
1507,0.36526426672935486
1508,-0.03701232746243477
1509,0.43056607246398926
1510,0.3612383008003235
1511,-0.036621540784835815
1512,0.44053977727890015
1513,0.369422048330307
1514,-0.01836172677576542
1515,0.4245232045650482
1516,0.36635786294937134
1517,-0.03911142796278
1518,0.42422768473625183
1519,0.36896321177482605
1520,-0.02915922924876213
1521,0.4414786696434021
1522,0.29712238907814026
1523,0.003101336071267724
1524,0.4365716874599457
1525,0.3000418543815613
1526,-0.001630482031032443
1527,0.4336654841899872
1528,0.30186304450035095
1529,-0.007535669486969709
1530,0.48008325695991516
1531,0.29184335470199585
1532,0.005410147365182638
1533,0.48450520634651184
1534,0.2878910303115845
1535,0.005312206223607063
1536,0.0
1537,0.0
1538,0.0
1539,0.0
1540,0.0
1541,0.0
1542,0.0
1543,0.0
1544,0.0
1545,0.0
1546,0.0
1547,0.0
1548,0.0
1549,0.0
1550,0.0
1551,0.0
1552,0.0
1553,0.0
1554,0.0
1555,0.0
1556,0.0
1557,0.0
1558,0.0
1559,0.0
1560,0.0
1561,0.0
1562,0.0
1563,0.0
1564,0.0
1565,0.0
1566,0.0
1567,0.0
1568,0.0
1569,0.0
1570,0.0
1571,0.0
1572,0.0
1573,0.0
1574,0.0
1575,0.0
1576,0.0
1577,0.0
1578,0.0
1579,0.0
1580,0.0
1581,0.0
1582,0.0
1583,0.0
1584,0.0
1585,0.0
1586,0.0
1587,0.0
1588,0.0
1589,0.0
1590,0.0
1591,0.0
1592,0.0
1593,0.0
1594,0.0
1595,0.0
1596,0.0
1597,0.0
1598,0.0
1599,0.20605573058128357
1600,0.7764308452606201
1601,1.6813130798709608e-07
1602,0.19010818004608154
1603,0.7115038633346558
1604,-0.00953808706253767
1605,0.17910847067832947
1606,0.6199057698249817
1607,-0.02393859624862671
1608,0.16587910056114197
1609,0.5494840145111084
1610,-0.0363207645714283
1611,0.14351090788841248
1612,0.5020185708999634
1613,-0.04759814590215683
1614,0.18114179372787476
1615,0.6127243041992188
1616,-0.04532426595687866
1617,0.21371020376682281
1618,0.5439334511756897
1619,-0.07238005846738815
1620,0.23868677020072937
1621,0.5054344534873962
1622,-0.08775235712528229
1623,0.26245611906051636
1624,0.47442805767059326
1625,-0.0970732644200325
1626,0.20165026187896729
1627,0.640798807144165
1628,-0.05260084569454193
1629,0.27869442105293274
1630,0.5758084654808044
1631,-0.08377894014120102
1632,0.27715855836868286
1633,0.6042129397392273
1634,-0.08703204989433289
1635,0.2578177750110626
1636,0.6284548044204712
1637,-0.08517256379127502
1638,0.22964490950107574
1639,0.671122133731842
1640,-0.05864847078919411
1641,0.30123549699783325
1642,0.6163179874420166
1643,-0.08339454233646393
1644,0.2914646565914154
1645,0.6426423192024231
1646,-0.07289012521505356
1647,0.26772916316986084
1648,0.6618709564208984
1649,-0.06171424686908722
1650,0.25922268629074097
1651,0.7020686268806458
1652,-0.06471262872219086
1653,0.31441807746887207
1654,0.6548075675964355
1655,-0.07595916837453842
1656,0.3031398057937622
1657,0.6775794625282288
1658,-0.06480151414871216
1659,0.27992546558380127
1660,0.6952473521232605
1661,-0.0548417903482914
