,0
0,0.2383972704410553
1,0.5331617593765259
2,-1.0965417623519897
3,0.9898267984390259
4,0.2863996922969818
5,0.4359447658061981
6,-1.0839564800262451
7,0.9807944297790527
8,0.31226345896720886
9,0.4353224039077759
10,-1.0845445394515991
11,0.9842597246170044
12,0.34118011593818665
13,0.4369133710861206
14,-1.0849899053573608
15,0.979252815246582
16,0.23778946697711945
17,0.4438658356666565
18,-0.9943884015083313
19,0.9774222373962402
20,0.2265736609697342
21,0.44628360867500305
22,-0.9936383962631226
23,0.9823571443557739
24,0.21521992981433868
25,0.45036858320236206
26,-0.9941816329956055
27,0.9814671874046326
28,0.42554211616516113
29,0.4796968400478363
30,-0.7950810194015503
31,0.9872835278511047
32,0.26141780614852905
33,0.49017512798309326
34,-0.3553263247013092
35,0.9810421466827393
36,0.2987441420555115
37,0.6251586675643921
38,-0.9754115343093872
39,0.9888041615486145
40,0.24162523448467255
41,0.6330909729003906
42,-0.8489869832992554
43,0.9840351939201355
44,0.6950721144676208
45,0.9107872843742371
46,-0.5450983643531799
47,0.9559910297393799
48,0.13872316479682922
49,0.9035623669624329
50,-0.13334903120994568
51,0.9746332764625549
52,0.8510594367980957
53,1.3848545551300049
54,-0.7785547971725464
55,0.09155436605215073
56,-0.0975712388753891
57,1.2890815734863281
58,-0.8644025921821594
59,0.698095977306366
60,0.8312999606132507
61,1.7571734189987183
62,-1.0908873081207275
63,0.060070328414440155
64,0.13771210610866547
65,0.6970251798629761
66,-2.0838637351989746
67,0.8622229099273682
68,0.8620766401290894
69,1.8861013650894165
70,-1.1687076091766357
71,0.07360246032476425
72,0.18850986659526825
73,0.5673642754554749
74,-2.313490152359009
75,0.7553826570510864
76,0.8066347241401672
77,1.870537281036377
78,-1.1974124908447266
79,0.11121182888746262
80,0.20797082781791687
81,0.5546543598175049
82,-2.1765077114105225
83,0.8014861345291138
84,0.7796844244003296
85,1.8261348009109497
86,-1.1151807308197021
87,0.10326225310564041
88,0.2048608958721161
89,0.6056784391403198
90,-2.074551820755005
91,0.7371163368225098
92,0.597592294216156
93,1.9132087230682373
94,-0.19601069390773773
95,0.00020790369308087975
96,0.2078312635421753
97,1.9156461954116821
98,0.20109471678733826
99,0.00036817757063545287
100,0.6043708324432373
101,2.7324600219726562
102,-0.3812839686870575
103,0.0021056055556982756
104,0.2661534249782562
105,2.7190394401550293
106,0.0070488667115569115
107,0.0023209622595459223
108,0.6361457109451294
109,3.4735445976257324
110,0.33022934198379517
111,0.0001621076080482453
112,0.3036428391933441
113,3.4614202976226807
114,0.446148157119751
115,6.0283033235464245e-05
116,0.6538160443305969
117,3.5910909175872803
118,0.35111916065216064
119,7.068538980092853e-05
120,0.3035087287425995
121,3.5741260051727295
122,0.468292236328125
123,9.312532347394153e-05
124,0.5768259763717651
125,3.682941198348999
126,-0.5149213075637817
127,0.00012879760470241308
128,0.34190815687179565
129,3.687566041946411
130,-0.41230112314224243
131,0.0002906029694713652
132,0.2254439890384674
133,0.5596364140510559
134,-0.020586755126714706
135,0.20293191075325012
136,0.5021727681159973
137,-0.03676188737154007
138,0.22423279285430908
139,0.5258577466011047
140,-0.020718956366181374
141,0.21072006225585938
142,0.4580638110637665
143,-0.019595079123973846
144,0.20126640796661377
145,0.4867538511753082
146,-0.0386815220117569
147,0.2071685492992401
148,0.4696427583694458
149,-0.03528685122728348
150,0.22830377519130707
151,0.42587175965309143
152,-0.015183376148343086
153,0.2073960304260254
154,0.4226938486099243
155,0.058480434119701385
156,0.23416702449321747
157,0.38505232334136963
158,-0.00826715212315321
159,0.23281310498714447
160,0.3630833029747009
161,-0.008463664911687374
162,0.23788964748382568
163,0.2830619215965271
164,0.0002415619819657877
165,0.22726598381996155
166,0.5671309232711792
167,-0.019726339727640152
168,0.23073774576187134
169,0.5730370879173279
170,-0.017800554633140564
171,0.23477858304977417
172,0.5759504437446594
173,-0.015136046335101128
174,0.2323782742023468
175,0.5924429893493652
176,-0.013224303722381592
177,0.23106235265731812
178,0.5973650217056274
179,-0.014425081200897694
180,0.23123079538345337
181,0.6039259433746338
182,-0.016301995143294334
183,0.23328816890716553
184,0.6117573380470276
185,-0.01564197987318039
186,0.24011482298374176
187,0.6277461051940918
188,-0.011585934087634087
189,0.20900355279445648
190,0.5126423835754395
191,-0.03367455303668976
192,0.2131115198135376
193,0.5146572589874268
194,-0.01975969411432743
195,0.21016456186771393
196,0.3676058351993561
197,0.11852366477251053
198,0.2230502963066101
199,0.43750500679016113
200,0.03367775306105614
201,0.2166006714105606
202,0.438153475522995
203,0.04046187177300453
204,0.21122990548610687
205,0.437019407749176
206,0.048243239521980286
207,0.2083515226840973
208,0.42849352955818176
209,0.0617300346493721
210,0.2277025580406189
211,0.43374210596084595
212,0.028260748833417892
213,0.21101512014865875
214,0.3952893614768982
215,0.04098763316869736
216,0.21818095445632935
217,0.3968910872936249
218,0.03265097364783287
219,0.20581366121768951
220,0.3974584639072418
221,0.04916352406144142
222,0.2039206176996231
223,0.40344393253326416
224,0.05532316491007805
225,0.20491047203540802
226,0.43892931938171387
227,0.06870430707931519
228,0.22834758460521698
229,0.6454381942749023
230,0.018605850636959076
231,0.2072732150554657
232,0.4191164970397949
233,0.06303060799837112
234,0.21380481123924255
235,0.43382763862609863
236,0.12045232206583023
237,0.20524238049983978
238,0.42820340394973755
239,0.0826711431145668
240,0.20704054832458496
241,0.4985506534576416
242,0.02411600761115551
243,0.2188332974910736
244,0.5569393038749695
245,-0.01164571475237608
246,0.22558075189590454
247,0.5722656846046448
248,-0.009295178577303886
249,0.2162928432226181
250,0.5604951977729797
251,0.0013648292515426874
252,0.21664121747016907
253,0.5665934085845947
254,0.013653081841766834
255,0.22330108284950256
256,0.5727483630180359
257,0.0012784310383722186
258,0.22240857779979706
259,0.5746123790740967
260,0.011721260845661163
261,0.220931276679039
262,0.5942924618721008
263,0.031259022653102875
264,0.19942276179790497
265,0.5021860003471375
266,-0.03208811208605766
267,0.19783249497413635
268,0.4877632260322571
269,-0.032799381762742996
270,0.19733381271362305
271,0.3893914520740509
272,0.06721051782369614
273,0.21982675790786743
274,0.46059805154800415
275,0.014550694264471531
276,0.20588405430316925
277,0.5038536787033081
278,-0.0009228818817064166
279,0.20830780267715454
280,0.4964757263660431
281,0.0015870340866968036
282,0.1953071653842926
283,0.4975379407405853
284,0.0532246008515358
285,0.20310959219932556
286,0.4717024862766266
287,-0.02686232514679432
288,0.2006317526102066
289,0.3724629282951355
290,0.03887971118092537
291,0.19662858545780182
292,0.37782514095306396
293,0.05455261841416359
294,0.20510083436965942
295,0.3384592533111572
296,0.09892797470092773
297,0.22123780846595764
298,0.3837805688381195
299,0.006479557137936354
300,0.2249661684036255
301,0.4024643301963806
302,0.028688589110970497
303,0.21689152717590332
304,0.5786711573600769
305,0.03899628296494484
306,0.2399297058582306
307,0.582849383354187
308,0.12534047663211823
309,0.21164245903491974
310,0.5130533576011658
311,-0.0035417259205132723
312,0.2165852189064026
313,0.5188502669334412
314,-0.011418679729104042
315,0.22057226300239563
316,0.5794425010681152
317,0.034089021384716034
318,0.22311323881149292
319,0.5798178315162659
320,0.028565507382154465
321,0.19611424207687378
322,0.36806684732437134
323,0.061181724071502686
324,0.21045871078968048
325,0.5119212865829468
326,0.002005246700718999
327,0.2079775333404541
328,0.37345558404922485
329,0.022648843005299568
330,0.20607420802116394
331,0.3601802885532379
332,0.022827498614788055
333,0.20861826837062836
334,0.29742562770843506
335,0.046185415238142014
336,0.19976277649402618
337,0.35240912437438965
338,0.07742071896791458
339,0.20684941112995148
340,0.3269816040992737
341,0.03345576301217079
342,0.1972733736038208
343,0.38313060998916626
344,0.07720600068569183
345,0.20246285200119019
346,0.376075804233551
347,0.09646861255168915
348,0.22136077284812927
349,0.565662682056427
350,-0.010830692946910858
351,0.2193012833595276
352,0.5674942135810852
353,0.00113553530536592
354,0.2189715951681137
355,0.5705644488334656
356,0.012008899822831154
357,0.21470990777015686
358,0.5166503190994263
359,-0.004762127064168453
360,0.22169357538223267
361,0.5797020196914673
362,0.031005632132291794
363,0.22144989669322968
364,0.5847197771072388
365,0.02239695005118847
366,0.22448299825191498
367,0.5793941617012024
368,0.02767549268901348
369,0.20503666996955872
370,0.5049376487731934
371,-0.013682140968739986
372,0.2258501648902893
373,0.5745442509651184
374,0.011426403187215328
375,0.22730883955955505
376,0.5742307901382446
377,0.0026481039822101593
378,0.2301698923110962
379,0.574894905090332
380,-0.0063153160735964775
381,0.2319357693195343
382,0.624579906463623
383,-0.0033021606504917145
384,0.22634875774383545
385,0.6085158586502075
386,-0.006358974147588015
387,0.22448867559432983
388,0.6005508303642273
389,-0.006578273139894009
390,0.2250334620475769
391,0.5945446491241455
392,-0.004879531916230917
393,0.22708231210708618
394,0.5908648371696472
395,-0.004124809522181749
396,0.22407782077789307
397,0.5862059593200684
398,0.01318119652569294
399,0.22255055606365204
400,0.5872313976287842
401,0.012081335298717022
402,0.22108283638954163
403,0.589798092842102
404,0.0114876888692379
405,0.2205992341041565
406,0.5941946506500244
407,0.014149768278002739
408,0.21265867352485657
409,0.551289439201355
410,0.019103948026895523
411,0.2375345379114151
412,0.5059201717376709
413,0.14675550162792206
414,0.21629294753074646
415,0.5186300873756409
416,-0.025271810591220856
417,0.22450366616249084
418,0.58425372838974
419,0.021947499364614487
420,0.22238729894161224
421,0.5838653445243835
422,0.021224917843937874
423,0.21882747113704681
424,0.5255560874938965
425,-0.012099660001695156
426,0.215892493724823
427,0.5220521688461304
428,0.002904218155890703
429,0.21756964921951294
430,0.5225058197975159
431,-0.011996588669717312
432,0.21540015935897827
433,0.46932026743888855
434,0.02294149063527584
435,0.20577697455883026
436,0.47938257455825806
437,0.03416208550333977
438,0.2112065851688385
439,0.5041193962097168
440,0.005814517382532358
441,0.20441976189613342
442,0.3148432970046997
443,0.07360415160655975
444,0.20157520473003387
445,0.33589690923690796
446,0.05655686929821968
447,0.1989579200744629
448,0.3598083555698395
449,0.04289920628070831
450,0.2233719527721405
451,0.6059839129447937
452,0.022108783945441246
453,0.21719998121261597
454,0.363584965467453
455,0.006107155233621597
456,0.21731847524642944
457,0.3240392804145813
458,0.01337771862745285
459,0.21867245435714722
460,0.28765276074409485
461,0.020775265991687775
462,0.2085716873407364
463,0.4341420829296112
464,0.05621512234210968
465,0.2024412453174591
466,0.4501396417617798
467,0.07815822958946228
468,0.23035350441932678
469,0.4300893545150757
470,0.026722842827439308
471,0.20284074544906616
472,0.40887558460235596
473,0.06780519336462021
474,0.2224314659833908
475,0.4507884681224823
476,0.008750615641474724
477,0.2019682079553604
478,0.4962867200374603
479,-0.010953620076179504
480,0.20169217884540558
481,0.4615776836872101
482,0.09380513429641724
483,0.19940242171287537
484,0.4607996940612793
485,0.06775662302970886
486,0.200877383351326
487,0.4659425616264343
488,0.05212070792913437
489,0.21061328053474426
490,0.46339812874794006
491,0.037990257143974304
492,0.2190101444721222
493,0.4569583535194397
494,0.028065331280231476
495,0.2239694595336914
496,0.4499729871749878
497,0.019906895235180855
498,0.22403016686439514
499,0.4299677014350891
500,-0.006079413462430239
501,0.19748428463935852
502,0.49315035343170166
503,0.09013769775629044
504,0.2011810541152954
505,0.4070257246494293
506,0.07633930444717407
507,0.20696581900119781
508,0.5120198130607605
509,-0.030052421614527702
510,0.2170553058385849
511,0.47501811385154724
512,0.010035163722932339
513,0.22939670085906982
514,0.4354243874549866
515,0.14692027866840363
516,0.2269972264766693
517,0.44193410873413086
518,0.014829743653535843
519,0.21482418477535248
520,0.5059810280799866
521,0.012063121423125267
522,0.20718145370483398
523,0.41949406266212463
524,0.06660032272338867
525,0.20567339658737183
526,0.4877685308456421
527,-0.007940080016851425
528,0.23898039758205414
529,0.5434374213218689
530,0.138576939702034
531,0.23166409134864807
532,0.424695760011673
533,0.02969314530491829
534,0.20346233248710632
535,0.47757792472839355
536,-0.018126681447029114
537,0.22409239411354065
538,0.6142041683197021
539,0.07138590514659882
540,0.23677073419094086
541,0.6342140436172485
542,0.08252757042646408
543,0.21345829963684082
544,0.5002683401107788
545,0.12100586295127869
546,0.2218218743801117
547,0.5947737097740173
548,0.08876150846481323
549,0.20801372826099396
550,0.40281942486763
551,0.1111469641327858
552,0.23074710369110107
553,0.6611882448196411
554,0.02293502911925316
555,0.21465522050857544
556,0.5179651975631714
557,-0.02272886410355568
558,0.21439450979232788
559,0.486595094203949
560,0.016392266377806664
561,0.2064151167869568
562,0.4320272207260132
563,0.09591984003782272
564,0.21061541140079498
565,0.4281448721885681
566,0.048382487148046494
567,0.2156180739402771
568,0.4300256371498108
569,0.042012158781290054
570,0.2207304835319519
571,0.5867552161216736
572,0.025449354201555252
573,0.20082099735736847
574,0.5244361162185669
575,0.08814007043838501
576,0.2407957762479782
577,0.6863172650337219
578,0.012006571516394615
579,0.23629188537597656
580,0.6643332242965698
581,0.046805452555418015
582,0.23680952191352844
583,0.6520299315452576
584,0.06330044567584991
585,0.23404289782047272
586,0.32197684049606323
587,-0.004763178993016481
588,0.25285807251930237
589,0.694373607635498
590,-0.0035737459547817707
591,0.22152534127235413
592,0.42967528104782104
593,0.03621314838528633
594,0.226795494556427
595,0.4272536337375641
596,0.03273038938641548
597,0.23024742305278778
598,0.4258497357368469
599,0.03146299719810486
600,0.20208130776882172
601,0.4049251973628998
602,0.08820406347513199
603,0.22661392390727997
604,0.41317427158355713
605,0.03294866904616356
606,0.220984548330307
607,0.4083809554576874
608,0.036856550723314285
609,0.21459756791591644
610,0.4066651463508606
611,0.042443327605724335
612,0.20936857163906097
613,0.40850314497947693
614,0.04893749952316284
615,0.20738622546195984
616,0.4125668704509735
617,0.05391201749444008
618,0.21791255474090576
619,0.39820125699043274
620,0.1355791836977005
621,0.2081025391817093
622,0.4253508150577545
623,0.054465118795633316
624,0.22591446340084076
625,0.5367092490196228
626,-0.01931942254304886
627,0.2139820158481598
628,0.5425223708152771
629,0.008193690329790115
630,0.208637073636055
631,0.5097182989120483
632,-0.006805005948990583
633,0.21917511522769928
634,0.5377746820449829
635,-0.010471724905073643
636,0.23454906046390533
637,0.4056575894355774
638,-0.009448780678212643
639,0.22720478475093842
640,0.6324059963226318
641,0.05549553036689758
642,0.2303028702735901
643,0.6465771198272705
644,0.03946620970964432
645,0.23465551435947418
646,0.6739466190338135
647,0.0046054888516664505
648,0.2388324737548828
649,0.6132961511611938
650,0.10528508573770523
651,0.22991135716438293
652,0.4201083183288574
653,0.03125900402665138
654,0.21661269664764404
655,0.45356300473213196
656,-0.0056722164154052734
657,0.2462369203567505
658,0.6809794902801514
659,-0.01028857845813036
660,0.2365371137857437
661,0.6757489442825317
662,0.02924560196697712
663,0.21639227867126465
664,0.5344820022583008
665,0.11472447961568832
666,0.2245791256427765
667,0.5883386731147766
668,0.004827387165278196
669,0.2228294312953949
670,0.590812087059021
671,0.004231378436088562
672,0.2218325138092041
673,0.5955345630645752
674,0.0036782671231776476
675,0.22222232818603516
676,0.6024155020713806
677,0.005065280478447676
678,0.22654473781585693
679,0.6165695786476135
680,0.01069329772144556
681,0.2225440889596939
682,0.5767493844032288
683,0.021878913044929504
684,0.22003692388534546
685,0.5748329162597656
686,0.02410421520471573
687,0.21829551458358765
688,0.5723583102226257
689,0.02589431405067444
690,0.2133844494819641
691,0.563680112361908
692,0.03149278089404106
693,0.19896332919597626
694,0.5312014222145081
695,0.06411245465278625
696,0.22352203726768494
697,0.4394909739494324
698,0.0016087458934634924
699,0.2311265468597412
700,0.4112921357154846
701,0.017442667856812477
702,0.2306007742881775
703,0.41421595215797424
704,0.02618495188653469
705,0.22508370876312256
706,0.5756863355636597
707,0.020954569801688194
708,0.2102646380662918
709,0.569825291633606
710,0.07388266921043396
711,0.2293764054775238
712,0.4090789556503296
713,0.002876685932278633
714,0.2289908230304718
715,0.6306745409965515
716,0.014239328913390636
717,0.21482983231544495
718,0.45578351616859436
719,-0.0283786803483963
720,0.21706758439540863
721,0.4453280568122864
722,-0.014421221800148487
723,0.22158628702163696
724,0.44203460216522217
725,-0.02139504812657833
726,0.21203908324241638
727,0.47661319375038147
728,-0.0032040018122643232
729,0.24294891953468323
730,0.6639456748962402
731,-0.012935243546962738
732,0.24212366342544556
733,0.6442254185676575
734,-0.012108798138797283
735,0.23337328433990479
736,0.6403360366821289
737,-0.0008913850178942084
738,0.22053945064544678
739,0.6008993983268738
740,0.038614965975284576
741,0.2117292881011963
742,0.5186375379562378
743,0.018678240478038788
744,0.22514691948890686
745,0.6178041100502014
746,0.027122538536787033
747,0.20013552904129028
748,0.5167467594146729
749,0.035089895129203796
750,0.2080877274274826
751,0.5338740944862366
752,0.026682768017053604
753,0.2019505351781845
754,0.5418572425842285
755,0.04641759768128395
756,0.2324303686618805
757,0.6582081317901611
758,0.001699537388049066
759,0.21381875872612
760,0.4857744872570038
761,0.004636483732610941
762,0.22127990424633026
763,0.6136300563812256
764,0.04794657602906227
765,0.22670412063598633
766,0.6300771236419678
767,0.03338762745261192
768,0.21465571224689484
769,0.5815457701683044
770,0.046157825738191605
771,0.20712949335575104
772,0.5514460802078247
773,0.08688167482614517
774,0.21338656544685364
775,0.5855850577354431
776,0.05740009620785713
777,0.2195773720741272
778,0.5663890838623047
779,0.10676540434360504
780,0.2090703397989273
781,0.5537179708480835
782,0.03690142184495926
783,0.21711423993110657
784,0.46413126587867737
785,0.002786010969430208
786,0.20228761434555054
787,0.5022525787353516
788,-0.013874287717044353
789,0.2065318375825882
790,0.5086216926574707
791,-0.004665232263505459
792,0.1985384225845337
793,0.4906054735183716
794,-0.020716475322842598
795,0.22466960549354553
796,0.39685776829719543
797,0.021126583218574524
798,0.2142086625099182
799,0.3887711763381958
800,0.029721545055508614
801,0.20632116496562958
802,0.3872227370738983
803,0.039278145879507065
804,0.2013370245695114
805,0.3898957371711731
806,0.05025617405772209
807,0.20028235018253326
808,0.3970656096935272
809,0.05945931002497673
810,0.20628207921981812
811,0.4236290156841278
812,0.07301324605941772
813,0.21305328607559204
814,0.4668486714363098
815,0.12319088727235794
816,0.2043442726135254
817,0.44549673795700073
818,0.061319414526224136
819,0.20716334879398346
820,0.4499618411064148
821,0.05083013325929642
822,0.21428433060646057
823,0.4499279856681824
824,0.04039612039923668
825,0.22196531295776367
826,0.4465945065021515
827,0.030875302851200104
828,0.2269560992717743
829,0.4415747821331024
830,0.024507394060492516
831,0.23001980781555176
832,0.4366596043109894
833,0.02000732533633709
834,0.23558960855007172
835,0.4703454375267029
836,0.1500677615404129
837,0.21052385866641998
838,0.5137619972229004
839,-0.0018999521853402257
840,0.20999421179294586
841,0.46553826332092285
842,-0.010964363813400269
843,0.19975443184375763
844,0.5009782910346985
845,-0.023966314271092415
846,0.2083468735218048
847,0.510460615158081
848,-0.02519078552722931
849,0.2041509449481964
850,0.5047457218170166
851,-0.0206681489944458
852,0.21501179039478302
853,0.5192341208457947
854,-0.0023757009766995907
855,0.20700806379318237
856,0.5114684700965881
857,-0.028218040242791176
858,0.21368837356567383
859,0.5169987678527832
860,-0.021356817334890366
861,0.23233193159103394
862,0.42488810420036316
863,0.024868443608283997
864,0.2323404848575592
865,0.4277347922325134
866,0.01560532208532095
867,0.22964154183864594
868,0.4296351373195648
869,0.00887923315167427
870,0.20703987777233124
871,0.4160420894622803
872,0.058025941252708435
873,0.2045297473669052
874,0.4100247323513031
875,0.061617661267519
876,0.22328299283981323
877,0.45849695801734924
878,-0.03274219483137131
879,0.32395491003990173
880,0.42431640625
881,-0.036638084799051285
882,0.22372302412986755
883,0.5165439248085022
884,-0.02979723922908306
885,0.40425485372543335
886,0.35680562257766724
887,-0.028543613851070404
888,0.29024526476860046
889,0.4382805824279785
890,-0.027308566495776176
891,0.30073052644729614
892,0.43934521079063416
893,-0.032776039093732834
894,0.3122853636741638
895,0.43899405002593994
896,-0.036677371710538864
897,0.33199140429496765
898,0.4301723539829254
899,-0.03879780322313309
900,0.28166893124580383
901,0.43456828594207764
902,-0.01933627761900425
903,0.30069607496261597
904,0.3893888592720032
905,-0.03510833904147148
906,0.2889207601547241
907,0.39133143424987793
908,-0.027092594653367996
909,0.3137573003768921
910,0.3920113444328308
911,-0.03909611701965332
912,0.3241308927536011
913,0.3988032042980194
914,-0.04055027291178703
915,0.3440336585044861
916,0.44115930795669556
917,-0.03918139636516571
918,0.2869199216365814
919,0.6604697704315186
920,-0.026473183184862137
921,0.3302721381187439
922,0.4195824861526489
923,-0.036401838064193726
924,0.4112057089805603
925,0.4361197054386139
926,-0.02942969836294651
927,0.3636417090892792
928,0.42979416251182556
929,-0.0387362502515316
930,0.2892186939716339
931,0.5033776164054871
932,-0.03729250654578209
933,0.23822060227394104
934,0.5604082345962524
935,-0.027952484786510468
936,0.24320140480995178
937,0.5755763053894043
938,-0.024082044139504433
939,0.25732216238975525
940,0.5690729022026062
941,-0.03214643895626068
942,0.2736140489578247
943,0.5770767331123352
944,-0.033065084367990494
945,0.25710469484329224
946,0.5799213647842407
947,-0.028073851019144058
948,0.2704910933971405
949,0.5832763910293579
950,-0.027815155684947968
951,0.2997472286224365
952,0.6072462201118469
953,-0.02927222102880478
954,0.21046976745128632
955,0.503322422504425
956,-0.04056401550769806
957,0.21073098480701447
958,0.4886537790298462
959,-0.042932599782943726
960,0.3420408070087433
961,0.38244330883026123
962,-0.047157444059848785
963,0.26844877004623413
964,0.46233004331588745
965,-0.024978330358862877
966,0.2501273453235626
967,0.5083345770835876
968,-0.03837916627526283
969,0.254729300737381
970,0.5003383159637451
971,-0.03689664602279663
972,0.3337949514389038
973,0.5056706070899963
974,-0.04908519238233566
975,0.21584558486938477
976,0.4719249904155731
977,-0.03975456580519676
978,0.3023083806037903
979,0.36299097537994385
980,-0.04002996161580086
981,0.323055624961853
982,0.36880940198898315
983,-0.044972874224185944
984,0.37618499994277954
985,0.324288547039032
986,-0.03294951841235161
987,0.25490766763687134
988,0.3798896074295044
989,-0.019134635105729103
990,0.2806225121021271
991,0.39837872982025146
992,-0.0198350939899683
993,0.3080894649028778
994,0.5922772884368896
995,-0.03389604389667511
996,0.42246055603027344
997,0.6091940402984619
998,-0.012683849781751633
999,0.2439126819372177
1000,0.5175175666809082
1001,-0.03177821636199951
1002,0.2361491620540619
1003,0.5216206908226013
1004,-0.02547556906938553
1005,0.2968730330467224
1006,0.5913826823234558
1007,-0.029191667214035988
1008,0.2927382290363312
1009,0.5910890698432922
1010,-0.02759178727865219
1011,0.3322753310203552
1012,0.3574795722961426
1013,-0.04509805142879486
1014,0.2553554177284241
1015,0.5164242386817932
1016,-0.034754157066345215
1017,0.27967435121536255
1018,0.36538219451904297
1019,-0.03148745372891426
1020,0.2802754044532776
1021,0.35100480914115906
1022,-0.03306756168603897
1023,0.3025902211666107
1024,0.28563112020492554
1025,-0.029500503093004227
1026,0.35281363129615784
1027,0.3407630920410156
1028,-0.040383316576480865
1029,0.2888176143169403
1030,0.31742823123931885
1031,-0.031196827068924904
1032,0.35499730706214905
1033,0.3754720091819763
1034,-0.045152269303798676
1035,0.37866681814193726
1036,0.3671446740627289
1037,-0.03694627806544304
1038,0.24041083455085754
1039,0.569542646408081
1040,-0.02671351470053196
1041,0.25653886795043945
1042,0.5756039619445801
1043,-0.030360445380210876
1044,0.27135390043258667
1045,0.5803072452545166
1046,-0.03071318194270134
1047,0.24319739639759064
1048,0.5207812190055847
1049,-0.027455909177660942
1050,0.2944026589393616
1051,0.5911549925804138
1052,-0.028038131073117256
1053,0.285439133644104
1054,0.5951204299926758
1055,-0.02766670286655426
1056,0.29219141602516174
1057,0.5904418230056763
1058,-0.02696525864303112
1059,0.23080554604530334
1060,0.5093919634819031
1061,-0.039280183613300323
1062,0.2721026539802551
1063,0.5824096202850342
1064,-0.02603572979569435
1065,0.2590956687927246
1066,0.5801941752433777
1067,-0.024562641978263855
1068,0.24648794531822205
1069,0.5774908065795898
1070,-0.021455423906445503
1071,0.25495076179504395
1072,0.6296241879463196
1073,-0.0186647679656744
1074,0.24737083911895752
1075,0.6126876473426819
1076,-0.02320748195052147
1077,0.24497994780540466
1078,0.6045925617218018
1079,-0.023773187771439552
1080,0.24417032301425934
1081,0.5983913540840149
1082,-0.02189282700419426
1083,0.24476349353790283
1084,0.5941146612167358
1085,-0.020179150626063347
1086,0.27192550897598267
1087,0.5943173766136169
1088,-0.025349853560328484
1089,0.2727139890193939
1090,0.5954681634902954
1091,-0.026326704770326614
1092,0.27461788058280945
1093,0.5987305641174316
1094,-0.027938414365053177
1095,0.277208536863327
1096,0.6035773754119873
1097,-0.028482681140303612
1098,0.28118976950645447
1099,0.5607370734214783
1100,-0.034373823553323746
1101,0.44061994552612305
1102,0.5191289782524109
1103,-0.007367190904915333
1104,0.2819536030292511
1105,0.593701183795929
1106,-0.026080384850502014
1107,0.28302809596061707
1108,0.593815803527832
1109,-0.026845162734389305
1110,0.23430895805358887
1111,0.5280245542526245
1112,-0.02591186948120594
1113,0.2564857304096222
1114,0.5266414880752563
1115,-0.02650631219148636
1116,0.23486149311065674
1117,0.5247634649276733
1118,-0.02563231997191906
1119,0.2809619903564453
1120,0.4719439148902893
1121,-0.030047791078686714
1122,0.3000486493110657
1123,0.48344698548316956
1124,-0.03829285502433777
1125,0.2601586878299713
1126,0.5081159472465515
1127,-0.03398241475224495
1128,0.3423243463039398
1129,0.3002393841743469
1130,-0.0338263101875782
1131,0.32314175367355347
1132,0.32342368364334106
1133,-0.03812401369214058
1134,0.306837260723114
1135,0.34898605942726135
1136,-0.0411950945854187
1137,0.2873467803001404
1138,0.6181955337524414
1139,-0.028238965198397636
1140,0.2555689811706543
1141,0.35738322138786316
1142,-0.022235704585909843
1143,0.2604585289955139
1144,0.31880784034729004
1145,-0.020394952967762947
1146,0.2688620686531067
1147,0.2811192274093628
1148,-0.017298614606261253
1149,0.32452279329299927
1150,0.4363443851470947
1151,-0.03844336420297623
1152,0.3608422875404358
1153,0.4544050097465515
1154,-0.04248356074094772
1155,0.27614691853523254
1156,0.4303589463233948
1157,-0.015627114102244377
1158,0.3415617048740387
1159,0.4067501723766327
1160,-0.04237955063581467
1161,0.25903695821762085
1162,0.451850026845932
1163,-0.022932419553399086
1164,0.23768393695354462
1165,0.49996417760849
1166,-0.04125646501779556
1167,0.382323294878006
1168,0.46753862500190735
1169,-0.04333953559398651
1170,0.3465672433376312
1171,0.46534234285354614
1172,-0.04559572413563728
1173,0.32546475529670715
1174,0.4697708487510681
1175,-0.04361012950539589
1176,0.30066245794296265
1177,0.4657258093357086
1178,-0.03449399024248123
1179,0.2847633361816406
1180,0.45873966813087463
1181,-0.026597946882247925
1182,0.27336668968200684
1183,0.45131492614746094
1184,-0.021185806021094322
1185,0.23866567015647888
1186,0.43009576201438904
1187,-0.019541965797543526
1188,0.37969839572906494
1189,0.5044072866439819
1190,-0.04647097736597061
1191,0.3545691967010498
1192,0.4045168161392212
1193,-0.044407084584236145
1194,0.2130143642425537
1195,0.512726366519928
1196,-0.03668976575136185
1197,0.26285070180892944
1198,0.47757092118263245
1199,-0.02806675247848034
1200,0.4379047751426697
1201,0.4366133213043213
1202,-0.011810551397502422
1203,0.263817697763443
1204,0.44264471530914307
1205,-0.017241312190890312
1206,0.2664402425289154
1207,0.510198712348938
1208,-0.027644185349345207
1209,0.3364243507385254
1210,0.4197104573249817
1211,-0.03784152865409851
1212,0.24286410212516785
1213,0.4906685948371887
1214,-0.03891920670866966
1215,0.43545809388160706
1216,0.563435435295105
1217,-0.0091285714879632
1218,0.2777787446975708
1219,0.42526721954345703
1220,-0.014940297231078148
1221,0.22864112257957458
1222,0.4791495203971863
1223,-0.040895137935876846
1224,0.36091238260269165
1225,0.6423473358154297
1226,-0.030693117529153824
1227,0.37339329719543457
1228,0.6661784052848816
1229,-0.021384691819548607
1230,0.41461649537086487
1231,0.5133170485496521
1232,-0.02881796471774578
1233,0.38480716943740845
1234,0.6228165626525879
1235,-0.03163620084524155
1236,0.39683669805526733
1237,0.39872434735298157
1238,-0.031908176839351654
1239,0.29155129194259644
1240,0.6790273189544678
1241,-0.025899147614836693
1242,0.2189313769340515
1243,0.5184382796287537
1244,-0.026851164177060127
1245,0.27479279041290283
1246,0.49008017778396606
1247,-0.030755888670682907
1248,0.38156911730766296
1249,0.4342193901538849
1250,-0.03850938752293587
1251,0.3094065189361572
1252,0.4295712113380432
1253,-0.03495407477021217
1254,0.29943645000457764
1255,0.43070656061172485
1256,-0.03159310668706894
1257,0.2891073524951935
1258,0.5976008772850037
1259,-0.028269896283745766
1260,0.38134491443634033
1261,0.5406379699707031
1262,-0.04376956820487976
1263,0.27295833826065063
1264,0.6973435878753662
1265,-0.015175817534327507
1266,0.31896117329597473
1267,0.6890684366226196
1268,-0.02021608129143715
1269,0.3433675765991211
1270,0.6811420321464539
1271,-0.021065691486001015
1272,0.29166072607040405
1273,0.42988380789756775
1274,-0.026441270485520363
1275,0.2845619320869446
1276,0.427713006734848
1277,-0.02091720700263977
1278,0.2799112796783447
1279,0.4267113506793976
1280,-0.01666964590549469
1281,0.3707224428653717
1282,0.40190428495407104
1283,-0.04206747189164162
1284,0.2858927249908447
1285,0.4121060371398926
1286,-0.021966775879263878
1287,0.29407989978790283
1288,0.4063820540904999
1289,-0.026998627930879593
1290,0.30288952589035034
1291,0.40497246384620667
1292,-0.032363951206207275
1293,0.31333795189857483
1294,0.40739917755126953
1295,-0.03592826798558235
1296,0.32070979475975037
1297,0.41201725602149963
1298,-0.03726557269692421
1299,0.42397168278694153
1300,0.3921915590763092
1301,-0.019341738894581795
1302,0.3174908757209778
1303,0.42726895213127136
1304,-0.03630673512816429
1305,0.2655077576637268
1306,0.5495761036872864
1307,-0.0324787013232708
1308,0.24137453734874725
1309,0.5144352316856384
1310,-0.032992731779813766
1311,0.2385903000831604
1312,0.5409656763076782
1313,-0.02692711167037487
1314,0.33672061562538147
1315,0.6583938002586365
1316,-0.027375394478440285
1317,0.31538480520248413
1318,0.6699058413505554
1319,-0.025860285386443138
1320,0.2674577236175537
1321,0.6836429238319397
1322,-0.021709684282541275
1323,0.4003196358680725
1324,0.6441330909729004
1325,-0.017681146040558815
1326,0.2799953520298004
1327,0.4206191897392273
1328,-0.01783846691250801
1329,0.24142900109291077
1330,0.4542825520038605
1331,-0.026831967756152153
1332,0.29517874121665955
1333,0.6946656107902527
1334,-0.02015964686870575
1335,0.4127817749977112
1336,0.5539365410804749
1337,-0.02849678508937359
1338,0.25817298889160156
1339,0.5944877862930298
1340,-0.023877514526247978
1341,0.2588607966899872
1342,0.5973885655403137
1343,-0.025195850059390068
1344,0.2601921558380127
1345,0.602178692817688
1346,-0.027320366352796555
1347,0.2623209059238434
1348,0.6096077561378479
1349,-0.027704639360308647
1350,0.27210837602615356
1351,0.6256978511810303
1352,-0.025950703769922256
1353,0.2844158113002777
1354,0.5871303081512451
1355,-0.02820597030222416
1356,0.28579097986221313
1357,0.585885226726532
1358,-0.03025796264410019
1359,0.2883571982383728
1360,0.583724319934845
1361,-0.03201433643698692
1362,0.29654622077941895
1363,0.5753744840621948
1364,-0.03577902168035507
1365,0.35324013233184814
1366,0.5460337996482849
1367,-0.04772597923874855
1368,0.24868988990783691
1369,0.4399281442165375
1370,-0.02056422084569931
1371,0.26516014337539673
1372,0.4104849696159363
1373,-0.01114756241440773
1374,0.27402418851852417
1375,0.4131326973438263
1376,-0.01432892493903637
1377,0.28392738103866577
1378,0.5854612588882446
1379,-0.02666454389691353
1380,0.36551347374916077
1381,0.5920268893241882
1382,-0.03953371196985245
1383,0.24980506300926208
1384,0.4083251655101776
1385,-0.01373437512665987
1386,0.2816784977912903
1387,0.6433473825454712
1388,-0.02570170909166336
1389,0.230855792760849
1390,0.44563502073287964
1391,-0.025872796773910522
1392,0.24730119109153748
1393,0.47860240936279297
1394,-0.03122701309621334
1395,0.2603762149810791
1396,0.6472659111022949
1397,-0.019853733479976654
1398,0.3124352991580963
1399,0.6178996562957764
1400,-0.030981149524450302
1401,0.278898149728775
1402,0.5240036249160767
1403,-0.03171689063310623
1404,0.2991046607494354
1405,0.6336485147476196
1406,-0.028162356466054916
1407,0.31142380833625793
1408,0.5255675315856934
1409,-0.044601719826459885
1410,0.2930466830730438
1411,0.5418866872787476
1412,-0.03710260987281799
1413,0.32884615659713745
1414,0.5551966428756714
1415,-0.04536242038011551
1416,0.26356372237205505
1417,0.6661806702613831
1418,-0.02321433275938034
1419,0.2578752934932709
1420,0.48887279629707336
1421,-0.030429493635892868
1422,0.3260509669780731
1423,0.6349986791610718
1424,-0.03112596459686756
1425,0.3076115846633911
1426,0.6496780514717102
1427,-0.027385961264371872
1428,0.3211665153503418
1429,0.5981146097183228
1430,-0.03735454007983208
1431,0.3818800449371338
1432,0.5721386075019836
1433,-0.03960109502077103
1434,0.34277135133743286
1435,0.6069685220718384
1436,-0.03862873092293739
1437,0.4046704173088074
1438,0.5910820364952087
1439,-0.02953004278242588
1440,0.308788001537323
1441,0.5652623772621155
1442,-0.039577871561050415
1443,0.25225263833999634
1444,0.465862900018692
1445,-0.027390239760279655
1446,0.23284661769866943
1447,0.5069499015808105
1448,-0.041477929800748825
1449,0.2458498775959015
1450,0.5134497880935669
1451,-0.03640342503786087
1452,0.22329305112361908
1453,0.4931979477405548
1454,-0.043461643159389496
1455,0.27043724060058594
1456,0.39411842823028564
1457,-0.018069034442305565
1458,0.2850210964679718
1459,0.38338565826416016
1460,-0.02814253605902195
1461,0.2999570965766907
1462,0.3803916573524475
1463,-0.036173541098833084
1464,0.315893292427063
1465,0.3829475939273834
1466,-0.04178587347269058
1467,0.33022451400756836
1468,0.3913446068763733
1469,-0.0438174307346344
1470,0.34805187582969666
1471,0.4245164394378662
1472,-0.03848375752568245
1473,0.41430798172950745
1474,0.47416311502456665
1475,-0.030329778790473938
1476,0.33438777923583984
1477,0.44801151752471924
1478,-0.039870619773864746
1479,0.31886622309684753
1480,0.4521295428276062
1481,-0.037764910608530045
1482,0.3017312288284302
1483,0.4516391456127167
1484,-0.03229513019323349
1485,0.2879194915294647
1486,0.4476139545440674
1487,-0.025999603793025017
1488,0.27799323201179504
1489,0.4425504803657532
1490,-0.01824282482266426
1491,0.2705238461494446
1492,0.4372706711292267
1493,-0.01477867178618908
1494,0.44137275218963623
1495,0.4776593744754791
1496,-0.008254689164459705
1497,0.2492656707763672
1498,0.5184217691421509
1499,-0.03289082273840904
1500,0.23440194129943848
1501,0.4664457440376282
1502,-0.03316975012421608
1503,0.21996963024139404
1504,0.5041806101799011
1505,-0.04181097447872162
1506,0.2202165573835373
1507,0.5128037333488464
1508,-0.03555607795715332
1509,0.2239716798067093
1510,0.5084585547447205
1511,-0.03879142180085182
1512,0.24975696206092834
1513,0.5236140489578247
1514,-0.02834664285182953
1515,0.21672317385673523
1516,0.5129145979881287
1517,-0.03652751445770264
1518,0.22177448868751526
1519,0.5183566212654114
1520,-0.028257742524147034
1521,0.2726290225982666
1522,0.42515912652015686
1523,-0.012209706008434296
1524,0.26435813307762146
1525,0.4281246066093445
1526,-0.011310134083032608
1527,0.25673332810401917
1528,0.42988428473472595
1529,-0.01369186956435442
1530,0.3255991041660309
1531,0.4158838093280792
1532,-0.03698190301656723
1533,0.3329646587371826
1534,0.40772098302841187
1535,-0.04021277651190758
1536,0.0
1537,0.0
1538,0.0
1539,0.0
1540,0.0
1541,0.0
1542,0.0
1543,0.0
1544,0.0
1545,0.0
1546,0.0
1547,0.0
1548,0.0
1549,0.0
1550,0.0
1551,0.0
1552,0.0
1553,0.0
1554,0.0
1555,0.0
1556,0.0
1557,0.0
1558,0.0
1559,0.0
1560,0.0
1561,0.0
1562,0.0
1563,0.0
1564,0.0
1565,0.0
1566,0.0
1567,0.0
1568,0.0
1569,0.0
1570,0.0
1571,0.0
1572,0.0
1573,0.0
1574,0.0
1575,0.0
1576,0.0
1577,0.0
1578,0.0
1579,0.0
1580,0.0
1581,0.0
1582,0.0
1583,0.0
1584,0.0
1585,0.0
1586,0.0
1587,0.0
1588,0.0
1589,0.0
1590,0.0
1591,0.0
1592,0.0
1593,0.0
1594,0.0
1595,0.0
1596,0.0
1597,0.0
1598,0.0
1599,0.10378965735435486
1600,0.7537124156951904
1601,-3.105581214413178e-08
1602,0.1616334468126297
1603,0.7062507271766663
1604,0.036222778260707855
1605,0.18825334310531616
1606,0.6586893796920776
1607,0.03865467384457588
1608,0.21180981397628784
1609,0.625827431678772
1610,0.027909526601433754
1611,0.22886885702610016
1612,0.6035285592079163
1613,0.014991838485002518
1614,0.1391468346118927
1615,0.5433835387229919
1616,0.017837151885032654
1617,0.21366044878959656
1618,0.5031979084014893
1619,0.001578190247528255
1620,0.26312056183815
1621,0.5294305086135864
1622,-0.009185723029077053
1623,0.2984687387943268
1624,0.5569378137588501
1625,-0.015093808062374592
1626,0.1263357400894165
1627,0.5516948699951172
1628,-0.011931522749364376
1629,0.22608771920204163
1630,0.5246437191963196
1631,-0.03143744170665741
1632,0.2760125398635864
1633,0.5831747055053711
1634,-0.036399587988853455
1635,0.29817506670951843
1636,0.636336624622345
1637,-0.0375213585793972
1638,0.12887270748615265
1639,0.5762503743171692
1640,-0.039934806525707245
1641,0.2272460162639618
1642,0.553622841835022
1643,-0.05997651442885399
1644,0.2677569091320038
1645,0.6177664399147034
1646,-0.05476647987961769
1647,0.28069084882736206
1648,0.6745361089706421
1649,-0.04626617953181267
1650,0.1397075355052948
1651,0.608298659324646
1652,-0.06511133909225464
1653,0.2080489844083786
1654,0.5800999402999878
1655,-0.07140746712684631
1656,0.2367139309644699
1657,0.6175276041030884
1658,-0.06116762384772301
1659,0.2510140538215637
1660,0.6591654419898987
1661,-0.05154550075531006
