,0
0,0.43036848306655884
1,0.35739362239837646
2,-0.8059259653091431
3,0.9999738931655884
4,0.4576035439968109
5,0.2947954535484314
6,-0.7441244721412659
7,0.9999281167984009
8,0.4728662371635437
9,0.29551568627357483
10,-0.7438799142837524
11,0.999925971031189
12,0.4835853576660156
13,0.2961801588535309
14,-0.7436059713363647
15,0.9999099373817444
16,0.40566641092300415
17,0.29778867959976196
18,-0.7448620200157166
19,0.9999392628669739
20,0.3883311450481415
21,0.2980315387248993
22,-0.7442930936813354
23,0.9999502301216125
24,0.3719461262226105
25,0.2989533841609955
26,-0.7443665266036987
27,0.9999541640281677
28,0.5038198232650757
29,0.3257385194301605
30,-0.36002999544143677
31,0.9998999238014221
32,0.35187846422195435
33,0.3286990523338318
34,-0.3481076657772064
35,0.9999544620513916
36,0.46404486894607544
37,0.4246229827404022
38,-0.67125403881073
39,0.9999557733535767
40,0.3997208774089813
41,0.4294529855251312
42,-0.6666384339332581
43,0.999957263469696
44,0.6447951793670654
45,0.6816599369049072
46,-0.1317633092403412
47,0.9991993308067322
48,0.24745383858680725
49,0.6625416874885559
50,-0.30300429463386536
51,0.9997203350067139
52,0.7337588667869568
53,1.0298956632614136
54,-0.06793198734521866
55,0.3901726007461548
56,0.1371261477470398
57,1.0403269529342651
58,-0.8354770541191101
59,0.9364901185035706
60,0.7690163850784302
61,1.434570074081421
62,-0.29126009345054626
63,0.24905718863010406
64,0.2645893692970276
65,0.6745319366455078
66,-1.6629241704940796
67,0.9720893502235413
68,0.7998181581497192
69,1.538711428642273
70,-0.35545778274536133
71,0.3335299491882324
72,0.2868502140045166
73,0.5487244129180908
74,-1.844317078590393
75,0.9646099209785461
76,0.7617588639259338
77,1.5283805131912231
78,-0.39663034677505493
79,0.44684451818466187
80,0.2848491370677948
81,0.4993080198764801
82,-1.7925609350204468
83,0.9686298370361328
84,0.7344077229499817
85,1.4925075769424438
86,-0.3255615532398224
87,0.45684120059013367
88,0.2888822555541992
89,0.5429638624191284
90,-1.6645886898040771
91,0.9643412232398987
92,0.5803791284561157
93,1.4231981039047241
94,-0.030735069885849953
95,0.0008534386870451272
96,0.29030296206474304
97,1.4239295721054077
98,0.035038769245147705
99,0.0010343285975977778
100,0.5516506433486938
101,2.0556302070617676
102,-0.07011090219020844
103,0.0003783692081924528
104,0.2993173599243164
105,2.066239356994629
106,-0.0009288930450566113
107,0.0002517386747058481
108,0.5376468896865845
109,2.620697021484375
110,0.496502548456192
111,0.00011345538223395124
112,0.3005535304546356
113,2.626840829849243
114,0.371967077255249
115,7.029927928670077e-06
116,0.5429702997207642
117,2.6981375217437744
118,0.5134618282318115
119,6.67693093419075e-05
120,0.29436975717544556
121,2.7002034187316895
122,0.39845535159111023
123,1.5597781384713016e-05
124,0.5041455030441284
125,2.79215407371521
126,-0.06608838587999344
127,4.620061372406781e-05
128,0.3333671987056732
129,2.815401792526245
130,-0.25600317120552063
131,3.073432526434772e-05
132,0.4231744706630707
133,0.40771475434303284
134,-0.024062316864728928
135,0.4221755564212799
136,0.36560413241386414
137,-0.04665965214371681
138,0.42291638255119324
139,0.37813976407051086
140,-0.024539388716220856
141,0.41577452421188354
142,0.326911985874176
143,-0.035446278750896454
144,0.42218396067619324
145,0.3533783257007599
146,-0.04969519004225731
147,0.4225243031978607
148,0.3377881348133087
149,-0.046479493379592896
150,0.42369547486305237
151,0.3008146584033966
152,-0.024328943341970444
153,0.3660895526409149
154,0.2965922951698303
155,0.011910706758499146
156,0.4243255853652954
157,0.2749273180961609
158,-0.019417759031057358
159,0.42458847165107727
160,0.259758323431015
161,-0.021531712263822556
162,0.42584165930747986
163,0.19949716329574585
164,-0.012900051660835743
165,0.4232136011123657
166,0.4141104519367218
167,-0.022897133603692055
168,0.42327025532722473
169,0.41903623938560486
170,-0.02006245031952858
171,0.42338210344314575
172,0.4209926426410675
173,-0.016228703781962395
174,0.42310383915901184
175,0.4346790313720703
176,-0.012676840648055077
177,0.4230166971683502
178,0.44081777334213257
179,-0.013928319327533245
180,0.42294320464134216
181,0.4481143355369568
182,-0.015363072976469994
183,0.42291805148124695
184,0.4555632472038269
185,-0.013362065888941288
186,0.4229463040828705
187,0.46408790349960327
188,-0.004368502646684647
189,0.4223603308200836
190,0.3717685341835022
191,-0.04222442954778671
192,0.4146715998649597
193,0.3708902895450592
194,-0.030156737193465233
195,0.34145236015319824
196,0.2540910243988037
197,0.051453009247779846
198,0.38936588168144226
199,0.30735716223716736
200,0.0028761469293385744
201,0.3813343644142151
202,0.30815595388412476
203,0.003541085636243224
204,0.37357667088508606
205,0.30763083696365356
206,0.005947116296738386
207,0.3632596731185913
208,0.3009990453720093
209,0.013238529674708843
210,0.3961098790168762
211,0.30457013845443726
212,0.003199203172698617
213,0.3785131871700287
214,0.2786681056022644
215,-0.0005492675118148327
216,0.38743919134140015
217,0.27955493330955505
218,-0.0008362627704627812
219,0.37030500173568726
220,0.28017550706863403
221,0.002282177796587348
222,0.36493754386901855
223,0.2838687300682068
224,0.005976851563900709
225,0.3571298122406006
226,0.3091481924057007
227,0.01761721447110176
228,0.3916516602039337
229,0.4743397533893585
230,0.007539581507444382
231,0.3632127344608307
232,0.29371070861816406
233,0.014629942364990711
234,0.33673977851867676
235,0.3040924072265625
236,0.056044261902570724
237,0.34885480999946594
238,0.3018316626548767
239,0.026181671768426895
240,0.38180795311927795
241,0.35621222853660583
242,-0.004554205574095249
243,0.41205042600631714
244,0.4054393470287323
245,-0.02256651781499386
246,0.41373926401138306
247,0.4187450110912323
248,-0.018349047750234604
249,0.40098822116851807
250,0.409233033657074
251,-0.016852611675858498
252,0.39437952637672424
253,0.41446059942245483
254,-0.009247972629964352
255,0.4058389663696289
256,0.41942480206489563
257,-0.01417575590312481
258,0.3999572992324829
259,0.42087650299072266
260,-0.007254644762724638
261,0.3841494917869568
262,0.43534818291664124
263,0.006699083838611841
264,0.41517505049705505
265,0.365081250667572
266,-0.04574856907129288
267,0.4139919877052307
268,0.35350024700164795
269,-0.04853261634707451
270,0.35331177711486816
271,0.273607075214386
272,0.007831535302102566
273,0.398700088262558
274,0.32665422558784485
275,-0.007029746659100056
276,0.3954048752784729
277,0.36184418201446533
278,-0.02387525513768196
279,0.3949325978755951
280,0.3557058274745941
281,-0.021259211003780365
282,0.35870128870010376
283,0.3547971844673157
284,0.006851877085864544
285,0.41480734944343567
286,0.3389770984649658
287,-0.04352060332894325
288,0.37206295132637024
289,0.2626049816608429
290,-0.00801896583288908
291,0.36081841588020325
292,0.2658924162387848
293,-0.0010944439563900232
294,0.34831055998802185
295,0.2333303987979889
296,0.03402886539697647
297,0.40739965438842773
298,0.27273985743522644
299,-0.01614544726908207
300,0.39511096477508545
301,0.2832235097885132
302,0.0016113354358822107
303,0.3785722851753235
304,0.42187607288360596
305,0.008046099916100502
306,0.3454251289367676
307,0.41321444511413574
308,0.0812133401632309
309,0.4016836881637573
310,0.3684045672416687
311,-0.020437195897102356
312,0.40890827775001526
313,0.3725864887237549
314,-0.021894492208957672
315,0.3864899277687073
316,0.42429107427597046
317,0.00704832561314106
318,0.39086708426475525
319,0.4240396022796631
320,0.004541062284260988
321,0.35684674978256226
322,0.2582910358905792
323,0.003138911910355091
324,0.39522191882133484
325,0.36727023124694824
326,-0.01905565895140171
327,0.3873588442802429
328,0.26415058970451355
329,-0.013274713419377804
330,0.3859860301017761
331,0.2544747591018677
332,-0.015309326350688934
333,0.3790323734283447
334,0.20543937385082245
335,-0.0002842310059349984
336,0.3528645932674408
337,0.24513399600982666
338,0.01647813245654106
339,0.3833616077899933
340,0.2286059856414795
341,-0.008274822495877743
342,0.34921473264694214
343,0.2685025930404663
344,0.015246633440256119
345,0.3453332483768463
346,0.2616152763366699
347,0.0324554368853569
348,0.41271477937698364
349,0.4131007790565491
350,-0.021388141438364983
351,0.40361225605010986
352,0.41531801223754883
353,-0.015851955860853195
354,0.39711326360702515
355,0.4178140163421631
356,-0.00895594246685505
357,0.40390634536743164
358,0.370801717042923
359,-0.019076917320489883
360,0.388613224029541
361,0.42446374893188477
362,0.005627935286611319
363,0.39183956384658813
364,0.4295414090156555
365,0.0009098844602704048
366,0.3922256529331207
367,0.42316919565200806
368,0.004202264826744795
369,0.4060693085193634
370,0.3641929626464844
371,-0.03281504660844803
372,0.4019860327243805
373,0.4202626049518585
374,-0.006005399394780397
375,0.40784987807273865
376,0.42014169692993164
377,-0.010891130194067955
378,0.4149937033653259
379,0.4204862713813782
380,-0.014719562605023384
381,0.41065603494644165
382,0.4628913700580597
383,-0.003578201634809375
384,0.4109351336956024
385,0.4536389410495758
386,-0.012325165793299675
387,0.4117072820663452
388,0.4461672902107239
389,-0.01391863264143467
390,0.4127923250198364
391,0.4386545419692993
392,-0.01238065492361784
393,0.4139144718647003
394,0.43362027406692505
395,-0.011087438091635704
396,0.400256872177124
397,0.4294700026512146
398,-0.003313122084364295
399,0.39854371547698975
400,0.4314008057117462
401,-0.004534026607871056
402,0.3960314989089966
403,0.4348984956741333
404,-0.005314307752996683
405,0.393998920917511
406,0.4387814402580261
407,-0.0034355877432972193
408,0.3878539800643921
409,0.3998086154460907
410,-0.0068001714535057545
411,0.33787915110588074
412,0.3553581237792969
413,0.09239961206912994
414,0.4226440191268921
415,0.37424415349960327
416,-0.030699539929628372
417,0.3965489864349365
418,0.42737212777137756
419,0.0013856772566214204
420,0.3942599594593048
421,0.4281890392303467
422,0.0006617626640945673
423,0.41177141666412354
424,0.3781237304210663
425,-0.022002393379807472
426,0.39830395579338074
427,0.3748178482055664
428,-0.012759216129779816
429,0.4103933870792389
430,0.37543800473213196
431,-0.02224496752023697
432,0.39009177684783936
433,0.333329975605011
434,-0.0036354749463498592
435,0.3770320415496826
436,0.34111014008522034
437,-0.0007952461601234972
438,0.3936687707901001
439,0.36110296845436096
440,-0.01623532921075821
441,0.3600832521915436
442,0.21672789752483368
443,0.015730224549770355
444,0.36487528681755066
445,0.23361462354660034
446,0.003381680930033326
447,0.3695121109485626
448,0.2530663311481476
449,-0.006457948591560125
450,0.39076828956604004
451,0.4452785849571228
452,0.002898571779951453
453,0.40491947531700134
454,0.25749966502189636
455,-0.019961025565862656
456,0.4027729034423828
457,0.22760146856307983
458,-0.015224844217300415
459,0.40024977922439575
460,0.2002677470445633
461,-0.009859597310423851
462,0.36696237325668335
463,0.3053882122039795
464,0.009729703888297081
465,0.34885114431381226
466,0.31765997409820557
467,0.0228327214717865
468,0.4004632532596588
469,0.30157482624053955
470,0.004163701087236404
471,0.3567081689834595
472,0.2875722050666809
473,0.013502811081707478
474,0.40463775396347046
475,0.3191462755203247
476,-0.010555095970630646
477,0.4005134403705597
478,0.3572409749031067
479,-0.032601259648799896
480,0.34103819727897644
481,0.3256358802318573
482,0.03263517841696739
483,0.3537224233150482
484,0.3257461488246918
485,0.015233681537210941
486,0.36366569995880127
487,0.33011594414711
488,0.007299499120563269
489,0.3789446949958801
490,0.3282770812511444
491,0.0027336201164871454
492,0.39024484157562256
493,0.323494553565979
494,0.0005078082904219627
495,0.3987707495689392
496,0.3180701434612274
497,-0.0023324755020439625
498,0.41570234298706055
499,0.30379271507263184
500,-0.020619463175535202
501,0.3416081666946411
502,0.35009267926216125
503,0.030779249966144562
504,0.35067009925842285
505,0.28645017743110657
506,0.017552843317389488
507,0.4181245267391205
508,0.37128689885139465
509,-0.04155770689249039
510,0.39873796701431274
511,0.3380252420902252
512,-0.010466879233717918
513,0.33646953105926514
514,0.3035939931869507
515,0.08447234332561493
516,0.4051550626754761
517,0.311863511800766
518,-0.004078404977917671
519,0.3931979835033417
520,0.36195817589759827
521,-0.007338718976825476
522,0.36068764328956604
523,0.2946194112300873
524,0.016281843185424805
525,0.4002515375614166
526,0.3498467803001404
527,-0.029351115226745605
528,0.3400087058544159
529,0.38331663608551025
530,0.08906038850545883
531,0.4005333185195923
532,0.2971346974372864
533,0.006418371107429266
534,0.40738990902900696
535,0.3431974947452545
536,-0.03804630786180496
537,0.3600192070007324
538,0.44279927015304565
539,0.038136277347803116
540,0.36134687066078186
541,0.45561859011650085
542,0.05276574566960335
543,0.3357928693294525
544,0.35317423939704895
545,0.06153995171189308
546,0.350943386554718
547,0.4260563552379608
548,0.04772252216935158
549,0.34096479415893555
550,0.2809908986091614
551,0.04661143198609352
552,0.3903721868991852
553,0.48543840646743774
554,0.012527704238891602
555,0.4192692041397095
556,0.3737375736236572
557,-0.030075564980506897
558,0.39138633012771606
559,0.3467218577861786
560,-0.006888228934258223
561,0.34272146224975586
562,0.30405595898628235
563,0.03498739376664162
564,0.37412843108177185
565,0.3003849983215332
566,0.006796939764171839
567,0.381183922290802
568,0.3014388084411621
569,0.004550634417682886
570,0.3895059823989868
571,0.43125808238983154
572,0.0024741922970861197
573,0.3432246148586273
574,0.3738563060760498
575,0.03426745906472206
576,0.4051837623119354
577,0.5025364756584167
578,0.014455647207796574
579,0.38164544105529785
580,0.4839155972003937
581,0.031340230256319046
582,0.372151643037796
583,0.4720948040485382
584,0.040849458426237106
585,0.4252035319805145
586,0.22832036018371582
587,-0.017736146226525307
588,0.42258039116859436
589,0.5057976841926575
590,0.011595655232667923
591,0.38806501030921936
592,0.3008856177330017
593,0.0039146775379776955
594,0.39447468519210815
595,0.29926571249961853
596,0.004803893622010946
597,0.39857640862464905
598,0.2982478141784668
599,0.00634670490399003
600,0.34572309255599976
601,0.2841969132423401
602,0.026230813935399055
603,0.39374569058418274
604,0.2892567217350006
605,0.003523539984598756
606,0.3868343234062195
607,0.2860727310180664
608,0.0020291421096771955
609,0.379688560962677
610,0.28521886467933655
611,0.002690754132345319
612,0.37245360016822815
613,0.28686463832855225
614,0.004925732966512442
615,0.36791831254959106
616,0.289728045463562
617,0.00791148841381073
618,0.3377973437309265
619,0.27604955434799194
620,0.0698075219988823
621,0.3693653643131256
622,0.29855862259864807
623,0.009520208463072777
624,0.4230589270591736
625,0.3876975178718567
626,-0.022225989028811455
627,0.3947208821773529
628,0.39241981506347656
629,-0.012440680526196957
630,0.40144839882850647
631,0.36637577414512634
632,-0.023956352844834328
633,0.4108864963054657
634,0.38878896832466125
635,-0.02103535085916519
636,0.4241131544113159
637,0.2874961495399475
638,-0.018404364585876465
639,0.3698320686817169
640,0.4591999351978302
641,0.030444901436567307
642,0.3796205520629883
643,0.4721304476261139
644,0.022065013647079468
645,0.40453779697418213
646,0.4953696131706238
647,0.004135599359869957
648,0.352955162525177
649,0.43754300475120544
650,0.06753934174776077
651,0.39840787649154663
652,0.29394233226776123
653,0.0051872911863029
654,0.40974390506744385
655,0.32212066650390625
656,-0.022525539621710777
657,0.42246466875076294
658,0.4984767436981201
659,0.0016976249171420932
660,0.39219507575035095
661,0.4946620762348175
662,0.021278327330946922
663,0.3382493853569031
664,0.37916073203086853
665,0.06097991764545441
666,0.40633338689804077
667,0.4316987693309784
668,-0.0075346860103309155
669,0.40459224581718445
670,0.4352969229221344
671,-0.008821940049529076
672,0.40263986587524414
673,0.44093960523605347
674,-0.009662781842052937
675,0.4011654555797577
676,0.447465717792511
677,-0.008014507591724396
678,0.39906832575798035
679,0.455220103263855
680,-0.0012366605224087834
681,0.39461541175842285
682,0.42201268672943115
683,-0.0010536103509366512
684,0.3917419910430908
685,0.4208248257637024
686,-0.0009660289506427944
687,0.38923048973083496
688,0.4187585413455963
689,-0.0010345937917008996
690,0.38199731707572937
691,0.40981632471084595
692,0.0006092648836784065
693,0.3532005250453949
694,0.38042640686035156
695,0.0169747956097126
696,0.4103381633758545
697,0.310718834400177
698,-0.014948754571378231
699,0.40693262219429016
700,0.2898087501525879
701,-0.0002959039993584156
702,0.401928186416626
703,0.29105302691459656
704,0.0031604331452399492
705,0.3969709277153015
706,0.420463889837265
707,-0.00025265669682994485
708,0.35322052240371704
709,0.40930432081222534
710,0.03113209828734398
711,0.4136796295642853
712,0.28937768936157227
713,-0.011862974613904953
714,0.3951849043369293
715,0.46379292011260986
716,0.0037852912209928036
717,0.4229351580142975
718,0.3251500725746155
719,-0.03865625336766243
720,0.4155752956867218
721,0.315962016582489
722,-0.028829300776124
723,0.4233245253562927
724,0.3134170174598694
725,-0.031126903370022774
726,0.40324488282203674
727,0.3401777446269989
728,-0.021901311352849007
729,0.42255091667175293
730,0.48740556836128235
731,-0.0030574335251003504
732,0.42274755239486694
733,0.4745244085788727
734,-0.00344136287458241
735,0.4081764221191406
736,0.47263261675834656
737,-0.0012897796696051955
738,0.3774857223033905
739,0.4382106363773346
740,0.011976251378655434
741,0.38697221875190735
742,0.3718201816082001
743,-0.004698635544627905
744,0.38533148169517517
745,0.4524215757846832
746,0.008505837991833687
747,0.36967286467552185
748,0.3704237639904022
749,-0.0001246485044248402
750,0.380222886800766
751,0.3841155171394348
752,-0.002042318694293499
753,0.36365315318107605
754,0.3896327316761017
755,0.007970134727656841
756,0.40554726123809814
757,0.4847266376018524
758,-0.00031620284426026046
759,0.39815807342529297
760,0.34679052233695984
761,-0.015376185066998005
762,0.3714541792869568
763,0.4464649260044098
764,0.020282689481973648
765,0.38136205077171326
766,0.4609212279319763
767,0.015151690691709518
768,0.3715255856513977
769,0.42218315601348877
770,0.012125077657401562
771,0.3458721339702606
772,0.3942418098449707
773,0.03803273290395737
774,0.3624778985977173
775,0.4233168661594391
776,0.020613763481378555
777,0.3428223729133606
778,0.40347445011138916
779,0.0580621138215065
780,0.3744743764400482
781,0.399881511926651
782,0.0030653956346213818
783,0.40435948967933655
784,0.32992804050445557
785,-0.016042184084653854
786,0.4032873511314392
787,0.3622951805591583
788,-0.03453044593334198
789,0.3979572355747223
790,0.3655141592025757
791,-0.02497941069304943
792,0.4068698287010193
793,0.354671835899353
794,-0.0410706102848053
795,0.4007944166660309
796,0.2807099223136902
797,-0.002868077950552106
798,0.3875974416732788
799,0.27446287870407104
800,-0.004440950695425272
801,0.3758832812309265
802,0.27295491099357605
803,-0.003682785900309682
804,0.3662601411342621
805,0.27447590231895447
806,0.00018213018483947963
807,0.35980063676834106
808,0.27914291620254517
809,0.005807987879961729
810,0.3556671142578125
811,0.29828667640686035
812,0.01982724666595459
813,0.3351530432701111
814,0.328314870595932
815,0.05932849273085594
816,0.3611741364002228
817,0.3139933943748474
818,0.01336701586842537
819,0.36929306387901306
820,0.3174680173397064
821,0.007978544570505619
822,0.37992027401924133
823,0.31745070219039917
824,0.004192700143903494
825,0.3900811970233917
826,0.31484222412109375
827,0.0026024803519248962
828,0.3979896605014801
829,0.3110172152519226
830,0.0015165393706411123
831,0.4034467339515686
832,0.30722349882125854
833,0.0008548316545784473
834,0.33718764781951904
835,0.32938528060913086
836,0.09136257320642471
837,0.3983163833618164
838,0.3689020574092865
839,-0.020645609125494957
840,0.40920600295066833
841,0.33239027857780457
842,-0.029031692072749138
843,0.4092717170715332
844,0.3630639314651489
845,-0.0414348728954792
846,0.41410988569259644
847,0.3691125810146332
848,-0.03803761303424835
849,0.40943393111228943
850,0.36489394307136536
851,-0.03719113767147064
852,0.40078499913215637
853,0.3727288842201233
854,-0.017721502110362053
855,0.41557008028030396
856,0.37033164501190186
857,-0.04033685103058815
858,0.41653701663017273
859,0.3728483021259308
860,-0.030093122273683548
861,0.40334516763687134
862,0.29805439710617065
863,0.0048612128011882305
864,0.40779823064804077
865,0.30099964141845703
866,-0.0006178270559757948
867,0.4100905954837799
868,0.30295640230178833
869,-0.006958009675145149
870,0.36526089906692505
871,0.2918833792209625
872,0.010854210704565048
873,0.36099880933761597
874,0.2881821095943451
875,0.011173229664564133
876,0.4302745461463928
877,0.3272095322608948
878,-0.03593270853161812
879,0.48489537835121155
880,0.2995690703392029
881,0.008354568853974342
882,0.43079695105552673
883,0.3711395859718323
884,-0.03054468333721161
885,0.514256477355957
886,0.257314532995224
887,0.04616004228591919
888,0.46047157049179077
889,0.3091955780982971
890,0.0004784769844263792
891,0.46876850724220276
892,0.31036633253097534
893,0.0007304858299903572
894,0.47684618830680847
895,0.31008675694465637
896,0.0026599387638270855
897,0.4878495931625366
898,0.30398112535476685
899,0.009487106464803219
900,0.4534685015678406
901,0.3060941994190216
902,0.0013793580001220107
903,0.47236084938049316
904,0.28089335560798645
905,-0.003455169266089797
906,0.4631730318069458
907,0.28132447600364685
908,-0.0031186433043330908
909,0.480801522731781
910,0.2827773094177246
911,-0.0009808115428313613
912,0.4863840639591217
913,0.286746621131897
914,0.0023856277111917734
915,0.494131475687027
916,0.3121453523635864
917,0.013590512797236443
918,0.45465660095214844
919,0.475868284702301
920,0.005852715112268925
921,0.48798614740371704
922,0.2968536615371704
923,0.010934612713754177
924,0.5173403024673462
925,0.3076084852218628
926,0.050672996789216995
927,0.5032293796539307
928,0.30501502752304077
929,0.02170024812221527
930,0.4663817584514618
931,0.3577062487602234
932,-0.007016538176685572
933,0.4345167577266693
934,0.4055831730365753
935,-0.023195261135697365
936,0.4330597519874573
937,0.41881877183914185
938,-0.01896846666932106
939,0.4461442530155182
940,0.4093780517578125
941,-0.018031662330031395
942,0.45331862568855286
943,0.4144582748413086
944,-0.010933952406048775
945,0.44137319922447205
946,0.41946518421173096
947,-0.015372013673186302
948,0.44764280319213867
949,0.42076122760772705
950,-0.008799017407000065
951,0.46370285749435425
952,0.4358953535556793
953,0.004541606176644564
954,0.42935776710510254
955,0.3653090298175812
956,-0.046068258583545685
957,0.4305637776851654
958,0.3538513481616974
959,-0.048841722309589386
960,0.49871382117271423
961,0.27665019035339355
962,0.0036560711450874805
963,0.44972145557403564
964,0.3277217149734497
965,-0.008666135370731354
966,0.45083171129226685
967,0.36263909935951233
968,-0.025304703041911125
969,0.45167481899261475
970,0.3565429151058197
971,-0.02274402603507042
972,0.4906412661075592
973,0.3572591245174408
974,0.002971495036035776
975,0.4304552376270294
976,0.33931872248649597
977,-0.04399096965789795
978,0.47879117727279663
979,0.26486673951148987
980,-0.011025846935808659
981,0.4906623065471649
982,0.26856958866119385
983,-0.004895699676126242
984,0.5068454742431641
985,0.23619642853736877
986,0.029225297272205353
987,0.44185158610343933
988,0.27360963821411133
989,-0.01711832918226719
990,0.45529526472091675
991,0.2846955955028534
992,-0.00026295831776224077
993,0.46967557072639465
994,0.4225100576877594
995,0.005457249004393816
996,0.5067852139472961
997,0.4168882966041565
998,0.07632751017808914
999,0.4445328712463379
1000,0.3689357042312622
1001,-0.021703137084841728
1002,0.437213271856308
1003,0.37288349866867065
1004,-0.02252190187573433
1005,0.46170878410339355
1006,0.42405176162719727
1007,0.004814745392650366
1008,0.45733407139778137
1009,0.4236666262149811
1010,0.0026582153514027596
1011,0.4952239394187927
1012,0.26107025146484375
1013,-0.0007886098464950919
1014,0.4513208866119385
1015,0.367967426776886
1016,-0.02049635909497738
1017,0.46276044845581055
1018,0.2658717632293701
1019,-0.015360210090875626
1020,0.4643714725971222
1021,0.2560850977897644
1022,-0.017370523884892464
1023,0.47396108508110046
1024,0.20705018937587738
1025,-0.00297091668471694
1026,0.5006585121154785
1027,0.24793289601802826
1028,0.012196294032037258
1029,0.4681965410709381
1030,0.23024307191371918
1031,-0.010694379918277264
1032,0.5035331845283508
1033,0.27157074213027954
1034,0.01080105360597372
1035,0.508802056312561
1036,0.26485204696655273
1037,0.027608614414930344
1038,0.43396449089050293
1039,0.4131927192211151
1040,-0.022042982280254364
1041,0.4435625374317169
1042,0.4153834581375122
1043,-0.017069881781935692
1044,0.45057982206344604
1045,0.4177391529083252
1046,-0.010542496107518673
1047,0.4423912763595581
1048,0.37125539779663086
1049,-0.02001543715596199
1050,0.45954862236976624
1051,0.4240909516811371
1052,0.0035784312058240175
1053,0.4558759331703186
1054,0.4294182360172272
1055,-0.000767037330660969
1056,0.4560316801071167
1057,0.42295002937316895
1058,0.0023819704074412584
1059,0.43939366936683655
1060,0.3648163974285126
1061,-0.03381641209125519
1062,0.44581368565559387
1063,0.4200562834739685
1064,-0.0074231987819075584
1065,0.43954986333847046
1066,0.42015570402145386
1067,-0.011960449628531933
1068,0.432038277387619
1069,0.42049673199653625
1070,-0.015357999131083488
1071,0.4354911148548126
1072,0.46333515644073486
1073,-0.0042051393538713455
1074,0.4351111054420471
1075,0.45401084423065186
1076,-0.01296973042190075
1077,0.4344118535518646
1078,0.4464559257030487
1079,-0.014597224071621895
1080,0.43349242210388184
1081,0.43890392780303955
1082,-0.012966741807758808
1083,0.432569682598114
1084,0.43378451466560364
1085,-0.011652922257781029
1086,0.44714614748954773
1087,0.42944270372390747
1088,-0.0045793913304805756
1089,0.44875913858413696
1090,0.43139177560806274
1091,-0.005839125718921423
1092,0.451175332069397
1093,0.4350201487541199
1094,-0.006597320083528757
1095,0.4531552195549011
1096,0.43903303146362305
1097,-0.0048489561304450035
1098,0.4596923291683197
1099,0.4005321264266968
1100,-0.00866712536662817
1101,0.5167014002799988
1102,0.3590667247772217
1103,0.08681171387434006
1104,0.45119503140449524
1105,0.4272623658180237
1106,-0.000199153641005978
1107,0.4534602165222168
1108,0.428050696849823
1109,-0.0009771090699359775
1110,0.4343161880970001
1111,0.3782983422279358
1112,-0.022547610104084015
1113,0.4484080970287323
1114,0.37535184621810913
1115,-0.013894494622945786
1116,0.4356725811958313
1117,0.3757116198539734
1118,-0.022812556475400925
1119,0.45855170488357544
1120,0.33466145396232605
1121,-0.005785027984529734
1122,0.47181013226509094
1123,0.3429098427295685
1124,-0.0036460140254348516
1125,0.45317843556404114
1126,0.3619091808795929
1127,-0.01779564656317234
1128,0.4940880537033081
1129,0.21899057924747467
1130,0.01180840190500021
1131,0.4877987205982208
1132,0.2358955442905426
1133,-9.91792039712891e-05
1134,0.48173099756240845
1135,0.25533726811408997
1136,-0.00957531575113535
1137,0.45650988817214966
1138,0.4460551142692566
1139,0.0011502125998958945
1140,0.44483786821365356
1141,0.25831523537635803
1142,-0.020969729870557785
1143,0.448102742433548
1144,0.2285194993019104
1145,-0.016405561938881874
1146,0.4519512951374054
1147,0.20110414922237396
1148,-0.011220789514482021
1149,0.4838292598724365
1150,0.3081342279911041
1151,0.006140436045825481
1152,0.5025646686553955
1153,0.3207872211933136
1154,0.018393704667687416
1155,0.44905510544776917
1156,0.3029617667198181
1157,0.002555054146796465
1158,0.495033323764801
1159,0.29065823554992676
1160,0.009442499838769436
1161,0.4436403214931488
1162,0.32000410556793213
1163,-0.0118669169023633
1164,0.44516801834106445
1165,0.3580482006072998
1166,-0.03374246135354042
1167,0.5108872056007385
1168,0.32901617884635925
1169,0.027655547484755516
1170,0.4968266487121582
1171,0.32864102721214294
1172,0.011044749058783054
1173,0.4861837327480316
1174,0.3324812054634094
1175,0.0036044844891875982
1176,0.4704117774963379
1177,0.33010363578796387
1178,-0.000129618652863428
1179,0.4588589072227478
1180,0.324945330619812
1181,-0.0016609090380370617
1182,0.45016077160835266
1183,0.3192867636680603
1184,-0.004055009689182043
1185,0.43197402358055115
1186,0.30418631434440613
1187,-0.021152261644601822
1188,0.5093141794204712
1189,0.35342350602149963
1190,0.025837145745754242
1191,0.501573383808136
1192,0.28957444429397583
1193,0.013116303831338882
1194,0.4267076849937439
1195,0.3714027404785156
1196,-0.0418032668530941
1197,0.4490784704685211
1198,0.33899185061454773
1199,-0.011916832067072392
1200,0.5193066000938416
1201,0.3071425259113312
1202,0.0788002610206604
1203,0.44364678859710693
1204,0.3128180205821991
1205,-0.005380735732614994
1206,0.454085111618042
1207,0.36281004548072815
1208,-0.008790425956249237
1209,0.49070554971694946
1210,0.29772698879241943
1211,0.01239758636802435
1212,0.4458733797073364
1213,0.35064899921417236
1214,-0.03054099529981613
1215,0.5135440826416016
1216,0.38713890314102173
1217,0.0838446095585823
1218,0.44930097460746765
1219,0.2986036241054535
1220,0.004770942032337189
1221,0.4382356107234955
1222,0.3437589406967163
1223,-0.038936253637075424
1224,0.4889107346534729
1225,0.4457017183303833
1226,0.03439091518521309
1227,0.48808616399765015
1228,0.4587477147579193
1229,0.049006253480911255
1230,0.5168396234512329
1231,0.35687965154647827
1232,0.05616133287549019
1233,0.4989606738090515
1234,0.4294010400772095
1235,0.04342550039291382
1236,0.5132593512535095
1237,0.2843843996524811
1238,0.04146314412355423
1239,0.4558737576007843
1240,0.4871410131454468
1241,0.010800451971590519
1242,0.42607831954956055
1243,0.3738110661506653
1244,-0.030265696346759796
1245,0.45666876435279846
1246,0.34780097007751465
1247,-0.008735166862607002
1248,0.5100020170211792
1249,0.30745819211006165
1250,0.03015785478055477
1251,0.4763472378253937
1252,0.30301156640052795
1253,0.00368432211689651
1254,0.46898797154426575
1255,0.3037475347518921
1256,0.0017811724683269858
1257,0.45826661586761475
1258,0.4312160611152649
1259,0.0006218294147402048
1260,0.5072548985481262
1261,0.3770984411239624
1262,0.029373781755566597
1263,0.44035977125167847
1264,0.5035912990570068
1265,0.013441226445138454
1266,0.46561580896377563
1267,0.48617225885391235
1268,0.028895866125822067
1269,0.4760911166667938
1270,0.474776029586792
1271,0.037794191390275955
1272,0.46192479133605957
1273,0.3029111921787262
1274,0.0015209052944555879
1275,0.45537567138671875
1276,0.3008710741996765
1277,0.0027700895443558693
1278,0.45126792788505554
1279,0.2997557818889618
1280,0.004500847775489092
1281,0.5072222352027893
1282,0.2873913645744324
1283,0.021485114470124245
1284,0.4566192626953125
1285,0.29100918769836426
1286,0.001360950293019414
1287,0.463884174823761
1288,0.28816092014312744
1289,-0.0004435440932866186
1290,0.4712064862251282
1291,0.28770434856414795
1292,-0.0002536123211029917
1293,0.47855037450790405
1294,0.28963664174079895
1295,0.0016594718908891082
1296,0.48312026262283325
1297,0.29263073205947876
1298,0.00449661910533905
1299,0.5181005001068115
1300,0.2795661389827728
1301,0.06431230157613754
1302,0.4813656210899353
1303,0.3014136850833893
1304,0.006171402055770159
1305,0.45224303007125854
1306,0.3930357098579407
1307,-0.013918506912887096
1308,0.44458162784576416
1309,0.3669930100440979
1310,-0.025028524920344353
1311,0.43547293543815613
1312,0.3889685869216919
1313,-0.021689381450414658
1314,0.47821658849716187
1315,0.4617425799369812
1316,0.027416935190558434
1317,0.4675067067146301
1318,0.4743419289588928
1319,0.019689321517944336
1320,0.44077396392822266
1321,0.496372252702713
1322,0.0031144379172474146
1323,0.497776597738266
1324,0.4409940838813782
1325,0.06310247629880905
1326,0.4515320360660553
1327,0.2954915165901184
1328,0.0033299867063760757
1329,0.43746042251586914
1330,0.3227556645870209
1331,-0.023376738652586937
1332,0.4540477395057678
1333,0.4963272213935852
1334,0.019498679786920547
1335,0.5135989785194397
1336,0.3829033672809601
1337,0.05583792179822922
1338,0.44054681062698364
1339,0.4318549633026123
1340,-0.008600827306509018
1341,0.4421631991863251
1342,0.43556636571884155
1343,-0.009858355857431889
1344,0.44396334886550903
1345,0.4412306249141693
1346,-0.010766076855361462
1347,0.4453310966491699
1348,0.44789329171180725
1349,-0.00910571776330471
1350,0.447523295879364
1351,0.45593833923339844
1352,-0.0024989857338368893
1353,0.4534229040145874
1354,0.421773225069046
1355,-0.00291437772102654
1356,0.4562913179397583
1357,0.4206191301345825
1358,-0.0029860371723771095
1359,0.45886120200157166
1360,0.41862860321998596
1361,-0.003047351725399494
1362,0.46601319313049316
1363,0.41046494245529175
1364,-0.0017601262079551816
1365,0.496225506067276
1366,0.38316404819488525
1367,0.012695574201643467
1368,0.437650203704834
1369,0.31134435534477234
1370,-0.015925105661153793
1371,0.44255444407463074
1372,0.29083341360092163
1373,-0.0014888170408084989
1374,0.4478827714920044
1375,0.2923089265823364
1376,0.0016902383649721742
1377,0.451185405254364
1378,0.42024558782577515
1379,-0.0019757598638534546
1380,0.4962570071220398
1381,0.41218724846839905
1382,0.026910241693258286
1383,0.43505680561065674
1384,0.2899608016014099
1385,-0.01248700637370348
1386,0.4512971043586731
1387,0.4649271070957184
1388,0.002384341787546873
1389,0.43124035000801086
1390,0.3162948191165924
1391,-0.029263533651828766
1392,0.44359520077705383
1393,0.3409416675567627
1394,-0.023000892251729965
1395,0.43765076994895935
1396,0.4732877016067505
1397,-0.002031478565186262
1398,0.4703643321990967
1399,0.4397250711917877
1400,0.009510037489235401
1401,0.4606539011001587
1402,0.37289753556251526
1403,-0.00665739132091403
1404,0.4619271457195282
1405,0.453759104013443
1406,0.0065560960210859776
1407,0.4787523150444031
1408,0.3724137246608734
1409,-0.0033192369155585766
1410,0.46772435307502747
1411,0.38549524545669556
1412,-0.004477208945900202
1413,0.48505717515945435
1414,0.3918686509132385
1415,0.0044348337687551975
1416,0.4399286210536957
1417,0.4856336712837219
1418,-0.0013074170565232635
1419,0.44904300570487976
1420,0.3476787209510803
1421,-0.016787920147180557
1422,0.47644126415252686
1423,0.44862067699432373
1424,0.017519637942314148
1425,0.4658396542072296
1426,0.4628293216228485
1427,0.013010606169700623
1428,0.4767175614833832
1429,0.42373108863830566
1430,0.009007342159748077
1431,0.5043270587921143
1432,0.39747491478919983
1433,0.03335421159863472
1434,0.4861430525779724
1435,0.42572349309921265
1436,0.017026860266923904
1437,0.5082250237464905
1438,0.40708255767822266
1439,0.05319070443511009
1440,0.47374868392944336
1441,0.4013286232948303
1442,0.00013136002235114574
1443,0.4431372880935669
1444,0.33070242404937744
1445,-0.017243532463908195
1446,0.4421747028827667
1447,0.36299994587898254
1448,-0.03557741641998291
1449,0.4481427073478699
1450,0.3663072884082794
1451,-0.026198269799351692
1452,0.4382151663303375
1453,0.3553312420845032
1454,-0.04204476624727249
1455,0.4490959644317627
1456,0.2819538414478302
1457,-0.00441583851352334
1458,0.46273139119148254
1459,0.2762502133846283
1460,-0.006605760660022497
1461,0.4747702181339264
1462,0.27522003650665283
1463,-0.006435721646994352
1464,0.484820157289505
1465,0.27711257338523865
1466,-0.0032840315252542496
1467,0.4917396605014801
1468,0.2820172905921936
1469,0.0020045859273523092
1470,0.49610674381256104
1471,0.3013712763786316
1472,0.015607544220983982
1473,0.5182515978813171
1474,0.3319966495037079
1475,0.053870975971221924
1476,0.48957133293151855
1477,0.31677550077438354
1478,0.009587910026311874
1479,0.4808759391307831
1480,0.3198757767677307
1481,0.004596509505063295
1482,0.4698907136917114
1483,0.3194682002067566
1484,0.0013816693099215627
1485,0.4594433605670929
1486,0.3164161741733551
1487,0.0003823537554126233
1488,0.4513648450374603
1489,0.31233128905296326
1490,-0.00015102887118700892
1491,0.4457668662071228
1492,0.30837374925613403
1493,-0.0005289512337185442
1494,0.5181440114974976
1495,0.3329596519470215
1496,0.08567030727863312
1497,0.44804203510284424
1498,0.36952781677246094
1499,-0.02184414491057396
1500,0.4371691942214966
1501,0.3329249620437622
1502,-0.029936758801341057
1503,0.4356669485569
1504,0.3635879456996918
1505,-0.04212864488363266
1506,0.431074321269989
1507,0.36936092376708984
1508,-0.03842140734195709
1509,0.43583759665489197
1510,0.36538246273994446
1511,-0.037888236343860626
1512,0.44565948843955994
1513,0.37331610918045044
1514,-0.01878458634018898
1515,0.42942899465560913
1516,0.37053728103637695
1517,-0.04063492640852928
1518,0.4288685917854309
1519,0.37299832701683044
1520,-0.030355850234627724
1521,0.44620683789253235
1522,0.29927340149879456
1523,0.0034125354140996933
1524,0.441373348236084
1525,0.3019738495349884
1526,-0.0016841465840116143
1527,0.43869009613990784
1528,0.30372095108032227
1529,-0.00788736529648304
1530,0.4858611822128296
1531,0.29494985938072205
1532,0.007242962718009949
1533,0.49039095640182495
1534,0.2911709249019623
1535,0.00732473423704505
1536,0.0
1537,0.0
1538,0.0
1539,0.0
1540,0.0
1541,0.0
1542,0.0
1543,0.0
1544,0.0
1545,0.0
1546,0.0
1547,0.0
1548,0.0
1549,0.0
1550,0.0
1551,0.0
1552,0.0
1553,0.0
1554,0.0
1555,0.0
1556,0.0
1557,0.0
1558,0.0
1559,0.0
1560,0.0
1561,0.0
1562,0.0
1563,0.0
1564,0.0
1565,0.0
1566,0.0
1567,0.0
1568,0.0
1569,0.0
1570,0.0
1571,0.0
1572,0.0
1573,0.0
1574,0.0
1575,0.0
1576,0.0
1577,0.0
1578,0.0
1579,0.0
1580,0.0
1581,0.0
1582,0.0
1583,0.0
1584,0.0
1585,0.0
1586,0.0
1587,0.0
1588,0.0
1589,0.0
1590,0.0
1591,0.0
1592,0.0
1593,0.0
1594,0.0
1595,0.0
1596,0.0
1597,0.0
1598,0.0
1599,0.2347363531589508
1600,0.7050166130065918
1601,5.716634632335627e-07
1602,0.22307603061199188
1603,0.6287880539894104
1604,0.00523637467995286
1605,0.23757366836071014
1606,0.5592553019523621
1607,-0.002467746613547206
1608,0.2702566683292389
1609,0.5255177617073059
1610,-0.014070965349674225
1611,0.301415354013443
1612,0.5224234461784363
1613,-0.02557276003062725
1614,0.23336437344551086
1615,0.5151375532150269
1616,-0.017168119549751282
1617,0.245713010430336
1618,0.42850425839424133
1619,-0.03337749093770981
1620,0.2515622079372406
1621,0.3742928206920624
1622,-0.04193371534347534
1623,0.2547633945941925
1624,0.3303186893463135
1625,-0.046797141432762146
1626,0.2577492594718933
1627,0.52579265832901
1628,-0.0313727967441082
1629,0.30305206775665283
1630,0.4416949152946472
1631,-0.046015165746212006
1632,0.3325295150279999
1633,0.3932545781135559
1634,-0.05299875885248184
1635,0.35486918687820435
1636,0.3560549020767212
1637,-0.056418661028146744
1638,0.28142401576042175
1639,0.551563024520874
1640,-0.04390816390514374
1641,0.3322157561779022
1642,0.529771089553833
1643,-0.05619174614548683
1644,0.3223651647567749
1645,0.5581631660461426
1646,-0.050626128911972046
1647,0.30615052580833435
1648,0.5773376822471619
1649,-0.04282587394118309
1650,0.3040139675140381
1651,0.5855204463005066
1652,-0.05663475766777992
1653,0.34300440549850464
1654,0.5684598684310913
1655,-0.058992087841033936
1656,0.33406543731689453
1657,0.5919548869132996
1658,-0.04685971513390541
1659,0.3193812668323517
1660,0.6083376407623291
1661,-0.03579828515648842
