,0
0,0.4062928557395935
1,0.3527655005455017
2,-0.6971820592880249
3,0.9999889731407166
4,0.43549060821533203
5,0.2938178479671478
6,-0.6399246454238892
7,0.9999809861183167
8,0.4526674747467041
9,0.2937978208065033
10,-0.6395360231399536
11,0.9999827146530151
12,0.46562013030052185
13,0.29470083117485046
14,-0.6390191316604614
15,0.9999806880950928
16,0.3820430040359497
17,0.2991975247859955
18,-0.6385310292243958
19,0.9999796748161316
20,0.3644564747810364
21,0.3004980981349945
22,-0.6375056505203247
23,0.9999798536300659
24,0.3483240604400635
25,0.3025251626968384
26,-0.6376429796218872
27,0.999977171421051
28,0.4876953959465027
29,0.32930251955986023
30,-0.2958443760871887
31,0.9999808073043823
32,0.33225956559181213
33,0.3370397984981537
34,-0.28195852041244507
35,0.9999836683273315
36,0.4470508098602295
37,0.42040470242500305
38,-0.5744360089302063
39,0.9999894499778748
40,0.37836119532585144
41,0.4210470914840698
42,-0.5715039968490601
43,0.99998939037323
44,0.616212010383606
45,0.6624810099601746
46,-0.16703030467033386
47,0.9998593926429749
48,0.20857727527618408
49,0.6859170198440552
50,-0.14446458220481873
51,0.9996411204338074
52,0.725286066532135
53,1.0283912420272827
54,-0.6214723587036133
55,0.7600095272064209
56,0.11434526741504669
57,1.0110670328140259
58,-0.2543572783470154
59,0.40562036633491516
60,0.716420590877533
61,0.6769410371780396
62,-1.1226310729980469
63,0.7872846126556396
64,0.12396793067455292
65,1.4427540302276611
66,-0.7388805150985718
67,0.22393473982810974
68,0.6884728074073792
69,0.5383774638175964
70,-1.2472164630889893
71,0.7785073518753052
72,0.09957630187273026
73,1.558286190032959
74,-0.8142699003219604
75,0.2520201802253723
76,0.6593902111053467
77,0.5015162229537964
78,-1.1303991079330444
79,0.7959048748016357
80,0.12999096512794495
81,1.538826584815979
82,-0.8890407681465149
83,0.34821948409080505
84,0.6502971649169922
85,0.5484473705291748
86,-1.100603461265564
87,0.7897264957427979
88,0.14958807826042175
89,1.4997811317443848
90,-0.7895931005477905
91,0.3602256774902344
92,0.5704548954963684
93,1.4622561931610107
94,-0.07588180154561996
95,0.003346304874867201
96,0.28562822937965393
97,1.4660887718200684
98,0.08188321441411972
99,0.002237836830317974
100,0.5591279864311218
101,2.127162218093872
102,-0.22123722732067108
103,0.00047698861453682184
104,0.2952289283275604
105,2.1190972328186035
106,0.11771546304225922
107,0.00015613980940543115
108,0.5532916784286499
109,2.707615852355957
110,0.20546472072601318
111,3.406014002393931e-05
112,0.3010464012622833
113,2.6917614936828613
114,0.39232951402664185
115,4.841435384150827e-06
116,0.5630764961242676
117,2.7872941493988037
118,0.21697714924812317
119,3.060534436372109e-05
120,0.2937762439250946
121,2.7754087448120117
122,0.40798431634902954
123,1.484339554735925e-05
124,0.5027284622192383
125,2.8895046710968018
126,-0.342633992433548
127,6.093736010370776e-05
128,0.34262222051620483
129,2.876863956451416
130,-0.16887202858924866
131,3.321886470075697e-05
132,0.3981529474258423
133,0.4083237648010254
134,-0.023714011535048485
135,0.391937255859375
136,0.36511796712875366
137,-0.044002216309309006
138,0.39510026574134827
139,0.37781986594200134
140,-0.023118415847420692
141,0.3835258185863495
142,0.3281727135181427
143,-0.03236236050724983
144,0.39079010486602783
145,0.3530629873275757
146,-0.04680952429771423
147,0.3902016282081604
148,0.33774101734161377
149,-0.043529659509658813
150,0.3898918032646179
151,0.3018758296966553
152,-0.022186169400811195
153,0.33738279342651367
154,0.3074205219745636
155,0.016749996691942215
156,0.38906410336494446
157,0.2783808410167694
158,-0.01743699237704277
159,0.3880358338356018
160,0.26383915543556213
161,-0.019303472712635994
162,0.38481754064559937
163,0.2044520527124405
164,-0.00958108901977539
165,0.3988313376903534
166,0.41460520029067993
167,-0.022759757936000824
168,0.39958804845809937
169,0.41967520117759705
170,-0.01991119422018528
171,0.4002889096736908
172,0.42202895879745483
173,-0.01611694134771824
174,0.401265412569046
175,0.43068110942840576
176,-0.013243641704320908
177,0.4016013443470001
178,0.43657562136650085
179,-0.014502082951366901
180,0.40212005376815796
181,0.4438679814338684
182,-0.01591533049941063
183,0.4029236137866974
184,0.45138615369796753
185,-0.014061846770346165
186,0.404433935880661
187,0.4621129035949707
188,-0.0052930680103600025
189,0.39304250478744507
190,0.3712460398674011
191,-0.039852067828178406
192,0.38636913895606995
193,0.3717244565486908
194,-0.02794153243303299
195,0.3124798834323883
196,0.2707308232784271
197,0.05790477246046066
198,0.3599075675010681
199,0.31410107016563416
200,0.006504571996629238
201,0.35239261388778687
202,0.3162485957145691
203,0.007655671797692776
204,0.3450769782066345
205,0.3169704079627991
206,0.010495896451175213
207,0.3352433145046234
208,0.31223148107528687
209,0.01816478744149208
210,0.3659646511077881
211,0.31008920073509216
212,0.006264826748520136
213,0.34721699357032776
214,0.2892218232154846
215,0.003971396945416927
216,0.35558193922042847
217,0.2885945439338684
218,0.0030474404338747263
219,0.3398410677909851
220,0.2916949689388275
221,0.007196763064712286
222,0.33530473709106445
223,0.2957346439361572
224,0.011049823835492134
225,0.3301875591278076
226,0.3212467133998871
227,0.02256380207836628
228,0.376761794090271
229,0.4799020290374756
230,0.006847816053777933
231,0.3346436321735382
232,0.3052164912223816
233,0.019568637013435364
234,0.3119994103908539
235,0.3200492262840271
236,0.06141384318470955
237,0.32199522852897644
238,0.3154747784137726
239,0.03150048851966858
240,0.3567688763141632
241,0.3631317615509033
242,-0.0009450313518755138
243,0.38852226734161377
244,0.4078018069267273
245,-0.021504539996385574
246,0.39201006293296814
247,0.42092669010162354
248,-0.017739929258823395
249,0.37995588779449463
250,0.4135878086090088
251,-0.015718350186944008
252,0.37563619017601013
253,0.4204930365085602
254,-0.008887194097042084
255,0.3858768939971924
256,0.4230383634567261
257,-0.013595390133559704
258,0.38167133927345276
259,0.425839900970459
260,-0.0073869782499969006
261,0.3688192367553711
262,0.4419960379600525
263,0.0054649971425533295
264,0.3852979242801666
265,0.36568623781204224
266,-0.04280323535203934
267,0.38308531045913696
268,0.35444188117980957
269,-0.045239951461553574
270,0.3231307566165924
271,0.28724631667137146
272,0.013832113705575466
273,0.369550496339798
274,0.33131739497184753
275,-0.004206372890621424
276,0.36821967363357544
277,0.3659675121307373
278,-0.02049809694290161
279,0.36749956011772156
280,0.3601238429546356
281,-0.017829585820436478
282,0.33581405878067017
283,0.36601611971855164
284,0.011463334783911705
285,0.3830692172050476
286,0.3400505483150482
287,-0.04018665850162506
288,0.3391616940498352
289,0.27411434054374695
290,-0.0031061898916959763
291,0.32906463742256165
292,0.2788093388080597
293,0.004465469624847174
294,0.3165234923362732
295,0.24936163425445557
296,0.040682174265384674
297,0.37323644757270813
298,0.27891162037849426
299,-0.013109484687447548
300,0.3631444573402405
301,0.29049500823020935
302,0.00495696859434247
303,0.36251673102378845
304,0.43079641461372375
305,0.0077882204204797745
306,0.3299426734447479
307,0.4274585545063019
308,0.0830240547657013
309,0.37490394711494446
310,0.3714763820171356
311,-0.017698759213089943
312,0.3819541335105896
313,0.3744252324104309
314,-0.01988505944609642
315,0.37162601947784424
316,0.43168753385543823
317,0.00593553576618433
318,0.37573403120040894
319,0.4303000867366791
320,0.003126185853034258
321,0.32477688789367676
322,0.2719319462776184
323,0.009122123941779137
324,0.3691551387310028
325,0.3715136647224426
326,-0.015941090881824493
327,0.35368812084198
328,0.2735786736011505
329,-0.009125280193984509
330,0.35138946771621704
331,0.26431113481521606
332,-0.010772359557449818
333,0.34158626198768616
334,0.2175426036119461
335,0.005608396604657173
336,0.32075294852256775
337,0.2597830891609192
338,0.02277849055826664
339,0.34700867533683777
340,0.2392255961894989
341,-0.003137892810627818
342,0.319089412689209
343,0.28305089473724365
344,0.02155751734972
345,0.3157375156879425
346,0.27713173627853394
347,0.03875134140253067
348,0.3901401460170746
349,0.41535118222236633
350,-0.020600441843271255
351,0.3831639885902405
352,0.41927793622016907
353,-0.015062565915286541
354,0.37857675552368164
355,0.423384428024292
356,-0.008850030601024628
357,0.37739327549934387
358,0.3734990954399109
359,-0.016714774072170258
360,0.37371405959129333
361,0.4313064217567444
362,0.004316058941185474
363,0.3763705790042877
364,0.4337005913257599
365,-0.0007254861993715167
366,0.3767201006412506
367,0.4290057420730591
368,0.0027472609654068947
369,0.37770357728004456
370,0.36644092202186584
371,-0.02957388572394848
372,0.3837825059890747
373,0.42507821321487427
374,-0.0062053874135017395
375,0.3881189823150635
376,0.4237448275089264
377,-0.010475927963852882
378,0.3937188386917114
379,0.4228271245956421
380,-0.014201760292053223
381,0.393841415643692
382,0.4622541069984436
383,-0.004200377967208624
384,0.39289677143096924
385,0.4512006938457489
386,-0.012668193317949772
387,0.39286524057388306
388,0.443525105714798
389,-0.014101313427090645
390,0.3931851089000702
391,0.4360061287879944
392,-0.012554368004202843
393,0.3938356339931488
394,0.4311267137527466
395,-0.011323569342494011
396,0.3831194341182709
397,0.4308362603187561
398,-0.004233506042510271
399,0.3817397654056549
400,0.4329400062561035
401,-0.005508828908205032
402,0.3797546625137329
403,0.43681320548057556
404,-0.006330814212560654
405,0.3781694769859314
406,0.44114023447036743
407,-0.0047045303508639336
408,0.3672485649585724
409,0.4064411222934723
410,-0.005925364326685667
411,0.3185451924800873
412,0.3711489140987396
413,0.09576793015003204
414,0.3939776122570038
415,0.37370941042900085
416,-0.02894587069749832
417,0.3803238570690155
418,0.43051809072494507
419,-0.00010215074144070968
420,0.37846240401268005
421,0.4317554831504822
422,-0.000851991178933531
423,0.3850955665111542
424,0.3794967830181122
425,-0.02005835995078087
426,0.3732507824897766
427,0.3787478506565094
428,-0.010412424802780151
429,0.38356223702430725
430,0.37708809971809387
431,-0.020258460193872452
432,0.36236998438835144
433,0.3394530713558197
434,-0.00036238241591490805
435,0.3511374592781067
436,0.3493739366531372
437,0.0031563271768391132
438,0.3673114478588104
439,0.36579617857933044
440,-0.013020072132349014
441,0.32544833421707153
442,0.23138213157653809
443,0.022178752347826958
444,0.3304927945137024
445,0.246758371591568
446,0.009304210543632507
447,0.3358895778656006
448,0.26515230536460876
449,-0.0010747041087597609
450,0.37521684169769287
451,0.4494899809360504
452,0.0016209031455218792
453,0.3693903982639313
454,0.2645868957042694
455,-0.016513649374246597
456,0.3649909198284149
457,0.23533663153648376
458,-0.011135974898934364
459,0.36074745655059814
460,0.20927180349826813
461,-0.005031997803598642
462,0.3388957977294922
463,0.31585824489593506
464,0.014552167616784573
465,0.3232426643371582
466,0.33097001910209656
467,0.02802279219031334
468,0.3697183132171631
469,0.3063422441482544
470,0.007073597516864538
471,0.32781243324279785
472,0.3002352714538574
473,0.01887013390660286
474,0.3742707073688507
475,0.3228514492511749
476,-0.007829994894564152
477,0.3718971610069275
478,0.3605175018310547
479,-0.02906751073896885
480,0.3168468475341797
481,0.34024742245674133
482,0.03795073181390762
483,0.3282734751701355
484,0.3382258713245392
485,0.020284652709960938
486,0.3377511203289032
487,0.3410254120826721
488,0.011890757828950882
489,0.3518003225326538
490,0.3366239070892334
491,0.0065008546225726604
492,0.3618428409099579
493,0.329863041639328
494,0.003647800302132964
495,0.36927857995033264
496,0.3230014443397522
497,0.00038892330485396087
498,0.3827223777770996
499,0.3060199022293091
500,-0.018049808219075203
501,0.3196887969970703
502,0.36449000239372253
503,0.03574299067258835
504,0.3221122622489929
505,0.30008652806282043
506,0.023285605013370514
507,0.38900911808013916
508,0.37140172719955444
509,-0.038928836584091187
510,0.37026724219322205
511,0.3423946797847748
512,-0.0074535938911139965
513,0.3130689561367035
514,0.32032543420791626
515,0.08947169035673141
516,0.37457454204559326
517,0.31584876775741577
518,-0.0015531523386016488
519,0.3674895763397217
520,0.36698028445243835
521,-0.004575327970087528
522,0.3323458135128021
523,0.3064914345741272
524,0.021297637373209
525,0.3713732361793518
526,0.3533936142921448
527,-0.025878312066197395
528,0.3225662112236023
529,0.3986002206802368
530,0.09172097593545914
531,0.36947211623191833
532,0.3020343780517578
533,0.00935845822095871
534,0.3768889904022217
535,0.34550973773002625
536,-0.03451060503721237
537,0.3443904519081116
538,0.45424991846084595
539,0.03894844278693199
540,0.3468851149082184
541,0.4675864279270172
542,0.05322682484984398
543,0.3151874542236328
544,0.36868947744369507
545,0.06585946679115295
546,0.3352198600769043
547,0.43868565559387207
548,0.04959852248430252
549,0.31370359659194946
550,0.2967839241027832
551,0.05245862156152725
552,0.3758579194545746
553,0.4929124414920807
554,0.01181628368794918
555,0.3907688558101654
556,0.37375563383102417
557,-0.028152860701084137
558,0.36460351943969727
559,0.3523305654525757
560,-0.003616298781707883
561,0.31674641370773315
562,0.31866535544395447
563,0.040508490055799484
564,0.34490272402763367
565,0.3096894323825836
566,0.011314444243907928
567,0.35166436433792114
568,0.3096318244934082
569,0.008715230971574783
570,0.374313086271286
571,0.4360806345939636
572,0.0008223425247706473
573,0.32371068000793457
574,0.387724906206131
575,0.03841365501284599
576,0.39158880710601807
577,0.5100085735321045
578,0.013005890883505344
579,0.36741989850997925
580,0.4938255846500397
581,0.030581269413232803
582,0.3576880991458893
583,0.4828953444957733
584,0.04049072042107582
585,0.38623127341270447
586,0.23247265815734863
587,-0.014906945638358593
588,0.4093424379825592
589,0.5111206769943237
590,0.009083794429898262
591,0.35813674330711365
592,0.3079511523246765
593,0.00762726366519928
594,0.3639804422855377
595,0.30518999695777893
596,0.008139603771269321
597,0.36768245697021484
598,0.30339932441711426
599,0.009435434825718403
600,0.31762802600860596
601,0.29887765645980835
602,0.03216977044939995
603,0.36266106367111206
604,0.29654359817504883
605,0.007008361164480448
606,0.3559894859790802
607,0.29527369141578674
608,0.005919146817177534
609,0.3492196202278137
610,0.29564419388771057
611,0.0069777448661625385
612,0.342584490776062
613,0.2980942726135254
614,0.009608040563762188
615,0.33861619234085083
616,0.3012124001979828
617,0.01277234498411417
618,0.3114577531814575
619,0.2928858995437622
620,0.07565153390169144
621,0.3404223322868347
622,0.30868327617645264
623,0.014251071959733963
624,0.39629456400871277
625,0.3876096308231354
626,-0.021196352317929268
627,0.3720145523548126
628,0.3973938822746277
629,-0.010872572660446167
630,0.37418511509895325
631,0.36944741010665894
632,-0.021126965060830116
633,0.3855903744697571
634,0.39053046703338623
635,-0.019455039873719215
636,0.38980206847190857
637,0.28968295454978943
638,-0.016397876664996147
639,0.3544561564922333
640,0.4693734347820282
641,0.030118482187390327
642,0.3646427392959595
643,0.4811493456363678
644,0.021454202011227608
645,0.3901326358318329
646,0.5006973743438721
647,0.002977055963128805
648,0.3384096324443817
649,0.4505574703216553
650,0.06880027055740356
651,0.36726415157318115
652,0.2995361387729645
653,0.008349284529685974
654,0.37837129831314087
655,0.32461583614349365
656,-0.019679347053170204
657,0.40793538093566895
658,0.5019193887710571
659,-0.0004542072711046785
660,0.37832823395729065
661,0.5034652352333069
662,0.020366687327623367
663,0.31984615325927734
664,0.39406120777130127
665,0.06459719687700272
666,0.387764573097229
667,0.430958092212677
668,-0.007964970543980598
669,0.38654348254203796
670,0.4347139000892639
671,-0.009280521422624588
672,0.38522598147392273
673,0.44048011302948
674,-0.010268276557326317
675,0.38439321517944336
676,0.4473254680633545
677,-0.008851968683302402
678,0.3832513391971588
679,0.4569929242134094
680,-0.0022110536228865385
681,0.37822437286376953
682,0.4280587434768677
683,-0.001896737958304584
684,0.3753219246864319
685,0.4275292158126831
686,-0.0016821245662868023
687,0.3726491928100586
688,0.42601290345191956
689,-0.0015039026038721204
690,0.3638066053390503
691,0.41798484325408936
692,0.0009078141301870346
693,0.33344802260398865
694,0.3923167288303375
695,0.020876526832580566
696,0.3785855174064636
697,0.31360891461372375
698,-0.012343359179794788
699,0.3747411370277405
700,0.2943773865699768
701,0.0021902176085859537
702,0.3703081011772156
703,0.2962464988231659
704,0.006118257995694876
705,0.38022711873054504
706,0.4261157810688019
707,-0.001186960726045072
708,0.33612072467803955
709,0.4212245047092438
710,0.03365550935268402
711,0.38042619824409485
712,0.293131947517395
713,-0.009372337721288204
714,0.37989723682403564
715,0.46764057874679565
716,0.002966091735288501
717,0.39010047912597656
718,0.32529571652412415
719,-0.03600165247917175
720,0.382947713136673
721,0.3175843060016632
722,-0.026078825816512108
723,0.39001184701919556
724,0.3138402998447418
725,-0.028783563524484634
726,0.3738458454608917
727,0.34349822998046875
728,-0.018821755424141884
729,0.40660038590431213
730,0.4888233542442322
731,-0.004933544900268316
732,0.405402809381485
733,0.47415268421173096
734,-0.004835953004658222
735,0.3923068344593048
736,0.4738134443759918
737,-0.0021573312114924192
738,0.36127912998199463
739,0.4463687241077423
740,0.01128172967582941
741,0.3628902733325958
742,0.37780246138572693
743,-0.002032174961641431
744,0.36982443928718567
745,0.4585304260253906
746,0.007443309295922518
747,0.3472209870815277
748,0.37927165627479553
749,0.0036288974806666374
750,0.35815757513046265
751,0.3913216292858124
752,0.00010606550495140254
753,0.3437201678752899
754,0.39971303939819336
755,0.01106954738497734
756,0.39049240946769714
757,0.4879019558429718
758,-0.0013089536223560572
759,0.37017714977264404
760,0.351047158241272
761,-0.012356266379356384
762,0.35543227195739746
763,0.45587682723999023
764,0.020126329734921455
765,0.3659990429878235
766,0.46863651275634766
767,0.014492660760879517
768,0.35446780920028687
769,0.43190571665763855
770,0.012659045867621899
771,0.3280704617500305
772,0.4075133800506592
773,0.04129910469055176
774,0.34560108184814453
775,0.43405207991600037
776,0.02195565775036812
777,0.32610219717025757
778,0.4174051582813263
779,0.0608421266078949
780,0.35503125190734863
781,0.408934086561203
782,0.004702609032392502
783,0.374418705701828
784,0.3332928717136383
785,-0.013107392005622387
786,0.3748583495616913
787,0.3649953305721283
788,-0.031108517199754715
789,0.3708583116531372
790,0.3691481649875641
791,-0.021786635741591454
792,0.3769591152667999
793,0.35684651136398315
794,-0.03756334260106087
795,0.368172824382782
796,0.28701940178871155
797,0.00018919951980933547
798,0.355154812335968
799,0.2833268642425537
800,-0.0006160533521324396
801,0.3440220355987549
802,0.2835838496685028
803,0.0007887351675890386
804,0.3352143168449402
805,0.28634342551231384
806,0.005200919229537249
807,0.3297654986381531
808,0.2916886508464813
809,0.011150218546390533
810,0.3279455602169037
811,0.3108351528644562
812,0.024922288954257965
813,0.3123909831047058
814,0.3441571295261383
815,0.06430075317621231
816,0.33422330021858215
817,0.32542961835861206
818,0.01822226122021675
819,0.3418828547000885
820,0.3275085389614105
821,0.012365614995360374
822,0.35179445147514343
823,0.32573285698890686
824,0.008033227175474167
825,0.3611069321632385
826,0.32137274742126465
827,0.005896170623600483
828,0.3682152330875397
829,0.31623411178588867
830,0.004340446554124355
831,0.37298494577407837
832,0.31155961751937866
833,0.0034364210441708565
834,0.31605273485183716
835,0.3457256853580475
836,0.09551496058702469
837,0.371942400932312
838,0.37255609035491943
839,-0.017750324681401253
840,0.3781833350658417
841,0.33470654487609863
842,-0.02587984874844551
843,0.3798794150352478
844,0.3646562993526459
845,-0.03819159418344498
846,0.38536229729652405
847,0.3699583411216736
848,-0.03540920093655586
849,0.3805575966835022
850,0.36656486988067627
851,-0.03412562236189842
852,0.3750225901603699
853,0.3760763108730316
854,-0.015221827663481236
855,0.38663965463638306
856,0.3708707392215729
857,-0.037710726261138916
858,0.38818690180778503
859,0.37331897020339966
860,-0.02802346646785736
861,0.3721524477005005
862,0.3024512827396393
863,0.007578757591545582
864,0.3764897584915161
865,0.30483561754226685
866,0.0017801191424950957
867,0.3783901631832123
868,0.3063904047012329
869,-0.0046279351226985455
870,0.33637088537216187
871,0.30339378118515015
872,0.015747541561722755
873,0.3320193588733673
874,0.30028608441352844
875,0.016330555081367493
876,0.39755532145500183
877,0.3263658285140991
878,-0.03391898795962334
879,0.45146384835243225
880,0.29314106702804565
881,0.005174226127564907
882,0.4017716944217682
883,0.36966678500175476
884,-0.029164878651499748
885,0.48050644993782043
886,0.24772028625011444
887,0.04024116322398186
888,0.42830783128738403
889,0.3053552508354187
890,-0.0010878648608922958
891,0.43654879927635193
892,0.30550235509872437
893,-0.0013495495077222586
894,0.44450342655181885
895,0.3042837977409363
896,2.392166379650007e-06
897,0.4550652503967285
898,0.29715216159820557
899,0.005895623005926609
900,0.42120710015296936
901,0.3030451834201813
902,0.00029053029720671475
903,0.4373103082180023
904,0.2775684595108032
905,-0.005537800490856171
906,0.42858457565307617
907,0.2789957523345947
908,-0.0044603184796869755
909,0.4455857574939728
910,0.27812954783439636
911,-0.0036941359285265207
912,0.4514194130897522
913,0.28095540404319763
914,-0.0007307687774300575
915,0.462238609790802
916,0.3042842149734497
917,0.00928018894046545
918,0.4373266398906708
919,0.4736758768558502
920,0.001429100870154798
921,0.4543846845626831
922,0.2902655601501465
923,0.007377729285508394
924,0.4879901111125946
925,0.2970847487449646
926,0.04342412203550339
927,0.47144463658332825
928,0.296086847782135
929,0.01662893034517765
930,0.43664008378982544
931,0.3526856601238251
932,-0.008601559326052666
933,0.4081304967403412
934,0.40494242310523987
935,-0.023486467078328133
936,0.4080231487751007
937,0.4185134768486023
938,-0.019608667120337486
939,0.41926321387290955
940,0.40792566537857056
941,-0.01977345161139965
942,0.42648911476135254
943,0.41291189193725586
944,-0.014471298083662987
945,0.4157376289367676
946,0.418601393699646
947,-0.017309410497546196
948,0.4217025935649872
949,0.4196576476097107
950,-0.012223760597407818
951,0.4398033320903778
952,0.4323640763759613
953,-0.001714892452582717
954,0.39898502826690674
955,0.3638152778148651
956,-0.04381763935089111
957,0.3991031348705292
958,0.35231664776802063
959,-0.04644222557544708
960,0.46351248025894165
961,0.2690654397010803
962,-4.7334146074717864e-05
963,0.41843387484550476
964,0.32494837045669556
965,-0.00918576680123806
966,0.4206702709197998
967,0.35891419649124146
968,-0.02504706382751465
969,0.4212225079536438
970,0.3529576063156128
971,-0.022589322179555893
972,0.4611707031726837
973,0.34976717829704285
974,-0.0011858309153467417
975,0.39813584089279175
976,0.3381064236164093
977,-0.041685622185468674
978,0.44185543060302734
979,0.26070958375930786
980,-0.012864092364907265
981,0.4543476700782776
982,0.26253339648246765
983,-0.007761837914586067
984,0.4700102210044861
985,0.22786134481430054
986,0.024806026369333267
987,0.4058876633644104
988,0.2746458351612091
989,-0.01634152978658676
990,0.42129018902778625
991,0.28282779455184937
992,-0.0011802889639511704
993,0.44443807005882263
994,0.4195438325405121
995,-0.0007524717366322875
996,0.49009254574775696
997,0.4090863764286041
998,0.06667067855596542
999,0.4150870740413666
1000,0.36600419878959656
1001,-0.021249378100037575
1002,0.408313125371933
1003,0.37079504132270813
1004,-0.02162652090191841
1005,0.43510669469833374
1006,0.4220384359359741
1007,-0.0014851940795779228
1008,0.4309055805206299
1009,0.4216500520706177
1010,-0.0033450431656092405
1011,0.45856207609176636
1012,0.2544431686401367
1013,-0.0038156621158123016
1014,0.42174917459487915
1015,0.3644118309020996
1016,-0.020479325205087662
1017,0.4257710874080658
1018,0.2641315162181854
1019,-0.015793204307556152
1020,0.42653951048851013
1021,0.2542215585708618
1022,-0.017590513452887535
1023,0.4329129755496979
1024,0.20426785945892334
1025,-0.0034733288921415806
1026,0.46375909447669983
1027,0.24034814536571503
1028,0.008571077138185501
1029,0.428623765707016
1030,0.22780084609985352
1031,-0.011011527851223946
1032,0.46845027804374695
1033,0.2633848190307617
1034,0.006707700900733471
1035,0.47434109449386597
1036,0.25593578815460205
1037,0.022579265758395195
1038,0.4082435369491577
1039,0.4126794636249542
1040,-0.022623857483267784
1041,0.417314738035202
1042,0.4142879247665405
1043,-0.019005190581083298
1044,0.4240909516811371
1045,0.41647446155548096
1046,-0.01408393308520317
1047,0.4132067561149597
1048,0.36861053109169006
1049,-0.019502289593219757
1050,0.4328922927379608
1051,0.4221356511116028
1052,-0.0025866369251161814
1053,0.4300609827041626
1054,0.42561766505241394
1055,-0.00655037397518754
1056,0.4299103319644928
1057,0.4208931624889374
1058,-0.0035824370570480824
1059,0.40943801403045654
1060,0.3622143864631653
1061,-0.032731134444475174
1062,0.42010796070098877
1063,0.41934800148010254
1064,-0.010748167522251606
1065,0.4143172800540924
1066,0.4197700619697571
1067,-0.013935833238065243
1068,0.40755635499954224
1069,0.4206608533859253
1070,-0.016124574467539787
1071,0.4155040681362152
1072,0.4596308171749115
1073,-0.006064511835575104
1074,0.4134197235107422
1075,0.4485397934913635
1076,-0.01474536582827568
1077,0.41187676787376404
1078,0.4410264492034912
1079,-0.016272611916065216
1080,0.4103225767612457
1081,0.4336923360824585
1082,-0.014629250392317772
1083,0.4092450439929962
1084,0.429026335477829
1085,-0.01330577302724123
1086,0.42211270332336426
1087,0.4250176250934601
1088,-0.008750399574637413
1089,0.42367762327194214
1090,0.42670583724975586
1091,-0.010073033161461353
1092,0.42620253562927246
1093,0.43005937337875366
1094,-0.01101224310696125
1095,0.428607702255249
1096,0.43398064374923706
1097,-0.009651790373027325
1098,0.43252649903297424
1099,0.3974982500076294
1100,-0.012260032817721367
1101,0.4946388006210327
1102,0.3492512106895447
1103,0.07739319652318954
1104,0.42579567432403564
1105,0.4236031770706177
1106,-0.0056450567208230495
1107,0.42763423919677734
1108,0.4243151843547821
1109,-0.006499915383756161
1110,0.40595218539237976
1111,0.37656277418136597
1112,-0.021773172542452812
1113,0.419607549905777
1114,0.37242591381073
1115,-0.014003313146531582
1116,0.40708598494529724
1117,0.37376612424850464
1118,-0.021950948983430862
1119,0.42761310935020447
1120,0.3309197723865509
1121,-0.007104475982487202
1122,0.4412131905555725
1123,0.3376110792160034
1124,-0.005916399881243706
1125,0.4232470691204071
1126,0.3582969903945923
1127,-0.018008822575211525
1128,0.45474064350128174
1129,0.21281564235687256
1130,0.009064861573278904
1131,0.44915127754211426
1132,0.23030316829681396
1133,-0.002189076505601406
1134,0.4440626800060272
1135,0.25078701972961426
1136,-0.011329679749906063
1137,0.4339383542537689
1138,0.44202661514282227
1139,-0.004223908297717571
1140,0.4074198007583618
1141,0.2594118118286133
1142,-0.0199469905346632
1143,0.40849027037620544
1144,0.22921180725097656
1145,-0.015120862051844597
1146,0.4103813171386719
1147,0.20194430649280548
1148,-0.009700174443423748
1149,0.4513155519962311
1150,0.3016155958175659
1151,0.0029279831796884537
1152,0.47165927290916443
1153,0.311709463596344
1154,0.013307732529938221
1155,0.416667640209198
1156,0.3004751205444336
1157,0.001759130391292274
1158,0.46115797758102417
1159,0.28316396474838257
1160,0.00543914595618844
1161,0.4117165505886078
1162,0.3179764151573181
1163,-0.011893893592059612
1164,0.4144569933414459
1165,0.3549001216888428
1166,-0.032748498022556305
1167,0.48150205612182617
1168,0.3190249502658844
1169,0.02132587321102619
1170,0.4659741520881653
1171,0.3203243017196655
1172,0.006489121820777655
1173,0.4552175998687744
1174,0.3255752921104431
1175,-2.3769402105244808e-05
1176,0.4393581748008728
1177,0.325133353471756
1178,-0.0026242330204695463
1179,0.42759883403778076
1180,0.32128629088401794
1181,-0.0032918360084295273
1182,0.418567419052124
1183,0.316671222448349
1184,-0.004861216060817242
1185,0.39844274520874023
1186,0.3039743900299072
1187,-0.019781475886702538
1188,0.48146820068359375
1189,0.34391093254089355
1190,0.019298022612929344
1191,0.46805697679519653
1192,0.28115689754486084
1193,0.008602995425462723
1194,0.3973180651664734
1195,0.3702566623687744
1196,-0.03974749892950058
1197,0.4182279109954834
1198,0.33615338802337646
1199,-0.012223095633089542
1200,0.49178415536880493
1201,0.29688388109207153
1202,0.07043242454528809
1203,0.41151851415634155
1204,0.3110644519329071
1205,-0.005626595113426447
1206,0.4244886040687561
1207,0.3593141436576843
1208,-0.0094187892973423
1209,0.4574199914932251
1210,0.290692538022995
1211,0.00852049421519041
1212,0.41486039757728577
1213,0.3476373553276062
1214,-0.029656950384378433
1215,0.49430418014526367
1216,0.37800902128219604
1217,0.0742545798420906
1218,0.4167044162750244
1219,0.2962406873703003
1220,0.0038747505750507116
1221,0.40643587708473206
1222,0.34161195158958435
1223,-0.037312112748622894
1224,0.4721062481403351
1225,0.44048798084259033
1226,0.02668374590575695
1227,0.47454914450645447
1228,0.4544786214828491
1229,0.04081069678068161
1230,0.49187004566192627
1231,0.34659719467163086
1232,0.04791434109210968
1233,0.4807332754135132
1234,0.42236778140068054
1235,0.03528951108455658
1236,0.48119744658470154
1237,0.274554580450058
1238,0.035260576754808426
1239,0.4411001205444336
1240,0.4866162836551666
1241,0.006052951794117689
1242,0.39729708433151245
1243,0.372812420129776
1244,-0.02869073674082756
1245,0.4263631999492645
1246,0.34412506222724915
1247,-0.00957920216023922
1248,0.4790487587451935
1249,0.29765838384628296
1250,0.024275731295347214
1251,0.4432219862937927
1252,0.2973105311393738
1253,0.0011309183901175857
1254,0.43607157468795776
1255,0.2989152669906616
1256,-0.0003362168208695948
1257,0.43263712525367737
1258,0.4274595081806183
1259,-0.005403187591582537
1260,0.48163002729415894
1261,0.3680916130542755
1262,0.022443385794758797
1263,0.42750242352485657
1264,0.5066992044448853
1265,0.009686685167253017
1266,0.4531085789203644
1267,0.48581355810165405
1268,0.022531786933541298
1269,0.4634634554386139
1270,0.47269463539123535
1271,0.030454928055405617
1272,0.42920634150505066
1273,0.298921138048172
1274,-0.0001079364083125256
1275,0.4227339029312134
1276,0.297660231590271
1277,0.0014745177468284965
1278,0.41873425245285034
1279,0.29707059264183044
1280,0.0034371819347143173
1281,0.4741342067718506
1282,0.27827686071395874
1283,0.01638719253242016
1284,0.4231589138507843
1285,0.2890293598175049
1286,0.00011522432032506913
1287,0.42998629808425903
1288,0.2860650420188904
1289,-0.0021045757457613945
1290,0.43685728311538696
1291,0.2848416566848755
1292,-0.0023146774619817734
1293,0.4440653920173645
1294,0.28556525707244873
1295,-0.0009372091153636575
1296,0.4488685131072998
1297,0.2874903678894043
1298,0.0015382507117465138
1299,0.48723098635673523
1300,0.2692727744579315
1301,0.057094231247901917
1302,0.4480591416358948
1303,0.29523348808288574
1304,0.003200208768248558
1305,0.4246653914451599
1306,0.39026209712028503
1307,-0.015746455639600754
1308,0.41486433148384094
1309,0.3639147877693176
1310,-0.024334309622645378
1311,0.4079573452472687
1312,0.3874279260635376
1313,-0.021529436111450195
1314,0.4626830518245697
1315,0.4581783413887024
1316,0.020234940573573112
1317,0.4525899291038513
1318,0.47254231572151184
1319,0.013655531220138073
1320,0.4261118173599243
1321,0.49725115299224854
1322,-0.000226269694394432
1323,0.4829057455062866
1324,0.4348303973674774
1325,0.054090484976768494
1326,0.4185698926448822
1327,0.2932610511779785
1328,0.002237690147012472
1329,0.40504899621009827
1330,0.3212193250656128
1331,-0.022349944338202477
1332,0.4413958787918091
1333,0.4976189136505127
1334,0.014404211193323135
1335,0.4911067485809326
1336,0.373282790184021
1337,0.04741804674267769
1338,0.41622263193130493
1339,0.42687276005744934
1340,-0.01149219460785389
1341,0.4178942143917084
1342,0.43022894859313965
1343,-0.012813195586204529
1344,0.42003944516181946
1345,0.43557408452033997
1346,-0.013983918353915215
1347,0.4221460521221161
1348,0.4422108232975006
1349,-0.012747540138661861
1350,0.4261280298233032
1351,0.4516955614089966
1352,-0.0064886766485869884
1353,0.4270404279232025
1354,0.42050498723983765
1355,-0.007843921892344952
1356,0.4295724034309387
1357,0.4192683696746826
1358,-0.008193555288016796
1359,0.43201953172683716
1360,0.4170484244823456
1361,-0.008261791430413723
1362,0.4395008981227875
1363,0.4074980318546295
1364,-0.006961732171475887
1365,0.46967560052871704
1366,0.37522926926612854
1367,0.007267683278769255
1368,0.4049138128757477
1369,0.31021374464035034
1370,-0.015280972234904766
1371,0.40891289710998535
1372,0.2900882065296173
1373,-0.0014107415918260813
1374,0.41454175114631653
1375,0.2906692326068878
1376,0.0010180226527154446
1377,0.42509645223617554
1378,0.4191451370716095
1379,-0.006818059366196394
1380,0.47402697801589966
1381,0.4048636257648468
1382,0.020041899755597115
1383,0.40092477202415466
1384,0.2905523180961609
1385,-0.011479567736387253
1386,0.4318947494029999
1387,0.4618318974971771
1388,-0.001759563572704792
1389,0.3981413245201111
1390,0.31562212109565735
1391,-0.02751869335770607
1392,0.41234439611434937
1393,0.3384643793106079
1394,-0.022304022684693336
1395,0.4191036820411682
1396,0.47093743085861206
1397,-0.004496781621128321
1398,0.44890427589416504
1399,0.43584179878234863
1400,0.0031363237649202347
1401,0.4319940209388733
1402,0.3686230480670929
1403,-0.008296160958707333
1404,0.4417805075645447
1405,0.4502403438091278
1406,0.0010020212503150105
1407,0.450136661529541
1408,0.36601871252059937
1409,-0.006255402695387602
1410,0.4400784969329834
1411,0.3806593418121338
1412,-0.007628701627254486
1413,0.45867425203323364
1414,0.38529497385025024
1415,-0.0001060495778801851
1416,0.423141211271286
1417,0.4845486581325531
1418,-0.004312817472964525
1419,0.4184911549091339
1420,0.34468039870262146
1421,-0.016722505912184715
1422,0.45771756768226624
1423,0.44446220993995667
1424,0.010731914080679417
1425,0.448079913854599
1426,0.45998501777648926
1427,0.007273494731634855
1428,0.45350372791290283
1429,0.4194328784942627
1430,0.002744456985965371
1431,0.48115572333335876
1432,0.3891116678714752
1433,0.026084838435053825
1434,0.464665949344635
1435,0.42005792260169983
1436,0.010432862676680088
1437,0.4881613254547119
1438,0.3984365463256836
1439,0.04458148404955864
1440,0.4475414454936981
1441,0.3968050479888916
1442,-0.004592243116348982
1443,0.4115391671657562
1444,0.32846054434776306
1445,-0.0168962050229311
1446,0.4118790626525879
1447,0.3600556552410126
1448,-0.0344853438436985
1449,0.4182971119880676
1450,0.3628232479095459
1451,-0.025712035596370697
1452,0.40703991055488586
1453,0.35295578837394714
1454,-0.04042164236307144
1455,0.41444212198257446
1456,0.2810955345630646
1457,-0.004721800796687603
1458,0.42724329233169556
1459,0.27395299077033997
1460,-0.00769823556765914
1461,0.4388667047023773
1462,0.2713121473789215
1463,-0.008527408353984356
1464,0.4489842355251312
1465,0.2716343104839325
1466,-0.006147549953311682
1467,0.4565957486629486
1468,0.2753344774246216
1469,-0.0014379554195329547
1470,0.46357056498527527
1471,0.2934674620628357
1472,0.011255329474806786
1473,0.49112311005592346
1474,0.32135826349258423
1475,0.04588431492447853
1476,0.45787131786346436
1477,0.30949923396110535
1478,0.005691166501492262
1479,0.4492977261543274
1480,0.31358224153518677
1481,0.0014176020631566644
1482,0.43834900856018066
1483,0.31455281376838684
1484,-0.0010425321524962783
1485,0.4277905821800232
1486,0.3127160668373108
1487,-0.0012108376249670982
1488,0.41949403285980225
1489,0.30962806940078735
1490,-0.0011010877788066864
1491,0.4136117398738861
1492,0.3063737452030182
1493,-0.000997059280052781
1494,0.4934183955192566
1495,0.3229561448097229
1496,0.07655252516269684
1497,0.4185605049133301
1498,0.3662315011024475
1499,-0.02156803384423256
1500,0.4050340950489044
1501,0.33116379380226135
1502,-0.028628628700971603
1503,0.4052523076534271
1504,0.3613230884075165
1505,-0.04035855829715729
1506,0.40166234970092773
1507,0.36774173378944397
1508,-0.03663841262459755
1509,0.4058478772640228
1510,0.3631742298603058
1511,-0.03634849935770035
1512,0.4165957570075989
1513,0.37045222520828247
1514,-0.018484337255358696
1515,0.3999703824520111
1516,0.3690733313560486
1517,-0.03866702690720558
1518,0.4000093936920166
1519,0.37167298793792725
1520,-0.02890043519437313
1521,0.4135468304157257
1522,0.2973227798938751
1523,0.0028758984990417957
1524,0.4086884558200836
1525,0.3007832169532776
1526,-0.0016665490111336112
1527,0.4058085083961487
1528,0.3028574287891388
1529,-0.007502505090087652
1530,0.45184797048568726
1531,0.2890908718109131
1532,0.0040428596548736095
1533,0.4561951160430908
1534,0.2844467759132385
1535,0.0038333304692059755
1536,0.7146022319793701
1537,0.6946141719818115
1538,-6.349264367599972e-07
1539,0.6536743640899658
1540,0.6368011236190796
1541,0.03915444761514664
1542,0.6248602867126465
1543,0.5773103833198547
1544,0.04965582862496376
1545,0.5992536544799805
1546,0.5437637567520142
1547,0.045036688446998596
1548,0.5823304057121277
1549,0.5104535222053528
1550,0.03952321410179138
1551,0.6811015009880066
1552,0.4974883198738098
1553,0.05628069490194321
1554,0.6424896121025085
1555,0.43294990062713623
1556,0.04705701768398285
1557,0.6054701805114746
1558,0.4502805173397064
1559,0.03558371961116791
1560,0.5880104303359985
1561,0.4803641140460968
1562,0.028625203296542168
1563,0.6945255994796753
1564,0.4955303370952606
1565,0.023805072531104088
1566,0.6405524611473083
1567,0.42549577355384827
1568,0.01593923568725586
1569,0.5970030426979065
1570,0.4529760181903839
1571,0.0063543603755533695
1572,0.583378255367279
1573,0.48855000734329224
1574,-0.00014167645713314414
1575,0.6992988586425781
1576,0.5032806992530823
1577,-0.010136461816728115
1578,0.6473354697227478
1579,0.4298633933067322
1580,-0.017257196828722954
1581,0.6021667718887329
1582,0.4572983384132385
1583,-0.018844010308384895
1584,0.5862858295440674
1585,0.49365392327308655
1586,-0.020076358690857887
1587,0.6935745477676392
1588,0.5171021223068237
1589,-0.04218588024377823
1590,0.6532064080238342
1591,0.45246368646621704
1592,-0.04653753340244293
1593,0.6171215772628784
1594,0.4626845121383667
1595,-0.04393213987350464
1596,0.5983781814575195
1597,0.49249207973480225
1598,-0.04237017035484314
1599,0.0
1600,0.0
1601,0.0
1602,0.0
1603,0.0
1604,0.0
1605,0.0
1606,0.0
1607,0.0
1608,0.0
1609,0.0
1610,0.0
1611,0.0
1612,0.0
1613,0.0
1614,0.0
1615,0.0
1616,0.0
1617,0.0
1618,0.0
1619,0.0
1620,0.0
1621,0.0
1622,0.0
1623,0.0
1624,0.0
1625,0.0
1626,0.0
1627,0.0
1628,0.0
1629,0.0
1630,0.0
1631,0.0
1632,0.0
1633,0.0
1634,0.0
1635,0.0
1636,0.0
1637,0.0
1638,0.0
1639,0.0
1640,0.0
1641,0.0
1642,0.0
1643,0.0
1644,0.0
1645,0.0
1646,0.0
1647,0.0
1648,0.0
1649,0.0
1650,0.0
1651,0.0
1652,0.0
1653,0.0
1654,0.0
1655,0.0
1656,0.0
1657,0.0
1658,0.0
1659,0.0
1660,0.0
1661,0.0
