,0
0,0.4237580895423889
1,0.3316968083381653
2,-0.770348072052002
3,0.9999901652336121
4,0.4512362480163574
5,0.2770863473415375
6,-0.7207161784172058
7,0.9999778270721436
8,0.4691874086856842
9,0.2783730626106262
10,-0.720537543296814
11,0.9999757409095764
12,0.4829670786857605
13,0.28076961636543274
14,-0.7202693223953247
15,0.9999751448631287
16,0.39640286564826965
17,0.2806868255138397
18,-0.6972241997718811
19,0.9999776482582092
20,0.37844765186309814
21,0.28501996397972107
22,-0.6964351534843445
23,0.9999765753746033
24,0.3625773787498474
25,0.28911611437797546
26,-0.696302056312561
27,0.9999786615371704
28,0.5031224489212036
29,0.317788690328598
30,-0.38958650827407837
31,0.9999743103981018
32,0.34888535737991333
33,0.32603225111961365
34,-0.26413771510124207
35,0.9999740719795227
36,0.46282958984375
37,0.4009021818637848
38,-0.6559430956840515
39,0.9999839663505554
40,0.39089927077293396
41,0.4014469087123871
42,-0.6198881268501282
43,0.9999793171882629
44,0.6433457732200623
45,0.6958856582641602
46,-0.272793173789978
47,0.9995553493499756
48,0.23695199191570282
49,0.6873594522476196
50,-0.13459555804729462
51,0.9996708035469055
52,0.7078831195831299
53,1.0491527318954468
54,-0.3882843852043152
55,0.38123491406440735
56,0.10303179919719696
57,1.0591753721237183
58,-0.5761550664901733
59,0.8642935752868652
60,0.7215327620506287
61,1.4592398405075073
62,-0.6922074556350708
63,0.4258180260658264
64,0.10067369788885117
65,0.7386152148246765
66,-1.5436570644378662
67,0.9822697639465332
68,0.7421484589576721
69,1.5627847909927368
70,-0.7955328226089478
71,0.5706045031547546
72,0.09355265647172928
73,0.6098639965057373
74,-1.7346179485321045
75,0.9784880876541138
76,0.6931053400039673
77,1.5384621620178223
78,-0.8252199292182922
79,0.6946892738342285
80,0.11425483226776123
81,0.5619279146194458
82,-1.7045447826385498
83,0.9831604361534119
84,0.6713579297065735
85,1.5028854608535767
86,-0.7226182222366333
87,0.7047404646873474
88,0.12832586467266083
89,0.6102584004402161
90,-1.5682002305984497
91,0.9817081689834595
92,0.5773178935050964
93,1.463643193244934
94,-0.08434632420539856
95,0.0006445291801355779
96,0.2865794003009796
97,1.4673349857330322
98,0.08953656256198883
99,0.0007946682744659483
100,0.565870463848114
101,2.1236565113067627
102,-0.07404237240552902
103,0.0001403799542458728
104,0.2988153100013733
105,2.131326198577881
106,0.11972962319850922
107,8.150831854436547e-05
108,0.564655601978302
109,2.7025437355041504
110,0.5707482695579529
111,2.3019183572614565e-05
112,0.31274107098579407
113,2.7012217044830322
114,0.5522618293762207
115,1.1780759905377636e-06
116,0.5757216811180115
117,2.7806713581085205
118,0.5946063995361328
119,1.1434523912612349e-05
120,0.31148964166641235
121,2.7761011123657227
122,0.582923173904419
123,2.447076894895872e-06
124,0.5170077681541443
125,2.8735921382904053
126,0.002053773496299982
127,8.851074198901188e-06
128,0.33093929290771484
129,2.883704423904419
130,-0.06031806394457817
131,6.2803010223433375e-06
132,0.41980743408203125
133,0.39323121309280396
134,-0.024833563715219498
135,0.4182223081588745
136,0.35218724608421326
137,-0.0457451231777668
138,0.41917604207992554
139,0.36505329608917236
140,-0.024343132972717285
141,0.41195088624954224
142,0.3152107894420624
143,-0.033984702080488205
144,0.41817015409469604
145,0.34019872546195984
146,-0.048549603670835495
147,0.4185059368610382
148,0.32526901364326477
149,-0.04509860277175903
150,0.4196806252002716
151,0.29038262367248535
152,-0.022493477910757065
153,0.36277467012405396
154,0.28870731592178345
155,0.013206800445914268
156,0.42025327682495117
157,0.26555684208869934
158,-0.01714329794049263
159,0.42045149207115173
160,0.25057458877563477
161,-0.018907075747847557
162,0.421381413936615
163,0.19212043285369873
164,-0.0091574527323246
165,0.4199286699295044
166,0.3994150161743164
167,-0.023864081129431725
168,0.42010149359703064
169,0.4042968451976776
170,-0.021124809980392456
171,0.420318603515625
172,0.4063873291015625
173,-0.017373502254486084
174,0.4204283356666565
175,0.41854798793792725
176,-0.0147421695291996
177,0.42039111256599426
178,0.42433616518974304
179,-0.016069764271378517
180,0.42037829756736755
181,0.4314142167568207
182,-0.017481740564107895
183,0.420419305562973
184,0.4388379752635956
185,-0.015533062629401684
186,0.42053377628326416
187,0.44875413179397583
188,-0.006542182993143797
189,0.41845518350601196
190,0.3584209084510803
191,-0.04149956256151199
192,0.4112839102745056
193,0.3579219579696655
194,-0.029696786776185036
195,0.33781519532203674
196,0.24854077398777008
197,0.053743135184049606
198,0.3856748938560486
199,0.298840194940567
200,0.0039749485440552235
201,0.37772849202156067
202,0.2997116446495056
203,0.004722679033875465
204,0.37010160088539124
205,0.29924526810646057
206,0.007179589010775089
207,0.3599236011505127
208,0.2931063771247864
209,0.014501379802823067
210,0.3923806846141815
211,0.2958827316761017
212,0.004414765164256096
213,0.3752789795398712
214,0.27102312445640564
215,0.0010519563220441341
216,0.3839350938796997
217,0.2718125283718109
218,0.0007648128666915
219,0.3672676384449005
220,0.2725446820259094
221,0.003957162611186504
222,0.36194100975990295
223,0.27623581886291504
224,0.007572782225906849
225,0.35380661487579346
226,0.3010474741458893
227,0.018780194222927094
228,0.38974228501319885
229,0.46126240491867065
230,0.004424935206770897
231,0.3600449860095978
232,0.28605276346206665
233,0.016008689999580383
234,0.3332665264606476
235,0.2976416051387787
236,0.057034872472286224
237,0.3455371558666229
238,0.29428330063819885
239,0.027473781257867813
240,0.3789682686328888
241,0.34538963437080383
242,-0.004185698460787535
243,0.4091806411743164
244,0.3911938965320587
245,-0.023268643766641617
246,0.41107177734375
247,0.40410637855529785
248,-0.01946350559592247
249,0.3987489938735962
250,0.3950846195220947
251,-0.017764925956726074
252,0.3925390839576721
253,0.4004614055156708
254,-0.01063523069024086
255,0.40363040566444397
256,0.40495064854621887
257,-0.015449861995875835
258,0.3981090784072876
259,0.40659892559051514
260,-0.008823095820844173
261,0.3830777704715729
262,0.42161834239959717
263,0.0043019684962928295
264,0.4114244878292084
265,0.35178694128990173
266,-0.04484332352876663
267,0.41028666496276855
268,0.34043797850608826
269,-0.04739157110452652
270,0.3500530421733856
271,0.2659592628479004
272,0.01003557164222002
273,0.3953603506088257
274,0.3166540563106537
275,-0.006091054528951645
276,0.39267727732658386
277,0.3495492935180664
278,-0.023384852334856987
279,0.39219221472740173
280,0.343821257352829
281,-0.02068597637116909
282,0.3557142913341522
283,0.3449119031429291
284,0.007206782698631287
285,0.41102108359336853
286,0.32655540108680725
287,-0.04219748079776764
288,0.36877891421318054
289,0.2543564438819885
290,-0.005537111312150955
291,0.357557475566864
292,0.2579406201839447
293,0.0013907027896493673
294,0.34467563033103943
295,0.22748273611068726
296,0.0368855819106102
297,0.40367892384529114
298,0.26371297240257263
299,-0.013914385810494423
300,0.39143064618110657
301,0.27523601055145264
302,0.0030749391298741102
303,0.3773428499698639
304,0.40877875685691833
305,0.005894704256206751
306,0.34268656373023987
307,0.4053449332714081
308,0.07907933741807938
309,0.3989071846008301
310,0.35588088631629944
311,-0.020148178562521935
312,0.4059648811817169
313,0.35985344648361206
314,-0.021600915119051933
315,0.3855591416358948
316,0.4102121591567993
317,0.004857184831053019
318,0.38982322812080383
319,0.4098806381225586
320,0.002378433011472225
321,0.35348808765411377
322,0.25057220458984375
323,0.005756611470133066
324,0.39264312386512756
325,0.35496005415916443
326,-0.018710726872086525
327,0.38393568992614746
328,0.2555687725543976
329,-0.010850891470909119
330,0.38248592615127563
331,0.24601495265960693
332,-0.012606075033545494
333,0.3751052916049957
334,0.19874292612075806
335,0.0032550820615142584
336,0.3493204116821289
337,0.23830467462539673
338,0.01918605901300907
339,0.3796364665031433
340,0.2209317982196808
341,-0.0051285866647958755
342,0.34583818912506104
343,0.2612442970275879
344,0.017569031566381454
345,0.3418211340904236
346,0.2551773488521576
347,0.034698691219091415
348,0.40998023748397827
349,0.39856699109077454
350,-0.022309960797429085
351,0.4014168381690979
352,0.4009224474430084
353,-0.016987117007374763
354,0.39528799057006836
355,0.4036787748336792
356,-0.010440893471240997
357,0.40114325284957886
358,0.35819682478904724
359,-0.018777145072817802
360,0.3876715302467346
361,0.4102858304977417
362,0.0034623381216078997
363,0.39089101552963257
364,0.4147179126739502
365,-0.0013438246678560972
366,0.3910439908504486
367,0.4091375470161438
368,0.0020450439769774675
369,0.40290719270706177
370,0.3514844477176666
371,-0.03214208781719208
372,0.4000670611858368
373,0.4061056077480316
374,-0.007638073060661554
375,0.4056198298931122
376,0.4057442247867584
377,-0.012264501303434372
378,0.41239187121391296
379,0.4059929847717285
380,-0.01592733897268772
381,0.4087849259376526
382,0.44754117727279663
383,-0.005781305022537708
384,0.4091724753379822
385,0.4370858371257782
386,-0.014471621252596378
387,0.4098362624645233
388,0.429592490196228
389,-0.0160222165286541
390,0.41076478362083435
391,0.42236238718032837
392,-0.01446758583188057
393,0.41177117824554443
394,0.4176486134529114
395,-0.013164246454834938
396,0.3988644778728485
397,0.4142701029777527
398,-0.005404102150350809
399,0.3972793221473694
400,0.4160708487033844
401,-0.00669007608667016
402,0.3949556052684784
403,0.41948115825653076
404,-0.00755308847874403
405,0.39302974939346313
406,0.42349761724472046
407,-0.005779281724244356
408,0.38569414615631104
409,0.38698819279670715
410,-0.007753383368253708
411,0.334583580493927
412,0.34914642572402954
413,0.09172312170267105
414,0.4187833070755005
415,0.36104944348335266
416,-0.03030340000987053
417,0.39530879259109497
418,0.4127040505409241
419,-0.0007578962831757963
420,0.39318954944610596
421,0.4133303761482239
422,-0.0015398163814097643
423,0.4087061882019043
424,0.3651745617389679
425,-0.021827830001711845
426,0.3958185017108917
427,0.36239805817604065
428,-0.012667733244597912
429,0.407388836145401
430,0.36261680722236633
431,-0.021993733942508698
432,0.386810302734375
433,0.3233793377876282
434,-0.0028500279877334833
435,0.3738579750061035
436,0.3311077654361725
437,-3.830244895652868e-05
438,0.39105209708213806
439,0.34924474358558655
440,-0.015860723331570625
441,0.356361448764801
442,0.2105044275522232
443,0.0190099086612463
444,0.36125725507736206
445,0.2264140248298645
446,0.006340965162962675
447,0.36610499024391174
448,0.24501949548721313
449,-0.003773367265239358
450,0.3894856572151184
451,0.43112730979919434
452,0.00047979713417589664
453,0.40115657448768616
454,0.24862179160118103
455,-0.017328158020973206
456,0.39879465103149414
457,0.2196091115474701
458,-0.01206281129270792
459,0.3960643410682678
460,0.1932097226381302
461,-0.0061650690622627735
462,0.3635885715484619
463,0.2972113788127899
464,0.011026854626834393
465,0.34556740522384644
466,0.30953362584114075
467,0.023819193243980408
468,0.3967120945453644
469,0.2927636206150055
470,0.005400041118264198
471,0.35349398851394653
472,0.2799704074859619
473,0.015143400989472866
474,0.4011741280555725
475,0.3091065287590027
476,-0.009407304227352142
477,0.39746206998825073
478,0.3448110520839691
479,-0.031819071620702744
480,0.33778584003448486
481,0.31781259179115295
482,0.033326976001262665
483,0.35048890113830566
484,0.31703436374664307
485,0.016100939363241196
486,0.36041533946990967
487,0.32094278931617737
488,0.00811070203781128
489,0.3755780756473541
490,0.3189559876918793
491,0.0036132745444774628
492,0.3867919445037842
493,0.31416019797325134
494,0.0013726390898227692
495,0.3953142762184143
496,0.3086381256580353
497,-0.0012799547985196114
498,0.41187769174575806
499,0.293520450592041
500,-0.018893970176577568
501,0.3385143280029297
502,0.341596394777298
503,0.030925368890166283
504,0.3473900556564331
505,0.2789907455444336
506,0.01932903751730919
507,0.4144110679626465
508,0.357988566160202
509,-0.04083040729165077
510,0.39554399251937866
511,0.3273603320121765
512,-0.009728827513754368
513,0.33282241225242615
514,0.29817596077919006
515,0.08528173714876175
516,0.4015862047672272
517,0.30231475830078125
518,-0.0028610038571059704
519,0.39057332277297974
520,0.35038065910339355
521,-0.007151734549552202
522,0.357485294342041
523,0.28701257705688477
524,0.017676666378974915
525,0.3972131907939911
526,0.337869793176651
527,-0.02851635031402111
528,0.3370145559310913
529,0.37646955251693726
530,0.08767468482255936
531,0.39681288599967957
532,0.28846263885498047
533,0.007680435199290514
534,0.40396779775619507
535,0.3310311436653137
536,-0.036882031708955765
537,0.35769152641296387
538,0.4320773184299469
539,0.03537857159972191
540,0.35904982686042786
541,0.44545215368270874
542,0.049746692180633545
543,0.33268457651138306
544,0.3457866609096527
545,0.06125728413462639
546,0.34837794303894043
547,0.4162901043891907
548,0.04543362557888031
549,0.3374536633491516
550,0.2746829390525818
551,0.04828563332557678
552,0.38845667243003845
553,0.47282254695892334
554,0.009095932357013226
555,0.41560378670692444
556,0.36059874296188354
557,-0.029705731198191643
558,0.38839516043663025
559,0.3360253870487213
560,-0.006321304477751255
561,0.33936071395874023
562,0.2968098819255829
563,0.036198195070028305
564,0.3705894351005554
565,0.29213210940361023
566,0.008014656603336334
567,0.37755826115608215
568,0.29311472177505493
569,0.0057589211501181126
570,0.3886128067970276
571,0.41658443212509155
572,0.00013778300490230322
573,0.34031105041503906
574,0.36490148305892944
575,0.033655934035778046
576,0.4032192826271057
577,0.4900349974632263
578,0.010743813589215279
579,0.3797245919704437
580,0.47225838899612427
581,0.027833793312311172
582,0.37009212374687195
583,0.4610189199447632
584,0.03750977665185928
585,0.420947790145874
586,0.2200307846069336
587,-0.01453601848334074
588,0.4204515814781189
589,0.4931718111038208
590,0.0077941822819411755
591,0.38435816764831543
592,0.29251182079315186
593,0.005120947957038879
594,0.3906782865524292
595,0.2908182740211487
596,0.006059952080249786
597,0.39477285742759705
598,0.28964653611183167
599,0.007642196025699377
600,0.34235259890556335
601,0.27714893221855164
602,0.02798890508711338
603,0.390144407749176
604,0.2812924087047577
605,0.004865157417953014
606,0.3833658695220947
607,0.278537780046463
608,0.003459845669567585
609,0.37646207213401794
610,0.27778446674346924
611,0.004117120523005724
612,0.3693494200706482
613,0.279375821352005
614,0.006383860483765602
615,0.36482563614845276
616,0.2821556627750397
617,0.009334579110145569
618,0.33413150906562805
619,0.2706730365753174
620,0.07140737026929855
621,0.36593833565711975
622,0.2904740571975708
623,0.010800882242619991
624,0.41946902871131897
625,0.37427201867103577
626,-0.022292297333478928
627,0.39242473244667053
628,0.37951788306236267
629,-0.012831414118409157
630,0.3985716700553894
631,0.3538491427898407
632,-0.02350790426135063
633,0.4079502522945404
634,0.37537696957588196
635,-0.021160157397389412
636,0.42009100317955017
637,0.27778342366218567
638,-0.016412440687417984
639,0.36778002977371216
640,0.4477396607398987
641,0.027277963235974312
642,0.3776829242706299
643,0.46012741327285767
644,0.0187244676053524
645,0.4025285542011261
646,0.48220574855804443
647,0.0006550066755153239
648,0.35045307874679565
649,0.42845141887664795
650,0.06500177085399628
651,0.3947466015815735
652,0.2854699492454529
653,0.006499230861663818
654,0.4061470031738281
655,0.31123194098472595
656,-0.021218296140432358
657,0.4203166365623474
658,0.4852895140647888
659,-0.001814414979889989
660,0.3903190791606903
661,0.4824291169643402
662,0.017651338130235672
663,0.3353337347507477
664,0.3712245225906372
665,0.060000453144311905
666,0.4046122431755066
667,0.4160027801990509
668,-0.009585870429873466
669,0.40303850173950195
670,0.41943225264549255
671,-0.010940881446003914
672,0.40126368403434753
673,0.42487242817878723
674,-0.011866211891174316
675,0.3998939096927643
676,0.43147528171539307
677,-0.010271827690303326
678,0.3976239860057831
679,0.4404335618019104
680,-0.0035548910964280367
681,0.3932279348373413
682,0.407893568277359
683,-0.0028926206286996603
684,0.39040377736091614
685,0.406747967004776
686,-0.0027971225790679455
687,0.3878766894340515
688,0.40484142303466797
689,-0.0028220999520272017
690,0.3801998794078827
691,0.3968224823474884
692,-0.0009349724859930575
693,0.3503483533859253
694,0.37039512395858765
695,0.016431132331490517
696,0.40668997168540955
697,0.30055758357048035
698,-0.013515514321625233
699,0.4031906723976135
700,0.2808907926082611
701,0.001184485969133675
702,0.3982478678226471
703,0.282502681016922
704,0.004642480984330177
705,0.3954053819179535
706,0.40642911195755005
707,-0.0021434722002595663
708,0.35064807534217834
709,0.39908188581466675
710,0.02946830913424492
711,0.4098387658596039
712,0.27999147772789
713,-0.010113056749105453
714,0.3934772312641144
715,0.4501326084136963
716,0.0011634014081209898
717,0.41892772912979126
718,0.3133130967617035
719,-0.03712407127022743
720,0.41175931692123413
721,0.3049275279045105
722,-0.02721618488430977
723,0.41931238770484924
724,0.30226054787635803
725,-0.029464149847626686
726,0.3999847173690796
727,0.328837513923645
728,-0.020976589992642403
729,0.4203251898288727
730,0.4736897349357605
731,-0.006256286054849625
732,0.4204253554344177
733,0.46008890867233276
734,-0.006220852956175804
735,0.4062121510505676
736,0.45824211835861206
737,-0.004081672057509422
738,0.3759770691394806
739,0.4255453944206238
740,0.009407712146639824
741,0.384507954120636
742,0.36021557450294495
743,-0.004711157642304897
744,0.38381314277648926
745,0.43927910923957825
746,0.005808284971863031
747,0.3668856918811798
748,0.3595236837863922
749,-0.0001790540845831856
750,0.3777284622192383
751,0.37235403060913086
752,-0.0024946953635662794
753,0.3610137104988098
754,0.37864890694618225
755,0.007112042047083378
756,0.403543621301651
757,0.47106072306632996
758,-0.003518038894981146
759,0.39513957500457764
760,0.3355723023414612
761,-0.014762832783162594
762,0.36961978673934937
763,0.43455061316490173
764,0.017495786771178246
765,0.3795815408229828
766,0.448465496301651
767,0.012093300931155682
768,0.36983248591423035
769,0.40999293327331543
770,0.0099837277084589
771,0.34310802817344666
772,0.38489386439323425
773,0.03677663952112198
774,0.36035728454589844
775,0.41204968094825745
776,0.018533291295170784
777,0.34006208181381226
778,0.3947896361351013
779,0.05637107789516449
780,0.3721892535686493
781,0.3879481852054596
782,0.0019320215797051787
783,0.4009833037853241
784,0.3191569149494171
785,-0.015004412271082401
786,0.40015456080436707
787,0.34963852167129517
788,-0.03378928080201149
789,0.39517414569854736
790,0.35302162170410156
791,-0.0244929026812315
792,0.40350231528282166
793,0.34194663166999817
794,-0.039992090314626694
795,0.3971001207828522
796,0.2721489369869232
797,-0.0011753152357414365
798,0.3841824531555176
799,0.26621493697166443
800,-0.002517630346119404
801,0.37270262837409973
802,0.2648247182369232
803,-0.001680652261711657
804,0.3631742596626282
805,0.2665500342845917
806,0.002179916715249419
807,0.35666266083717346
808,0.27137669920921326
809,0.007725904230028391
810,0.35239315032958984
811,0.29062920808792114
812,0.0211967620998621
813,0.33181992173194885
814,0.3214291036128998
815,0.0597049817442894
816,0.3578304350376129
817,0.3056385815143585
818,0.014452626928687096
819,0.36589041352272034
820,0.30875319242477417
821,0.009087007492780685
822,0.37641826272010803
823,0.3086433708667755
824,0.005266187246888876
825,0.38649237155914307
826,0.30599209666252136
827,0.0035515637136995792
828,0.39439699053764343
829,0.3020544946193695
830,0.002706269035115838
831,0.399808794260025
832,0.29807913303375244
833,0.0020268578082323074
834,0.33367919921875
835,0.3236554265022278
836,0.09140518307685852
837,0.3956676721572876
838,0.3564225137233734
839,-0.020286990329623222
840,0.40563124418258667
841,0.32087501883506775
842,-0.027840640395879745
843,0.4058077931404114
844,0.35003575682640076
845,-0.04054902121424675
846,0.41067853569984436
847,0.35604333877563477
848,-0.03735223412513733
849,0.40607064962387085
850,0.3520071506500244
851,-0.036424197256565094
852,0.3981890380382538
853,0.36020466685295105
854,-0.01748719997704029
855,0.4119957685470581
856,0.3571118712425232
857,-0.03962025046348572
858,0.41302672028541565
859,0.3597778081893921
860,-0.02967536449432373
861,0.39961448311805725
862,0.2891831696033478
863,0.006187154445797205
864,0.40407881140708923
865,0.2917967438697815
866,0.0006978392484597862
867,0.40638989210128784
868,0.2934039831161499
869,-0.005532281007617712
870,0.3621492385864258
871,0.2842419743537903
872,0.012272246181964874
873,0.35788965225219727
874,0.2805936336517334
875,0.01267925463616848
876,0.42617467045783997
877,0.31543219089508057
878,-0.034485526382923126
879,0.4806230366230011
880,0.2911674976348877
881,0.009478523395955563
882,0.4264310300350189
883,0.35816648602485657
884,-0.030093085020780563
885,0.5103942155838013
886,0.25053855776786804
887,0.048049505800008774
888,0.45662835240364075
889,0.30035480856895447
890,0.001471671392209828
891,0.46492183208465576
892,0.30152180790901184
893,0.0017876396887004375
894,0.47290515899658203
895,0.30116820335388184
896,0.0037593799643218517
897,0.48369544744491577
898,0.29552197456359863
899,0.010537042282521725
900,0.44958800077438354
901,0.29713335633277893
902,0.0024715610779821873
903,0.4676801264286041
904,0.27261102199554443
905,-0.001984464470297098
906,0.4587899148464203
907,0.2730230987071991
908,-0.0016396811697632074
909,0.47598206996917725
910,0.27445945143699646
911,0.0005005670827813447
912,0.48156610131263733
913,0.2784336507320404
914,0.0037799980491399765
915,0.4901154637336731
916,0.30322903394699097
917,0.014502845704555511
918,0.4520343244075775
919,0.46278542280197144
920,0.0026453665923327208
921,0.4835658371448517
922,0.2886306047439575
923,0.01210296805948019
924,0.5137084722518921
925,0.30002111196517944
926,0.051233306527137756
927,0.4991985857486725
928,0.2964194715023041
929,0.02271372266113758
930,0.46229875087738037
931,0.3465016484260559
932,-0.006743340753018856
933,0.4307204782962799
934,0.39139336347579956
935,-0.023931387811899185
936,0.42958804965019226
937,0.40423285961151123
938,-0.020127451047301292
939,0.4420500695705414
940,0.39548906683921814
941,-0.019086135551333427
942,0.449212908744812
943,0.4008505940437317
944,-0.012494467198848724
945,0.4376387894153595
946,0.4052164554595947
947,-0.016774259507656097
948,0.4438212811946869
949,0.40679845213890076
950,-0.0105438232421875
951,0.4597536623477936
952,0.42238083481788635
953,0.0018390064360573888
954,0.4251917600631714
955,0.3519475758075714
956,-0.045182082802057266
957,0.4263491630554199
958,0.34070804715156555
959,-0.04773731529712677
960,0.49424678087234497
961,0.26789966225624084
962,0.005626704543828964
963,0.44560331106185913
964,0.3174450397491455
965,-0.007710821460932493
966,0.4459630250930786
967,0.3503264784812927
968,-0.024813959375023842
969,0.4468664228916168
970,0.34460896253585815
971,-0.022206712514162064
972,0.48697730898857117
973,0.34662485122680664
974,0.003110980149358511
975,0.4262503981590271
976,0.3268063962459564
977,-0.04266003891825676
978,0.4741620421409607
979,0.2556487023830414
980,-0.008626851253211498
981,0.48603901267051697
982,0.25959300994873047
983,-0.0025592243764549494
984,0.5025970339775085
985,0.2291334867477417
986,0.03174261003732681
987,0.437552273273468
988,0.2640955150127411
989,-0.014876680448651314
990,0.4511118531227112
991,0.2762632668018341
992,0.0010986322304233909
993,0.4656235873699188
994,0.40958529710769653
995,0.0030089975334703922
996,0.5040212273597717
997,0.40850409865379333
998,0.07383869588375092
999,0.43976226449012756
1000,0.3564984202384949
1001,-0.021408604457974434
1002,0.43263667821884155
1003,0.360226571559906
1004,-0.022205403074622154
1005,0.457385390996933
1006,0.41051188111305237
1007,0.002304479945451021
1008,0.4531417191028595
1009,0.41001784801483154
1010,0.0001763528271112591
1011,0.49068841338157654
1012,0.2522260546684265
1013,0.001620678580366075
1014,0.4464595317840576
1015,0.35573428869247437
1016,-0.020195120945572853
1017,0.4582021236419678
1018,0.25646716356277466
1019,-0.012967239134013653
1020,0.4597891569137573
1021,0.24675963819026947
1022,-0.014720205217599869
1023,0.469254732131958
1024,0.19952146708965302
1025,0.00036448994069360197
1026,0.49632173776626587
1027,0.23992714285850525
1028,0.014662647619843483
1029,0.4636017680168152
1030,0.22171518206596375
1031,-0.007652415428310633
1032,0.49922215938568115
1033,0.2630918622016907
1034,0.01279891561716795
1035,0.5047657489776611
1036,0.2572016716003418
1037,0.029460441321134567
1038,0.4303290843963623
1039,0.39874130487442017
1040,-0.023012276738882065
1041,0.4396790564060211
1042,0.4012342691421509
1043,-0.018347222357988358
1044,0.4465753138065338
1045,0.4039319157600403
1046,-0.012215779162943363
1047,0.43765783309936523
1048,0.35876160860061646
1049,-0.019694792106747627
1050,0.4552608132362366
1051,0.410458505153656
1052,0.001102765672840178
1053,0.45183542370796204
1054,0.4150080680847168
1055,-0.003331477055326104
1056,0.45197105407714844
1057,0.4094094932079315
1058,-0.00011033760529244319
1059,0.4347972571849823
1060,0.35201242566108704
1061,-0.03314494341611862
1062,0.44211098551750183
1063,0.40620747208595276
1064,-0.009208766743540764
1065,0.4359467327594757
1066,0.40597987174987793
1067,-0.013455667532980442
1068,0.42869502305984497
1069,0.4060448110103607
1070,-0.016598263755440712
1071,0.4326254427433014
1072,0.4479387402534485
1073,-0.006453708279877901
1074,0.4320279657840729
1075,0.4373757541179657
1076,-0.015234996564686298
1077,0.43131744861602783
1078,0.42985308170318604
1079,-0.016809839755296707
1080,0.43038225173950195
1081,0.42261794209480286
1082,-0.01519325003027916
1083,0.42950257658958435
1084,0.4178520143032074
1085,-0.013848298229277134
1086,0.443539023399353
1087,0.4145015478134155
1088,-0.006914714816957712
1089,0.44509702920913696
1090,0.41626042127609253
1091,-0.008246396668255329
1092,0.44737714529037476
1093,0.4197810888290405
1094,-0.009124096482992172
1095,0.4492931067943573
1096,0.4238376021385193
1097,-0.007433204911649227
1098,0.4556601643562317
1099,0.3877047896385193
1100,-0.009831239469349384
1101,0.5136334300041199
1102,0.35190799832344055
1103,0.0856766402721405
1104,0.44743818044662476
1105,0.41293153166770935
1106,-0.0026465945411473513
1107,0.4495210349559784
1108,0.4136291742324829
1109,-0.0035108819138258696
1110,0.4299590289592743
1111,0.36541691422462463
1112,-0.02239249087870121
1113,0.44368526339530945
1114,0.36305099725723267
1115,-0.01382808480411768
1116,0.43119826912879944
1117,0.3629237413406372
1118,-0.022555185481905937
1119,0.45451194047927856
1120,0.32438457012176514
1121,-0.005034631583839655
1122,0.4679710865020752
1123,0.3324042558670044
1124,-0.0029935420025140047
1125,0.4483974277973175
1126,0.3500264883041382
1127,-0.017477091401815414
1128,0.48953482508659363
1129,0.21165518462657928
1130,0.01474776305258274
1131,0.4832760691642761
1132,0.22756272554397583
1133,0.002646424574777484
1134,0.47710224986076355
1135,0.24622994661331177
1136,-0.007046638987958431
1137,0.45300787687301636
1138,0.43195968866348267
1139,-0.001540997065603733
1140,0.4404138922691345
1141,0.2489112913608551
1142,-0.018392423167824745
1143,0.4436034560203552
1144,0.2200440764427185
1145,-0.013295413926243782
1146,0.4472743272781372
1147,0.19358684122562408
1148,-0.0076726325787603855
1149,0.47977176308631897
1150,0.29939496517181396
1151,0.0072229523211717606
1152,0.4986441135406494
1153,0.31163498759269714
1154,0.019040580838918686
1155,0.44513416290283203
1156,0.2939416170120239
1157,0.003720502369105816
1158,0.4906434714794159
1159,0.2822151780128479
1160,0.01087156031280756
1161,0.4395112693309784
1162,0.3097122609615326
1163,-0.010732394643127918
1164,0.44044700264930725
1165,0.3455353379249573
1166,-0.032975029200315475
1167,0.5070673227310181
1168,0.32008740305900574
1169,0.02799040637910366
1170,0.492967426776886
1171,0.31900519132614136
1172,0.01165995467454195
1173,0.48236405849456787
1174,0.32251936197280884
1175,0.0042125568725168705
1176,0.46663713455200195
1177,0.3202337324619293
1178,0.0006349144387058914
1179,0.4549471139907837
1180,0.3152370750904083
1181,-0.0008481044205836952
1182,0.44613486528396606
1183,0.3095792829990387
1184,-0.003035834524780512
1185,0.42791035771369934
1186,0.2937715947628021
1187,-0.019449589774012566
1188,0.5056231021881104
1189,0.34391388297080994
1190,0.025688545778393745
1191,0.4973161220550537
1192,0.2810594141483307
1193,0.014598437584936619
1194,0.42263686656951904
1195,0.35804036259651184
1196,-0.04109484702348709
1197,0.44478535652160645
1198,0.32813340425491333
1199,-0.011210835538804531
1200,0.5160188674926758
1201,0.3005727231502533
1202,0.07908277213573456
1203,0.4395957887172699
1204,0.30301952362060547
1205,-0.0041807168163359165
1206,0.4493698179721832
1207,0.3511863648891449
1208,-0.00866298470646143
1209,0.4863468408584595
1210,0.28947192430496216
1211,0.013563280925154686
1212,0.44117993116378784
1213,0.3385738432407379
1214,-0.02972046285867691
1215,0.5105453133583069
1216,0.37949323654174805
1217,0.08204229176044464
1218,0.44527438282966614
1219,0.2896988093852997
1220,0.005948780104517937
1221,0.43380171060562134
1222,0.3314446210861206
1223,-0.037812039256095886
1224,0.48634248971939087
1225,0.43495121598243713
1226,0.03140895068645477
1227,0.48575690388679504
1228,0.4486369788646698
1229,0.045830726623535156
1230,0.5133161544799805
1231,0.3484702408313751
1232,0.05546586215496063
1233,0.49629729986190796
1234,0.4193931818008423
1235,0.04090343788266182
1236,0.5094332098960876
1237,0.2768629193305969
1238,0.04272036254405975
1239,0.4534209668636322
1240,0.47460678219795227
1241,0.007291955407708883
1242,0.4220135807991028
1243,0.3606480658054352
1244,-0.029880372807383537
1245,0.45236441493034363
1246,0.33686837553977966
1247,-0.008243070915341377
1248,0.5060696005821228
1249,0.2990908622741699
1250,0.030981138348579407
1251,0.47231757640838623
1252,0.29432928562164307
1253,0.004743058234453201
1254,0.46506455540657043
1255,0.2950838804244995
1256,0.0028464780189096928
1257,0.45411524176597595
1258,0.4169478416442871
1259,-0.0020268422085791826
1260,0.503795862197876
1261,0.36736536026000977
1262,0.028492318466305733
1263,0.43809568881988525
1264,0.4910780191421509
1265,0.009686533361673355
1266,0.4632393717765808
1267,0.4746741056442261
1268,0.0252816304564476
1269,0.4737262725830078
1270,0.46389999985694885
1271,0.03435323014855385
1272,0.4580569565296173
1273,0.2942584455013275
1274,0.002623538253828883
1275,0.4514828026294708
1276,0.2921527624130249
1277,0.0038909767754375935
1278,0.44736093282699585
1279,0.2909526824951172
1280,0.0056707849726080894
1281,0.5031216144561768
1282,0.27913862466812134
1283,0.022911440581083298
1284,0.4523967504501343
1285,0.2826702892780304
1286,0.0025663673877716064
1287,0.45947039127349854
1288,0.28019288182258606
1289,0.0008545410819351673
1290,0.4665808081626892
1291,0.2797289192676544
1292,0.0010902510257437825
1293,0.47382447123527527
1294,0.28159695863723755
1295,0.002974469680339098
1296,0.4784733057022095
1297,0.2845117449760437
1298,0.005703596863895655
1299,0.5145301222801208
1300,0.27296632528305054
1301,0.06545791029930115
1302,0.4772079288959503
1303,0.2928709387779236
1304,0.007263208739459515
1305,0.44790005683898926
1306,0.38017538189888
1307,-0.014471960254013538
1308,0.4397958517074585
1309,0.3544723689556122
1310,-0.024551764130592346
1311,0.4314192831516266
1312,0.3756285607814789
1313,-0.021862732246518135
1314,0.4756301939487457
1315,0.45030492544174194
1316,0.024084893986582756
1317,0.46500828862190247
1318,0.4624473452568054
1319,0.01622418873012066
1320,0.43845731019973755
1321,0.4831997752189636
1322,-0.0003578869509510696
1323,0.49526599049568176
1324,0.4317367374897003
1325,0.06028539314866066
1326,0.44741228222846985
1327,0.2867382764816284
1328,0.004511603154242039
1329,0.43329524993896484
1330,0.31168657541275024
1331,-0.022072257474064827
1332,0.4516987204551697
1333,0.48421740531921387
1334,0.01579495333135128
1335,0.5102589130401611
1336,0.37412819266319275
1337,0.05449329689145088
1338,0.43719515204429626
1339,0.4162622094154358
1340,-0.01087706908583641
1341,0.4387512803077698
1342,0.4197158217430115
1343,-0.012160486541688442
1344,0.44046109914779663
1345,0.4251522123813629
1346,-0.013182186521589756
1347,0.4418114125728607
1348,0.43183809518814087
1349,-0.011611459776759148
1350,0.44426751136779785
1351,0.4411226212978363
1352,-0.005072787404060364
1353,0.44939300417900085
1354,0.4081256091594696
1355,-0.00498313270509243
1356,0.452102929353714
1357,0.4070390462875366
1358,-0.005076192319393158
1359,0.4546329379081726
1360,0.4052146077156067
1361,-0.005092690233141184
1362,0.4620981514453888
1363,0.39758002758026123
1364,-0.00356872146949172
1365,0.492838054895401
1366,0.3725047707557678
1367,0.011920006014406681
1368,0.43356677889823914
1369,0.30099380016326904
1370,-0.014521761797368526
1371,0.43850547075271606
1372,0.2816388010978699
1373,-3.374821608304046e-05
1374,0.4437730014324188
1375,0.2834950387477875
1376,0.0030444790609180927
1377,0.4473040997982025
1378,0.40667086839675903
1379,-0.004104246851056814
1380,0.4932515621185303
1381,0.40156030654907227
1382,0.024989111348986626
1383,0.4309479296207428
1384,0.28035810589790344
1385,-0.010768057778477669
1386,0.44840583205223083
1387,0.4512036442756653
1388,-0.0004253123770467937
1389,0.42714324593544006
1390,0.3051500916481018
1391,-0.027680162340402603
1392,0.4392155408859253
1393,0.3294367790222168
1394,-0.022083312273025513
1395,0.4350242614746094
1396,0.45888450741767883
1397,-0.00487932376563549
1398,0.466876745223999
1399,0.4269995093345642
1400,0.006699124816805124
1401,0.45616596937179565
1402,0.3611380159854889
1403,-0.006776442285627127
1404,0.45870569348335266
1405,0.4406163692474365
1406,0.003633070969954133
1407,0.4750899076461792
1408,0.36099159717559814
1409,-0.003512188559398055
1410,0.46382102370262146
1411,0.3734968304634094
1412,-0.0050898352637887
1413,0.48164618015289307
1414,0.3804018795490265
1415,0.003382879076525569
1416,0.4374698996543884
1417,0.47190743684768677
1418,-0.004532596096396446
1419,0.4445108473300934
1420,0.336330771446228
1421,-0.016181519255042076
1422,0.4734041094779968
1423,0.43658342957496643
1424,0.014464248903095722
1425,0.4629943370819092
1426,0.45036324858665466
1427,0.009759659878909588
1428,0.4731522500514984
1429,0.4113927483558655
1430,0.006645376794040203
1431,0.5011472702026367
1432,0.38754355907440186
1433,0.031839434057474136
1434,0.4829985797405243
1435,0.4141972064971924
1436,0.014684989117085934
1437,0.5052080750465393
1438,0.39783087372779846
1439,0.051197975873947144
1440,0.47019386291503906
1441,0.38913413882255554
1442,-0.0012354624923318624
1443,0.4388912618160248
1444,0.3197548985481262
1445,-0.016229500994086266
1446,0.43751659989356995
1447,0.35023000836372375
1448,-0.034835416823625565
1449,0.44333261251449585
1450,0.35383573174476624
1451,-0.02573460526764393
1452,0.4336930215358734
1453,0.34247714281082153
1454,-0.041017353534698486
1455,0.44497203826904297
1456,0.27294260263442993
1457,-0.002774755237624049
1458,0.4583282172679901
1459,0.26735222339630127
1460,-0.004747206345200539
1461,0.4701029360294342
1462,0.2663852572441101
1463,-0.0045858812518417835
1464,0.4800630509853363
1465,0.26835256814956665
1466,-0.0014583751326426864
1467,0.4870803952217102
1468,0.2734340727329254
1469,0.0037377255503088236
1470,0.4919375777244568
1471,0.29287615418434143
1472,0.016725286841392517
1473,0.5146803259849548
1474,0.323975533246994
1475,0.05378193408250809
1476,0.4856302738189697
1477,0.30765336751937866
1478,0.010434106923639774
1479,0.47700801491737366
1480,0.3104664087295532
1481,0.005502520594745874
1482,0.4660744071006775
1483,0.3101860284805298
1484,0.0023147014435380697
1485,0.45559021830558777
1486,0.3072200417518616
1487,0.001265274710021913
1488,0.4474268853664398
1489,0.30308258533477783
1490,0.0009363139979541302
1491,0.4418095350265503
1492,0.2989737093448639
1493,0.0006025733309797943
1494,0.5150065422058105
1495,0.32618004083633423
1496,0.08520105481147766
1497,0.443200945854187
1498,0.35710740089416504
1499,-0.021540628746151924
1500,0.43292057514190674
1501,0.3212365210056305
1502,-0.028747180476784706
1503,0.43122658133506775
1504,0.35043472051620483
1505,-0.04124091565608978
1506,0.42675691843032837
1507,0.3562313914299011
1508,-0.037746090441942215
1509,0.4313682019710541
1510,0.3523845076560974
1511,-0.03713102638721466
1512,0.44091537594795227
1513,0.3608967065811157
1514,-0.018565846607089043
1515,0.42520710825920105
1516,0.3572522699832916
1517,-0.03992794081568718
1518,0.4246349334716797
1519,0.3599000573158264
1520,-0.029938548803329468
1521,0.4422191381454468
1522,0.29021042585372925
1523,0.004614891950041056
1524,0.4373777210712433
1525,0.2925593852996826
1526,-0.0003921437310054898
1527,0.43463659286499023
1528,0.2939735949039459
1529,-0.006457492243498564
1530,0.4813005030155182
1531,0.2867797017097473
1532,0.008470885455608368
1533,0.48583829402923584
1534,0.282867431640625
1535,0.008602742105722427
1536,0.0
1537,0.0
1538,0.0
1539,0.0
1540,0.0
1541,0.0
1542,0.0
1543,0.0
1544,0.0
1545,0.0
1546,0.0
1547,0.0
1548,0.0
1549,0.0
1550,0.0
1551,0.0
1552,0.0
1553,0.0
1554,0.0
1555,0.0
1556,0.0
1557,0.0
1558,0.0
1559,0.0
1560,0.0
1561,0.0
1562,0.0
1563,0.0
1564,0.0
1565,0.0
1566,0.0
1567,0.0
1568,0.0
1569,0.0
1570,0.0
1571,0.0
1572,0.0
1573,0.0
1574,0.0
1575,0.0
1576,0.0
1577,0.0
1578,0.0
1579,0.0
1580,0.0
1581,0.0
1582,0.0
1583,0.0
1584,0.0
1585,0.0
1586,0.0
1587,0.0
1588,0.0
1589,0.0
1590,0.0
1591,0.0
1592,0.0
1593,0.0
1594,0.0
1595,0.0
1596,0.0
1597,0.0
1598,0.0
1599,0.1091013252735138
1600,0.7161149382591248
1601,-1.2173055097264296e-07
1602,0.1598788946866989
1603,0.6792407035827637
1604,-0.00961222592741251
1605,0.19175957143306732
1606,0.5982592701911926
1607,-0.010060115717351437
1608,0.20590689778327942
1609,0.536221981048584
1610,-0.012907857075333595
1611,0.21971337497234344
1612,0.5002977252006531
1613,-0.015505132265388966
1614,0.15121808648109436
1615,0.5120356678962708
1616,0.0025993897579610348
1617,0.15901613235473633
1618,0.43334275484085083
1619,-0.0055880313739180565
1620,0.16498100757598877
1621,0.38828885555267334
1622,-0.008840388618409634
1623,0.1693279892206192
1624,0.346784770488739
1625,-0.011280224658548832
1626,0.12314962595701218
1627,0.5105233192443848
1628,-0.0030425777658820152
1629,0.1341003179550171
1630,0.4429420828819275
1631,-0.03438640385866165
1632,0.14702360332012177
1633,0.4956965744495392
1634,-0.047929197549819946
1635,0.14828743040561676
1636,0.5460634827613831
1637,-0.04706171527504921
1638,0.09447695314884186
1639,0.5170403718948364
1640,-0.009875725023448467
1641,0.09923045337200165
1642,0.44725754857063293
1643,-0.03975548595190048
1644,0.11771548539400101
1645,0.5012253522872925
1646,-0.04295467212796211
1647,0.12394285202026367
1648,0.5487608313560486
1649,-0.035232461988925934
1650,0.06435497105121613
1651,0.5309650301933289
1652,-0.017106497660279274
1653,0.03894727677106857
1654,0.4657321274280548
1655,-0.03305507078766823
1656,0.03373847156763077
1657,0.4253944158554077
1658,-0.037126362323760986
1659,0.02860867977142334
1660,0.38433629274368286
1661,-0.03665795922279358
