,0
0,0.4181514382362366
1,0.3158891797065735
2,-0.6614409685134888
3,0.9999491572380066
4,0.4403526186943054
5,0.25794437527656555
6,-0.5982739925384521
7,0.9998966455459595
8,0.4550517201423645
9,0.2581159174442291
10,-0.5981587767601013
11,0.999918520450592
12,0.46748048067092896
13,0.2590656876564026
14,-0.5974178910255432
15,0.9998844861984253
16,0.3880009055137634
17,0.2639469802379608
18,-0.6014796495437622
19,0.999906063079834
20,0.37033554911613464
21,0.2672893702983856
22,-0.6010333299636841
23,0.9999250173568726
24,0.3542179465293884
25,0.27006763219833374
26,-0.6014014482498169
27,0.9999115467071533
28,0.4864545464515686
29,0.2935594618320465
30,-0.2231367528438568
31,0.9998876452445984
32,0.3315184712409973
33,0.3000459372997284
34,-0.22561335563659668
35,0.9999342560768127
36,0.4496277868747711
37,0.3804454505443573
38,-0.5261560678482056
39,0.9998881220817566
40,0.3881312906742096
41,0.3830344080924988
42,-0.5272745490074158
43,0.9999091625213623
44,0.6227058172225952
45,0.6164394617080688
46,-0.029835958033800125
47,0.99898362159729
48,0.22724950313568115
49,0.6302130222320557
50,-0.11896473169326782
51,0.9991001486778259
52,0.7203866243362427
53,0.9834424257278442
54,-0.5403231382369995
55,0.7070729732513428
56,0.11675846576690674
57,1.0294909477233887
58,-0.6370871067047119
59,0.8276259303092957
60,0.5562406182289124
61,0.7170807123184204
62,-1.202473521232605
63,0.7160021066665649
64,0.27077770233154297
65,0.707339882850647
66,-1.3564201593399048
67,0.8079925775527954
68,0.5114994049072266
69,0.6043266654014587
70,-1.3268489837646484
71,0.7108250856399536
72,0.3232141435146332
73,0.607019305229187
74,-1.4903162717819214
75,0.7860167026519775
76,0.5082382559776306
77,0.5572168231010437
78,-1.2231073379516602
79,0.734165370464325
80,0.324764609336853
81,0.5737634301185608
82,-1.3947384357452393
83,0.8064119815826416
84,0.5096827745437622
85,0.5875759720802307
86,-1.1840589046478271
87,0.7210257649421692
88,0.3181087076663971
89,0.5973647832870483
90,-1.3387013673782349
91,0.7948412895202637
92,0.5579603314399719
93,1.3137081861495972
94,0.014362956397235394
95,0.008846715092658997
96,0.278860867023468
97,1.3239123821258545
98,-0.009889578446745872
99,0.009244311600923538
100,0.5563455820083618
101,1.890665054321289
102,0.008031073957681656
103,0.0014698868617415428
104,0.2922341823577881
105,1.8905078172683716
106,-0.0561351403594017
107,0.0006992568960413337
108,0.5750895738601685
109,2.397010326385498
110,0.44669461250305176
111,0.00015060807345435023
112,0.3233659267425537
113,2.3920884132385254
114,0.21345794200897217
115,1.987376163015142e-05
116,0.5872097611427307
117,2.464362144470215
118,0.46119779348373413
119,0.0001234519440913573
120,0.3178207278251648
121,2.458130121231079
122,0.22472620010375977
123,3.9690716221230105e-05
124,0.5437441468238831
125,2.5600011348724365
126,-0.04940875619649887
127,0.00016305690223816782
128,0.3624895215034485
129,2.5587027072906494
130,-0.32104581594467163
131,0.00010421949264127761
132,0.4024760127067566
133,0.34486085176467896
134,-0.03220866993069649
135,0.4020252823829651
136,0.301395982503891
137,-0.04578927159309387
138,0.4023440182209015
139,0.3173679709434509
140,-0.027830572798848152
141,0.39484313130378723
142,0.27152159810066223
143,-0.029489746317267418
144,0.40198665857315063
145,0.290416419506073
146,-0.0471004843711853
147,0.40203559398651123
148,0.2783762216567993
149,-0.041741471737623215
150,0.40228143334388733
151,0.2514802813529968
152,-0.013541372492909431
153,0.34400469064712524
154,0.2600601315498352
155,0.018711714074015617
156,0.4024527966976166
157,0.2275509089231491
158,-0.003978034947067499
159,0.4025458097457886
160,0.21332848072052002
161,-0.002950301393866539
162,0.4031561613082886
163,0.16625775396823883
164,0.015857351943850517
165,0.40246403217315674
166,0.35093483328819275
167,-0.03183732181787491
168,0.4024198055267334
169,0.35676929354667664
170,-0.029611501842737198
171,0.4023793041706085
172,0.36016345024108887
173,-0.026386545971035957
174,0.40227797627449036
175,0.3772531747817993
176,-0.02211674675345421
177,0.4022388756275177
178,0.3829442262649536
179,-0.023979460820555687
180,0.402185320854187
181,0.3899024724960327
182,-0.026181483641266823
183,0.4020532965660095
184,0.3969763517379761
185,-0.02516293153166771
186,0.4018278121948242
187,0.4046288728713989
188,-0.01846327632665634
189,0.4021173417568207
190,0.3080798387527466
191,-0.04247669503092766
192,0.3943629860877991
193,0.310120165348053
194,-0.03173905611038208
195,0.32054468989372253
196,0.22748881578445435
197,0.06556900590658188
198,0.3663272559642792
199,0.26749539375305176
200,0.009161015972495079
201,0.35836806893348694
202,0.268971711397171
203,0.009586104191839695
204,0.3508704602718353
205,0.26876941323280334
206,0.011841029860079288
207,0.3412262201309204
208,0.26416468620300293
209,0.019191354513168335
210,0.37326160073280334
211,0.2638673782348633
212,0.010283461771905422
213,0.3561035394668579
214,0.23741883039474487
215,0.009113713167607784
216,0.3649842143058777
217,0.23802867531776428
218,0.009478281252086163
219,0.3478851914405823
220,0.23968952894210815
221,0.011506034061312675
222,0.3425292372703552
223,0.2444128394126892
224,0.01458111684769392
225,0.335249125957489
226,0.2715050280094147
227,0.02228386141359806
228,0.37001222372055054
229,0.4145217835903168
230,-0.01218518428504467
231,0.341530978679657
232,0.2577275037765503
233,0.021773021668195724
234,0.31556567549705505
235,0.2721979320049286
236,0.059711068868637085
237,0.32729092240333557
238,0.26524126529693604
239,0.031956613063812256
240,0.3605867028236389
241,0.30684593319892883
242,-0.006431689951568842
243,0.39133700728416443
244,0.344005286693573
245,-0.03082454577088356
246,0.3931867480278015
247,0.3578314781188965
248,-0.02841433323919773
249,0.38009947538375854
250,0.3509972095489502
251,-0.026368776336312294
252,0.373622864484787
253,0.35924699902534485
254,-0.02033069357275963
255,0.38534659147262573
256,0.36092808842658997
257,-0.025026889517903328
258,0.3795817792415619
259,0.3649871051311493
260,-0.01933779940009117
261,0.3630155026912689
262,0.3830920457839966
263,-0.009105991572141647
264,0.3950558006763458
265,0.3016268312931061
266,-0.045092321932315826
267,0.3937053084373474
268,0.29156944155693054
269,-0.04613698646426201
270,0.3314356207847595
271,0.23440870642662048
272,0.019696582108736038
273,0.37655141949653625
274,0.2796880304813385
275,-0.003066325094550848
276,0.3744211494922638
277,0.30591052770614624
278,-0.02494305558502674
279,0.3736535608768463
280,0.30157214403152466
281,-0.021689385175704956
282,0.337724506855011
283,0.3097432553768158
284,0.004338347353041172
285,0.39421355724334717
286,0.28022533655166626
287,-0.03927888721227646
288,0.349324107170105
289,0.2196899950504303
290,0.007114772219210863
291,0.3385441303253174
292,0.2248120903968811
293,0.013141004368662834
294,0.3269420564174652
295,0.20588138699531555
296,0.052925173193216324
297,0.38454729318618774
298,0.22631710767745972
299,-0.0011942615965381265
300,0.3727278411388397
301,0.24170315265655518
302,0.011496988125145435
303,0.35788413882255554
304,0.37156739830970764
305,-0.006156440824270248
306,0.3243764042854309
307,0.3722163140773773
308,0.06281644850969315
309,0.3810252249240875
310,0.3114028871059418
311,-0.022550666704773903
312,0.3884115517139435
313,0.31465649604797363
314,-0.024393891915678978
315,0.366251140832901
316,0.3739003539085388
317,-0.00742056081071496
318,0.37081876397132874
319,0.37323179841041565
320,-0.009769673459231853
321,0.33471837639808655
322,0.21876677870750427
323,0.01857900060713291
324,0.37442344427108765
325,0.3124071955680847
326,-0.021289555355906487
327,0.36420831084251404
328,0.2194271981716156
329,0.0021339966915547848
330,0.36300238966941833
331,0.21080061793327332
332,0.002018136437982321
333,0.356889933347702
334,0.17482826113700867
335,0.02523147687315941
336,0.3310278058052063
337,0.21177631616592407
338,0.03367646038532257
339,0.36086487770080566
340,0.19169461727142334
341,0.013540121726691723
342,0.3275596797466278
343,0.23125477135181427
344,0.027924811467528343
345,0.3241303861141205
346,0.22964078187942505
347,0.04596726968884468
348,0.39206066727638245
349,0.3513982892036438
350,-0.030585618689656258
351,0.3828452229499817
352,0.35656872391700745
353,-0.026180341839790344
354,0.37646567821502686
355,0.36208662390708923
356,-0.020624445751309395
357,0.38336658477783203
358,0.31395429372787476
359,-0.02122616209089756
360,0.3685336112976074
361,0.3739135265350342
362,-0.00872698612511158
363,0.3713890612125397
364,0.37746888399124146
365,-0.013554665260016918
366,0.3721909821033478
367,0.372206449508667
368,-0.010010828264057636
369,0.3854815363883972
370,0.3041161894798279
371,-0.03307817131280899
372,0.3816835880279541
373,0.3649584650993347
374,-0.01827441342175007
375,0.38744786381721497
376,0.3623494505882263
377,-0.022265734151005745
378,0.3944622874259949
379,0.36072319746017456
380,-0.025404544547200203
381,0.3896943926811218
382,0.40412914752960205
383,-0.01840052753686905
384,0.39001843333244324
385,0.3960385322570801
386,-0.02477334439754486
387,0.3909483253955841
388,0.3889603614807129
389,-0.025405846536159515
390,0.39215758442878723
391,0.3816542327404022
392,-0.023015258833765984
393,0.39328309893608093
394,0.3769807517528534
395,-0.021243369206786156
396,0.37989622354507446
397,0.37577757239341736
398,-0.015539397485554218
399,0.3781099319458008
400,0.37760451436042786
401,-0.017146065831184387
402,0.3752621114253998
403,0.38107264041900635
404,-0.018848631531000137
405,0.37285175919532776
406,0.3847668170928955
407,-0.017837703227996826
408,0.36732447147369385
409,0.34615954756736755
410,-0.016379421576857567
411,0.3166354298591614
412,0.32196229696273804
413,0.08431931585073471
414,0.40223628282546997
415,0.31194454431533813
416,-0.03264695405960083
417,0.3763771057128906
418,0.3749396800994873
419,-0.012247234582901001
420,0.37402015924453735
421,0.3759445250034332
422,-0.013293481431901455
423,0.3911088705062866
424,0.3193263113498688
425,-0.025795867666602135
426,0.3776388168334961
427,0.32009822130203247
428,-0.016539642587304115
429,0.3898589611053467
430,0.31705382466316223
431,-0.025182927027344704
432,0.3678755760192871
433,0.28704920411109924
434,-0.001464441535063088
435,0.3552836775779724
436,0.2951216697692871
437,-1.457031521567842e-05
438,0.3725408911705017
439,0.3077845871448517
440,-0.017865516245365143
441,0.3381917476654053
442,0.18792599439620972
443,0.038275767117738724
444,0.3424638509750366
445,0.1986650824546814
446,0.023136693984270096
447,0.34678077697753906
448,0.2115974724292755
449,0.010389809496700764
450,0.369614839553833
451,0.3903862535953522
452,-0.013295942917466164
453,0.38216906785964966
454,0.2122175097465515
455,-0.002024628221988678
456,0.38034966588020325
457,0.1896848976612091
458,0.007771115750074387
459,0.377909779548645
460,0.16833804547786713
461,0.01752777211368084
462,0.34461671113967896
463,0.26749321818351746
464,0.015533647499978542
465,0.3272132873535156
466,0.2796674072742462
467,0.025791291147470474
468,0.37789076566696167
469,0.2603248655796051
470,0.011832701973617077
471,0.33479008078575134
472,0.24969100952148438
473,0.022022973746061325
474,0.38263005018234253
475,0.2716902792453766
476,-0.005009350832551718
477,0.3796459138393402
478,0.298976868391037
479,-0.032147668302059174
480,0.319641649723053
481,0.28831541538238525
482,0.033269792795181274
483,0.33179986476898193
484,0.28583940863609314
485,0.016958702355623245
486,0.3414698839187622
487,0.2879832684993744
488,0.0088302381336689
489,0.35647597908973694
490,0.2849133610725403
491,0.005302479024976492
492,0.3675239682197571
493,0.279602974653244
494,0.004171382170170546
495,0.37629351019859314
496,0.2735273838043213
497,0.0028271437622606754
498,0.3941706717014313
499,0.2550611197948456
500,-0.010725137777626514
501,0.32053080201148987
502,0.3099856376647949
503,0.02719714678823948
504,0.32902082800865173
505,0.24897101521492004
506,0.02647543139755726
507,0.39794960618019104
508,0.30804404616355896
509,-0.04199763759970665
510,0.37692418694496155
511,0.2882631719112396
512,-0.008590011857450008
513,0.31543466448783875
514,0.27568456530570984
515,0.08701936155557632
516,0.38290005922317505
517,0.26666006445884705
518,0.002617129124701023
519,0.3720657527446747
520,0.31007665395736694
521,-0.009781874716281891
522,0.33855894207954407
523,0.25801846385002136
524,0.023306233808398247
525,0.3790171444416046
526,0.2939201295375824
527,-0.02806336060166359
528,0.3187902569770813
529,0.3463151454925537
530,0.07590410113334656
531,0.3782486915588379
532,0.25664085149765015
533,0.0147470748052001
534,0.38649123907089233
535,0.2857441008090973
536,-0.03501999005675316
537,0.33860063552856445
538,0.39276909828186035
539,0.018571892753243446
540,0.33935675024986267
541,0.40634477138519287
542,0.02991579659283161
543,0.31469088792800903
544,0.3161063492298126
545,0.05557625740766525
546,0.33007901906967163
547,0.37940704822540283
548,0.029796985909342766
549,0.31993919610977173
550,0.24975819885730743
551,0.05543549731373787
552,0.36833322048187256
553,0.42520686984062195
554,-0.009568657726049423
555,0.39894798398017883
556,0.3117929697036743
557,-0.03215622529387474
558,0.36976689100265503
559,0.2975696325302124
560,-0.006886042654514313
561,0.32129719853401184
562,0.26855626702308655
563,0.03995091840624809
564,0.3514116406440735
565,0.26286986470222473
566,0.013440445996820927
567,0.3582887053489685
568,0.2633504271507263
569,0.011352675966918468
570,0.3687449097633362
571,0.3792319595813751
572,-0.012534703128039837
573,0.3225690424442291
574,0.33136439323425293
575,0.025895951315760612
576,0.38308611512184143
577,0.4410323202610016
578,-0.009911843575537205
579,0.35898569226264954
580,0.427324116230011
581,0.007428930141031742
582,0.34958577156066895
583,0.4186985194683075
584,0.017283260822296143
585,0.4028776288032532
586,0.18923678994178772
587,0.006036840844899416
588,0.4009169936180115
589,0.44299256801605225
590,-0.012384098954498768
591,0.3651273846626282
592,0.2622603178024292
593,0.011171787045896053
594,0.3715928792953491
595,0.25998422503471375
596,0.012492453679442406
597,0.37591442465782166
598,0.25826042890548706
599,0.014514803886413574
600,0.32431378960609436
601,0.24848565459251404
602,0.035182446241378784
603,0.3715873658657074
604,0.25121018290519714
605,0.012363358400762081
606,0.36466702818870544
607,0.24965664744377136
608,0.01111601386219263
609,0.3579880893230438
610,0.2495267242193222
611,0.011509642004966736
612,0.3511803150177002
613,0.25126656889915466
614,0.013301133178174496
615,0.3466235101222992
616,0.25384804606437683
617,0.015771277248859406
618,0.31699761748313904
619,0.24943065643310547
620,0.07854713499546051
621,0.3469512164592743
622,0.26152026653289795
623,0.01618909277021885
624,0.4023577868938446
625,0.32664841413497925
626,-0.027332883328199387
627,0.37394315004348755
628,0.33720484375953674
629,-0.020022790879011154
630,0.38073790073394775
631,0.30862361192703247
632,-0.02498823218047619
633,0.39006364345550537
634,0.3295348882675171
635,-0.026748159900307655
636,0.40243953466415405
637,0.2403615564107895
638,-0.0055712563917040825
639,0.34773722290992737
640,0.4056917428970337
641,0.009258919395506382
642,0.3573880195617676
643,0.41524094343185425
644,0.00012213594163767993
645,0.38276979327201843
646,0.43260982632637024
647,-0.01795322261750698
648,0.3315619230270386
649,0.39238718152046204
650,0.046167973428964615
651,0.376211017370224
652,0.25425952672958374
653,0.013853239826858044
654,0.38824087381362915
655,0.27065905928611755
656,-0.016363587230443954
657,0.4009001553058624
658,0.4345470666885376
659,-0.01996413804590702
660,0.36975428462028503
661,0.4351078271865845
662,-0.002856752835214138
663,0.3172857165336609
664,0.3392970561981201
665,0.050274256616830826
666,0.3858567476272583
667,0.37631019949913025
668,-0.018709009513258934
669,0.3840215504169464
670,0.37978309392929077
671,-0.020341424271464348
672,0.3817589581012726
673,0.3852269947528839
674,-0.022265590727329254
675,0.3800412118434906
676,0.39137452840805054
677,-0.021723899990320206
678,0.37794768810272217
679,0.398135244846344
680,-0.017057765275239944
681,0.3745492398738861
682,0.3691093921661377
683,-0.014246574603021145
684,0.37143170833587646
685,0.36812955141067505
686,-0.014058426953852177
687,0.3687398135662079
688,0.3664127290248871
689,-0.013767370022833347
690,0.3617696166038513
691,0.3580597937107086
692,-0.01094465609639883
693,0.33288732171058655
694,0.33432504534721375
695,0.009084331803023815
696,0.38851305842399597
697,0.2625752389431
698,-0.007245977409183979
699,0.38449859619140625
700,0.24670735001564026
701,0.009947157464921474
702,0.37973833084106445
703,0.24935442209243774
704,0.01284999493509531
705,0.37690868973731995
706,0.3676680326461792
707,-0.01366828940808773
708,0.33287930488586426
709,0.36205509305000305
710,0.01737278327345848
711,0.3916040062904358
712,0.24361194670200348
713,-0.0003865842882078141
714,0.3737044334411621
715,0.40539050102233887
716,-0.013982311822474003
717,0.4021128714084625
718,0.2691267728805542
719,-0.032006535679101944
720,0.39432987570762634
721,0.26376986503601074
722,-0.020625675097107887
723,0.402189701795578
724,0.2606878876686096
725,-0.022263672202825546
726,0.3816787898540497
727,0.2869498133659363
728,-0.01914675161242485
729,0.40107831358909607
730,0.4238080680370331
731,-0.02198120392858982
732,0.401420921087265
733,0.4130086600780487
734,-0.01987490989267826
735,0.38691848516464233
736,0.41202980279922485
737,-0.018397578969597816
738,0.35591498017311096
739,0.38562166690826416
740,-0.004660536535084248
741,0.3660440146923065
742,0.3202439546585083
743,-0.008957691490650177
744,0.36353829503059387
745,0.39672648906707764
746,-0.009311798959970474
747,0.34917643666267395
748,0.3212236166000366
749,-0.00484263151884079
750,0.35962405800819397
751,0.33251050114631653
752,-0.009117773734033108
753,0.3434799909591675
754,0.34056416153907776
755,-0.0007561123347841203
756,0.3841206133365631
757,0.42227599024772644
758,-0.019807076081633568
759,0.3764660656452179
760,0.29480230808258057
761,-0.014582870528101921
762,0.34959524869918823
763,0.39336463809013367
764,0.0017899767262861133
765,0.35932812094688416
766,0.40440481901168823
767,-0.0045474618673324585
768,0.3504963219165802
769,0.3716319799423218
770,-0.0022602470126003027
771,0.32528162002563477
772,0.3498835861682892
773,0.025892039760947227
774,0.3415067493915558
775,0.3735252022743225
776,0.005617612041532993
777,0.3219348192214966
778,0.36061474680900574
779,0.04297655075788498
780,0.3543192744255066
781,0.34935081005096436
782,-0.0067751542665064335
783,0.38264623284339905
784,0.2793307602405548
785,-0.01209974754601717
786,0.3826346695423126
787,0.30257469415664673
788,-0.03430718556046486
789,0.3771377503871918
790,0.3084401488304138
791,-0.026370953768491745
792,0.3863794505596161
793,0.2942752540111542
794,-0.03941560909152031
795,0.3780709207057953
796,0.2371595799922943
797,0.00877071637660265
798,0.36472004652023315
799,0.23109376430511475
800,0.007968837395310402
801,0.353196918964386
802,0.23038916289806366
803,0.008414008654654026
804,0.34383031725883484
805,0.23332300782203674
806,0.011465100571513176
807,0.33759066462516785
808,0.23963317275047302
809,0.016238955780863762
810,0.33379337191581726
811,0.26140308380126953
812,0.026443734765052795
813,0.31400370597839355
814,0.2938765585422516
815,0.05799056962132454
816,0.33892232179641724
817,0.2752562463283539
818,0.017370495945215225
819,0.3466537296772003
820,0.27704164385795593
821,0.01203314121812582
822,0.35699620842933655
823,0.27635180950164795
824,0.00852577481418848
825,0.3670850098133087
826,0.27310463786125183
827,0.007422515656799078
828,0.37525495886802673
829,0.26860639452934265
830,0.007708229590207338
831,0.3809506893157959
832,0.26410067081451416
833,0.00775538943707943
834,0.3160017728805542
835,0.29907169938087463
836,0.08851277083158493
837,0.3776114583015442
838,0.31277385354042053
839,-0.022780193015933037
840,0.3880155086517334
841,0.27790313959121704
842,-0.024613359943032265
843,0.3890196979045868
844,0.3010617792606354
845,-0.04081815853714943
846,0.3939094543457031
847,0.30736231803894043
848,-0.03857250139117241
849,0.389033704996109
850,0.30368515849113464
851,-0.03714781999588013
852,0.3802178204059601
853,0.31690940260887146
854,-0.020556576550006866
855,0.3953883647918701
856,0.3077613413333893
857,-0.04084675759077072
858,0.3962256908416748
859,0.3115372359752655
860,-0.03192786127328873
861,0.38116830587387085
862,0.2562023401260376
863,0.013309699483215809
864,0.38547638058662415
865,0.2574293613433838
866,0.00792347639799118
867,0.3879580795764923
868,0.2575546205043793
869,0.0017733266577124596
870,0.343807190656662
871,0.25577813386917114
872,0.01837174780666828
873,0.33882075548171997
874,0.2502420246601105
875,0.019098946824669838
876,0.4094356596469879
877,0.27117881178855896
878,-0.029390845447778702
879,0.46198806166648865
880,0.2570163309574127
881,0.019358066841959953
882,0.4101713001728058
883,0.30960917472839355
884,-0.031681742519140244
885,0.4869213104248047
886,0.22389446198940277
887,0.06673209369182587
888,0.4392516613006592
889,0.2654612958431244
890,0.009486625902354717
891,0.4472200274467468
892,0.26658815145492554
893,0.010026276111602783
894,0.45485156774520874
895,0.2661628723144531
896,0.012362932786345482
897,0.46485352516174316
898,0.2609618902206421
899,0.019945641979575157
900,0.4323502779006958
901,0.2623305022716522
902,0.010614769533276558
903,0.4493914246559143
904,0.23510387539863586
905,0.009716808795928955
906,0.4405173063278198
907,0.23621736466884613
908,0.009983674623072147
909,0.45782679319381714
910,0.23679792881011963
911,0.012233898043632507
912,0.4633626639842987
913,0.2413622885942459
914,0.015346058644354343
915,0.47080594301223755
916,0.2682718336582184
917,0.023014303296804428
918,0.43240103125572205
919,0.41253793239593506
920,-0.011924861930310726
921,0.46451401710510254
922,0.25444933772087097
923,0.022521847859025
924,0.49119359254837036
925,0.26815587282180786
926,0.06072819605469704
927,0.4788801074028015
928,0.2616924047470093
929,0.032718900591135025
930,0.444172739982605
931,0.30443501472473145
932,-0.006052862852811813
933,0.4133453369140625
934,0.3428736925125122
935,-0.030556531623005867
936,0.4114108085632324
937,0.3568466901779175
938,-0.028200663626194
939,0.4244195222854614
940,0.3484756350517273
941,-0.025891076773405075
942,0.43059730529785156
943,0.3558845818042755
944,-0.01971024088561535
945,0.419182151556015
946,0.35894420742988586
947,-0.024661915376782417
948,0.42466506361961365
949,0.36229097843170166
950,-0.01879499852657318
951,0.44030332565307617
952,0.37943753600120544
953,-0.008405984379351139
954,0.40902572870254517
955,0.30120348930358887
956,-0.04506148770451546
957,0.4102543890476227
958,0.2911325991153717
959,-0.04603124037384987
960,0.4745904207229614
961,0.23105165362358093
962,0.020566029474139214
963,0.4283139109611511
964,0.2783191502094269
965,-0.002811815356835723
966,0.43026918172836304
967,0.30388835072517395
968,-0.024661744013428688
969,0.4310440421104431
970,0.2995621860027313
971,-0.021390849724411964
972,0.46723586320877075
973,0.3063109815120697
974,0.00490377563983202
975,0.409935861825943
976,0.27984029054641724
977,-0.039195671677589417
978,0.4562351405620575
979,0.21729284524917603
980,0.007505759596824646
981,0.4672218859195709
982,0.22180697321891785
983,0.013655276037752628
984,0.4802830219268799
985,0.20264428853988647
986,0.05390658229589462
987,0.4205950200557709
988,0.22573840618133545
989,-0.0010128783760592341
990,0.4328906536102295
991,0.24041908979415894
992,0.011942395009100437
993,0.4455362856388092
994,0.3674321472644806
995,-0.005429541692137718
996,0.48080652952194214
997,0.3679793179035187
998,0.06358352303504944
999,0.42382267117500305
1000,0.30970707535743713
1001,-0.022484371438622475
1002,0.4164462089538574
1003,0.31355515122413635
1004,-0.024347802624106407
1005,0.437255322933197
1006,0.3697406053543091
1007,-0.006642994936555624
1008,0.43278956413269043
1009,0.3694944977760315
1010,-0.008901942521333694
1011,0.4712250530719757
1012,0.21568769216537476
1013,0.01934727467596531
1014,0.43046221137046814
1015,0.3102900981903076
1016,-0.021073952317237854
1017,0.4411291480064392
1018,0.21787194907665253
1019,0.0024149524979293346
1020,0.44245779514312744
1021,0.2091207206249237
1022,0.0023714383132755756
1023,0.4498901069164276
1024,0.17301376163959503
1025,0.025821318849921227
1026,0.47554078698158264
1027,0.20867258310317993
1028,0.03457394614815712
1029,0.44527432322502136
1030,0.1900712102651596
1031,0.013865831308066845
1032,0.47870397567749023
1033,0.2277381718158722
1034,0.02875829115509987
1035,0.4827732443809509
1036,0.22617147862911224
1037,0.04693987965583801
1038,0.41259023547172546
1039,0.35029131174087524
1040,-0.030420823022723198
1041,0.4216601848602295
1042,0.35429322719573975
1043,-0.025790566578507423
1044,0.4277668297290802
1045,0.3590318262577057
1046,-0.02006368152797222
1047,0.42159122228622437
1048,0.3124122619628906
1049,-0.021132756024599075
1050,0.4350178837776184
1051,0.3698901832103729
1052,-0.007922409102320671
1053,0.432200163602829
1054,0.37399521470069885
1055,-0.012696945108473301
1056,0.43154963850975037
1057,0.3687087297439575
1058,-0.009128079749643803
1059,0.4189828038215637
1060,0.3029894232749939
1061,-0.032971568405628204
1062,0.4225803315639496
1063,0.36244022846221924
1064,-0.017707794904708862
1065,0.4170094132423401
1066,0.3606208562850952
1067,-0.02188190445303917
1068,0.4101220369338989
1069,0.35987770557403564
1070,-0.025181256234645844
1071,0.41379714012145996
1072,0.4032876491546631
1073,-0.018155205994844437
1074,0.41384729743003845
1075,0.3950384855270386
1076,-0.024427197873592377
1077,0.4131920337677002
1078,0.38804763555526733
1079,-0.02503303624689579
1080,0.4121090769767761
1081,0.3807746171951294
1082,-0.02262643352150917
1083,0.41101258993148804
1084,0.37608838081359863
1085,-0.02083800733089447
1086,0.42392846941947937
1087,0.373270720243454
1088,-0.014809472486376762
1089,0.4256448447704315
1090,0.37499064207077026
1091,-0.016460031270980835
1092,0.4283604919910431
1093,0.3782433271408081
1094,-0.018022429198026657
1095,0.43062299489974976
1096,0.38186830282211304
1097,-0.017075397074222565
1098,0.43691593408584595
1099,0.3432391881942749
1100,-0.015678197145462036
1101,0.4901788532733917
1102,0.31785497069358826
1103,0.08524132519960403
1104,0.42732420563697815
1105,0.37205490469932556
1106,-0.011330549605190754
1107,0.42963075637817383
1108,0.3727642893791199
1109,-0.01247040368616581
1110,0.41367077827453613
1111,0.31840306520462036
1112,-0.025770913809537888
1113,0.42735978960990906
1114,0.31810641288757324
1115,-0.016381848603487015
1116,0.4149491786956787
1117,0.31603777408599854
1118,-0.025127556174993515
1119,0.43711912631988525
1120,0.2851630747318268
1121,-0.0010933170560747385
1122,0.44963380694389343
1123,0.2926699221134186
1124,0.00041261097067035735
1125,0.43222713470458984
1126,0.3056070804595947
1127,-0.017648298293352127
1128,0.4687774181365967
1129,0.18523183465003967
1130,0.039047252386808395
1131,0.46399664878845215
1132,0.19613425433635712
1133,0.0237498227506876
1134,0.45891913771629333
1135,0.2091788947582245
1136,0.01090764906257391
1137,0.43363237380981445
1138,0.3875981271266937
1139,-0.012557938694953918
1140,0.4232267141342163
1141,0.21143542230129242
1142,-0.0019834479317069054
1143,0.42562392354011536
1144,0.18884822726249695
1145,0.007903735153377056
1146,0.42864468693733215
1147,0.1673775315284729
1148,0.017735980451107025
1149,0.46127596497535706
1150,0.2645566463470459
1151,0.016179995611310005
1152,0.47878924012184143
1153,0.2760995328426361
1154,0.026563657447695732
1155,0.4278445243835449
1156,0.2590770125389099
1157,0.012180853635072708
1158,0.47133898735046387
1159,0.24637354910373688
1160,0.022764647379517555
1161,0.4221658706665039
1162,0.2707131505012512
1163,-0.004834366962313652
1164,0.4247182607650757
1165,0.2975568473339081
1166,-0.03194422274827957
1167,0.48643720149993896
1168,0.28435957431793213
1169,0.034154508262872696
1170,0.47379279136657715
1171,0.28238919377326965
1172,0.017718467861413956
1173,0.46379080414772034
1174,0.28492558002471924
1175,0.009444789960980415
1176,0.4486648738384247
1177,0.28255054354667664
1178,0.005796638783067465
1179,0.4375763237476349
1180,0.277771919965744
1181,0.004538499750196934
1182,0.42879223823547363
1183,0.272249698638916
1184,0.003078320063650608
1185,0.4104427099227905
1186,0.2547264099121094
1187,-0.010702124796807766
1188,0.4850103557109833
1189,0.3058091402053833
1190,0.028070135042071342
1191,0.4771789014339447
1192,0.24556198716163635
1193,0.027288319543004036
1194,0.40623417496681213
1195,0.30777958035469055
1196,-0.04197252541780472
1197,0.4278615117073059
1198,0.2868078351020813
1199,-0.008264528587460518
1200,0.4919372498989105
1201,0.2717510759830475
1202,0.08816149085760117
1203,0.42218565940856934
1204,0.2657749056816101
1205,0.00278703635558486
1206,0.4328343868255615
1207,0.30790218710899353
1208,-0.009438899345695972
1209,0.467542439699173
1210,0.2546054720878601
1211,0.02396502159535885
1212,0.4254206120967865
1213,0.2924220860004425
1214,-0.027852842584252357
1215,0.48743894696235657
1216,0.34204408526420593
1217,0.07682441174983978
1218,0.42758455872535706
1219,0.2554357647895813
1220,0.01512493658810854
1221,0.4176381826400757
1222,0.2848326861858368
1223,-0.03492096811532974
1224,0.4643004536628723
1225,0.3884792923927307
1226,0.01902054250240326
1227,0.46376651525497437
1228,0.40219846367836
1229,0.030430961400270462
1230,0.49149829149246216
1231,0.31175124645233154
1232,0.056580740958452225
1233,0.4734566807746887
1234,0.37495970726013184
1235,0.030541326850652695
1236,0.4870512783527374
1237,0.2460164874792099
1238,0.05650412663817406
1239,0.43372026085853577
1240,0.42307624220848083
1241,-0.009428187273442745
1242,0.4055534303188324
1243,0.3115985691547394
1244,-0.03210335969924927
1245,0.43515199422836304
1246,0.29556140303611755
1247,-0.006510378327220678
1248,0.484995573759079
1249,0.2648170590400696
1250,0.04084976390004158
1251,0.4544394910335541
1252,0.2602027356624603
1253,0.013980031944811344
1254,0.4474543333053589
1255,0.2609487473964691
1256,0.011849382892251015
1257,0.4346880614757538
1258,0.3756304383277893
1259,-0.011645529419183731
1260,0.4825243651866913
1261,0.326982706785202
1262,0.026702601462602615
1263,0.41879138350486755
1264,0.43996813893318176
1265,-0.009839633479714394
1266,0.44331681728363037
1267,0.4244735836982727
1268,0.007680038921535015
1269,0.4528849124908447
1270,0.41511839628219604
1271,0.01765340566635132
1272,0.4405604600906372
1273,0.26019230484962463
1274,0.011592379771173
1275,0.43420204520225525
1276,0.2582506835460663
1277,0.012842487543821335
1278,0.42996945977211
1279,0.2568666934967041
1280,0.014847133308649063
1281,0.48212212324142456
1282,0.24481019377708435
1283,0.03612605482339859
1284,0.4341166913509369
1285,0.24980241060256958
1286,0.012741319835186005
1287,0.440896213054657
1288,0.24789224565029144
1289,0.011565248481929302
1290,0.44770684838294983
1291,0.24734383821487427
1292,0.012037454172968864
1293,0.4546489715576172
1294,0.24862684309482574
1295,0.013985413126647472
1296,0.45926374197006226
1297,0.25087153911590576
1298,0.01647239550948143
1299,0.4905776381492615
1300,0.2456786334514618
1301,0.07977216690778732
1302,0.4589571952819824
1303,0.25868022441864014
1304,0.016845103353261948
1305,0.4306418001651764
1306,0.3348362445831299
1307,-0.019574834033846855
1308,0.42400404810905457
1309,0.3069940209388733
1310,-0.024900736287236214
1311,0.4145590662956238
1312,0.3284105360507965
1313,-0.026658009737730026
1314,0.45479968190193176
1315,0.40189701318740845
1316,0.009597535245120525
1317,0.4447892904281616
1318,0.4121920168399811
1319,0.0004261487047187984
1320,0.419141948223114
1321,0.4315524101257324
1322,-0.017888294532895088
1323,0.47246527671813965
1324,0.38819900155067444
1325,0.046945080161094666
1326,0.4295133054256439
1327,0.25302061438560486
1328,0.014237230643630028
1329,0.4161919951438904
1330,0.2700527310371399
1331,-0.016239602118730545
1332,0.43223467469215393
1333,0.43302857875823975
1334,-0.002707176608964801
1335,0.48828428983688354
1336,0.33486655354499817
1337,0.05116040259599686
1338,0.41817164421081543
1339,0.37459641695022583
1340,-0.01812209188938141
1341,0.41993871331214905
1342,0.37799954414367676
1343,-0.019744716584682465
1344,0.42202675342559814
1345,0.3833218216896057
1346,-0.021627524867653847
1347,0.4235440194606781
1348,0.3894435167312622
1349,-0.021023649722337723
1350,0.4252680838108063
1351,0.39627933502197266
1352,-0.016449231654405594
1353,0.42941197752952576
1354,0.3657483160495758
1355,-0.013553258031606674
1356,0.43243399262428284
1357,0.3644585609436035
1358,-0.013402688317000866
1359,0.4351109564304352
1360,0.3625044822692871
1361,-0.013030958361923695
1362,0.4420855641365051
1363,0.3544931411743164
1364,-0.010187470354139805
1365,0.47176578640937805
1366,0.33033356070518494
1367,0.009792014956474304
1368,0.4161610007286072
1369,0.26196378469467163
1370,-0.00715270871296525
1371,0.42096146941185
1372,0.24598711729049683
1373,0.010173849761486053
1374,0.425917387008667
1375,0.24835914373397827
1376,0.013299425132572651
1377,0.42708638310432434
1378,0.3646552264690399
1379,-0.012910802848637104
1380,0.47093287110328674
1381,0.35782673954963684
1382,0.018071677535772324
1383,0.4134151339530945
1384,0.24325025081634521
1385,-0.00018747935246210545
1386,0.42899513244628906
1387,0.40333250164985657
1388,-0.013596683740615845
1389,0.41006234288215637
1390,0.2634095549583435
1391,-0.020568381994962692
1392,0.4227358400821686
1393,0.28578126430511475
1394,-0.018934592604637146
1395,0.41584551334381104
1396,0.4110710918903351
1397,-0.01833854615688324
1398,0.44721218943595886
1399,0.3821026682853699
1400,-0.003960467875003815
1401,0.4387812614440918
1402,0.317757248878479
1403,-0.008543053641915321
1404,0.43931278586387634
1405,0.3937647342681885
1406,-0.008734704926609993
1407,0.45532700419425964
1408,0.3182307183742523
1409,-0.004421532154083252
1410,0.44480425119400024
1411,0.32979318499565125
1412,-0.008544390089809895
1413,0.4607824683189392
1414,0.33707380294799805
1415,-0.00013032493006903678
1416,0.4181228578090668
1417,0.42128875851631165
1418,-0.01979680173099041
1419,0.42821383476257324
1420,0.2931593656539917
1421,-0.01431905385106802
1422,0.45317813754081726
1423,0.38972848653793335
1424,0.002362022176384926
1425,0.4431351125240326
1426,0.40143686532974243
1427,-0.004107707645744085
1428,0.45286962389945984
1429,0.36773747205734253
1430,-0.0015704970574006438
1431,0.4791063666343689
1432,0.3454420268535614
1433,0.026644276455044746
1434,0.46178022027015686
1435,0.3693731427192688
1436,0.006228746846318245
1437,0.482703298330307
1438,0.3560153841972351
1439,0.04383223503828049
1440,0.4496031403541565
1441,0.34603819251060486
1442,-0.006129719316959381
1443,0.4219253361225128
1444,0.2782701253890991
1445,-0.011878890916705132
1446,0.4217641353607178
1447,0.3012453019618988
1448,-0.03420408442616463
1449,0.4275680482387543
1450,0.3066610097885132
1451,-0.026198482140898705
1452,0.41776204109191895
1453,0.29339542984962463
1454,-0.03937886282801628
1455,0.42743775248527527
1456,0.2361217588186264
1457,0.00912408996373415
1458,0.4407106339931488
1459,0.22931161522865295
1460,0.008427869528532028
1461,0.45228803157806396
1462,0.22797009348869324
1463,0.008952288888394833
1464,0.4618806540966034
1465,0.2304030954837799
1466,0.012049699202179909
1467,0.4683927297592163
1468,0.23639008402824402
1469,0.016932636499404907
1470,0.47239693999290466
1471,0.25802919268608093
1472,0.027065470814704895
1473,0.4924975633621216
1474,0.2897132635116577
1475,0.05901697650551796
1476,0.4669213593006134
1477,0.2720686197280884
1478,0.018077990040183067
1479,0.4588201940059662
1480,0.2743237018585205
1481,0.012638763524591923
1482,0.4483800232410431
1483,0.274000883102417
1484,0.009019535966217518
1485,0.43823230266571045
1486,0.271197110414505
1487,0.007775639649480581
1488,0.4301379323005676
1489,0.267175555229187
1490,0.007973533123731613
1491,0.4244345426559448
1492,0.26308244466781616
1493,0.00791928544640541
1494,0.49111777544021606
1495,0.2950650453567505
1496,0.08962991088628769
1497,0.4272445738315582
1498,0.3108232319355011
1499,-0.022560084238648415
1500,0.4162321984767914
1501,0.27718454599380493
1502,-0.02445746213197708
1503,0.4151918292045593
1504,0.3002746105194092
1505,-0.0407760813832283
1506,0.41045910120010376
1507,0.306817889213562
1508,-0.038481906056404114
1509,0.415301114320755
1510,0.3028254508972168
1511,-0.037094734609127045
1512,0.4247618317604065
1513,0.31514570116996765
1514,-0.020424766466021538
1515,0.40887436270713806
1516,0.30731263756752014
1517,-0.040794748812913895
1518,0.40827929973602295
1519,0.31106987595558167
1520,-0.03186037018895149
1521,0.42455363273620605
1522,0.25516068935394287
1523,0.013555081561207771
1524,0.419874906539917
1525,0.2566836476325989
1526,0.008092080242931843
1527,0.4171087443828583
1528,0.2569750249385834
1529,0.0018485772889107466
1530,0.4621294140815735
1531,0.2527398467063904
1532,0.019054368138313293
1533,0.4671977460384369
1534,0.24693772196769714
1535,0.019755402579903603
1536,0.5325556397438049
1537,0.7281296253204346
1538,-4.16424583704611e-09
1539,0.5444310307502747
1540,0.6547969579696655
1541,0.017851190641522408
1542,0.5364755988121033
1543,0.5976086258888245
1544,0.02113814651966095
1545,0.5129401683807373
1546,0.5644885301589966
1547,0.020281881093978882
1548,0.48702457547187805
1549,0.5518280267715454
1550,0.01713666506111622
1551,0.5345442295074463
1552,0.5635393857955933
1553,0.00447950279340148
1554,0.4939282238483429
1555,0.504011332988739
1556,-0.001143483561463654
1557,0.46819761395454407
1558,0.4747840464115143
1559,-0.004691219422966242
1560,0.4459865689277649
1561,0.4519233703613281
1562,-0.006938808131963015
1563,0.5122395753860474
1564,0.5705594420433044
1565,-0.009670961648225784
1566,0.4710598289966583
1567,0.5007573366165161
1568,-0.013371543027460575
1569,0.44511693716049194
1570,0.464724063873291
1571,-0.015725454315543175
1572,0.4234357178211212
1573,0.4383053779602051
1574,-0.01784682460129261
1575,0.4881637990474701
1576,0.586511492729187
1577,-0.022158386185765266
1578,0.45183148980140686
1579,0.5163183212280273
1580,-0.024124452844262123
1581,0.4292246699333191
1582,0.4804535210132599
1583,-0.025936763733625412
1584,0.411094069480896
1585,0.4523032605648041
1586,-0.027976326644420624
1587,0.46282410621643066
1588,0.6098175644874573
1589,-0.03287834674119949
1590,0.4348489046096802
1591,0.5487751364707947
1592,-0.03495930880308151
1593,0.41807281970977783
1594,0.5157397985458374
1595,-0.03385106474161148
1596,0.4033563733100891
1597,0.4869788587093353
1598,-0.03273145854473114
1599,0.25073665380477905
1600,0.7187487483024597
1601,3.2665136018295016e-07
1602,0.24101753532886505
1603,0.6541282534599304
1604,0.008803647942841053
1605,0.25079259276390076
1606,0.5881770849227905
1607,0.007496460806578398
1608,0.26797038316726685
1609,0.538748562335968
1610,0.003637308720499277
1611,0.2870665490627289
1612,0.5068585276603699
1613,-0.0006780954427085817
1614,0.26842471957206726
1615,0.553743839263916
1616,-0.004427498206496239
1617,0.31566956639289856
1618,0.49414852261543274
1619,-0.013579853810369968
1620,0.3464313745498657
1621,0.46705588698387146
1622,-0.01776166446506977
1623,0.3692406415939331
1624,0.450270414352417
1625,-0.018744856119155884
1626,0.28733912110328674
1627,0.5693917870521545
1628,-0.015097406692802906
1629,0.33949869871139526
1630,0.5043413043022156
1631,-0.0204399935901165
1632,0.3712766170501709
1633,0.4720156788825989
1634,-0.021881500259041786
1635,0.3954054117202759
1636,0.4487988352775574
1637,-0.022255444899201393
1638,0.30798426270484924
1639,0.5921847820281982
1640,-0.02497594989836216
1641,0.3548470139503479
1642,0.5285475850105286
1643,-0.027418090030550957
1644,0.3830121159553528
1645,0.49370068311691284
1646,-0.02622862346470356
1647,0.4042096734046936
1648,0.4672972559928894
1649,-0.025498980656266212
1650,0.3281225264072418
1651,0.6201769709587097
1652,-0.03438892215490341
1653,0.3629399836063385
1654,0.5636432766914368
1655,-0.0339788943529129
1656,0.38306838274002075
1657,0.5337063074111938
1658,-0.029622649773955345
1659,0.3997228145599365
1660,0.5101052522659302
1661,-0.02586294896900654
