,0
0,0.4146551191806793
1,0.5046178102493286
2,-1.1269304752349854
3,0.9999362230300903
4,0.45531517267227173
5,0.40902987122535706
6,-1.0607140064239502
7,0.9998586773872375
8,0.4812135696411133
9,0.4086765944957733
10,-1.0600824356079102
11,0.9998424053192139
12,0.5017002820968628
13,0.4096856415271759
14,-1.0593856573104858
15,0.9998975396156311
16,0.38311582803726196
17,0.4148188531398773
18,-1.0273878574371338
19,0.9998268485069275
20,0.36169564723968506
21,0.41828426718711853
22,-1.0265733003616333
23,0.9997950196266174
24,0.3438841700553894
25,0.4235987365245819
26,-1.0264025926589966
27,0.9998762607574463
28,0.5409278273582458
29,0.4489179253578186
30,-0.6014624834060669
31,0.9999385476112366
32,0.33124399185180664
33,0.4729444682598114
34,-0.4263632297515869
35,0.9999249577522278
36,0.4651472568511963
37,0.5915114283561707
38,-0.9578697085380554
39,0.9999078512191772
40,0.3746371269226074
41,0.6031385660171509
42,-0.9116319417953491
43,0.9998740553855896
44,0.7162890434265137
45,0.8834400177001953
46,-0.3454507887363434
47,0.998628556728363
48,0.19809916615486145
49,0.8853603005409241
50,-0.1754724234342575
51,0.9980936646461487
52,0.9661325216293335
53,1.3266938924789429
54,-1.0509343147277832
55,0.7179521322250366
56,-0.1063021644949913
57,1.3035924434661865
58,-0.9656518697738647
59,0.9259840846061707
60,0.8115929365158081
61,0.8000343441963196
62,-1.663987159729004
63,0.8140949010848999
64,0.05710042268037796
65,0.834961473941803
66,-1.8115942478179932
67,0.7935084104537964
68,0.8143261075019836
69,0.5504895448684692
70,-1.772904396057129
71,0.7445034980773926
72,0.019525304436683655
73,0.6322076916694641
74,-1.9759454727172852
75,0.7384032607078552
76,0.759376049041748
77,0.5124512910842896
78,-1.586531162261963
79,0.7444846630096436
80,0.11263672262430191
81,0.5851978063583374
82,-1.7979328632354736
83,0.7395642399787903
84,0.7306689620018005
85,0.6171481609344482
86,-1.619384765625
87,0.7457209825515747
88,0.15600243210792542
89,0.6904410123825073
90,-1.78866708278656
91,0.7389838695526123
92,0.6229273080825806
93,1.8770469427108765
94,-0.1428411900997162
95,0.0068357884883880615
96,0.24440936744213104
97,1.872515320777893
98,0.15051013231277466
99,0.004846684634685516
100,0.6147124767303467
101,2.696211338043213
102,-0.23022162914276123
103,0.005835816264152527
104,0.26112061738967896
105,2.7011420726776123
106,0.3646124303340912
107,0.00709674134850502
108,0.6472678780555725
109,3.4177818298339844
110,0.43660488724708557
111,0.0007158135995268822
112,0.3120434582233429
113,3.410085439682007
114,0.8822562098503113
115,0.0005032644839957356
116,0.6621346473693848
117,3.525081157684326
118,0.46383771300315857
119,0.0007898534531705081
120,0.3090692162513733
121,3.5131161212921143
122,0.9254013299942017
123,0.0013245983282104135
124,0.6011604070663452
125,3.6347405910491943
126,-0.3156422972679138
127,0.000506812531966716
128,0.3534199595451355
129,3.63728928565979
130,0.13008928298950195
131,0.001414863858371973
132,0.4287000000476837
133,0.5742864608764648
134,-0.03444235026836395
135,0.42096713185310364
136,0.5161430239677429
137,-0.06389907002449036
138,0.4251698851585388
139,0.5346134901046753
140,-0.034191057085990906
141,0.40895116329193115
142,0.4635672867298126
143,-0.04652281850576401
144,0.41940659284591675
145,0.498818039894104
146,-0.06782890856266022
147,0.41863223910331726
148,0.4769146740436554
149,-0.06293701380491257
150,0.41818395256996155
151,0.42603054642677307
152,-0.030732329934835434
153,0.34137213230133057
154,0.4372865855693817
155,0.024413730949163437
156,0.4168531000614166
157,0.3897513151168823
158,-0.022587886080145836
159,0.4154430031776428
160,0.3682011067867279
161,-0.024892088025808334
162,0.41081398725509644
163,0.28663647174835205
164,-0.010860218666493893
165,0.42953065037727356
166,0.5830549001693726
167,-0.032813671976327896
168,0.43045902252197266
169,0.5896669626235962
170,-0.028839319944381714
171,0.43128111958503723
172,0.5922059416770935
173,-0.023537594825029373
174,0.4315744638442993
175,0.5951722264289856
176,-0.02324504591524601
177,0.4319763481616974
178,0.6024441719055176
179,-0.025327423587441444
180,0.4326041042804718
181,0.611786425113678
182,-0.028212077915668488
183,0.4336647689342499
184,0.6222575306892395
185,-0.027024392038583755
186,0.4359499514102936
187,0.6402077078819275
188,-0.01631121337413788
189,0.4224770963191986
190,0.5252547860145569
191,-0.057952094823122025
192,0.41247889399528503
193,0.5261203050613403
194,-0.0409264899790287
195,0.30680495500564575
196,0.38501548767089844
197,0.08434446156024933
198,0.3739892244338989
199,0.4461020827293396
200,0.00964753981679678
201,0.3631212115287781
202,0.4491305351257324
203,0.011332797817885876
204,0.3527122437953949
205,0.45017141103744507
206,0.01546345092356205
207,0.3385002911090851
208,0.4439752697944641
209,0.026566963642835617
210,0.3828846514225006
211,0.44047486782073975
212,0.009804348461329937
213,0.3559175133705139
214,0.4105445146560669
215,0.006344328168779612
216,0.36780327558517456
217,0.40980035066604614
218,0.0052683693356812
219,0.3453156352043152
220,0.41418787837028503
221,0.011118990369141102
222,0.3387278914451599
223,0.42029184103012085
224,0.016530875116586685
225,0.3316608667373657
226,0.4558868706226349
227,0.03312616050243378
228,0.39556577801704407
229,0.6727792620658875
230,0.002635595854371786
231,0.33745017647743225
232,0.43420931696891785
233,0.028601646423339844
234,0.30699819326400757
235,0.45498982071876526
236,0.08886516839265823
237,0.3204188346862793
238,0.4474170506000519
239,0.04613890498876572
240,0.36820822954177856
241,0.5132321119308472
242,-0.0025678325910121202
243,0.413498193025589
244,0.5734862685203552
245,-0.03165433183312416
246,0.4176517128944397
247,0.591206431388855
248,-0.025774849578738213
249,0.39916613698005676
250,0.5806754231452942
251,-0.023022960871458054
252,0.3908720314502716
253,0.5888935327529907
254,-0.01258945744484663
255,0.40704411268234253
256,0.5933222770690918
257,-0.01955086551606655
258,0.39912277460098267
259,0.5960546135902405
260,-0.01013554073870182
261,0.38087573647499084
262,0.6169772148132324
263,0.006814360152930021
264,0.4111987352371216
265,0.5172367691993713
266,-0.06225653737783432
267,0.4082461893558502
268,0.5009009838104248
269,-0.06566261500120163
270,0.3211936354637146
271,0.4052012264728546
272,0.021320369094610214
273,0.38800865411758423
274,0.46881040930747986
275,-0.005723370239138603
276,0.3850853145122528
277,0.5177852511405945
278,-0.03052130527794361
279,0.3841775059700012
280,0.5092616081237793
281,-0.02662000060081482
282,0.3374476432800293
283,0.5170175433158875
284,0.016332481056451797
285,0.40820541977882385
286,0.4804277718067169
287,-0.058213260024785995
288,0.34367209672927856
289,0.3847290575504303
290,-0.0021752426400780678
291,0.3294261693954468
292,0.3920896649360657
293,0.008632334880530834
294,0.31228992342948914
295,0.3537614941596985
296,0.060019608587026596
297,0.3928666412830353
298,0.3908199369907379
299,-0.016758117824792862
300,0.37862083315849304
301,0.4126850664615631
302,0.007962255738675594
303,0.3707812428474426
304,0.6018961668014526
305,0.010758978314697742
306,0.3312206566333771
307,0.6049209833145142
308,0.11843536794185638
309,0.3946046829223633
310,0.5256938934326172
311,-0.02667650207877159
312,0.4052591323852539
313,0.529759407043457
314,-0.029369618743658066
315,0.3820478618144989
316,0.6008293628692627
317,0.00917574018239975
318,0.3875653147697449
319,0.5991328954696655
320,0.005381150171160698
321,0.32333964109420776
322,0.38199082016944885
323,0.015068946406245232
324,0.3858562111854553
325,0.5253863334655762
326,-0.024075878784060478
327,0.36430448293685913
328,0.38337257504463196
329,-0.010993552394211292
330,0.3611472547054291
331,0.3696445822715759
332,-0.013350293040275574
333,0.34832334518432617
334,0.3066401481628418
335,0.010212238878011703
336,0.31781241297721863
337,0.36681661009788513
338,0.03448996692895889
339,0.3556612730026245
340,0.3360404372215271
341,-0.002175647532567382
342,0.3154318928718567
343,0.39915117621421814
344,0.032278116792440414
345,0.31109583377838135
346,0.3926357328891754
347,0.05685623362660408
348,0.41541385650634766
349,0.5838463306427002
350,-0.030026156455278397
351,0.4034965932369232
352,0.5883801579475403
353,-0.021740974858403206
354,0.3950064778327942
355,0.592736542224884
356,-0.012363933026790619
357,0.39820683002471924
358,0.5284318327903748
359,-0.024901513010263443
360,0.38480085134506226
361,0.6002250909805298
362,0.007114354986697435
363,0.39005258679389954
364,0.602686882019043
365,-0.0013189967721700668
366,0.3891398012638092
367,0.5980566143989563
368,0.004793033003807068
369,0.3995925486087799
370,0.5188436508178711
371,-0.04343532398343086
372,0.4018513262271881
373,0.5948261022567749
374,-0.008436511270701885
375,0.41004037857055664
376,0.5938596725463867
377,-0.015045717358589172
378,0.41992124915122986
379,0.5932063460350037
380,-0.02078896202147007
381,0.4201945662498474
382,0.6414177417755127
383,-0.014268963597714901
384,0.41880741715431213
385,0.6229437589645386
386,-0.0246041938662529
387,0.4185110032558441
388,0.6120393872261047
389,-0.025553131476044655
390,0.41875264048576355
391,0.6025180220603943
392,-0.022445429116487503
393,0.4195502698421478
394,0.5964192748069763
395,-0.020387740805745125
396,0.4006398320198059
397,0.5980674028396606
398,-0.008063318207859993
399,0.3988613784313202
400,0.600562334060669
401,-0.010211935266852379
402,0.3965224325656891
403,0.6058855056762695
404,-0.011837203055620193
405,0.39474958181381226
406,0.6123484373092651
407,-0.009452960453927517
408,0.3801676034927368
409,0.5710142254829407
410,-0.008314885199069977
411,0.31598395109176636
412,0.5274147391319275
413,0.13743673264980316
414,0.4237423241138458
415,0.5289414525032043
416,-0.04232058301568031
417,0.39541980624198914
418,0.5986374020576477
419,-0.0004095278272870928
420,0.3928226828575134
421,0.5999121069908142
422,-0.0016925384989008307
423,0.4099213182926178
424,0.5369091033935547
425,-0.030063221231102943
426,0.3915456533432007
427,0.5351569652557373
428,-0.016222570091485977
429,0.4076838791370392
430,0.5334873795509338
431,-0.030013879761099815
432,0.3771781921386719
433,0.4802764654159546
434,-0.00045374862384051085
435,0.3605557680130005
436,0.4939441680908203
437,0.004579138942062855
438,0.383439302444458
439,0.5170639753341675
440,-0.01985054276883602
441,0.3250606954097748
442,0.32727646827697754
443,0.03387771546840668
444,0.33176863193511963
445,0.34738558530807495
446,0.015373047441244125
447,0.3389863073825836
448,0.3716092109680176
449,0.0005035330541431904
450,0.3914724588394165
451,0.626873254776001
452,-0.0006043487810529768
453,0.3875167965888977
454,0.3696465492248535
455,-0.021369576454162598
456,0.38188591599464417
457,0.33037129044532776
458,-0.013420394621789455
459,0.37605002522468567
460,0.2942298650741577
461,-0.004856024868786335
462,0.3437388837337494
463,0.4488016963005066
464,0.02133326604962349
465,0.32208287715911865
466,0.46928372979164124
467,0.0408446341753006
468,0.3884018659591675
469,0.4351705312728882
470,0.01095014251768589
471,0.3282102346420288
472,0.4258759915828705
473,0.028026677668094635
474,0.39512068033218384
475,0.45677557587623596
476,-0.010730842128396034
477,0.3912176489830017
478,0.5100814700126648
479,-0.04273982346057892
480,0.3131078779697418
481,0.48256441950798035
482,0.055072687566280365
483,0.3288624584674835
484,0.47896909713745117
485,0.029500877484679222
486,0.34199872612953186
487,0.48240381479263306
488,0.01721346192061901
489,0.3620785176753998
490,0.47639164328575134
491,0.009731230325996876
492,0.376733660697937
493,0.46719619631767273
494,0.0056000868789851665
495,0.3877187669277191
496,0.4574575126171112
497,0.0012593220453709364
498,0.4077399969100952
499,0.4323084354400635
500,-0.0249098539352417
501,0.31595903635025024
502,0.5159415006637573
503,0.051564011722803116
504,0.32013529539108276
505,0.4248720407485962
506,0.03444067761301994
507,0.41661131381988525
508,0.5254336595535278
509,-0.056703634560108185
510,0.3887780010700226
511,0.48423177003860474
512,-0.011012407951056957
513,0.3083651065826416
514,0.4558172821998596
515,0.12892210483551025
516,0.39552101492881775
517,0.44716522097587585
518,-0.0013024637009948492
519,0.38338780403137207
520,0.5186348557472229
521,-0.007781247608363628
522,0.3345670700073242
523,0.43598371744155884
524,0.03125837445259094
525,0.39045655727386475
526,0.49979159235954285
527,-0.03803853690624237
528,0.321732759475708
529,0.5655807256698608
530,0.13126684725284576
531,0.38807913661003113
532,0.4292217195034027
533,0.014188271015882492
534,0.39904096722602844
535,0.48836782574653625
536,-0.050253480672836304
537,0.3497001826763153
538,0.6396691203117371
539,0.05296778678894043
540,0.3548290729522705
541,0.6585508584976196
542,0.0737524926662445
543,0.31101980805397034
544,0.5230510234832764
545,0.09465953707695007
546,0.33638492226600647
547,0.619082510471344
548,0.06927994638681412
549,0.30891692638397217
550,0.42155760526657104
551,0.07629569619894028
552,0.3952934443950653
553,0.6909584999084473
554,0.009506085887551308
555,0.4190150499343872
556,0.5290430784225464
557,-0.04124944284558296
558,0.3800226151943207
559,0.4981151223182678
560,-0.005951517261564732
561,0.31335577368736267
562,0.4522264897823334
563,0.05891912430524826
564,0.35226598381996155
565,0.44017642736434937
566,0.01645895652472973
567,0.3620321750640869
568,0.4400025010108948
569,0.012854740023612976
570,0.3873927593231201
571,0.60651695728302
572,0.0010443469509482384
573,0.32041412591934204
574,0.5484918355941772
575,0.05489838495850563
576,0.4182755649089813
577,0.7124319076538086
578,0.01026106532663107
579,0.3846777379512787
580,0.6930031776428223
581,0.03829020634293556
582,0.37079063057899475
583,0.678928554058075
584,0.05403017997741699
585,0.4129367172718048
586,0.32577550411224365
587,-0.018552228808403015
588,0.4426342248916626
589,0.7129735946655273
590,0.004518946632742882
591,0.37141069769859314
592,0.4376060962677002
593,0.011484836228191853
594,0.3800002336502075
595,0.43373560905456543
596,0.01237006951123476
597,0.3854210376739502
598,0.431194931268692
599,0.014373527839779854
600,0.3140290081501007
601,0.4231506586074829
602,0.04718082770705223
603,0.3778263032436371
604,0.42102712392807007
605,0.01068652793765068
606,0.36798855662345886
607,0.4190739393234253
608,0.00923297181725502
609,0.358234703540802
610,0.4196065664291382
611,0.010590488091111183
612,0.3486994802951813
613,0.42324694991111755
614,0.014321655035018921
615,0.34297990798950195
616,0.42800384759902954
617,0.018724817782640457
618,0.30583643913269043
619,0.4169217646121979
620,0.10946603119373322
621,0.3457448482513428
622,0.438981831073761
623,0.02081327885389328
624,0.42652884125709534
625,0.5472584962844849
626,-0.03156080096960068
627,0.3887893259525299
628,0.5596120357513428
629,-0.016225505620241165
630,0.3938484787940979
631,0.5229945182800293
632,-0.031288377940654755
633,0.4101744294166565
634,0.5510121583938599
635,-0.029375504702329636
636,0.41796186566352844
637,0.407694011926651
638,-0.021987052634358406
639,0.36479178071022034
640,0.6599905490875244
641,0.039201438426971436
642,0.37941285967826843
643,0.6756491661071777
644,0.024990128353238106
645,0.4155687987804413
646,0.7003167867660522
647,-0.004489975515753031
648,0.34260496497154236
649,0.6358147859573364
650,0.09737008064985275
651,0.3848226070404053
652,0.42554718255996704
653,0.012768966145813465
654,0.4012394845485687
655,0.4588928520679474
656,-0.028015101328492165
657,0.44071274995803833
658,0.7006232142448425
659,-0.009586814790964127
660,0.3999212980270386
661,0.7048843502998352
662,0.021970052272081375
663,0.3169543743133545
664,0.5582705140113831
665,0.09237147122621536
666,0.4091168940067291
667,0.5971150994300842
668,-0.014651681296527386
669,0.40754956007003784
670,0.6018112897872925
671,-0.016962885856628418
672,0.40613898634910583
673,0.6093804240226746
674,-0.018981611356139183
675,0.40546122193336487
676,0.61922287940979
677,-0.017313528805971146
678,0.40419822931289673
679,0.6357694864273071
680,-0.008558754809200764
681,0.3920769691467285
682,0.5978763699531555
683,-0.001755457604303956
684,0.38820698857307434
685,0.5970243811607361
686,-0.001345422468148172
687,0.3845803737640381
688,0.5949857234954834
689,-0.0012402621796354651
690,0.3732312321662903
691,0.5855262279510498
692,0.0016856406582519412
693,0.33269527554512024
694,0.5541808605194092
695,0.02924724854528904
696,0.4015747308731079
697,0.44345828890800476
698,-0.016947802156209946
699,0.3955095410346985
700,0.4166465699672699
701,0.004332805518060923
702,0.389181911945343
703,0.42078301310539246
704,0.009883633814752102
705,0.3949907422065735
706,0.5954587459564209
707,-0.0007742944289930165
708,0.33615729212760925
709,0.5944434404373169
710,0.046765681356191635
711,0.4040238857269287
712,0.41342630982398987
713,-0.012256141752004623
714,0.39967113733291626
715,0.6539016962051392
716,-0.00233434303663671
717,0.4185255765914917
718,0.4593476355075836
719,-0.05164770409464836
720,0.40809333324432373
721,0.4487149715423584
722,-0.03691834583878517
723,0.4184138774871826
724,0.44320470094680786
725,-0.040712542831897736
726,0.39424702525138855
727,0.48567044734954834
728,-0.02745220437645912
729,0.43887859582901
730,0.6823674440383911
731,-0.01620076224207878
732,0.4372864365577698
733,0.6599298715591431
734,-0.016283338889479637
735,0.41784021258354187
736,0.6608788371086121
737,-0.012049291282892227
738,0.3721122741699219
739,0.6254938840866089
740,0.013991017825901508
741,0.3762884736061096
742,0.5335478782653809
743,-0.0041754720732569695
744,0.3850407302379608
745,0.6421798467636108
746,0.0064645870588719845
747,0.35288068652153015
748,0.5353627800941467
749,0.0036556182894855738
750,0.36809659004211426
751,0.5515962839126587
752,-0.0006945175700820982
753,0.34633898735046387
754,0.5637187957763672
755,0.01421100739389658
756,0.41546738147735596
757,0.6825193762779236
758,-0.010767069645226002
759,0.38831040263175964
760,0.49641668796539307
761,-0.018453847616910934
762,0.3649626672267914
763,0.6402568221092224
764,0.02569073997437954
765,0.3803391456604004
766,0.657699704170227
767,0.015546630136668682
768,0.3612211346626282
769,0.605647623538971
770,0.01673201657831669
771,0.32584577798843384
772,0.5761018991470337
773,0.05848674848675728
774,0.3495557904243469
775,0.6104772090911865
776,0.02957204170525074
777,0.32471978664398193
778,0.5904260277748108
779,0.08643285185098648
780,0.36165642738342285
781,0.5747284293174744
782,0.006020218599587679
783,0.39517587423324585
784,0.4713173508644104
785,-0.018817292526364326
786,0.3954227864742279
787,0.5167163610458374
788,-0.045640405267477036
789,0.38888925313949585
790,0.5224592089653015
791,-0.032381683588027954
792,0.3990154266357422
793,0.5047324895858765
794,-0.054620977491140366
795,0.3855505585670471
796,0.4057372212409973
797,0.001527046668343246
798,0.3669191896915436
799,0.4004656672477722
800,0.0006448982167057693
801,0.35115885734558105
802,0.40093186497688293
803,0.0027937276754528284
804,0.338626503944397
805,0.40496599674224854
806,0.009065722115337849
807,0.33076608180999756
808,0.41298380494117737
809,0.017320889979600906
810,0.3285834789276123
811,0.4413108825683594
812,0.03657566383481026
813,0.3074791431427002
814,0.48894116282463074
815,0.09277556836605072
816,0.3373061418533325
817,0.46168452501296997
818,0.026558881625533104
819,0.34824901819229126
820,0.46419113874435425
821,0.018269702792167664
822,0.3623103201389313
823,0.46179383993148804
824,0.01204644050449133
825,0.3757324814796448
826,0.4558132290840149
827,0.0087662935256958
828,0.3861566483974457
829,0.4485521614551544
830,0.0071310303173959255
831,0.39315083622932434
832,0.44175103306770325
833,0.00574661698192358
834,0.312420517206192
835,0.49159908294677734
836,0.1372607797384262
837,0.3901052474975586
838,0.5270224213600159
839,-0.026557009667158127
840,0.4009383022785187
841,0.4730473458766937
842,-0.03739435225725174
843,0.4032101035118103
844,0.5160912871360779
845,-0.055682871490716934
846,0.4112171232700348
847,0.5235682725906372
848,-0.05160612612962723
849,0.40400242805480957
850,0.5188824534416199
851,-0.04986724629998207
852,0.394413560628891
853,0.5317691564559937
854,-0.022985294461250305
855,0.4131201207637787
856,0.5248096585273743
857,-0.05492568016052246
858,0.4152335226535797
859,0.5284026861190796
860,-0.04104489088058472
861,0.39189085364341736
862,0.4296819269657135
863,0.011761407367885113
864,0.39823341369628906
865,0.4319837689399719
866,0.0036038148682564497
867,0.4011121392250061
868,0.4334895610809326
869,-0.005446776282042265
870,0.3398427665233612
871,0.4314172863960266
872,0.023113319650292397
873,0.33407384157180786
874,0.42683839797973633
875,0.0240028016269207
876,0.4293246865272522
877,0.4606885612010956
878,-0.04852503165602684
879,0.5076819062232971
880,0.413007915019989
881,0.009965291246771812
882,0.4353172481060028
883,0.5227621793746948
884,-0.04246069863438606
885,0.5456427335739136
886,0.34825584292411804
887,0.06222807615995407
888,0.47387802600860596
889,0.4312189221382141
890,0.0002637064317241311
891,0.4856899380683899
892,0.4310678243637085
893,0.00019664570572786033
894,0.49708718061447144
895,0.4290560483932495
896,0.002422026824206114
897,0.5124639272689819
898,0.4185842275619507
899,0.011292213574051857
900,0.46370241045951843
901,0.42838844656944275
902,0.0023478346411138773
903,0.4867631494998932
904,0.3908415734767914
905,-0.005319037940353155
906,0.4743499457836151
907,0.3936193883419037
908,-0.004025901667773724
909,0.4987355172634125
910,0.3912155330181122
911,-0.0023947726003825665
912,0.5072208642959595
913,0.3952196538448334
914,0.0019249366596341133
915,0.5218419432640076
916,0.4280191957950592
917,0.016504375264048576
918,0.4840053617954254
919,0.66197270154953
920,-0.004254693165421486
921,0.5117647051811218
922,0.4086592197418213
923,0.013443549163639545
924,0.55582195520401
925,0.4182415306568146
926,0.06622530519962311
927,0.5342485904693604
928,0.4158947467803955
929,0.027500972151756287
930,0.486368328332901
931,0.4961458146572113
932,-0.011972570791840553
933,0.44421279430389404
934,0.5688474774360657
935,-0.03409541770815849
936,0.4443122148513794
937,0.5871298313140869
938,-0.028132319450378418
939,0.4616748094558716
940,0.5713999271392822
941,-0.02810370922088623
942,0.47318801283836365
943,0.5763382315635681
944,-0.01969199627637863
945,0.45680370926856995
946,0.5857915282249451
947,-0.024126529693603516
948,0.4666248857975006
949,0.5856930613517761
950,-0.016144145280122757
951,0.4908779561519623
952,0.6008983850479126
953,-0.0023473615292459726
954,0.4312938451766968
955,0.5141482353210449
956,-0.06354355812072754
957,0.43147554993629456
958,0.497434139251709
959,-0.06721765547990799
960,0.5241667032241821
961,0.37488025426864624
962,0.003922744188457727
963,0.4593619406223297
964,0.45842409133911133
965,-0.011831643059849739
966,0.4637923240661621
967,0.5061566233634949
968,-0.03624969348311424
969,0.46443992853164673
970,0.49753689765930176
971,-0.032586146146059036
972,0.5219205617904663
973,0.4903776943683624
974,0.0006486849742941558
975,0.4301569163799286
976,0.47723203897476196
977,-0.06012704595923424
978,0.49402520060539246
979,0.3623049855232239
980,-0.014323198236525059
981,0.5114923715591431
982,0.3649025857448578
983,-0.006632237229496241
984,0.5317110419273376
985,0.3194597363471985
986,0.04009575396776199
987,0.4422914683818817
988,0.38359200954437256
989,-0.020659836009144783
990,0.4639439582824707
991,0.3997589647769928
992,0.0004206982266623527
993,0.49900108575820923
994,0.5831103920936584
995,-0.0002945795131381601
996,0.5578335523605347
997,0.5749461650848389
998,0.0975569486618042
999,0.45577335357666016
1000,0.5166484117507935
1001,-0.03106052055954933
1002,0.44544345140457153
1003,0.5239282250404358
1004,-0.03155387192964554
1005,0.48681363463401794
1006,0.584606409072876
1007,-0.0002550304925534874
1008,0.4812297821044922
1009,0.5844587683677673
1010,-0.0029310639947652817
1011,0.5172969102859497
1012,0.352873831987381
1013,-0.0010731043294072151
1014,0.4656233787536621
1015,0.513694167137146
1016,-0.029730526730418205
1017,0.4713181257247925
1018,0.3674399256706238
1019,-0.01930667646229267
1020,0.47231635451316833
1021,0.3529336154460907
1022,-0.02183918096125126
1023,0.47991853952407837
1024,0.28557416796684265
1025,-0.001187570858746767
1026,0.5239177942276001
1027,0.3352426588535309
1028,0.016797633841633797
1029,0.47451916337013245
1030,0.31758296489715576
1031,-0.012027009390294552
1032,0.5307580828666687
1033,0.3666972517967224
1034,0.013570413924753666
1035,0.5380215048789978
1036,0.35815688967704773
1037,0.0366562083363533
1038,0.4445571005344391
1039,0.5794410705566406
1040,-0.03251348435878754
1041,0.45887643098831177
1042,0.5801123380661011
1043,-0.02670959383249283
1044,0.469772070646286
1045,0.5812750458717346
1046,-0.0188437532633543
1047,0.45300987362861633
1048,0.5203787088394165
1049,-0.02838778868317604
1050,0.4838949739933014
1051,0.5846811532974243
1052,-0.0017377152107656002
1053,0.4782180190086365
1054,0.5889667868614197
1055,-0.008771480061113834
1056,0.4798470139503479
1057,0.5840529799461365
1058,-0.0033155116252601147
1059,0.44690001010894775
1060,0.5117326974868774
1061,-0.04742442071437836
1062,0.464570015668869
1063,0.5850557088851929
1064,-0.014078883454203606
1065,0.45483332872390747
1066,0.5870895981788635
1067,-0.0192921981215477
1068,0.44358164072036743
1069,0.5895351767539978
1070,-0.023102043196558952
1071,0.45232588052749634
1072,0.6369714140892029
1073,-0.016521109268069267
1074,0.4492183327674866
1075,0.6183744668960571
1076,-0.027133995667099953
1077,0.4473153352737427
1078,0.6077459454536438
1079,-0.028133030980825424
1080,0.4456205666065216
1081,0.5984939932823181
1082,-0.024955587461590767
1083,0.4443627595901489
1084,0.5926842093467712
1085,-0.02271883562207222
1086,0.46611976623535156
1087,0.5878969430923462
1088,-0.013684087432920933
1089,0.46801772713661194
1090,0.5897819399833679
1091,-0.015834243968129158
1092,0.47099941968917847
1093,0.5943207144737244
1094,-0.0176499392837286
1095,0.4738638401031494
1096,0.6002151966094971
1097,-0.01565500535070896
1098,0.48165163397789
1099,0.5562719106674194
1100,-0.01637130416929722
1101,0.5640531182289124
1102,0.49231982231140137
1103,0.11414097249507904
1104,0.472608357667923
1105,0.586635172367096
1106,-0.007465302012860775
1107,0.47504210472106934
1108,0.5871384739875793
1109,-0.008819433860480785
1110,0.44160786271095276
1111,0.5322391986846924
1112,-0.03219963610172272
1113,0.4625203609466553
1114,0.5248496532440186
1115,-0.020731601864099503
1116,0.4434204697608948
1117,0.5282332897186279
1118,-0.03214498981833458
1119,0.472892165184021
1120,0.4663214087486267
1121,-0.008710000663995743
1122,0.49270790815353394
1123,0.4747392237186432
1124,-0.006644060835242271
1125,0.4675920307636261
1126,0.5048224329948425
1127,-0.026051143184304237
1128,0.5107089877128601
1129,0.297789990901947
1130,0.017457207664847374
1131,0.5037261247634888
1132,0.32076263427734375
1133,0.0010115643963217735
1134,0.4971633553504944
1135,0.34777677059173584
1136,-0.012302612885832787
1137,0.48090144991874695
1138,0.6142764091491699
1139,-0.008025523275136948
1140,0.44443032145500183
1141,0.36104875802993774
1142,-0.02567949891090393
1143,0.44538354873657227
1144,0.320506751537323
1145,-0.01845109462738037
1146,0.44759601354599
1147,0.2826140522956848
1148,-0.010674727149307728
1149,0.5070024728775024
1150,0.4250330626964569
1151,0.006846774835139513
1152,0.5346669554710388
1153,0.4380992352962494
1154,0.022355517372488976
1155,0.45727407932281494
1156,0.4250500798225403
1157,0.00439427699893713
1158,0.52064448595047
1159,0.3973844349384308
1160,0.011241256259381771
1161,0.4495873749256134
1162,0.4487967789173126
1163,-0.015715891495347023
1164,0.45425865054130554
1165,0.5008664131164551
1166,-0.0473836325109005
1167,0.5480144023895264
1168,0.44833022356033325
1169,0.03413138911128044
1170,0.5271093845367432
1171,0.44996294379234314
1172,0.012226033955812454
1173,0.5121250748634338
1174,0.4574190676212311
1175,0.0023964245337992907
1176,0.4895702004432678
1177,0.4576646685600281
1178,-0.001533450442366302
1179,0.4726218283176422
1180,0.45306214690208435
1181,-0.002892592689022422
1182,0.4595070481300354
1183,0.44697725772857666
1184,-0.005224864464253187
1185,0.4305228888988495
1186,0.4289315938949585
1187,-0.027065293863415718
1188,0.5490380525588989
1189,0.4825088679790497
1190,0.030836617574095726
1191,0.5299171209335327
1192,0.3936925530433655
1193,0.016092581674456596
1194,0.42868879437446594
1195,0.5235476493835449
1196,-0.05773555859923363
1197,0.4593545198440552
1198,0.4740735590457916
1199,-0.016877612099051476
1200,0.5602831840515137
1201,0.41854506731033325
1202,0.10494808852672577
1203,0.44938960671424866
1204,0.4392235279083252
1205,-0.006325632333755493
1206,0.46938154101371765
1207,0.5060868263244629
1208,-0.013791478238999844
1209,0.5156646966934204
1210,0.4093025028705597
1211,0.01530489046126604
1212,0.45478978753089905
1213,0.4903923273086548
1214,-0.042803362011909485
1215,0.563295304775238
1216,0.5324034094810486
1217,0.10903247445821762
1218,0.45738571882247925
1219,0.41913041472435
1220,0.007437196560204029
1221,0.4422897398471832
1222,0.4820190668106079
1223,-0.05377345532178879
1224,0.5339217782020569
1225,0.616437554359436
1226,0.03729242458939552
1227,0.5354323983192444
1228,0.6367098093032837
1229,0.05787741392850876
1230,0.5613635778427124
1231,0.4874941110610962
1232,0.07201709598302841
1233,0.5470195412635803
1234,0.5917804837226868
1235,0.051056765019893646
1236,0.5469159483909607
1237,0.3857938051223755
1238,0.0547107495367527
1239,0.488055020570755
1240,0.6801303625106812
1241,0.0020429170690476894
1242,0.42863696813583374
1243,0.5275187492370605
1244,-0.04190214350819588
1245,0.47137707471847534
1246,0.48486191034317017
1247,-0.013235076330602169
1248,0.5442822575569153
1249,0.4182237982749939
1250,0.03854158893227577
1251,0.4957157373428345
1252,0.4192572236061096
1253,0.0038257057312875986
1254,0.4853375554084778
1255,0.421810507774353
1256,0.0016293470980599523
1257,0.48151999711990356
1258,0.5919458866119385
1259,-0.0069158198311924934
1260,0.5499265789985657
1261,0.5162755250930786
1262,0.03483716398477554
1263,0.4676220715045929
1264,0.7069368362426758
1265,0.006107107736170292
1266,0.5037899613380432
1267,0.6794949769973755
1268,0.027960224077105522
1269,0.5187299251556396
1270,0.6618061661720276
1271,0.041175391525030136
1272,0.4753813147544861
1273,0.4221016466617584
1274,0.0018785711145028472
1275,0.46606558561325073
1276,0.42076000571250916
1277,0.004141971934586763
1278,0.4603283405303955
1279,0.42016005516052246
1280,0.006974197458475828
1281,0.5379622578620911
1282,0.3895638585090637
1283,0.027300555258989334
1284,0.4666568338871002
1285,0.4080588221549988
1286,0.002207787474617362
1287,0.47641101479530334
1288,0.40316733717918396
1289,-0.0006625888636335731
1290,0.4863538146018982
1291,0.40090039372444153
1292,-0.0008469461463391781
1293,0.49690547585487366
1294,0.4016229212284088
1295,0.001254047267138958
1296,0.5039517879486084
1297,0.4044231176376343
1298,0.0048125735484063625
1299,0.5544134378433228
1300,0.3793843388557434
1301,0.08614858984947205
1302,0.5027554035186768
1303,0.41612714529037476
1304,0.007015319541096687
1305,0.46965762972831726
1306,0.5479591488838196
1307,-0.022364577278494835
1308,0.455308198928833
1309,0.5138058662414551
1310,-0.035318583250045776
1311,0.44416651129722595
1312,0.5460391640663147
1313,-0.03190387040376663
1314,0.5193594694137573
1315,0.6410641670227051
1316,0.026508754119277
1317,0.5045716762542725
1318,0.6609432697296143
1319,0.014958951622247696
1320,0.46660733222961426
1321,0.6943739652633667
1322,-0.008539759553968906
1323,0.5478647947311401
1324,0.6098495125770569
1325,0.07859113812446594
1326,0.46005967259407043
1327,0.41458380222320557
1328,0.005208715796470642
1329,0.4401073157787323
1330,0.4532800316810608
1331,-0.03128695860505104
1332,0.48714175820350647
1333,0.6950855255126953
1334,0.01428078580647707
1335,0.5605406165122986
1336,0.5246210098266602
1337,0.07059792429208755
1338,0.45597973465919495
1339,0.5898959636688232
1340,-0.018990037962794304
1341,0.45805102586746216
1342,0.5939626693725586
1343,-0.021278196945786476
1344,0.46044686436653137
1345,0.6009575128555298
1346,-0.023540308699011803
1347,0.46279415488243103
1348,0.6104902625083923
1349,-0.022127123549580574
1350,0.4684065282344818
1351,0.6268284320831299
1352,-0.013869252987205982
1353,0.4755651652812958
1354,0.5849120020866394
1355,-0.0092465253546834
1356,0.4789082109928131
1357,0.5829904079437256
1358,-0.009663749486207962
1359,0.4822204113006592
1360,0.5799316167831421
1361,-0.009904321283102036
1362,0.49240994453430176
1363,0.5680544376373291
1364,-0.008450867608189583
1365,0.5345637798309326
1366,0.5258294939994812
1367,0.012259182520210743
1368,0.4397847354412079
1369,0.43785014748573303
1370,-0.020528730005025864
1371,0.4460735619068146
1372,0.4093628227710724
1373,-0.00011021837417501956
1374,0.4542713165283203
1375,0.4112089276313782
1376,0.00356826139613986
1377,0.4728035032749176
1378,0.5834084153175354
1379,-0.007928380742669106
1380,0.5397365689277649
1381,0.5669571161270142
1382,0.029514199122786522
1383,0.4342653155326843
1384,0.4090248942375183
1385,-0.014871535822749138
1386,0.47663378715515137
1387,0.643964409828186
1388,-0.008285865187644958
1389,0.43011388182640076
1390,0.44553178548812866
1391,-0.03875398635864258
1392,0.4508884847164154
1393,0.47746336460113525
1394,-0.031791359186172485
1395,0.4577327370643616
1396,0.6558823585510254
1397,-0.014935706742107868
1398,0.5023574233055115
1399,0.6078405380249023
1400,0.003586475271731615
1401,0.4801122546195984
1402,0.5185150504112244
1403,-0.011951611377298832
1404,0.49107620120048523
1405,0.62825608253479
1406,-0.0018230207497254014
1407,0.5067625045776367
1408,0.5133597254753113
1409,-0.00868158508092165
1410,0.4922023117542267
1411,0.5339323282241821
1412,-0.010448825545608997
1413,0.5195956826210022
1414,0.5394300222396851
1415,0.00015556157450191677
1416,0.4633004367351532
1417,0.6766786575317383
1418,-0.01460516918450594
1419,0.46005335450172424
1420,0.4860239326953888
1421,-0.023848341777920723
1422,0.5137237310409546
1423,0.6210103631019592
1424,0.013639847747981548
1425,0.49927571415901184
1426,0.6429340839385986
1427,0.006238485220819712
1428,0.5105835795402527
1429,0.584818422794342
1430,0.004076940007507801
1431,0.5492340326309204
1432,0.545560359954834
1433,0.039310138672590256
1434,0.5258239507675171
1435,0.5869128108024597
1436,0.01489891018718481
1437,0.556903064250946
1438,0.5592378377914429
1439,0.06572283804416656
1440,0.5037389397621155
1441,0.5544595122337341
1442,-0.005732945166528225
1443,0.44951534271240234
1444,0.46344634890556335
1445,-0.023527665063738823
1446,0.45053115487098694
1447,0.5084632635116577
1448,-0.04991716518998146
1449,0.4603908956050873
1450,0.5119339823722839
1451,-0.037332259118556976
1452,0.4431845247745514
1453,0.49828392267227173
1454,-0.05817335844039917
1455,0.45455437898635864
1456,0.39561447501182556
1457,-0.004523199982941151
1458,0.4729223847389221
1459,0.3845985531806946
1460,-0.008092740550637245
1461,0.4893978536128998
1462,0.38022521138191223
1463,-0.008741377852857113
1464,0.5037248134613037
1465,0.38028421998023987
1466,-0.005111179314553738
1467,0.5145033597946167
1468,0.3855935037136078
1469,0.0016850027022883296
1470,0.5237026810646057
1471,0.41258329153060913
1472,0.019571177661418915
1473,0.5602177381515503
1474,0.4523012936115265
1475,0.06947985291481018
1476,0.515785276889801
1477,0.4355166554450989
1478,0.010936673730611801
1479,0.5035369396209717
1480,0.44145843386650085
1481,0.004679956939071417
1482,0.4879964292049408
1483,0.4433610141277313
1484,0.0008496924419887364
1485,0.4729085862636566
1486,0.4413774013519287
1487,-3.3355288906022906e-05
1488,0.4609890878200531
1489,0.4374309182167053
1490,0.0003646946861408651
1491,0.45255202054977417
1492,0.4329773783683777
1493,0.00023626821348443627
1494,0.5624489784240723
1495,0.4552873969078064
1496,0.1133294403553009
1497,0.460932195186615
1498,0.5166047811508179
1499,-0.031362276524305344
1500,0.4401593506336212
1501,0.4673077464103699
1502,-0.04086455702781677
1503,0.4405600130558014
1504,0.510492742061615
1505,-0.05843300744891167
1506,0.4350625276565552
1507,0.519956111907959
1508,-0.053191520273685455
1509,0.44146832823753357
1510,0.5132170915603638
1511,-0.052712783217430115
1512,0.45814841985702515
1513,0.5225481390953064
1514,-0.02709292061626911
1515,0.4326033592224121
1516,0.5218149423599243
1517,-0.05617859214544296
1518,0.43263617157936096
1519,0.5257815718650818
1520,-0.04214515909552574
1521,0.45289868116378784
1522,0.42071107029914856
1523,0.00591089203953743
1524,0.44555795192718506
1525,0.4250454306602478
1526,-0.0006736339419148862
1527,0.4412306547164917
1528,0.4275910258293152
1529,-0.008994393050670624
1530,0.5082736015319824
1531,0.40677109360694885
1532,0.008587643504142761
1533,0.5140709280967712
1534,0.4000912010669708
1535,0.008474958129227161
1536,0.7833697199821472
1537,0.7946575880050659
1538,4.887851545731792e-08
1539,0.7199087738990784
1540,0.74555903673172
1541,0.009066042490303516
1542,0.6868353486061096
1543,0.6587397456169128
1544,0.015672050416469574
1545,0.6657080054283142
1546,0.5996788740158081
1547,0.015813590958714485
1548,0.6427034735679626
1549,0.5547298192977905
1550,0.015541262924671173
1551,0.7179474234580994
1552,0.5244661569595337
1553,0.031554434448480606
1554,0.6923490166664124
1555,0.43693527579307556
1556,0.02301725000143051
1557,0.6669811010360718
1558,0.38318443298339844
1559,0.011103958822786808
1560,0.643974781036377
1561,0.3388786315917969
1562,0.0018018262926489115
1563,0.7396963834762573
1564,0.5123331546783447
1565,0.013258775696158409
1566,0.7239353060722351
1567,0.39947962760925293
1568,0.006224919110536575
1569,0.7011514902114868
1570,0.33052337169647217
1571,-0.0040235863998532295
1572,0.6796224117279053
1573,0.275798499584198
1574,-0.01233122032135725
1575,0.760768711566925
1576,0.5176354050636292
1577,-0.008304758928716183
1578,0.7540767788887024
1579,0.40562522411346436
1580,-0.015834782272577286
1581,0.735019862651825
1582,0.33870258927345276
1583,-0.023992318660020828
1584,0.7154375314712524
1585,0.2882803678512573
1586,-0.030759237706661224
1587,0.778556764125824
1588,0.538722813129425
1589,-0.030999774113297462
1590,0.7787522673606873
1591,0.45025867223739624
1592,-0.03716031461954117
1593,0.7677810788154602
1594,0.39060521125793457
1595,-0.03995610401034355
1596,0.7532634139060974
1597,0.3445119261741638
1598,-0.042924195528030396
1599,0.02949889376759529
1600,0.8087755441665649
1601,4.580311099289247e-07
1602,0.09672608226537704
1603,0.7681081891059875
1604,-0.019132521003484726
1605,0.14652147889137268
1606,0.6830937266349792
1607,-0.025881417095661163
1608,0.17901527881622314
1609,0.6076798439025879
1610,-0.032294731587171555
1611,0.20674505829811096
1612,0.5523123145103455
1613,-0.03883449360728264
1614,0.09241268038749695
1615,0.5560409426689148
1616,-0.01265203021466732
1617,0.12271401286125183
1618,0.4537304639816284
1619,-0.029439596459269524
1620,0.13857099413871765
1621,0.39288973808288574
1622,-0.042893290519714355
1623,0.15135419368743896
1624,0.3434448838233948
1625,-0.052164167165756226
1626,0.05442531034350395
1627,0.5391438007354736
1628,-0.016564879566431046
1629,0.07229070365428925
1630,0.42073753476142883
1631,-0.03048846684396267
1632,0.08705990761518478
1633,0.34918105602264404
1634,-0.042237211018800735
1635,0.09769745916128159
1636,0.29417479038238525
1637,-0.04989461600780487
1638,0.018435947597026825
1639,0.5458430647850037
1640,-0.024096865206956863
1641,0.012479633092880249
1642,0.43281424045562744
1643,-0.039110999554395676
1644,0.016590666025877
1645,0.35974815487861633
1646,-0.051768697798252106
1647,0.021911736577749252
1648,0.2999657094478607
1649,-0.06019536405801773
1650,-0.014462284743785858
1651,0.572670042514801
1652,-0.0336020328104496
1653,-0.034248873591423035
1654,0.4896032214164734
1655,-0.04807605594396591
1656,-0.04164968430995941
1657,0.43588680028915405
1658,-0.055150121450424194
1659,-0.044041670858860016
1660,0.3898506760597229
1661,-0.05920401215553284
