,0
0,0.42163848876953125
1,0.33842986822128296
2,-0.7001532316207886
3,0.9999843239784241
4,0.44839224219322205
5,0.28422194719314575
6,-0.6503608226776123
7,0.999965250492096
8,0.46649521589279175
9,0.28600090742111206
10,-0.6500667929649353
11,0.9999676942825317
12,0.481436550617218
13,0.2884466350078583
14,-0.6504193544387817
15,0.9999679923057556
16,0.39555731415748596
17,0.2869047224521637
18,-0.654040515422821
19,0.9999663233757019
20,0.37852388620376587
21,0.29008737206459045
22,-0.6533647775650024
23,0.9999666213989258
24,0.36324506998062134
25,0.2931769788265228
26,-0.6536308526992798
27,0.9999656677246094
28,0.4985526204109192
29,0.32457271218299866
30,-0.33650222420692444
31,0.9999639391899109
32,0.34836724400520325
33,0.32715553045272827
34,-0.31863221526145935
35,0.9999653100967407
36,0.45980972051620483
37,0.4087458848953247
38,-0.5836776494979858
39,0.9999790787696838
40,0.38887712359428406
41,0.4065718352794647
42,-0.5809370875358582
43,0.999976396560669
44,0.6418362855911255
45,0.697106659412384
46,-0.1680215746164322
47,0.9997549653053284
48,0.20288145542144775
49,0.6920073628425598
50,-0.25897347927093506
51,0.9998106956481934
52,0.7024041414260864
53,1.0179451704025269
54,-0.11258790642023087
55,0.4677993059158325
56,0.10541997849941254
57,0.9722162485122681
58,-0.15638095140457153
59,0.6371157765388489
60,0.7266680002212524
61,1.434274673461914
62,-0.32991084456443787
63,0.19010166823863983
64,0.12222959101200104
65,1.385479211807251
66,-0.40533193945884705
67,0.47417324781417847
68,0.7489984035491943
69,1.5445129871368408
70,-0.40250205993652344
71,0.25636783242225647
72,0.09463604539632797
73,1.4888246059417725
74,-0.49258527159690857
75,0.4742710590362549
76,0.7047479152679443
77,1.5440127849578857
78,-0.45326846837997437
79,0.33211663365364075
80,0.14446322619915009
81,1.4991849660873413
82,-0.5665212869644165
83,0.49018314480781555
84,0.6919382214546204
85,1.4978867769241333
86,-0.36553841829299927
87,0.3359014689922333
88,0.15640771389007568
89,1.4571397304534912
90,-0.4489225447177887
91,0.4903448820114136
92,0.5590059161186218
93,1.4778469800949097
94,-0.03619901090860367
95,0.0014862061943858862
96,0.2712583839893341
97,1.4744471311569214
98,0.0410190187394619
99,0.0017672268440946937
100,0.5374718904495239
101,2.111682653427124
102,-0.041059460490942
103,0.00029447933775372803
104,0.2725905478000641
105,2.1079254150390625
106,0.021244976669549942
107,0.00017500594549346715
108,0.5194147825241089
109,2.688394069671631
110,0.5181416869163513
111,4.5539676648331806e-05
112,0.25812479853630066
113,2.690025568008423
114,0.3413808047771454
115,9.01254406926455e-06
116,0.5215317606925964
117,2.777536630630493
118,0.5466877222061157
119,3.5326142096892e-05
120,0.2512073218822479
121,2.784821033477783
122,0.3563201427459717
123,1.6749576388974674e-05
124,0.478034108877182
125,2.8649680614471436
126,0.046955566853284836
127,5.945678276475519e-05
128,0.2888120114803314
129,2.8555712699890137
130,-0.2234484851360321
131,3.0188657547114417e-05
132,0.4125341773033142
133,0.413297563791275
134,-0.021589532494544983
135,0.4072095453739166
136,0.373575896024704
137,-0.04433773085474968
138,0.40990692377090454
139,0.3852000832557678
140,-0.022853726521134377
141,0.3996407687664032
142,0.33640286326408386
143,-0.03410204127430916
144,0.40641817450523376
145,0.3617234230041504
146,-0.047479886561632156
147,0.4061335027217865
148,0.34641554951667786
149,-0.04472620040178299
150,0.40626999735832214
151,0.31017380952835083
152,-0.02467724122107029
153,0.353344589471817
154,0.3115955591201782
155,0.012974402867257595
156,0.4057634174823761
157,0.2857441008090973
158,-0.020755579695105553
159,0.4051072597503662
160,0.27109143137931824
161,-0.023162398487329483
162,0.40343183279037476
163,0.2115904837846756
164,-0.016436783596873283
165,0.4130958914756775
166,0.41926899552345276
167,-0.02037959359586239
168,0.41366133093833923
169,0.4236430823802948
170,-0.017632095143198967
171,0.41411682963371277
172,0.4251803755760193
173,-0.013894218020141125
174,0.41491276025772095
175,0.43835461139678955
176,-0.010157926008105278
177,0.415103942155838
178,0.4439711570739746
179,-0.0112972566857934
180,0.41541925072669983
181,0.45077311992645264
182,-0.012547695077955723
183,0.41588470339775085
184,0.45793384313583374
185,-0.01056626345962286
186,0.4166635274887085
187,0.4677274525165558
188,-0.0019145009573549032
189,0.408107727766037
190,0.37952059507369995
191,-0.03999603912234306
192,0.40132397413253784
193,0.37913715839385986
194,-0.028132621198892593
195,0.3283945322036743
196,0.27320316433906555
197,0.05109020695090294
198,0.37599754333496094
199,0.31955409049987793
200,0.003516213735565543
201,0.36839884519577026
202,0.32114893198013306
203,0.0045786453410983086
204,0.3609667420387268
205,0.32143130898475647
206,0.007234764285385609
207,0.3508971035480499
208,0.3160993456840515
209,0.014548753388226032
210,0.3821564316749573
211,0.3161458671092987
212,0.0033558900468051434
213,0.3637682795524597
214,0.2939477562904358
215,0.00013280633720569313
216,0.37217438220977783
217,0.29390376806259155
218,-0.0006604784284718335
219,0.3562150299549103
220,0.29609590768814087
221,0.0033152224496006966
222,0.3514871597290039
223,0.300025999546051
224,0.007092231418937445
225,0.3454992473125458
226,0.32461416721343994
227,0.01917148195207119
228,0.3879142999649048
229,0.4824461042881012
230,0.01135418750345707
231,0.3504948914051056
232,0.30924731492996216
233,0.015642153099179268
234,0.326748788356781
235,0.32214564085006714
236,0.05706541985273361
237,0.33742228150367737
238,0.3186018466949463
239,0.027533896267414093
240,0.3706214725971222
241,0.36757636070251465
242,-0.002145476406440139
243,0.4019075334072113
244,0.4122394323348999
245,-0.019599884748458862
246,0.4046885073184967
247,0.42422425746917725
248,-0.015411575324833393
249,0.39210033416748047
250,0.4164927005767822
251,-0.01342907827347517
252,0.386658638715744
253,0.42172008752822876
254,-0.005525123327970505
255,0.3975788354873657
256,0.4254222512245178
257,-0.010805449448525906
258,0.3924996554851532
259,0.42711931467056274
260,-0.0036928209010511637
261,0.3791957199573517
262,0.44279083609580994
263,0.010839341208338737
264,0.40062233805656433
265,0.37376731634140015
266,-0.04322759807109833
267,0.3988001346588135
268,0.3625766932964325
269,-0.04604577645659447
270,0.3395217955112457
271,0.2908534109592438
272,0.008969889022409916
273,0.3850524425506592
274,0.3373621702194214
275,-0.006069209426641464
276,0.38306552171707153
277,0.3717840313911438
278,-0.021464001387357712
279,0.38246527314186096
280,0.3658251166343689
281,-0.01899639517068863
282,0.34880784153938293
283,0.36847689747810364
284,0.010018525645136833
285,0.3990411162376404
286,0.3482796251773834
287,-0.041506603360176086
288,0.356130450963974
289,0.27852892875671387
290,-0.007535540033131838
291,0.34586358070373535
292,0.2827174961566925
293,-0.00020264970953576267
294,0.3332676887512207
295,0.2524939775466919
296,0.03337471932172775
297,0.3899539113044739
298,0.28529268503189087
299,-0.016850532963871956
300,0.37963610887527466
301,0.296439528465271
302,0.0013771459925919771
303,0.3728286027908325
304,0.43034231662750244
305,0.012187044136226177
306,0.3419616222381592
307,0.4281114339828491
308,0.0834953561425209
309,0.3894950747489929
310,0.37751421332359314
311,-0.01836460828781128
312,0.3964618742465973
313,0.38091471791267395
314,-0.020028360188007355
315,0.380697101354599
316,0.4312291741371155
317,0.011062600649893284
318,0.38489052653312683
319,0.4305991530418396
320,0.008458728902041912
321,0.34163424372673035
322,0.27560099959373474
323,0.003842196660116315
324,0.38351255655288696
325,0.3767813444137573
326,-0.01668996922671795
327,0.370613694190979
328,0.2787624001502991
329,-0.013324164785444736
330,0.36858558654785156
331,0.2694668769836426
332,-0.015444169752299786
333,0.359768271446228
334,0.22241827845573425
335,-0.0018208322580903769
336,0.3375793993473053
337,0.263378381729126
338,0.016576994210481644
339,0.36476001143455505
340,0.24443219602108002
341,-0.009142648428678513
342,0.3354506194591522
343,0.2863110899925232
344,0.016151292249560356
345,0.33187222480773926
346,0.2801503837108612
347,0.03270582854747772
348,0.40318772196769714
349,0.41930100321769714
350,-0.01836264319717884
351,0.395089328289032
352,0.4219137132167816
353,-0.012398932129144669
354,0.3895290791988373
355,0.4246082901954651
356,-0.005228974390774965
357,0.3917534351348877
358,0.3795216381549835
359,-0.017160043120384216
360,0.382744163274765
361,0.43113085627555847
362,0.00957330223172903
363,0.3861162066459656
364,0.43584752082824707
365,0.004898120183497667
366,0.3861663341522217
367,0.4297686815261841
368,0.008096924051642418
369,0.3928501307964325
370,0.3735668361186981
371,-0.030386826023459435
372,0.3944544792175293
373,0.4262392520904541
374,-0.002562788547948003
375,0.3996337652206421
376,0.42570412158966064
377,-0.007687347009778023
378,0.40618807077407837
379,0.4255077540874481
380,-0.011862018145620823
381,0.40506696701049805
382,0.4674895405769348
383,-0.0005085174343548715
384,0.404752641916275
385,0.4571681618690491
386,-0.008905387483537197
387,0.404980331659317
388,0.44990503787994385
389,-0.010482906363904476
390,0.40550845861434937
391,0.4429108500480652
392,-0.00911126658320427
393,0.406320720911026
394,0.43821972608566284
395,-0.008016116917133331
396,0.39380747079849243
397,0.4353305399417877
398,0.0003019821015186608
399,0.3922961950302124
400,0.43720942735671997
401,-0.0007840706966817379
402,0.3902154564857483
403,0.4407029449939728
404,-0.0013876915909349918
405,0.38859617710113525
406,0.4446892738342285
407,0.0005386509001255035
408,0.3791046738624573
409,0.4088338315486908
410,-0.0032766766380518675
411,0.3319317400455475
412,0.37224823236465454
413,0.09327586740255356
414,0.4089135229587555
415,0.38172850012779236
416,-0.02890738844871521
417,0.3903900384902954
418,0.43360790610313416
419,0.005173902492970228
420,0.38827943801879883
421,0.43438953161239624
422,0.004556715022772551
423,0.3995121419429779
424,0.3860480487346649
425,-0.019916407763957977
426,0.38704714179039
427,0.3836507201194763
428,-0.0106973797082901
429,0.39804109930992126
430,0.3835747539997101
431,-0.020313531160354614
432,0.3774125277996063
433,0.34457287192344666
434,-0.00211907341144979
435,0.365398645401001
436,0.35337212681770325
437,0.0013823308981955051
438,0.3818169832229614
439,0.3710125982761383
440,-0.014012009836733341
441,0.34298062324523926
442,0.2352478802204132
443,0.014786923304200172
444,0.3479040861129761
445,0.25101402401924133
446,0.0030589487869292498
447,0.35306933522224426
448,0.2694600820541382
449,-0.006174011621624231
450,0.38577234745025635
451,0.45216917991638184
452,0.006947240326553583
453,0.38652002811431885
454,0.2707679569721222
455,-0.020768078044056892
456,0.3828885853290558
457,0.24155917763710022
458,-0.016816478222608566
459,0.3792736828327179
460,0.2151961773633957
461,-0.012252438813447952
462,0.35459789633750916
463,0.3199370503425598
464,0.01112204696983099
465,0.3381192088127136
466,0.33369579911231995
467,0.02474798820912838
468,0.3859519362449646
469,0.31277936697006226
470,0.00399427954107523
471,0.34386056661605835
472,0.3041315972805023
473,0.014690978452563286
474,0.3900836408138275
475,0.3296363353729248
476,-0.009876669384539127
477,0.3871999680995941
478,0.3672482371330261
479,-0.03012421540915966
480,0.3313312232494354
481,0.34238919615745544
482,0.03489779308438301
483,0.34304049611091614
484,0.3408341109752655
485,0.017514826729893684
486,0.3525291979312897
487,0.3440365195274353
488,0.009550007991492748
489,0.3668425679206848
490,0.3407970070838928
491,0.004448357503861189
492,0.3773271441459656
493,0.3350784182548523
494,0.0015899527352303267
495,0.38501372933387756
496,0.3290114104747772
497,-0.0017315226141363382
498,0.39905625581741333
499,0.31386005878448486
500,-0.020617742091417313
501,0.3329339623451233
502,0.3659747242927551
503,0.03378349915146828
504,0.3381115198135376
505,0.30360233783721924
506,0.018775276839733124
507,0.40409597754478455
508,0.3794354796409607
509,-0.0391562357544899
510,0.38542091846466064
511,0.34842008352279663
512,-0.009071473963558674
513,0.32741665840148926
514,0.3217586278915405
515,0.08450333774089813
516,0.3904927670955658
517,0.3224770724773407
518,-0.0039025789592415094
519,0.3816872835159302
520,0.37179479002952576
521,-0.005408525466918945
522,0.34820497035980225
523,0.3103867471218109
524,0.017383664846420288
525,0.38677796721458435
526,0.35997042059898376
527,-0.02716943249106407
528,0.33533695340156555
529,0.3994515538215637
530,0.09053695946931839
531,0.38571861386299133
532,0.3085925579071045
533,0.006025117821991444
534,0.39266061782836914
535,0.3530215919017792
536,-0.03587634116411209
537,0.35617804527282715
538,0.4548990726470947
539,0.04192199930548668
540,0.3587988018989563
541,0.4677972197532654
542,0.056167855858802795
543,0.32843801379203796
544,0.37010353803634644
545,0.06362174451351166
546,0.3466368615627289
547,0.43967074155807495
548,0.051292601972818375
549,0.3291874825954437
550,0.29935547709465027
551,0.04712953418493271
552,0.3872731626033783
553,0.49426060914993286
554,0.016413887962698936
555,0.4057074189186096
556,0.38155779242515564
557,-0.028204357251524925
558,0.3791542649269104
559,0.357431024312973
560,-0.005079010035842657
561,0.3319031596183777
562,0.3214184641838074
563,0.036376215517520905
564,0.3610966205596924
565,0.3142852783203125
566,0.007799438200891018
567,0.36787930130958557
568,0.3146072328090668
569,0.005354126915335655
570,0.38405829668045044
571,0.43776267766952515
572,0.0065139224752783775
573,0.3357025384902954
574,0.3891144394874573
575,0.037637416273355484
576,0.4023711085319519
577,0.5104638934135437
578,0.01786991022527218
579,0.3793281614780426
580,0.49384605884552
581,0.034945420920848846
582,0.36982396245002747
583,0.482913613319397
584,0.04441496357321739
585,0.4041472375392914
586,0.23981963098049164
587,-0.020266856998205185
588,0.41925451159477234
589,0.5122852921485901
590,0.01423009391874075
591,0.37439078092575073
592,0.313370943069458
593,0.004363085143268108
594,0.3803212642669678
595,0.3111400902271271
596,0.004896489903330803
597,0.38402479887008667
598,0.30973875522613525
599,0.006120914593338966
600,0.33346107602119446
601,0.3019295334815979
602,0.02732282504439354
603,0.3789234161376953
604,0.30235278606414795
605,0.003478399245068431
606,0.37222304940223694
607,0.30038657784461975
608,0.0022859759628772736
609,0.3654165267944336
610,0.30031657218933105
611,0.003259846242144704
612,0.35870087146759033
613,0.30246496200561523
614,0.0057711354456841946
615,0.3546176254749298
616,0.3054378628730774
617,0.008883320726454258
618,0.3266177773475647
619,0.2948271632194519
620,0.06955727189779282
621,0.35652023553848267
622,0.31306564807891846
623,0.010572683066129684
624,0.4109072685241699
625,0.3943358361721039
626,-0.020334985107183456
627,0.38486307859420776
628,0.4010935425758362
629,-0.009380369447171688
630,0.38899657130241394
631,0.3757624924182892
632,-0.021869443356990814
633,0.3996083438396454
634,0.39630788564682007
635,-0.018552163615822792
636,0.406289279460907
637,0.29748857021331787
638,-0.019404174759984016
639,0.36659762263298035
640,0.46998175978660583
641,0.03433064743876457
642,0.37658455967903137
643,0.4819799065589905
644,0.02598855085670948
645,0.4010915160179138
646,0.5027245283126831
647,0.00778631865978241
648,0.35012930631637573
649,0.451066255569458
650,0.07052350044250488
651,0.3835388720035553
652,0.3059353530406952
653,0.004946539178490639
654,0.39435335993766785
655,0.332197904586792
656,-0.021637024357914925
657,0.41838371753692627
658,0.5044282674789429
659,0.004614482168108225
660,0.38969603180885315
661,0.5036676526069641
662,0.024974366649985313
663,0.33216392993927
664,0.3953497111797333
665,0.06354330480098724
666,0.399311900138855
667,0.43698209524154663
668,-0.004129926208406687
669,0.3979206681251526
670,0.4404543936252594
671,-0.0052360910922288895
672,0.3964765965938568
673,0.44583815336227417
674,-0.0059169563464820385
675,0.3955014944076538
676,0.45229029655456543
677,-0.004172076471149921
678,0.3939524292945862
679,0.46114516258239746
680,0.0025575205218046904
681,0.38796094059944153
682,0.4284503161907196
683,0.0027218153700232506
684,0.38512513041496277
685,0.42759785056114197
686,0.002964284736663103
687,0.3825700283050537
688,0.42594122886657715
689,0.002940434729680419
690,0.3746556341648102
691,0.41864603757858276
692,0.0045709810219705105
693,0.3450632691383362
694,0.3942107856273651
695,0.020698484033346176
696,0.39470791816711426
697,0.3210216760635376
698,-0.01465298980474472
699,0.3910265564918518
700,0.3011167049407959
701,-0.0011033340124413371
702,0.3865891695022583
703,0.3028322160243988
704,0.00269528292119503
705,0.39014139771461487
706,0.426737904548645
707,0.0034286510199308395
708,0.34726542234420776
709,0.422607958316803
710,0.03490980714559555
711,0.3968210220336914
712,0.30029693245887756
713,-0.012561546638607979
714,0.3908151090145111
715,0.47092196345329285
716,0.007516416721045971
717,0.40619319677352905
718,0.3339913487434387
719,-0.037605997174978256
720,0.3992069661617279
721,0.32570624351501465
722,-0.028201967477798462
723,0.4062512516975403
724,0.32247287034988403
725,-0.030842306092381477
726,0.3893195390701294
727,0.35024935007095337
728,-0.02037656307220459
729,0.41765207052230835
730,0.49268436431884766
731,-0.0002598087885417044
732,0.41709235310554504
733,0.4789661467075348
734,-0.0008815920446068048
735,0.4033316373825073
736,0.4782429337501526
737,0.001884899684228003
738,0.37280502915382385
739,0.4471507668495178
740,0.016140490770339966
741,0.3765597641468048
742,0.3819611072540283
743,-0.0022069618571549654
744,0.381091445684433
745,0.4605148434638977
746,0.012477166950702667
747,0.3598271906375885
748,0.38263294100761414
749,0.0030766006093472242
750,0.3708987236022949
751,0.39460819959640503
752,0.0011589010246098042
753,0.3554435968399048
754,0.40190786123275757
755,0.011741354130208492
756,0.4014357626438141
757,0.491354763507843
758,0.0032137653324753046
759,0.38524383306503296
760,0.3569803833961487
761,-0.013698488473892212
762,0.36740049719810486
763,0.45666205883026123
764,0.02441824972629547
765,0.37769120931625366
766,0.4701135456562042
767,0.0190800279378891
768,0.3658791482448578
769,0.4321259558200836
770,0.01637270674109459
771,0.3395279049873352
772,0.40883609652519226
773,0.04156319797039032
774,0.3570494055747986
775,0.4348849356174469
776,0.024801012128591537
777,0.3378487229347229
778,0.41861939430236816
779,0.06117432564496994
780,0.3666342794895172
781,0.41025832295417786
782,0.0068884980864822865
783,0.39003103971481323
784,0.3401601016521454
785,-0.014868112280964851
786,0.3900448977947235
787,0.3719778060913086
788,-0.03202422708272934
789,0.3856479525566101
790,0.3751753866672516
791,-0.02259395271539688
792,0.39254939556121826
793,0.3643622100353241
794,-0.03851728141307831
795,0.3846757113933563
796,0.2932750880718231
797,-0.0034240579698234797
798,0.3718746304512024
799,0.2886839509010315
800,-0.0044312989339232445
801,0.3607443571090698
802,0.28832191228866577
803,-0.0031301812268793583
804,0.35179251432418823
805,0.29071566462516785
806,0.001173598226159811
807,0.34611254930496216
808,0.29573819041252136
809,0.006974194198846817
810,0.3436378240585327
811,0.31443673372268677
812,0.021032581105828285
813,0.3265366554260254
814,0.3459344506263733
815,0.06103196740150452
816,0.3495640158653259
817,0.3288309872150421
818,0.015077715739607811
819,0.35736215114593506
820,0.33137211203575134
821,0.00962138082832098
822,0.36745887994766235
823,0.33030182123184204
824,0.005528610199689865
825,0.37695175409317017
826,0.32674485445022583
827,0.003407434094697237
828,0.38417309522628784
829,0.3222421407699585
830,0.0018403574358671904
831,0.3889780044555664
832,0.31804630160331726
833,0.0007912828004918993
834,0.329831600189209
835,0.3468934893608093
836,0.09174099564552307
837,0.386414110660553
838,0.378184974193573
839,-0.018409211188554764
840,0.3940609395503998
841,0.34230872988700867
842,-0.027561336755752563
843,0.39525508880615234
844,0.3723069131374359
845,-0.03885965049266815
846,0.4004356265068054
847,0.377634197473526
848,-0.03572283685207367
849,0.395786315202713
850,0.37400999665260315
851,-0.03476490080356598
852,0.38908690214157104
853,0.3815372884273529
854,-0.015667803585529327
855,0.4017201066017151
856,0.3787119686603546
857,-0.037950705736875534
858,0.4031298756599426
859,0.38087716698646545
860,-0.028130292892456055
861,0.3883398175239563
862,0.3092048168182373
863,0.004351769108325243
864,0.39253199100494385
865,0.3116793632507324
866,-0.001112339785322547
867,0.39448341727256775
868,0.31345412135124207
869,-0.007245110813528299
870,0.35225987434387207
871,0.30756306648254395
872,0.011856325902044773
873,0.34806641936302185
874,0.3043654263019562
875,0.012325596064329147
876,0.41338762640953064
877,0.33521127700805664
878,-0.035380419343709946
879,0.466372549533844
880,0.3027980327606201
881,0.003394938539713621
882,0.41668927669525146
883,0.3778217136859894
884,-0.0291514303535223
885,0.4963019788265228
886,0.25778141617774963
887,0.03636544570326805
888,0.443122923374176
889,0.31422892212867737
890,-0.0027633586432784796
891,0.45124948024749756
892,0.3145374655723572
893,-0.0028900569304823875
894,0.4591779112815857
895,0.31343895196914673
896,-0.0014305284712463617
897,0.46991977095603943
898,0.3066352307796478
899,0.00440807081758976
900,0.43619561195373535
901,0.3119075894355774
902,-0.0015552262775599957
903,0.45289933681488037
904,0.28687146306037903
905,-0.007701989263296127
906,0.44426655769348145
907,0.28806769847869873
908,-0.006855885032564402
909,0.46106088161468506
910,0.2877903878688812
911,-0.005638292524963617
912,0.4667488932609558
913,0.29090362787246704
914,-0.0026069534942507744
915,0.47687357664108276
916,0.3135751485824585
917,0.008191205561161041
918,0.4485739767551422
919,0.47851240634918213
920,0.006609673146158457
921,0.4693993330001831
922,0.30006954073905945
923,0.005590972024947405
924,0.5022485256195068
925,0.3069715201854706
926,0.042131002992391586
927,0.4860070049762726
928,0.305932879447937
929,0.015252692624926567
930,0.4517875909805298
931,0.3602856993675232
932,-0.008684373460710049
933,0.4235037565231323
934,0.4100720286369324
935,-0.02137121371924877
936,0.4233843982219696
937,0.4223160743713379
938,-0.017145052552223206
939,0.4354667365550995
940,0.4120956361293793
941,-0.016973834484815598
942,0.44336315989494324
943,0.4157721996307373
944,-0.010452155955135822
945,0.4318625330924988
946,0.4218768775463104
947,-0.014182107523083687
948,0.438522607088089
949,0.4221518337726593
950,-0.008103393949568272
951,0.45537254214286804
952,0.4355934262275696
953,0.004426633473485708
954,0.41417452692985535
955,0.3725550174713135
956,-0.04406339302659035
957,0.41448622941970825
958,0.3612131178379059
959,-0.04699718952178955
960,0.47882384061813354
961,0.27936750650405884
962,-0.0025094992015510798
963,0.4335477650165558
964,0.333160936832428
965,-0.010241634212434292
966,0.4356624484062195
967,0.36685359477996826
968,-0.0252399779856205
969,0.4362163841724396
970,0.3608245551586151
971,-0.02292458899319172
972,0.47622695565223694
973,0.3572080135345459
974,-0.0007218421087600291
975,0.41381996870040894
976,0.3470240831375122
977,-0.0427745096385479
978,0.4578045606613159
979,0.27028679847717285
980,-0.01570732519030571
981,0.4699261486530304
982,0.27256274223327637
983,-0.010418666526675224
984,0.48653507232666016
985,0.23803400993347168
986,0.0201853197067976
987,0.4223870038986206
988,0.28274786472320557
989,-0.019529422745108604
990,0.43699711561203003
991,0.2918013632297516
992,-0.003631302621215582
993,0.460705041885376
994,0.42183560132980347
995,0.004600860644131899
996,0.501046895980835
997,0.4164462685585022
998,0.06980571895837784
999,0.43015599250793457
1000,0.373695433139801
1001,-0.02134154736995697
1002,0.4233362674713135
1003,0.3783527612686157
1004,-0.02150385081768036
1005,0.4531029164791107
1006,0.42347583174705505
1007,0.004399176221340895
1008,0.4489460289478302
1009,0.4234936237335205
1010,0.0026037287898361683
1011,0.474305123090744
1012,0.2645817995071411
1013,-0.006948593072593212
1014,0.43683475255966187
1015,0.37167102098464966
1016,-0.020486267283558846
1017,0.4420758783817291
1018,0.27304601669311523
1019,-0.018877549096941948
1020,0.4430813193321228
1021,0.2632294297218323
1022,-0.02108040824532509
1023,0.4508143961429596
1024,0.21342064440250397
1025,-0.009313859976828098
1026,0.4799637198448181
1027,0.2506102919578552
1028,0.004804312251508236
1029,0.4458691477775574
1030,0.23699533939361572
1031,-0.015637658536434174
1032,0.4838469922542572
1033,0.27369531989097595
1034,0.003848195541650057
1035,0.4899768829345703
1036,0.2661733031272888
1037,0.01935325376689434
1038,0.4236401915550232
1039,0.41724127531051636
1040,-0.02018316090106964
1041,0.4334958493709564
1042,0.4179724454879761
1043,-0.015887130051851273
1044,0.440968781709671
1045,0.4190961420536041
1046,-0.009908127598464489
1047,0.42835190892219543
1048,0.37604236602783203
1049,-0.019487159326672554
1050,0.45106396079063416
1051,0.42363375425338745
1052,0.00337152648717165
1053,0.44741854071617126
1054,0.4294193387031555
1055,-0.00032797930180095136
1056,0.4477692246437073
1057,0.423091322183609
1058,0.00237330817617476
1059,0.42439910769462585
1060,0.37081587314605713
1061,-0.03295472636818886
1062,0.43700119853019714
1063,0.4215288758277893
1064,-0.006700071040540934
1065,0.4304121434688568
1066,0.42249131202697754
1067,-0.01080781128257513
1068,0.4228011667728424
1069,0.4237564504146576
1070,-0.013647370040416718
1071,0.4287211000919342
1072,0.46563464403152466
1073,-0.002340989653021097
1074,0.42748183012008667
1075,0.45525068044662476
1076,-0.010875614359974861
1077,0.4263648986816406
1078,0.448054701089859
1079,-0.012562471441924572
1080,0.4251466989517212
1081,0.44118887186050415
1082,-0.01105304341763258
1083,0.4241200089454651
1084,0.43663880228996277
1085,-0.009882534854114056
1086,0.43872371315956116
1087,0.43070557713508606
1088,-0.0037685576826334
1089,0.44028982520103455
1090,0.43229442834854126
1091,-0.004938413854688406
1092,0.44270405173301697
1093,0.4354633092880249
1094,-0.005614120047539473
1095,0.44477376341819763
1096,0.4392082095146179
1097,-0.0039530303329229355
1098,0.4486425518989563
1099,0.4021134376525879
1100,-0.008741674944758415
1101,0.507082998752594
1102,0.3580189049243927
1103,0.07788904011249542
1104,0.44294971227645874
1105,0.4280163645744324
1106,0.0001547569700051099
1107,0.4450436532497406
1108,0.42839622497558594
1109,-0.0005093178479000926
1110,0.4209410846233368
1111,0.38395610451698303
1112,-0.021364416927099228
1113,0.43484044075012207
1114,0.3789859116077423
1115,-0.013710212893784046
1116,0.42206740379333496
1117,0.38126927614212036
1118,-0.021721651777625084
1119,0.4426201581954956
1120,0.33881136775016785
1121,-0.0078038680367171764
1122,0.4562665522098541
1123,0.3452962338924408
1124,-0.006314168218523264
1125,0.438327431678772
1126,0.36565449833869934
1127,-0.018112676218152046
1128,0.4719609320163727
1129,0.22270458936691284
1130,0.003989228047430515
1131,0.4658516049385071
1132,0.24026286602020264
1133,-0.006425872910767794
1134,0.46024733781814575
1135,0.2605193853378296
1136,-0.014692534692585468
1137,0.4488018751144409
1138,0.44669055938720703
1139,0.0016644438728690147
1140,0.42428287863731384
1141,0.2676073908805847
1142,-0.02359861508011818
1143,0.4261624813079834
1144,0.23754259943962097
1145,-0.020069625228643417
1146,0.4287705719470978
1147,0.21018123626708984
1148,-0.016068410128355026
1149,0.4660501480102539
1150,0.31090790033340454
1151,0.0014975895173847675
1152,0.48605579137802124
1153,0.3208957016468048
1154,0.012562966905534267
1155,0.43182194232940674
1156,0.30936405062675476
1157,-0.00034662510734051466
1158,0.4761542081832886
1159,0.2933632731437683
1160,0.0036192545667290688
1161,0.42707350850105286
1162,0.3264557123184204
1163,-0.013221324421465397
1164,0.4294247329235077
1165,0.3634808361530304
1166,-0.033150557428598404
1167,0.49553757905960083
1168,0.32826927304267883
1169,0.021131496876478195
1170,0.480391263961792
1171,0.32884514331817627
1172,0.006060677580535412
1173,0.46983325481414795
1174,0.3335888683795929
1175,-0.00039231262053363025
1176,0.45414793491363525
1177,0.3331149220466614
1178,-0.0032202398870140314
1179,0.44243764877319336
1180,0.3294715881347656
1181,-0.004195771645754576
1182,0.4336357116699219
1183,0.3249807357788086
1184,-0.006103856954723597
1185,0.4145249128341675
1186,0.3125886917114258
1187,-0.02203979343175888
1188,0.4955906867980957
1189,0.3521153926849365
1190,0.020070919767022133
1191,0.48298969864845276
1192,0.2914058268070221
1193,0.006686501204967499
1194,0.4123174250125885
1195,0.37868499755859375
1196,-0.039826806634664536
1197,0.433393269777298
1198,0.3441738784313202
1199,-0.01300099864602089
1200,0.5059219598770142
1201,0.30625349283218384
1202,0.0685550719499588
1203,0.4269128143787384
1204,0.3194788992404938
1205,-0.007245455402880907
1206,0.4396708011627197
1207,0.3663010001182556
1208,-0.009473597630858421
1209,0.47229036688804626
1210,0.30056434869766235
1211,0.006835127715021372
1212,0.4298796057701111
1213,0.35610222816467285
1214,-0.03027581237256527
1215,0.5058996677398682
1216,0.38629618287086487
1217,0.0759519562125206
1218,0.43203675746917725
1219,0.30529284477233887
1220,0.0015531970420852304
1221,0.4217739701271057
1222,0.3504244089126587
1223,-0.038187626749277115
1224,0.48301026225090027
1225,0.44607874751091003
1226,0.03157724812626839
1227,0.4839060306549072
1228,0.4599231481552124
1229,0.04578319191932678
1230,0.5051367282867432
1231,0.3555605411529541
1232,0.04870191961526871
1233,0.4925606846809387
1234,0.42908424139022827
1235,0.0392373651266098
1236,0.49627652764320374
1237,0.28468841314315796
1238,0.03287661820650101
1239,0.450809121131897
1240,0.4905321002006531
1241,0.011521558277308941
1242,0.4122072458267212
1243,0.3809579014778137
1244,-0.02863892912864685
1245,0.44147059321403503
1246,0.3517182469367981
1247,-0.010045277886092663
1248,0.4934581518173218
1249,0.30760374665260315
1250,0.022974325343966484
1251,0.4579967260360718
1252,0.3067193925380707
1253,-0.0006019837455824018
1254,0.4508625864982605
1255,0.3081362843513489
1256,-0.002100049052387476
1257,0.44979381561279297
1258,0.4309726357460022
1259,0.000909017282538116
1260,0.4957795739173889
1261,0.3758080303668976
1262,0.02420089766383171
1263,0.43656665086746216
1264,0.5086879730224609
1265,0.015042000450193882
1266,0.4614716172218323
1267,0.4892871379852295
1268,0.0281844325363636
1269,0.4720180332660675
1270,0.4769742488861084
1271,0.03598213568329811
1272,0.44408997893333435
1273,0.30802324414253235
1274,-0.0020185615867376328
1275,0.43773892521858215
1276,0.3066943287849426
1277,-0.0006087910733185709
1278,0.4338740110397339
1279,0.3060581088066101
1280,0.0011891255853697658
1281,0.4891164302825928
1282,0.2884971499443054
1283,0.014275305904448032
1284,0.43863847851753235
1285,0.29789555072784424
1286,-0.002191003644838929
1287,0.4454544186592102
1288,0.29488426446914673
1289,-0.004318369552493095
1290,0.4523467719554901
1291,0.2938559949398041
1292,-0.004460000433027744
1293,0.4594665467739105
1294,0.2948755621910095
1295,-0.002905905246734619
1296,0.46413496136665344
1297,0.2970393896102905
1298,-0.00037669786252081394
1299,0.5023195147514343
1300,0.27912217378616333
1301,0.05411561205983162
1302,0.4628853499889374
1303,0.30479928851127625
1304,0.0014494034694507718
1305,0.44019249081611633
1306,0.395771324634552
1307,-0.01357471663504839
1308,0.42987188696861267
1309,0.3719712495803833
1310,-0.0245529618114233
1311,0.4230319857597351
1312,0.3940122425556183
1313,-0.02035018987953663
1314,0.4725929796695709
1315,0.46297580003738403
1316,0.025943493470549583
1317,0.46221962571144104
1318,0.4767725467681885
1319,0.019312232732772827
1320,0.4360494315624237
1321,0.5007114410400391
1322,0.005013770889490843
1323,0.4931241571903229
1324,0.4412897825241089
1325,0.058198630809783936
1326,0.4339783191680908
1327,0.3022720515727997
1328,-6.191781722009182e-05
1329,0.42065882682800293
1330,0.32997608184814453
1331,-0.023823734372854233
1332,0.4499850869178772
1333,0.5003979206085205
1334,0.0199454165995121
1335,0.5040252208709717
1336,0.38171419501304626
1337,0.049246177077293396
1338,0.4320184588432312
1339,0.4338363707065582
1340,-0.007378658279776573
1341,0.43366944789886475
1342,0.4370693564414978
1343,-0.008505752310156822
1344,0.4355629086494446
1345,0.4421653151512146
1346,-0.00934918224811554
1347,0.43724748492240906
1348,0.44849884510040283
1349,-0.007745911367237568
1350,0.44024962186813354
1351,0.4573412835597992
1352,-0.0014127016765996814
1353,0.4447766840457916
1354,0.4222625494003296
1355,-0.002654313575476408
1356,0.44729769229888916
1357,0.4209182858467102
1358,-0.0028766372706741095
1359,0.44961151480674744
1360,0.4188012182712555
1361,-0.003085414646193385
1362,0.45607805252075195
1363,0.410688579082489
1364,-0.002351816277951002
1365,0.484563410282135
1366,0.3824026584625244
1367,0.008970237337052822
1368,0.4206273853778839
1369,0.31884676218032837
1370,-0.01709519699215889
1371,0.4248086214065552
1372,0.2985837161540985
1373,-0.0040239933878183365
1374,0.43020835518836975
1375,0.29953593015670776
1376,-0.0014157339464873075
1377,0.44275614619255066
1378,0.4209919571876526
1379,-0.0017154737142845988
1380,0.48767346143722534
1381,0.4114329218864441
1382,0.023279203101992607
1383,0.41716232895851135
1384,0.29870861768722534
1385,-0.014301941730082035
1386,0.44458574056625366
1387,0.4669960141181946
1388,0.003279541851952672
1389,0.41407260298728943
1390,0.3244401216506958
1391,-0.029371151700615883
1392,0.4275645613670349
1393,0.3468453586101532
1394,-0.023243922740221024
1395,0.43138155341148376
1396,0.4763110280036926
1397,-0.00019023183267563581
1398,0.462311327457428
1399,0.4397745132446289
1400,0.008883523754775524
1401,0.44708719849586487
1402,0.37539875507354736
1403,-0.00757153145968914
1404,0.45462578535079956
1405,0.45478561520576477
1406,0.006709390785545111
1407,0.46549317240715027
1408,0.3733361065387726
1409,-0.005493412725627422
1410,0.4554574489593506
1411,0.3869841694831848
1412,-0.005552459508180618
1413,0.4737498164176941
1414,0.3917800784111023
1415,0.0019866253715008497
1416,0.43432745337486267
1417,0.4892660975456238
1418,0.0005430885939858854
1419,0.43354111909866333
1420,0.3525739908218384
1421,-0.017339596524834633
1422,0.46925732493400574
1423,0.44908493757247925
1424,0.016361678019165993
1425,0.45931747555732727
1426,0.46452105045318604
1427,0.01287505030632019
1428,0.467776894569397
1429,0.423248827457428
1430,0.007565607782453299
1431,0.49484899640083313
1432,0.39638954401016235
1433,0.02866940014064312
1434,0.4778789281845093
1435,0.42533209919929504
1436,0.01479740347713232
1437,0.5004937052726746
1438,0.4062094986438751
1439,0.047540612518787384
1440,0.46320706605911255
1441,0.4014662802219391
1442,-0.0012807674938812852
1443,0.42688459157943726
1444,0.3369220197200775
1445,-0.018017901107668877
1446,0.4268758296966553
1447,0.3687328100204468
1448,-0.03475870192050934
1449,0.43330442905426025
1450,0.3708152174949646
1451,-0.025808073580265045
1452,0.4221939742565155
1453,0.36184409260749817
1454,-0.040860366076231
1455,0.43049198389053345
1456,0.28971704840660095
1457,-0.007417461834847927
1458,0.4431557059288025
1459,0.283033549785614
1460,-0.0102821234613657
1461,0.4545907974243164
1462,0.28083300590515137
1463,-0.010815219953656197
1464,0.46451395750045776
1465,0.2815685570240021
1466,-0.008217769674956799
1467,0.47188228368759155
1468,0.2855222821235657
1469,-0.003405588213354349
1470,0.4782271385192871
1471,0.30332931876182556
1472,0.009708569385111332
1473,0.5047487020492554
1474,0.3308921456336975
1475,0.0457676462829113
1476,0.47239387035369873
1477,0.3184494972229004
1478,0.0047369045205414295
1479,0.4638722836971283
1480,0.3222564160823822
1481,0.0005169198848307133
1482,0.4530075788497925
1483,0.32311517000198364
1484,-0.0019771847873926163
1485,0.4425909221172333
1486,0.321284681558609
1487,-0.0024806519504636526
1488,0.434520959854126
1489,0.3181534707546234
1490,-0.0026140783447772264
1491,0.42890360951423645
1492,0.314930260181427
1493,-0.002821468049660325
1494,0.5066944360733032
1495,0.33195146918296814
1496,0.0758385956287384
1497,0.4336402416229248
1498,0.37368860840797424
1499,-0.021589910611510277
1500,0.42055654525756836
1501,0.3399321734905243
1502,-0.029852187260985374
1503,0.4203272759914398
1504,0.3702196776866913
1505,-0.040634337812662125
1506,0.41661155223846436
1507,0.37621963024139404
1508,-0.03673919290304184
1509,0.42087075114250183
1510,0.37188252806663513
1511,-0.0365627147257328
1512,0.43182477355003357
1513,0.3774808645248413
1514,-0.018379272893071175
1515,0.4149613082408905
1516,0.3775703012943268
1517,-0.03874173015356064
1518,0.4149109721183777
1519,0.37983307242393494
1520,-0.028842326253652573
1521,0.42895910143852234
1522,0.3062227964401245
1523,0.0005559723940677941
1524,0.4243282079696655
1525,0.309282124042511
1526,-0.003904098179191351
1527,0.42160236835479736
1528,0.31130707263946533
1529,-0.0096243005245924
1530,0.46704649925231934
1531,0.2987724542617798
1532,0.002151069464161992
1533,0.4713051915168762
1534,0.2945192754268646
1535,0.0020139343105256557
1536,0.0
1537,0.0
1538,0.0
1539,0.0
1540,0.0
1541,0.0
1542,0.0
1543,0.0
1544,0.0
1545,0.0
1546,0.0
1547,0.0
1548,0.0
1549,0.0
1550,0.0
1551,0.0
1552,0.0
1553,0.0
1554,0.0
1555,0.0
1556,0.0
1557,0.0
1558,0.0
1559,0.0
1560,0.0
1561,0.0
1562,0.0
1563,0.0
1564,0.0
1565,0.0
1566,0.0
1567,0.0
1568,0.0
1569,0.0
1570,0.0
1571,0.0
1572,0.0
1573,0.0
1574,0.0
1575,0.0
1576,0.0
1577,0.0
1578,0.0
1579,0.0
1580,0.0
1581,0.0
1582,0.0
1583,0.0
1584,0.0
1585,0.0
1586,0.0
1587,0.0
1588,0.0
1589,0.0
1590,0.0
1591,0.0
1592,0.0
1593,0.0
1594,0.0
1595,0.0
1596,0.0
1597,0.0
1598,0.0
1599,0.0
1600,0.0
1601,0.0
1602,0.0
1603,0.0
1604,0.0
1605,0.0
1606,0.0
1607,0.0
1608,0.0
1609,0.0
1610,0.0
1611,0.0
1612,0.0
1613,0.0
1614,0.0
1615,0.0
1616,0.0
1617,0.0
1618,0.0
1619,0.0
1620,0.0
1621,0.0
1622,0.0
1623,0.0
1624,0.0
1625,0.0
1626,0.0
1627,0.0
1628,0.0
1629,0.0
1630,0.0
1631,0.0
1632,0.0
1633,0.0
1634,0.0
1635,0.0
1636,0.0
1637,0.0
1638,0.0
1639,0.0
1640,0.0
1641,0.0
1642,0.0
1643,0.0
1644,0.0
1645,0.0
1646,0.0
1647,0.0
1648,0.0
1649,0.0
1650,0.0
1651,0.0
1652,0.0
1653,0.0
1654,0.0
1655,0.0
1656,0.0
1657,0.0
1658,0.0
1659,0.0
1660,0.0
1661,0.0
