,0
0,0.4114115238189697
1,0.352421373128891
2,-0.7815362215042114
3,0.9999693036079407
4,0.4374085068702698
5,0.29064127802848816
6,-0.7214104533195496
7,0.9999202489852905
8,0.454294353723526
9,0.29051798582077026
10,-0.7211658358573914
11,0.9999176263809204
12,0.46716174483299255
13,0.2913028299808502
14,-0.7208171486854553
15,0.9999057650566101
16,0.384211003780365
17,0.2962988615036011
18,-0.7172164916992188
19,0.9999322295188904
20,0.36649173498153687
21,0.29754477739334106
22,-0.7164555191993713
23,0.9999418258666992
24,0.3497980833053589
25,0.30042484402656555
26,-0.7164313793182373
27,0.9999475479125977
28,0.48671239614486694
29,0.3207358121871948
30,-0.3444300591945648
31,0.9998948574066162
32,0.33327552676200867
33,0.33148324489593506
34,-0.30385059118270874
35,0.9999427795410156
36,0.4485158920288086
37,0.418906569480896
38,-0.6485351920127869
39,0.9999483227729797
40,0.38260501623153687
41,0.4246709644794464
42,-0.6369819641113281
43,0.9999450445175171
44,0.6365534663200378
45,0.6921913027763367
46,-0.12832310795783997
47,0.9990484118461609
48,0.23487357795238495
49,0.6698797941207886
50,-0.23485895991325378
51,0.9996381402015686
52,0.7067358493804932
53,1.0384435653686523
54,-0.11540164053440094
55,0.36458882689476013
56,0.12373777478933334
57,1.0432742834091187
58,-0.721390962600708
59,0.9165610074996948
60,0.7100675106048584
61,1.4435778856277466
62,-0.4101676344871521
63,0.2535172998905182
64,0.22486631572246552
65,0.7185193300247192
66,-1.6527717113494873
67,0.9702901244163513
68,0.7346683740615845
69,1.5461516380310059
70,-0.49199390411376953
71,0.34818822145462036
72,0.2219507396221161
73,0.6006346344947815
74,-1.8455499410629272
75,0.9623481631278992
76,0.6852728128433228
77,1.5310051441192627
78,-0.5240064859390259
79,0.46332651376724243
80,0.22957643866539001
81,0.5561864972114563
82,-1.805724859237671
83,0.9669110178947449
84,0.6645437479019165
85,1.49405038356781
86,-0.443281888961792
87,0.47067928314208984
88,0.24512147903442383
89,0.5929998755455017
90,-1.66159188747406
91,0.9625904560089111
92,0.5622543692588806
93,1.4381237030029297
94,-0.03683135658502579
95,0.0007481973152607679
96,0.27041202783584595
97,1.4391649961471558
98,0.041587717831134796
99,0.0009509497904218733
100,0.538291871547699
101,2.085265874862671
102,-0.06216878443956375
103,0.0003591957502067089
104,0.280295193195343
105,2.0952866077423096
106,0.05213134363293648
107,0.00025963629013858736
108,0.5305649042129517
109,2.6554229259490967
110,0.5260132551193237
111,9.787654562387615e-05
112,0.28795504570007324
113,2.6634161472320557
114,0.457582950592041
115,7.015496066742344e-06
116,0.5380954146385193
117,2.731053590774536
118,0.5450832843780518
119,5.3999970987206325e-05
120,0.28439903259277344
121,2.736354351043701
122,0.48572009801864624
123,1.5460955182788894e-05
124,0.49260005354881287
125,2.829442262649536
126,-0.03403665870428085
127,3.917298818123527e-05
128,0.3183385729789734
129,2.8533921241760254
130,-0.16430774331092834
131,2.935762495326344e-05
132,0.4050832986831665
133,0.4139440357685089
134,-0.02216176874935627
135,0.40206998586654663
136,0.3710774779319763
137,-0.04619622230529785
138,0.4036176800727844
139,0.3828335404396057
140,-0.023192377761006355
141,0.39427560567855835
142,0.3316420018672943
143,-0.036530036479234695
144,0.40157848596572876
145,0.3588707447052002
146,-0.04969640448689461
147,0.4014265239238739
148,0.3428092300891876
149,-0.04709243401885033
150,0.40158918499946594
151,0.30408263206481934
152,-0.026681488379836082
153,0.34365707635879517
154,0.3017130196094513
155,0.010197319090366364
156,0.40143638849258423
157,0.27659228444099426
158,-0.02310052700340748
159,0.40118634700775146
160,0.2610965371131897
161,-0.02609669603407383
162,0.40031367540359497
163,0.2003537267446518
164,-0.02030361071228981
165,0.4053785502910614
166,0.4204983413219452
167,-0.02079184725880623
168,0.4057050049304962
169,0.4255611300468445
170,-0.017648855224251747
171,0.4060225486755371
172,0.42762184143066406
173,-0.013533125631511211
174,0.4061569273471832
175,0.43765532970428467
176,-0.0100446417927742
177,0.40629851818084717
178,0.4442915916442871
179,-0.011045454069972038
180,0.4065057933330536
181,0.4520942270755768
182,-0.012105048634111881
183,0.4068520665168762
184,0.4598348140716553
185,-0.009671543724834919
186,0.40747055411338806
187,0.46805354952812195
188,0.00035517470678314567
189,0.40258675813674927
190,0.3769407570362091
191,-0.04149676114320755
192,0.39485615491867065
193,0.3760627806186676
194,-0.02916020341217518
195,0.3190513551235199
196,0.25777149200439453
197,0.04813900962471962
198,0.3677416741847992
199,0.3111662268638611
200,0.0010570718441158533
201,0.3597596287727356
202,0.3125944137573242
203,0.001952267368324101
204,0.35197335481643677
205,0.3125673234462738
206,0.0045283203944563866
207,0.341328501701355
208,0.30600398778915405
209,0.011866183951497078
210,0.3742619454860687
211,0.30789023637771606
212,0.0012325237039476633
213,0.35525253415107727
214,0.28268134593963623
215,-0.0032357980962842703
216,0.36442193388938904
217,0.28316110372543335
218,-0.0037765426095575094
219,0.34696903824806213
220,0.28456589579582214
221,-4.921398067381233e-05
222,0.34172576665878296
223,0.2885247468948364
224,0.00381546001881361
225,0.33616942167282104
226,0.3143731355667114
227,0.016723427921533585
228,0.37755298614501953
229,0.47889387607574463
230,0.013575938530266285
231,0.34061795473098755
232,0.2986828684806824
233,0.01292518712580204
234,0.3172045946121216
235,0.30801787972450256
236,0.05533953383564949
237,0.32792726159095764
238,0.3066191077232361
239,0.025089459493756294
240,0.36256861686706543
241,0.3617759048938751
242,-0.003597703529521823
243,0.39437833428382874
244,0.412057489156723
245,-0.02054343745112419
246,0.39686569571495056
247,0.4256550967693329
248,-0.015821676701307297
249,0.3841618299484253
250,0.416073739528656
251,-0.014620616100728512
252,0.3784330487251282
253,0.42127764225006104
254,-0.007118391338735819
255,0.38952064514160156
256,0.42635613679885864
257,-0.01174090150743723
258,0.38425835967063904
259,0.4277181625366211
260,-0.004962630104273558
261,0.3692684769630432
262,0.44106370210647583
263,0.009818211197853088
264,0.3950112462043762
265,0.3708418607711792
266,-0.04527968540787697
267,0.3932746350765228
268,0.359321653842926
269,-0.04848640039563179
270,0.3301471769809723
271,0.2779574692249298
272,0.005414687562733889
273,0.3777029514312744
274,0.33086591958999634
275,-0.007895690388977528
276,0.37546366453170776
277,0.3676878809928894
278,-0.02309977263212204
279,0.3747735917568207
280,0.3613879978656769
281,-0.020650986582040787
282,0.34041357040405273
283,0.36112746596336365
284,0.008220060728490353
285,0.3936172425746918
286,0.3443087935447693
287,-0.04404151067137718
288,0.34789037704467773
289,0.26647189259529114
290,-0.011379909701645374
291,0.33696216344833374
292,0.27007824182510376
293,-0.003993420861661434
294,0.32451510429382324
295,0.23733121156692505
296,0.029460765421390533
297,0.38385477662086487
298,0.2751222848892212
299,-0.019762592390179634
300,0.3723606765270233
301,0.2865057587623596
302,-0.0013453662395477295
303,0.36337271332740784
304,0.428282231092453
305,0.01087103970348835
306,0.332062304019928
307,0.4137559235095978
308,0.08665944635868073
309,0.3820265829563141
310,0.373859703540802
311,-0.019462868571281433
312,0.3893548250198364
313,0.3778347373008728
314,-0.020652638748288155
315,0.3718140423297882
316,0.4305242896080017
317,0.009422775357961655
318,0.3761327862739563
319,0.4299365282058716
320,0.0067284139804542065
321,0.3328767418861389
322,0.26234614849090576
323,-0.00010499630297999829
324,0.37571626901626587
325,0.37302616238594055
326,-0.017964698374271393
327,0.3631724417209625
328,0.26736003160476685
329,-0.016937904059886932
330,0.3614702522754669
331,0.257715106010437
332,-0.019430575892329216
333,0.3533511161804199
334,0.20877479016780853
335,-0.006775427609682083
336,0.32891038060188293
337,0.24925214052200317
338,0.012552615255117416
339,0.3582603633403778
340,0.23216313123703003
341,-0.013715220615267754
342,0.3261038064956665
343,0.27268150448799133
344,0.012612682767212391
345,0.32259246706962585
346,0.2656903564929962
347,0.029307136312127113
348,0.39550745487213135
349,0.41988033056259155
350,-0.019205542281270027
351,0.38708260655403137
352,0.4222520589828491
353,-0.013550126925110817
354,0.38127994537353516
355,0.4246956706047058
356,-0.0067359949462115765
357,0.38439953327178955
358,0.3761902153491974
359,-0.017962569370865822
360,0.3739408850669861
361,0.43059253692626953
362,0.007893693633377552
363,0.3769851624965668
364,0.4348739981651306
365,0.0032685084734112024
366,0.37730032205581665
367,0.4288138151168823
368,0.006390231195837259
369,0.3859960436820984
370,0.36968544125556946
371,-0.0321623757481575
372,0.38635826110839844
373,0.4270114600658417
374,-0.003620064351707697
375,0.39168986678123474
376,0.42710864543914795
377,-0.008279346860945225
378,0.3983052968978882
379,0.42740216851234436
380,-0.012018227949738503
381,0.39564481377601624
382,0.4671645164489746
383,0.0011502043344080448
384,0.3953247666358948
385,0.45834916830062866
386,-0.008633178658783436
387,0.3957545757293701
388,0.45062413811683655
389,-0.010670436546206474
390,0.3965931534767151
391,0.44251078367233276
392,-0.009513406082987785
393,0.3975393772125244
394,0.43704694509506226
395,-0.008467975072562695
396,0.3848523795604706
397,0.4337764382362366
398,-0.001015498535707593
399,0.3832365870475769
400,0.4359966516494751
401,-0.0020897609647363424
402,0.38083508610725403
403,0.43989479541778564
404,-0.002662013052031398
405,0.3789629638195038
406,0.444026917219162
407,-0.0006347619346342981
408,0.37091583013534546
409,0.40614381432533264
410,-0.004918090533465147
411,0.3218034505844116
412,0.35689577460289
413,0.094915971159935
414,0.4030442237854004
415,0.37904512882232666
416,-0.029626652598381042
417,0.38146817684173584
418,0.43208885192871094
419,0.00355610647238791
420,0.3793260157108307
421,0.43326956033706665
422,0.0029400072526186705
423,0.3925042748451233
424,0.3833477199077606
425,-0.02047492004930973
426,0.37931525707244873
427,0.38044992089271545
428,-0.011365039274096489
429,0.3909723162651062
430,0.380712628364563
431,-0.020872347056865692
432,0.3696528375148773
433,0.3380233645439148
434,-0.0038550717290490866
435,0.35733145475387573
436,0.34668517112731934
437,-0.0003040545270778239
438,0.3739575445652008
439,0.36677858233451843
440,-0.01538053248077631
441,0.3351549208164215
442,0.22064901888370514
443,0.010166938416659832
444,0.34009432792663574
445,0.23763877153396606
446,-0.0013241767883300781
447,0.3449942469596863
448,0.2568923830986023
449,-0.01036045327782631
450,0.3760104179382324
451,0.45048314332962036
452,0.006463896948844194
453,0.38082677125930786
454,0.2599531412124634
455,-0.024318093433976173
456,0.3778279721736908
457,0.23042631149291992
458,-0.02111929841339588
459,0.3744087517261505
460,0.2026006281375885
461,-0.016937917098402977
462,0.3452320992946625
463,0.31050848960876465
464,0.008426638320088387
465,0.3288171887397766
466,0.32313230633735657
467,0.022445499897003174
468,0.37843722105026245
469,0.30461210012435913
470,0.0020294419955462217
471,0.3341759741306305
472,0.29222384095191956
473,0.011609306558966637
474,0.3832050859928131
475,0.32309508323669434
476,-0.01178940199315548
477,0.38012731075286865
478,0.3629973232746124
479,-0.03210664540529251
480,0.3218775689601898
481,0.3308227062225342
482,0.032919928431510925
483,0.33377569913864136
484,0.33168503642082214
485,0.015123778954148293
486,0.34362703561782837
487,0.33609917759895325
488,0.007156032603234053
489,0.3585315942764282
490,0.33340924978256226
491,0.0023265115451067686
492,0.3693638741970062
493,0.3277873992919922
494,-0.00037812162190675735
495,0.3774428963661194
496,0.32186970114707947
497,-0.0035930669400840998
498,0.3936123847961426
499,0.30739226937294006
500,-0.022806435823440552
501,0.323883593082428
502,0.3555260896682739
503,0.032220352441072464
504,0.32850345969200134
505,0.2909369468688965
506,0.015686802566051483
507,0.3982917368412018
508,0.3766562342643738
509,-0.040798064321279526
510,0.3781511187553406
511,0.34267041087150574
512,-0.010720726102590561
513,0.3175240159034729
514,0.30616918206214905
515,0.08406320959329605
516,0.3834746181964874
517,0.315405935049057
518,-0.005774773191660643
519,0.37370872497558594
520,0.367403507232666
521,-0.006474481429904699
522,0.3383023738861084
523,0.2994566857814789
524,0.014703609049320221
525,0.3796103000640869
526,0.355381041765213
527,-0.029165223240852356
528,0.32536572217941284
529,0.3843463957309723
530,0.09310208261013031
531,0.37826475501060486
532,0.3001052439212799
533,0.004012521356344223
534,0.38638684153556824
535,0.34864136576652527
536,-0.038265202194452286
537,0.3465343117713928
538,0.44604891538619995
539,0.043617524206638336
540,0.34864550828933716
541,0.457050621509552
542,0.05944118648767471
543,0.3190613090991974
544,0.3567575216293335
545,0.06345519423484802
546,0.33752769231796265
547,0.428753137588501
548,0.05295439064502716
549,0.31968724727630615
550,0.28503167629241943
551,0.044618237763643265
552,0.3766857981681824
553,0.4898039996623993
554,0.019496196880936623
555,0.39959990978240967
556,0.3787195086479187
557,-0.028978047892451286
558,0.37143999338150024
559,0.3517816960811615
560,-0.006520512048155069
561,0.3224036395549774
562,0.3086613714694977
563,0.03408680856227875
564,0.35198327898979187
565,0.3053171932697296
566,0.005028241779655218
567,0.35919854044914246
568,0.30588215589523315
569,0.0027005327865481377
570,0.37468796968460083
571,0.4367638826370239
572,0.004944501910358667
573,0.3270869553089142
574,0.3787161707878113
575,0.037003010511398315
576,0.3917970359325409
577,0.5065601468086243
578,0.022433141246438026
579,0.36846432089805603
580,0.48684683442115784
581,0.03857044503092766
582,0.35922425985336304
583,0.4742690920829773
584,0.047719504684209824
585,0.4007262885570526
586,0.22983449697494507
587,-0.023854918777942657
588,0.409170925617218
589,0.5093727111816406
590,0.01944533735513687
591,0.36609941720962524
592,0.30476853251457214
593,0.0018788287416100502
594,0.3724195957183838
595,0.302594393491745
596,0.002624474000185728
597,0.37639856338500977
598,0.30127930641174316
599,0.004095466807484627
600,0.3238923251628876
601,0.28852832317352295
602,0.024326715618371964
603,0.37117308378219604
604,0.29277047514915466
605,0.0008671890245750546
606,0.3640771806240082
607,0.29002755880355835
608,-0.0005897380760870874
609,0.35670241713523865
610,0.28961265087127686
611,0.00018629884289111942
612,0.3493618071079254
613,0.2916315495967865
614,0.002673802198842168
615,0.34495431184768677
616,0.29469332098960876
617,0.005832487251609564
618,0.3169421851634979
619,0.2793373465538025
620,0.06780310720205307
621,0.34705406427383423
622,0.3036702871322632
623,0.00781807117164135
624,0.40419334173202515
625,0.3927743434906006
626,-0.020659862086176872
627,0.37684667110443115
628,0.3985714316368103
629,-0.010546531528234482
630,0.38161301612854004
631,0.3719085156917572
632,-0.023208143189549446
633,0.3923235833644867
634,0.3944796919822693
635,-0.019301727414131165
636,0.4016411602497101
637,0.2897804379463196
638,-0.021499820053577423
639,0.35621005296707153
640,0.4627361297607422
641,0.03637281805276871
642,0.3659760355949402
643,0.4760286509990692
644,0.028548330068588257
645,0.39078202843666077
646,0.4998627305030823
647,0.011400716379284859
648,0.34019896388053894
649,0.43822404742240906
650,0.07386358082294464
651,0.375975638628006
652,0.29712238907814026
653,0.0026489191222935915
654,0.3882162570953369
655,0.3264506459236145
656,-0.0238123070448637
657,0.4086796045303345
658,0.5027621984481812
659,0.00889167096465826
660,0.37890249490737915
661,0.49834710359573364
662,0.028948592022061348
663,0.32305556535720825
664,0.38214996457099915
665,0.06427235901355743
666,0.39046743512153625
667,0.4355616569519043
668,-0.005073591135442257
669,0.3888736367225647
670,0.43956804275512695
671,-0.0061691501177847385
672,0.3870907425880432
673,0.4456564486026764
674,-0.00679868133738637
675,0.3858633041381836
676,0.4525396227836609
677,-0.00482537504285574
678,0.38432666659355164
679,0.4599834680557251
680,0.002871129661798477
681,0.37954139709472656
682,0.42851993441581726
683,0.0011456772917881608
684,0.37664076685905457
685,0.42741572856903076
686,0.0012195148738101125
687,0.3740471601486206
688,0.4253910779953003
689,0.0011136297835037112
690,0.3660748302936554
691,0.41637521982192993
692,0.0026903697289526463
693,0.3368787467479706
694,0.3860318660736084
695,0.019677555188536644
696,0.38850200176239014
697,0.3144703507423401
698,-0.016677485778927803
699,0.3843628466129303
700,0.292612224817276
701,-0.003275156021118164
702,0.37945181131362915
703,0.2940289080142975
704,0.0003750337054952979
705,0.3817959427833557
706,0.4267981946468353
707,0.0019892817363142967
708,0.33859968185424805
709,0.41370707750320435
710,0.035181157290935516
711,0.3910807967185974
712,0.29212313890457153
713,-0.014822227880358696
714,0.38078343868255615
715,0.4684319794178009
716,0.008925143629312515
717,0.40149372816085815
718,0.3295349180698395
719,-0.03989530727267265
720,0.39378368854522705
721,0.32017162442207336
722,-0.030544547364115715
723,0.4015550911426544
724,0.31727051734924316
725,-0.033015426248311996
726,0.38240429759025574
727,0.34511202573776245
728,-0.0222479235380888
729,0.40823671221733093
730,0.49187934398651123
731,0.003354680724442005
732,0.40778982639312744
733,0.47882601618766785
734,0.0021719983778893948
735,0.3936462700366974
736,0.4770244359970093
737,0.004391215275973082
738,0.3625267446041107
739,0.4436178207397461
740,0.015732381492853165
741,0.36810430884361267
742,0.37747877836227417
743,-0.003356706351041794
744,0.3707429766654968
745,0.4573434293270111
746,0.012982177548110485
747,0.3517304062843323
748,0.3765208125114441
749,0.0016953912563621998
750,0.36240294575691223
751,0.39007359743118286
752,-0.00026879957295022905
753,0.3470533788204193
754,0.3956286609172821
755,0.010511169210076332
756,0.3914187550544739
757,0.48926252126693726
758,0.006149889901280403
759,0.3777642548084259
760,0.3518369197845459
761,-0.015273653902113438
762,0.3569682538509369
763,0.4512348473072052
764,0.025130070745944977
765,0.367133229970932
766,0.46553727984428406
767,0.02071380242705345
768,0.35615047812461853
769,0.42810460925102234
770,0.015455033630132675
771,0.33092257380485535
772,0.39841336011886597
773,0.041709624230861664
774,0.3476698398590088
775,0.4283992648124695
776,0.024576790630817413
777,0.32876056432724
778,0.4059550166130066
779,0.06257990747690201
780,0.35798129439353943
781,0.40624281764030457
782,0.005328571889549494
783,0.3832564055919647
784,0.3343694508075714
785,-0.016773024573922157
786,0.3831055462360382
787,0.3679737448692322
788,-0.03398074954748154
789,0.37813857197761536
790,0.37124061584472656
791,-0.02405739203095436
792,0.3862721621990204
793,0.3605009913444519
794,-0.04073214530944824
795,0.3777101933956146
796,0.28357842564582825
797,-0.006228914018720388
798,0.3641800582408905
799,0.2778902053833008
800,-0.007754662539809942
801,0.3522574007511139
802,0.2769504487514496
803,-0.006628859788179398
804,0.34269917011260986
805,0.2788490355014801
806,-0.002389440778642893
807,0.3365567922592163
808,0.2837253510951996
809,0.0035286194179207087
810,0.33401110768318176
811,0.30304792523384094
812,0.018412403762340546
813,0.3169833719730377
814,0.33217349648475647
815,0.059982337057590485
816,0.3402402997016907
817,0.3194235563278198
818,0.012556914240121841
819,0.3484112024307251
820,0.32276126742362976
821,0.00712813762947917
822,0.35890325903892517
823,0.3221416473388672
824,0.003157028928399086
825,0.368789941072464
826,0.3187786638736725
827,0.001183436717838049
828,0.3763975501060486
829,0.3144810199737549
830,-9.36107462621294e-05
831,0.3816518485546112
832,0.3104550838470459
833,-0.0010357956634834409
834,0.31975603103637695
835,0.33137646317481995
836,0.0923445075750351
837,0.3787769377231598
838,0.37456387281417847
839,-0.019583508372306824
840,0.3879304826259613
841,0.337237685918808
842,-0.02980133332312107
843,0.3890099823474884
844,0.3688257038593292
845,-0.040924761444330215
846,0.3941895365715027
847,0.374481201171875
848,-0.03728816285729408
849,0.3892979025840759
850,0.37043705582618713
851,-0.03659624606370926
852,0.3815537095069885
853,0.3782937824726105
854,-0.01648709736764431
855,0.3957005441188812
856,0.3757375478744507
857,-0.03953724354505539
858,0.3968101441860199
859,0.37796270847320557
860,-0.029027309268712997
861,0.3811163604259491
862,0.30097925662994385
863,0.0024777045473456383
864,0.3857460021972656
865,0.3039993941783905
866,-0.0029756175354123116
867,0.3880619704723358
868,0.30618637800216675
869,-0.009105561301112175
870,0.3424728512763977
871,0.29690706729888916
872,0.008978370577096939
873,0.33818018436431885
874,0.2929286062717438
875,0.00929348450154066
876,0.40914541482925415
877,0.33116665482521057
878,-0.03719297796487808
879,0.46448203921318054
880,0.2983211576938629
881,0.0050536287017166615
882,0.41130656003952026
883,0.3754228949546814
884,-0.029701944440603256
885,0.4921436905860901
886,0.25104373693466187
887,0.04017144441604614
888,0.43964824080467224
889,0.30922821164131165
890,-0.0023735477589070797
891,0.4480740427970886
892,0.31008419394493103
893,-0.0020809562411159277
894,0.45629093050956726
895,0.309432715177536
896,-0.0001905150420498103
897,0.46743085980415344
898,0.3023127019405365
899,0.006427735090255737
900,0.43253931403160095
901,0.3063662350177765
902,-0.0014232430839911103
903,0.45123255252838135
904,0.2797340750694275
905,-0.007452207617461681
906,0.44175705313682556
907,0.2807140648365021
908,-0.0071035949513316154
909,0.459924578666687
910,0.2811535596847534
911,-0.00487133115530014
912,0.4657227396965027
913,0.2848128080368042
914,-0.001419976120814681
915,0.4735248386859894
916,0.30993127822875977
917,0.01076985988765955
918,0.4396987855434418
919,0.4775247275829315
920,0.011089785024523735
921,0.4676281809806824
922,0.2951495051383972
923,0.007500461768358946
924,0.4962121248245239
925,0.30155453085899353
926,0.047307975590229034
927,0.48238474130630493
928,0.30134856700897217
929,0.018450139090418816
930,0.44679924845695496
931,0.358754962682724
932,-0.007029827684164047
933,0.4160270094871521
934,0.41104355454444885
935,-0.021420946344733238
936,0.41504764556884766
937,0.42479264736175537
938,-0.016687480732798576
939,0.42755126953125
940,0.4140925705432892
941,-0.016344822943210602
942,0.4346179962158203
943,0.41844335198402405
944,-0.009572409093379974
945,0.42315971851348877
946,0.4246704578399658
947,-0.013421671465039253
948,0.4292474687099457
949,0.42529046535491943
950,-0.007126942276954651
951,0.44629746675491333
952,0.43768933415412903
953,0.006599267013370991
954,0.40935686230659485
955,0.3702470064163208
956,-0.04571542888879776
957,0.4102123975753784
958,0.35874155163764954
959,-0.048953138291835785
960,0.47752898931503296
961,0.27301645278930664
962,-0.0007517661433666945
963,0.42928117513656616
964,0.3291613459587097
965,-0.010096476413309574
966,0.4312713146209717
967,0.36556482315063477
968,-0.02507222816348076
969,0.4320456087589264
970,0.3592430055141449
971,-0.022736812010407448
972,0.4708249568939209
973,0.35649415850639343
974,0.0025564306415617466
975,0.4096413552761078
976,0.34378504753112793
977,-0.04468092322349548
978,0.45727109909057617
979,0.2628038227558136
980,-0.015745455399155617
981,0.46932166814804077
982,0.26562708616256714
983,-0.009512078016996384
984,0.48411986231803894
985,0.23092485964298248
986,0.022290199995040894
987,0.4197506904602051
988,0.2740461230278015
989,-0.02118331752717495
990,0.43383654952049255
991,0.28461751341819763
992,-0.0040748268365859985
993,0.451657235622406
994,0.4243689179420471
995,0.0070398119278252125
996,0.48858407139778137
997,0.4093739688396454
998,0.07935086637735367
999,0.42512792348861694
1000,0.3721807301044464
1001,-0.02115185745060444
1002,0.4178967773914337
1003,0.37666240334510803
1004,-0.02146749012172222
1005,0.4431454837322235
1006,0.42663776874542236
1007,0.006122367922216654
1008,0.43870842456817627
1009,0.42633867263793945
1010,0.0039034485816955566
1011,0.47355830669403076
1012,0.25748810172080994
1013,-0.005921985954046249
1014,0.431938111782074
1015,0.37081992626190186
1016,-0.019967462867498398
1017,0.4410528242588043
1018,0.26483988761901855
1019,-0.019923504441976547
1020,0.4422883689403534
1021,0.25484779477119446
1022,-0.02243608981370926
1023,0.4498189687728882
1024,0.20468957722187042
1025,-0.010790450498461723
1026,0.4784584939479828
1027,0.24364709854125977
1028,0.006195631343871355
1029,0.4449938237667084
1030,0.22882817685604095
1031,-0.017239287495613098
1032,0.48214688897132874
1033,0.267171174287796
1034,0.005993622355163097
1035,0.4870503544807434
1036,0.25962722301483154
1037,0.02208203822374344
1038,0.4157423973083496
1039,0.4188901484012604
1040,-0.020103832706809044
1041,0.42519885301589966
1042,0.42044228315353394
1043,-0.015291576273739338
1044,0.4320372939109802
1045,0.4220319986343384
1046,-0.009036723524332047
1047,0.4230182468891144
1048,0.3746744394302368
1049,-0.019219350069761276
1050,0.440921813249588
1051,0.42676594853401184
1052,0.004840947221964598
1053,0.437660276889801
1054,0.43163949251174927
1055,0.000709305633790791
1056,0.4375026524066925
1057,0.4254952669143677
1058,0.003608862403780222
1059,0.4197307825088501
1060,0.368518590927124
1061,-0.033536601811647415
1062,0.42741698026657104
1063,0.4246378242969513
1064,-0.00564325088635087
1065,0.42139843106269836
1066,0.42557796835899353
1067,-0.009825377725064754
1068,0.4141773581504822
1069,0.42655056715011597
1070,-0.012870650738477707
1071,0.4196041226387024
1072,0.4663769006729126
1073,0.0002785154210869223
1074,0.4187127649784088
1075,0.4574700593948364
1076,-0.009581806138157845
1077,0.4175989627838135
1078,0.44975125789642334
1079,-0.01164043229073286
1080,0.41627976298332214
1081,0.4416845440864563
1082,-0.010411053895950317
1083,0.41520899534225464
1084,0.4362916052341461
1085,-0.009325876832008362
1086,0.4291726350784302
1087,0.4314274191856384
1088,-0.0029531281907111406
1089,0.43084976077079773
1090,0.43347886204719543
1091,-0.004092752002179623
1092,0.4334510862827301
1093,0.4372670650482178
1094,-0.004659814294427633
1095,0.4356532096862793
1096,0.4413022994995117
1097,-0.0027841273695230484
1098,0.44099533557891846
1099,0.4032125771045685
1100,-0.007645607925951481
1101,0.49677419662475586
1102,0.35106322169303894
1103,0.0866069570183754
1104,0.4330134093761444
1105,0.4292694926261902
1106,0.0011331067653372884
1107,0.43516409397125244
1108,0.4302403926849365
1109,0.0004447953833732754
1110,0.4151403605937958
1111,0.3823407292366028
1112,-0.021249758079648018
1113,0.42921173572540283
1114,0.37840530276298523
1115,-0.012928280048072338
1116,0.41642996668815613
1117,0.37963664531707764
1118,-0.021670596674084663
1119,0.4383080005645752
1120,0.3356631100177765
1121,-0.0068700979463756084
1122,0.45178502798080444
1123,0.34337908029556274
1124,-0.004399329423904419
1125,0.4336872696876526
1126,0.3644578158855438
1127,-0.01756278984248638
1128,0.47072285413742065
1129,0.21496336162090302
1130,0.004230330232530832
1131,0.46513068675994873
1132,0.23280060291290283
1133,-0.006452957168221474
1134,0.459844172000885
1135,0.25287696719169617
1136,-0.014922180213034153
1137,0.4396156072616577
1138,0.4480568766593933
1139,0.0038742623291909695
1140,0.4222181439399719
1141,0.2584720849990845
1142,-0.025805890560150146
1143,0.42427772283554077
1144,0.22868020832538605
1145,-0.022828595712780952
1146,0.4270913898944855
1147,0.2002982646226883
1148,-0.018983369693160057
1149,0.46339312195777893
1150,0.30696746706962585
1151,0.0031973114237189293
1152,0.4819490313529968
1153,0.31785404682159424
1154,0.01584278792142868
1155,0.4280436635017395
1156,0.30346354842185974
1157,-0.0003170033451169729
1158,0.47427305579185486
1159,0.28782838582992554
1160,0.005674254614859819
1161,0.42288994789123535
1162,0.3218080401420593
1163,-0.013619719073176384
1164,0.42539241909980774
1165,0.3614192008972168
1166,-0.033705540001392365
1167,0.49033549427986145
1168,0.32498300075531006
1169,0.025486746802926064
1170,0.4765002429485321
1171,0.32675066590309143
1172,0.009001740254461765
1173,0.4660031795501709
1174,0.33176594972610474
1175,0.0018229694105684757
1176,0.4501419961452484
1177,0.33025071024894714
1178,-0.0017838214989751577
1179,0.4384310841560364
1180,0.325501948595047
1181,-0.003438722575083375
1182,0.42957034707069397
1183,0.32029998302459717
1184,-0.005995077081024647
1185,0.41027718782424927
1186,0.30687421560287476
1187,-0.0235703494399786
1188,0.48921725153923035
1189,0.3499142825603485
1190,0.024949900805950165
1191,0.48058077692985535
1192,0.28579238057136536
1193,0.009118309244513512
1194,0.4070112705230713
1195,0.37627121806144714
1196,-0.041158080101013184
1197,0.42891839146614075
1198,0.34092867374420166
1199,-0.012736579403281212
1200,0.4981464445590973
1201,0.2994546592235565
1202,0.07550104707479477
1203,0.42276525497436523
1204,0.314259797334671
1205,-0.007590834982693195
1206,0.43460628390312195
1207,0.3650493919849396
1208,-0.008506781421601772
1209,0.47030389308929443
1210,0.2955628037452698
1211,0.009009183384478092
1212,0.4259886145591736
1213,0.3537413477897644
1214,-0.030814532190561295
1215,0.49439212679862976
1216,0.3791409730911255
1217,0.08528002351522446
1218,0.4282507002353668
1219,0.2990188002586365
1220,0.0015861006686463952
1221,0.417864590883255
1222,0.34751519560813904
1223,-0.03950418904423714
1224,0.4722538888454437
1225,0.44296666979789734
1226,0.03807246685028076
1227,0.47203296422958374
1228,0.45445677638053894
1229,0.0539349727332592
1230,0.4966858923435211
1231,0.3508630096912384
1232,0.05546720698475838
1233,0.48119229078292847
1234,0.42497801780700684
1235,0.04659940302371979
1236,0.49179595708847046
1237,0.2787155508995056
1238,0.03692486137151718
1239,0.44160565733909607
1240,0.4885851740837097
1241,0.016937395557761192
1242,0.4065592288970947
1243,0.37840428948402405
1244,-0.029229287058115005
1245,0.43679279088974
1246,0.34937214851379395
1247,-0.009140054695308208
1248,0.4890328049659729
1249,0.30285370349884033
1250,0.026864849030971527
1251,0.45570868253707886
1252,0.30245065689086914
1253,0.0005119527922943234
1254,0.44817277789115906
1255,0.30349448323249817
1256,-0.0013377420837059617
1257,0.44019851088523865
1258,0.43335866928100586
1259,0.0021917661651968956
1260,0.48757147789001465
1261,0.3734428286552429
1262,0.02980854921042919
1263,0.42688336968421936
1264,0.5060210227966309
1265,0.020927507430315018
1266,0.45137259364128113
1267,0.4855126738548279
1268,0.03495487943291664
1269,0.46113795042037964
1270,0.47250285744667053
1271,0.04324926808476448
1272,0.44099336862564087
1273,0.3028722405433655
1274,-0.001584360608831048
1275,0.43431249260902405
1276,0.30097317695617676
1277,-0.000350369606167078
1278,0.4301965832710266
1279,0.30001237988471985
1280,0.0013772130478173494
1281,0.4860170781612396
1282,0.2827005684375763
1283,0.017308246344327927
1284,0.43544965982437134
1285,0.2911396324634552
1286,-0.0022654221393167973
1287,0.4427852928638458
1288,0.2879449427127838
1289,-0.0042211199179291725
1290,0.45031723380088806
1291,0.2871437072753906
1292,-0.004027028102427721
1293,0.4579215347766876
1294,0.2886911630630493
1295,-0.0020424285903573036
1296,0.46266546845436096
1297,0.2914292812347412
1298,0.0008280331967398524
1299,0.4964069426059723
1300,0.2725078761577606
1301,0.05954669043421745
1302,0.4608435034751892
1303,0.3005271852016449
1304,0.002913589123636484
1305,0.4335464537143707
1306,0.39627254009246826
1307,-0.012683534994721413
1308,0.42506253719329834
1309,0.37026330828666687
1310,-0.024637481197714806
1311,0.41663190722465515
1312,0.3934124708175659
1313,-0.020195892080664635
1314,0.462654709815979
1315,0.4603603482246399
1316,0.03190792351961136
1317,0.45267194509506226
1318,0.4743794798851013
1319,0.025067126378417015
1320,0.42689308524131775
1321,0.499229371547699
1322,0.009946025907993317
1323,0.4806508719921112
1324,0.43480542302131653
1325,0.06729602813720703
1326,0.43043988943099976
1327,0.2958579361438751
1328,-6.517538713524118e-05
1329,0.41655001044273376
1330,0.3255721628665924
1331,-0.02500683255493641
1332,0.4402828514575958
1333,0.4973357617855072
1334,0.026279816403985023
1335,0.4940154552459717
1336,0.3768421709537506
1337,0.056635212153196335
1338,0.4228304624557495
1339,0.4339887201786041
1340,-0.00662099476903677
1341,0.42458242177963257
1342,0.4378884434700012
1343,-0.007720603607594967
1344,0.4266941249370575
1345,0.44380301237106323
1346,-0.008426053449511528
1347,0.4284391403198242
1348,0.4506888687610626
1349,-0.006528726313263178
1350,0.4311041235923767
1351,0.4583229422569275
1352,0.0009694123873487115
1353,0.4347960650920868
1354,0.42544975876808167
1355,-0.001546176616102457
1356,0.4375978708267212
1357,0.4241180419921875
1358,-0.0017502250848338008
1359,0.44014519453048706
1360,0.4219197928905487
1361,-0.001887585618533194
1362,0.4474373757839203
1363,0.4127964675426483
1364,-0.0007748876814730465
1365,0.47682324051856995
1366,0.38134822249412537
1367,0.01350068487226963
1368,0.41645073890686035
1369,0.3136027455329895
1370,-0.0180561151355505
1371,0.4210191071033478
1372,0.2917381823062897
1373,-0.004928024020045996
1374,0.4265587627887726
1375,0.29283326864242554
1376,-0.0017937092343345284
1377,0.43256381154060364
1378,0.4239603281021118
1379,-0.0005030498723499477
1380,0.47784876823425293
1381,0.4094633460044861
1382,0.029032090678811073
1383,0.41308483481407166
1384,0.2915506958961487
1385,-0.01570804975926876
1386,0.43559905886650085
1387,0.4669034779071808
1388,0.006819366943091154
1389,0.4098657965660095
1390,0.31964385509490967
1391,-0.03118698112666607
1392,0.4233981966972351
1393,0.3436891734600067
1394,-0.02378007024526596
1395,0.42238590121269226
1396,0.47629255056381226
1397,0.0033038065303117037
1398,0.45362818241119385
1399,0.4406108558177948
1400,0.012112683616578579
1401,0.44162067770957947
1402,0.374665766954422
1403,-0.0061335316859185696
1404,0.44585126638412476
1405,0.45506751537323
1406,0.01009450200945139
1407,0.45942896604537964
1408,0.37273427844047546
1409,-0.0028246657457202673
1410,0.44894516468048096
1411,0.38687974214553833
1412,-0.003754593897610903
1413,0.4662299156188965
1414,0.3915574550628662
1415,0.005423686467111111
1416,0.4253740906715393
1417,0.48857760429382324
1418,0.004755076020956039
1419,0.4291490912437439
1420,0.34999901056289673
1421,-0.01721012033522129
1422,0.46032944321632385
1423,0.448406457901001
1424,0.020947614684700966
1425,0.4503888189792633
1426,0.46358591318130493
1427,0.017477039247751236
1428,0.4592258334159851
1429,0.42435675859451294
1430,0.010953004471957684
1431,0.48521238565444946
1432,0.39363428950309753
1433,0.034933850169181824
1434,0.4686795771121979
1435,0.42471423745155334
1436,0.01932796649634838
1437,0.48944637179374695
1438,0.40131670236587524
1439,0.05536513403058052
1440,0.455245703458786
1441,0.40252581238746643
1442,0.0011183033930137753
1443,0.4226388931274414
1444,0.33302614092826843
1445,-0.018468469381332397
1446,0.42247098684310913
1447,0.36660078167915344
1448,-0.035462912172079086
1449,0.42865949869155884
1450,0.3694148361682892
1451,-0.02576468139886856
1452,0.4181339740753174
1453,0.35941436886787415
1454,-0.04212579503655434
1455,0.42750534415245056
1456,0.28214773535728455
1457,-0.00842891726642847
1458,0.4412756860256195
1459,0.27549731731414795
1460,-0.010869264602661133
1461,0.45350518822669983
1462,0.27377140522003174
1463,-0.010728083550930023
1464,0.4637289345264435
1465,0.27501559257507324
1466,-0.007441926281899214
1467,0.4708440899848938
1468,0.2794528305530548
1469,-0.0020042029209434986
1470,0.475458562374115
1471,0.29854026436805725
1472,0.012272344902157784
1473,0.49761366844177246
1474,0.3259175717830658
1475,0.051783397793769836
1476,0.4691779911518097
1477,0.31522703170776367
1478,0.0069883158430457115
1479,0.4604673981666565
1480,0.31907349824905396
1481,0.0022154850885272026
1482,0.44938981533050537
1483,0.31930220127105713
1484,-0.0009004701860249043
1485,0.4388226866722107
1486,0.3166346549987793
1487,-0.0019522038055583835
1488,0.43060481548309326
1489,0.3129270672798157
1490,-0.002501563634723425
1491,0.42483851313591003
1492,0.30931007862091064
1493,-0.003006392391398549
1494,0.4975680410861969
1495,0.325003057718277
1496,0.0837949588894844
1497,0.4286535382270813
1498,0.37261930108070374
1499,-0.021259110420942307
1500,0.4164796769618988
1501,0.3362410068511963
1502,-0.031035251915454865
1503,0.41579172015190125
1504,0.3679056465625763
1505,-0.04187178239226341
1506,0.41143879294395447
1507,0.37377163767814636
1508,-0.03784527629613876
1509,0.4160943031311035
1510,0.3694744408130646
1511,-0.037576429545879364
1512,0.4263574779033661
1513,0.3765724003314972
1514,-0.0179436095058918
1515,0.40974926948547363
1516,0.37517333030700684
1517,-0.03997798636555672
1518,0.40939438343048096
1519,0.37740233540534973
1520,-0.02941317670047283
1521,0.42508745193481445
1522,0.29995423555374146
1523,0.0003836672112811357
1524,0.4201440215110779
1525,0.30316832661628723
1526,-0.0044585904106497765
1527,0.41736263036727905
1528,0.3053886890411377
1529,-0.010416445322334766
1530,0.4654577076435089
1531,0.29353833198547363
1532,0.00373039860278368
1533,0.4698495864868164
1534,0.28893858194351196
1535,0.003697303356602788
1536,0.0
1537,0.0
1538,0.0
1539,0.0
1540,0.0
1541,0.0
1542,0.0
1543,0.0
1544,0.0
1545,0.0
1546,0.0
1547,0.0
1548,0.0
1549,0.0
1550,0.0
1551,0.0
1552,0.0
1553,0.0
1554,0.0
1555,0.0
1556,0.0
1557,0.0
1558,0.0
1559,0.0
1560,0.0
1561,0.0
1562,0.0
1563,0.0
1564,0.0
1565,0.0
1566,0.0
1567,0.0
1568,0.0
1569,0.0
1570,0.0
1571,0.0
1572,0.0
1573,0.0
1574,0.0
1575,0.0
1576,0.0
1577,0.0
1578,0.0
1579,0.0
1580,0.0
1581,0.0
1582,0.0
1583,0.0
1584,0.0
1585,0.0
1586,0.0
1587,0.0
1588,0.0
1589,0.0
1590,0.0
1591,0.0
1592,0.0
1593,0.0
1594,0.0
1595,0.0
1596,0.0
1597,0.0
1598,0.0
1599,0.2066686600446701
1600,0.7172030210494995
1601,6.91348773784739e-08
1602,0.1867339313030243
1603,0.6456212401390076
1604,0.0004542036331258714
1605,0.17748965322971344
1606,0.5552480816841125
1607,-0.007614925503730774
1608,0.16592201590538025
1609,0.48577967286109924
1610,-0.0167668629437685
1611,0.14221154153347015
1612,0.445723295211792
1613,-0.02576318569481373
1614,0.18243654072284698
1615,0.5329725742340088
1616,-0.023469576612114906
1617,0.21346984803676605
1618,0.45627155900001526
1619,-0.04006318002939224
1620,0.23544751107692719
1621,0.41478657722473145
1622,-0.047863200306892395
1623,0.2552337646484375
1624,0.38130295276641846
1625,-0.05314643308520317
1626,0.20402681827545166
1627,0.5507252216339111
1628,-0.034089595079422
1629,0.2765333950519562
1630,0.4943516254425049
1631,-0.05595458298921585
1632,0.2781888544559479
1633,0.5312414765357971
1634,-0.055125340819358826
1635,0.2612593173980713
1636,0.5560663342475891
1637,-0.05146514251828194
1638,0.23125529289245605
1639,0.5758020281791687
1640,-0.04353226348757744
1641,0.2971687912940979
1642,0.5310895442962646
1643,-0.0601738840341568
1644,0.29134702682495117
1645,0.5627211332321167
1646,-0.047733139246702194
1647,0.27211055159568787
1648,0.5817872285842896
1649,-0.03717969357967377
1650,0.25842228531837463
1651,0.6054121255874634
1652,-0.052799712866544724
1653,0.3076326847076416
1654,0.5662655234336853
1655,-0.05789104849100113
1656,0.3010508418083191
1657,0.593903124332428
1658,-0.04536240175366402
1659,0.28328946232795715
1660,0.6121461987495422
1661,-0.035538557916879654
