,0
0,0.41387566924095154
1,0.349189817905426
2,-1.0409247875213623
3,0.9999741911888123
4,0.44110003113746643
5,0.2895115911960602
6,-0.962611973285675
7,0.9999341368675232
8,0.4579613208770752
9,0.2897867262363434
10,-0.9625990986824036
11,0.9999329447746277
12,0.4704674780368805
13,0.29059040546417236
14,-0.9624028205871582
15,0.9999213218688965
16,0.3871702253818512
17,0.2943572998046875
18,-0.9703488349914551
19,0.999944269657135
20,0.36983412504196167
21,0.2956187129020691
22,-0.9696426391601562
23,0.9999528527259827
24,0.3533409833908081
25,0.2983345091342926
26,-0.9698981046676636
27,0.999956488609314
28,0.4906083941459656
29,0.3208834230899811
30,-0.47846776247024536
31,0.99991375207901
32,0.33636361360549927
33,0.3301413655281067
34,-0.5015419721603394
35,0.9999547004699707
36,0.45214706659317017
37,0.4164944589138031
38,-0.8649380803108215
39,0.9999569654464722
40,0.38487935066223145
41,0.41880443692207336
42,-0.8714755773544312
43,0.9999552369117737
44,0.638584315776825
45,0.6925051808357239
46,-0.17990756034851074
47,0.9991629719734192
48,0.2155698984861374
49,0.6831788420677185
50,-0.33706754446029663
51,0.9996421337127686
52,0.7011008262634277
53,1.038711428642273
54,-0.23464806377887726
55,0.3742251396179199
56,0.13194264471530914
57,1.0450983047485352
58,-0.7817344069480896
59,0.8883193731307983
60,0.6759280562400818
61,1.4150017499923706
62,-0.7243165373802185
63,0.23383626341819763
64,0.22237296402454376
65,0.999829113483429
66,-1.7847421169281006
67,0.9466994404792786
68,0.6687027215957642
69,1.5111701488494873
70,-0.8453389406204224
71,0.32504957914352417
72,0.23372817039489746
73,0.919374406337738
74,-1.9914343357086182
75,0.9383829236030579
76,0.6294993162155151
77,1.4741451740264893
78,-0.8860500454902649
79,0.4375911355018616
80,0.23546552658081055
81,0.8644472360610962
82,-1.9961745738983154
83,0.9503529071807861
84,0.6216191649436951
85,1.4395967721939087
86,-0.7607145309448242
87,0.44192636013031006
88,0.24715960025787354
89,0.8694730401039124
90,-1.8132684230804443
91,0.9429997801780701
92,0.560253381729126
93,1.4526008367538452
94,-0.030561676248908043
95,0.0008515349472872913
96,0.26697877049446106
97,1.447997808456421
98,0.03565650433301926
99,0.0010458085453137755
100,0.5310018062591553
101,2.0984127521514893
102,-0.021689273416996002
103,0.0004047726688440889
104,0.2672852575778961
105,2.0976953506469727
106,-0.016419731080532074
107,0.00024355610366910696
108,0.5122858881950378
109,2.6673808097839355
110,0.635821521282196
111,9.189963020617142e-05
112,0.264503538608551
113,2.666508674621582
114,0.32694464921951294
115,6.641880190727534e-06
116,0.5177052617073059
117,2.749126434326172
118,0.6590210199356079
119,5.1963066653115675e-05
120,0.25946739315986633
121,2.7442963123321533
122,0.33825239539146423
123,1.4345548152050469e-05
124,0.46681880950927734
125,2.837493658065796
126,-0.0003469603252597153
127,3.98677984776441e-05
128,0.2881675958633423
129,2.853224754333496
130,-0.2861408591270447
131,2.7140027668792754e-05
132,0.4112180769443512
133,0.41433361172676086
134,-0.02106660045683384
135,0.40966537594795227
136,0.3716171085834503
137,-0.045290227979421616
138,0.4106560945510864
139,0.3834437429904938
140,-0.022442294284701347
141,0.4030458331108093
142,0.33167752623558044
143,-0.0360238179564476
144,0.4095304608345032
145,0.3593939244747162
146,-0.04882599785923958
147,0.40977755188941956
148,0.34323155879974365
149,-0.046407341957092285
150,0.41080108284950256
151,0.3042559027671814
152,-0.02639954909682274
153,0.35346919298171997
154,0.29889005422592163
155,0.009429926984012127
156,0.4113044738769531
157,0.27751624584198
158,-0.023024218156933784
159,0.41147151589393616
160,0.26200416684150696
161,-0.026115072891116142
162,0.4122154116630554
163,0.20035991072654724
164,-0.0208175927400589
165,0.41134005784988403
166,0.4206658601760864
167,-0.01955937221646309
168,0.4115050435066223
169,0.42505040764808655
170,-0.016414692625403404
171,0.4117312431335449
172,0.4264267086982727
173,-0.012351416982710361
174,0.411895751953125
175,0.4302222430706024
176,-0.011351002380251884
177,0.41188350319862366
178,0.4358100891113281
179,-0.012426254339516163
180,0.41190651059150696
181,0.44269222021102905
182,-0.01377978827804327
183,0.41204333305358887
184,0.4499332010746002
185,-0.011991599574685097
186,0.4124084711074829
187,0.46061936020851135
188,-0.0027798565570265055
189,0.40994715690612793
190,0.3775118887424469
191,-0.040574029088020325
192,0.4023992121219635
193,0.3761417865753174
194,-0.028401993215084076
195,0.32827427983283997
196,0.2538437247276306
197,0.046324022114276886
198,0.3771119713783264
199,0.3099284768104553
200,0.0007153009064495564
201,0.3690381944179535
202,0.3108009994029999
203,0.0014956737868487835
204,0.36128175258636475
205,0.31025993824005127
206,0.003973221406340599
207,0.35087257623672485
208,0.3032591640949249
209,0.011075359769165516
210,0.3837834894657135
211,0.3070456087589264
212,0.001056973822414875
213,0.3657488226890564
214,0.2820517122745514
215,-0.0037845901679247618
216,0.3745621144771576
217,0.28289926052093506
218,-0.004154687747359276
219,0.3577207624912262
220,0.2834649384021759
221,-0.00071006576763466
222,0.352449506521225
223,0.28688591718673706
224,0.0030127486679702997
225,0.3450136184692383
226,0.3112625479698181
227,0.015977809205651283
228,0.3816838264465332
229,0.47569674253463745
230,0.010586246848106384
231,0.3505573272705078
232,0.2957788407802582
233,0.012032367289066315
234,0.32453083992004395
235,0.3046606481075287
236,0.0540509857237339
237,0.3365671932697296
238,0.30342382192611694
239,0.02408791147172451
240,0.3702109456062317
241,0.3599536716938019
242,-0.0038667561020702124
243,0.40056943893432617
244,0.4118834137916565
245,-0.019740287214517593
246,0.4023630917072296
247,0.4244937300682068
248,-0.014802110381424427
249,0.39007627964019775
250,0.41467466950416565
251,-0.013949660584330559
252,0.3835975229740143
253,0.418662428855896
254,-0.006676867138594389
255,0.39471298456192017
256,0.4243857264518738
257,-0.010865064337849617
258,0.38885679841041565
259,0.4247109591960907
260,-0.004303671885281801
261,0.3739522099494934
262,0.4358983039855957
263,0.009065275080502033
264,0.40267470479011536
265,0.37107908725738525
266,-0.04442999139428139
267,0.40142589807510376
268,0.35948124527931213
269,-0.04772485792636871
270,0.3402692377567291
271,0.275130033493042
272,0.004227587953209877
273,0.3865963816642761
274,0.32989171147346497
275,-0.007858509197831154
276,0.3835122883319855
277,0.36667218804359436
278,-0.022713473066687584
279,0.38305991888046265
280,0.3602524697780609
281,-0.02031463198363781
282,0.34724751114845276
283,0.35803136229515076
284,0.007750191725790501
285,0.40212029218673706
286,0.3443973958492279
287,-0.04342205077409744
288,0.3587028980255127
289,0.26454421877861023
290,-0.012103395536541939
291,0.34756895899772644
292,0.267591267824173
293,-0.00502031622454524
294,0.3348013758659363
295,0.23339122533798218
296,0.027682265266776085
297,0.39425405859947205
298,0.2752067446708679
299,-0.019904812797904015
300,0.38222527503967285
301,0.28635188937187195
302,-0.0015875108074396849
303,0.36770543456077576
304,0.4237537682056427
305,0.010433053597807884
306,0.3347107172012329
307,0.4130077064037323
308,0.08571343123912811
309,0.38970011472702026
310,0.3731704652309418
311,-0.019092371687293053
312,0.3968549072742462
313,0.37744441628456116
314,-0.02005232684314251
315,0.3760118782520294
316,0.42499715089797974
317,0.009396247565746307
318,0.3799569606781006
319,0.42454972863197327
320,0.006802269723266363
321,0.3433859348297119
322,0.25944697856903076
323,-0.0013363257749006152
324,0.38341110944747925
325,0.371793657541275
326,-0.017591215670108795
327,0.37401342391967773
328,0.26631784439086914
329,-0.01734938472509384
330,0.3724585771560669
331,0.2563277781009674
332,-0.01993636228144169
333,0.3652188777923584
334,0.2062905728816986
335,-0.007952794432640076
336,0.33927521109580994
337,0.24575796723365784
338,0.011015289463102818
339,0.36968836188316345
340,0.23012268543243408
341,-0.014565681107342243
342,0.33599692583084106
343,0.269543319940567
344,0.011244368739426136
345,0.33210548758506775
346,0.2621142864227295
347,0.027720168232917786
348,0.4013522267341614
349,0.41939789056777954
350,-0.018233340233564377
351,0.3926829695701599
352,0.4206715226173401
353,-0.012746239081025124
354,0.38624775409698486
355,0.4219411313533783
356,-0.006154871080070734
357,0.3919621706008911
358,0.37550243735313416
359,-0.017475448548793793
360,0.3779747486114502
361,0.4249889850616455
362,0.007962020114064217
363,0.38161927461624146
364,0.42819643020629883
365,0.0027640226762741804
366,0.3810183107852936
367,0.42380329966545105
368,0.006451664492487907
369,0.39391762018203735
370,0.36954039335250854
371,-0.03158523142337799
372,0.39070484042167664
373,0.42388916015625
374,-0.00290816742926836
375,0.39664793014526367
376,0.4247623682022095
377,-0.007373554166406393
378,0.40366730093955994
379,0.42573025822639465
380,-0.01098792813718319
381,0.4008808434009552
382,0.4596923887729645
383,-0.001960528315976262
384,0.4011366367340088
385,0.4484991133213043
386,-0.011020898818969727
387,0.40160876512527466
388,0.44105130434036255
389,-0.012563066557049751
390,0.4023389220237732
391,0.4341122806072235
392,-0.011074967682361603
393,0.40319105982780457
394,0.42951634526252747
395,-0.009924470447003841
396,0.3894689381122589
397,0.42697596549987793
398,-0.0020038490183651447
399,0.3880919814109802
400,0.42871126532554626
401,-0.0032249526120722294
402,0.3860984444618225
403,0.43214428424835205
404,-0.003936970606446266
405,0.38444390892982483
406,0.4362497627735138
407,-0.0019386339699849486
408,0.3765617907047272
409,0.4037970304489136
410,-0.004596859682351351
411,0.3264627456665039
412,0.3551047146320343
413,0.09373555332422256
414,0.41027507185935974
415,0.3796307444572449
416,-0.02877243235707283
417,0.3855822682380676
418,0.425972044467926
419,0.0030633958522230387
420,0.38372379541397095
421,0.42670655250549316
422,0.002382114063948393
423,0.3997625410556793
424,0.3831678032875061
425,-0.019934948533773422
426,0.3866557776927948
427,0.37921494245529175
428,-0.011044795624911785
429,0.39835357666015625
430,0.3804018497467041
431,-0.020281881093978882
432,0.37827497720718384
433,0.3365967273712158
434,-0.003931765910238028
435,0.3654039800167084
436,0.34455180168151855
437,-0.000592054333537817
438,0.381931334733963
439,0.365433931350708
440,-0.015087763778865337
441,0.34635841846466064
442,0.2171587347984314
443,0.008639530278742313
444,0.35114970803260803
445,0.23456761240959167
446,-0.0025744957383722067
447,0.3559127748012543
448,0.25458431243896484
449,-0.011234628036618233
450,0.3810039758682251
451,0.44478484988212585
452,0.005017566028982401
453,0.3915564715862274
454,0.2596686780452728
455,-0.024570846930146217
456,0.3892112672328949
457,0.22947266697883606
458,-0.021654341369867325
459,0.38647329807281494
460,0.20127521455287933
461,-0.017729124054312706
462,0.35462790727615356
463,0.3078816831111908
464,0.007739179767668247
465,0.33692827820777893
466,0.3197835683822632
467,0.021610943600535393
468,0.38800323009490967
469,0.3040415644645691
470,0.0018888601334765553
471,0.34413716197013855
472,0.2895983159542084
473,0.010579912923276424
474,0.3922974169254303
475,0.3224165439605713
476,-0.011673897504806519
477,0.3884184658527374
478,0.3625134229660034
479,-0.031617164611816406
480,0.3292580544948578
481,0.32745039463043213
482,0.03199063986539841
483,0.34197336435317993
484,0.32838326692581177
485,0.014488562010228634
486,0.351986825466156
487,0.33321183919906616
488,0.006692973431199789
489,0.3671616017818451
490,0.33137986063957214
491,0.002091302303597331
492,0.37830236554145813
493,0.32644468545913696
494,-0.0004940694780088961
495,0.38662058115005493
496,0.32094767689704895
497,-0.003598238341510296
498,0.40291622281074524
499,0.3072546124458313
500,-0.022601865231990814
501,0.3302708864212036
502,0.3522946834564209
503,0.03145875781774521
504,0.337965190410614
505,0.28795126080513
506,0.014484118670225143
507,0.40574976801872253
508,0.37700381875038147
509,-0.039909910410642624
510,0.3867585062980652
511,0.34172961115837097
512,-0.010539781302213669
513,0.32423830032348633
514,0.30303168296813965
515,0.08255675435066223
516,0.39277544617652893
517,0.31478360295295715
518,-0.005674391519278288
519,0.3815186619758606
520,0.36598703265190125
521,-0.006240262184292078
522,0.348315566778183
523,0.29681605100631714
524,0.01380071509629488
525,0.3881493806838989
526,0.35476136207580566
527,-0.028732486069202423
528,0.3291167616844177
529,0.3833101987838745
530,0.0919908881187439
531,0.3878871500492096
532,0.2994841933250427
533,0.003782658837735653
534,0.3949790894985199
535,0.3483802080154419
536,-0.037741295993328094
537,0.34920620918273926
538,0.4440279006958008
539,0.04203050956130028
540,0.35108307003974915
541,0.4559953510761261
542,0.05810113623738289
543,0.3246265947818756
544,0.35420364141464233
545,0.06249719113111496
546,0.33995363116264343
547,0.42697563767433167
548,0.05170987546443939
549,0.32824409008026123
550,0.28147366642951965
551,0.04312899336218834
552,0.38056859374046326
553,0.487155944108963
554,0.016496967524290085
555,0.4069324731826782
556,0.37911394238471985
557,-0.028145095333456993
558,0.3796645402908325
559,0.35040825605392456
560,-0.006516067311167717
561,0.33051201701164246
562,0.30535098910331726
563,0.03294537961483002
564,0.3616015613079071
565,0.30292659997940063
566,0.004419020377099514
567,0.3687523901462555
568,0.3040193021297455
569,0.002190912375226617
570,0.37949803471565247
571,0.43029841780662537
572,0.00451070349663496
573,0.33213478326797485
574,0.37601539492607117
575,0.03623537719249725
576,0.3956925570964813
577,0.5038623809814453
578,0.019363461062312126
579,0.3721611499786377
580,0.4851541519165039
581,0.03624352440237999
582,0.36235764622688293
583,0.47300392389297485
584,0.04588453099131584
585,0.41186434030532837
586,0.230060875415802
587,-0.024083150550723076
588,0.41281694173812866
589,0.5068373680114746
590,0.016507292166352272
591,0.37566813826560974
592,0.3033730089664459
593,0.001538393902592361
594,0.382060706615448
595,0.3016261160373688
596,0.0023316487204283476
597,0.3860352039337158
598,0.30053624510765076
599,0.003807440400123596
600,0.33295589685440063
601,0.28528130054473877
602,0.023026300594210625
603,0.3809264004230499
604,0.2912214398384094
605,0.0005669411038979888
606,0.37392565608024597
607,0.287891149520874
608,-0.0009389233309775591
609,0.36667099595069885
610,0.2870401442050934
611,-0.00034237411455251276
612,0.35936835408210754
613,0.2887319028377533
614,0.0020149266347289085
615,0.3549434542655945
616,0.29174795746803284
617,0.00511548575013876
618,0.32505619525909424
619,0.27564796805381775
620,0.06616310775279999
621,0.3567544221878052
622,0.30099427700042725
623,0.007118687499314547
624,0.41091102361679077
625,0.3933025002479553
626,-0.019960088655352592
627,0.3833993375301361
628,0.39695659279823303
629,-0.010194518603384495
630,0.3894253671169281
631,0.3713340163230896
632,-0.02270248346030712
633,0.39922139048576355
634,0.3941560983657837
635,-0.018879050388932228
636,0.4111890494823456
637,0.290305495262146
638,-0.021303914487361908
639,0.35950779914855957
640,0.4606935381889343
641,0.034353889524936676
642,0.3696031868457794
643,0.47385135293006897
644,0.026038313284516335
645,0.39471951127052307
646,0.49680015444755554
647,0.008082232438027859
648,0.34239161014556885
649,0.43735021352767944
650,0.07290720194578171
651,0.3857124149799347
652,0.2961398661136627
653,0.0023780043702572584
654,0.397195041179657
655,0.3260928988456726
656,-0.02352554351091385
657,0.41254451870918274
658,0.4996722936630249
659,0.005588713567703962
660,0.3828383684158325
661,0.49605196714401245
662,0.026147859171032906
663,0.3274500072002411
664,0.38016825914382935
665,0.06335439532995224
666,0.39565980434417725
667,0.4282156825065613
668,-0.006352144759148359
669,0.3942726254463196
670,0.43155163526535034
671,-0.007674794178456068
672,0.39284631609916687
673,0.43684864044189453
674,-0.008517523296177387
675,0.39176440238952637
676,0.44348740577697754
677,-0.006741425953805447
678,0.38965076208114624
679,0.4532807171344757
680,0.0005899093230254948
681,0.38353604078292847
682,0.42441704869270325
683,0.00154876708984375
684,0.3809483051300049
685,0.42334532737731934
686,0.0015891300281509757
687,0.3785284757614136
688,0.4214111268520355
689,0.001430000178515911
690,0.37069374322891235
691,0.41289836168289185
692,0.0027624920476228
693,0.34177809953689575
694,0.38320931792259216
695,0.018935052677989006
696,0.39775121212005615
697,0.31408828496932983
698,-0.016513751819729805
699,0.39418497681617737
700,0.2923847436904907
701,-0.0032674844842404127
702,0.3891955614089966
703,0.29380494356155396
704,0.0002337701735086739
705,0.3855992555618286
706,0.42290687561035156
707,0.002457178896293044
708,0.3418929874897003
709,0.41125649213790894
710,0.034086596220731735
711,0.40080520510673523
712,0.29217252135276794
713,-0.01475598756223917
714,0.3854461908340454
715,0.4640505015850067
716,0.0061964369378983974
717,0.41013023257255554
718,0.32987815141677856
719,-0.03931361064314842
720,0.40280041098594666
721,0.32006871700286865
722,-0.030209721997380257
723,0.410475492477417
724,0.31749942898750305
725,-0.032578252255916595
726,0.39109912514686584
727,0.3445596992969513
728,-0.021868295967578888
729,0.41240981221199036
730,0.48808276653289795
731,-0.0001945798721862957
732,0.4124007523059845
733,0.4734281301498413
734,-0.001345198368653655
735,0.3982907235622406
736,0.4718385338783264
737,0.000865682668518275
738,0.3669653534889221
739,0.4398689568042755
740,0.014515575021505356
741,0.37532365322113037
742,0.37574779987335205
743,-0.0033931222278624773
744,0.3754023313522339
745,0.45347148180007935
746,0.010995960794389248
747,0.3579884171485901
748,0.37393203377723694
749,0.0010646041482686996
750,0.3684699833393097
751,0.3878520131111145
752,-0.0004224021977279335
753,0.3517920970916748
754,0.3928016424179077
755,0.009734037332236767
756,0.395602822303772
757,0.4856182932853699
758,0.002621965017169714
759,0.3862192928791046
760,0.3509097397327423
761,-0.01501419860869646
762,0.3609209656715393
763,0.4483115077018738
764,0.02347409725189209
765,0.37127673625946045
766,0.462650865316391
767,0.018376745283603668
768,0.3603454828262329
769,0.42449599504470825
770,0.014569636434316635
771,0.33479180932044983
772,0.3960914611816406
773,0.0408257320523262
774,0.35129910707473755
775,0.42537248134613037
776,0.023413535207509995
777,0.3319791555404663
778,0.4042782187461853
779,0.06157177314162254
780,0.3626134693622589
781,0.40323448181152344
782,0.004997994750738144
783,0.3920973241329193
784,0.33373498916625977
785,-0.016532987356185913
786,0.39111754298210144
787,0.36769533157348633
788,-0.03339964896440506
789,0.38599929213523865
790,0.37046730518341064
791,-0.023591334000229836
792,0.39450812339782715
793,0.3603675961494446
794,-0.04011061042547226
795,0.38781502842903137
796,0.2835018038749695
797,-0.0064333099871873856
798,0.37464281916618347
799,0.277482271194458
800,-0.008186601102352142
801,0.36304524540901184
802,0.2759248912334442
803,-0.0072416155599057674
804,0.3535110354423523
805,0.2771592140197754
806,-0.003200084902346134
807,0.34712517261505127
808,0.2814362943172455
809,0.0025385466869920492
810,0.34333336353302
811,0.3001178801059723
812,0.017475681379437447
813,0.32343000173568726
814,0.32916274666786194
815,0.05887558311223984
816,0.3491842448711395
817,0.31651580333709717
818,0.011914377100765705
819,0.35732531547546387
820,0.3202609717845917
821,0.006629441864788532
822,0.3679066002368927
823,0.32026466727256775
824,0.002853790298104286
825,0.37797680497169495
826,0.31752586364746094
827,0.000972280977293849
828,0.3857671618461609
829,0.31366392970085144
830,-0.00011793768499046564
831,0.3910973072052002
832,0.30986979603767395
833,-0.0010184476850554347
834,0.3253782093524933
835,0.3288988769054413
836,0.09096242487430573
837,0.38643765449523926
838,0.37357935309410095
839,-0.019127707928419113
840,0.3967099189758301
841,0.33695533871650696
842,-0.029383299872279167
843,0.3968760073184967
844,0.3688236176967621
845,-0.040183741599321365
846,0.4018286466598511
847,0.37459638714790344
848,-0.03644658252596855
849,0.3971099853515625
850,0.37042105197906494
851,-0.03586665540933609
852,0.3890157639980316
853,0.37732982635498047
854,-0.01605362817645073
855,0.403247207403183
856,0.3759150505065918
857,-0.0386928915977478
858,0.40425994992256165
859,0.37816551327705383
860,-0.028256012126803398
861,0.39068740606307983
862,0.3006196618080139
863,0.0023706925567239523
864,0.3952710032463074
865,0.3036833107471466
866,-0.0028731049969792366
867,0.3975101709365845
868,0.3058525323867798
869,-0.008977037854492664
870,0.35243529081344604
871,0.2939812242984772
872,0.008187205530703068
873,0.34858936071395874
874,0.2906927764415741
875,0.008384162560105324
876,0.4175582528114319
877,0.33182400465011597
878,-0.036495231091976166
879,0.4725695252418518
880,0.3007507026195526
881,0.006002526264637709
882,0.4183753728866577
883,0.37623706459999084
884,-0.02876618690788746
885,0.501828134059906
886,0.255288302898407
887,0.04102000966668129
888,0.44790947437286377
889,0.3110167682170868
890,-0.0015717309433966875
891,0.4562743902206421
892,0.3121089041233063
893,-0.0011855567572638392
894,0.46438050270080566
895,0.311725378036499
896,0.0008096263627521694
897,0.4754210114479065
898,0.30507349967956543
899,0.007416819222271442
900,0.44089558720588684
901,0.30794405937194824
902,-0.0007654062937945127
903,0.45966246724128723
904,0.2836005687713623
905,-0.0065653156489133835
906,0.4506102502346039
907,0.2840772569179535
908,-0.0064116353169083595
909,0.4679250717163086
910,0.2852488160133362
911,-0.0039177872240543365
912,0.4734577536582947
913,0.2888440489768982
914,-0.0004601803084369749
915,0.48161986470222473
916,0.3129214346408844
917,0.011941514909267426
918,0.44406038522720337
919,0.4767703413963318
920,0.008987441658973694
921,0.47566676139831543
922,0.29778316617012024
923,0.008406982757151127
924,0.5050333738327026
925,0.3062995672225952
926,0.048598144203424454
927,0.4908129870891571
928,0.3050919771194458
929,0.019602593034505844
930,0.4541061222553253
931,0.36072009801864624
932,-0.006116727367043495
933,0.4220649003982544
934,0.41187620162963867
935,-0.020261038094758987
936,0.4209899604320526
937,0.4244285821914673
938,-0.015309318900108337
939,0.43339261412620544
940,0.41465118527412415
941,-0.01501382701098919
942,0.44069886207580566
943,0.41845273971557617
944,-0.008181770332157612
945,0.42919647693634033
946,0.4242688715457916
947,-0.0118824802339077
948,0.4356067180633545
949,0.4244651794433594
950,-0.0056161400862038136
951,0.45165330171585083
952,0.43607422709465027
953,0.0069832392036914825
954,0.4168585538864136
955,0.3711359202861786
956,-0.04471490904688835
957,0.41793718934059143
958,0.35961952805519104
959,-0.04803907498717308
960,0.4861830174922943
961,0.27723249793052673
962,2.383258288318757e-05
963,0.43715009093284607
964,0.3304910957813263
965,-0.009292980656027794
966,0.4382167160511017
967,0.3670991063117981
968,-0.023978767916560173
969,0.4390345811843872
970,0.36072784662246704
971,-0.021682951599359512
972,0.47864821553230286
973,0.3592442572116852
974,0.003965186886489391
975,0.4177342653274536
976,0.3445439040660858
977,-0.043872855603694916
978,0.46621572971343994
979,0.2664104402065277
980,-0.015149902552366257
981,0.47804704308509827
982,0.2696537673473358
983,-0.008801204152405262
984,0.49424707889556885
985,0.23469649255275726
986,0.02288956008851528
987,0.4290841221809387
988,0.2759109437465668
989,-0.020907139405608177
990,0.44280582666397095
991,0.28731000423431396
992,-0.003446251852437854
993,0.45784473419189453
994,0.4239457845687866
995,0.007914342917501926
996,0.49588948488235474
997,0.4152678847312927
998,0.08080104738473892
999,0.43206602334976196
1000,0.3735070824623108
1001,-0.020119693130254745
1002,0.424809068441391
1003,0.37761780619621277
1004,-0.02053084410727024
1005,0.4493723511695862
1006,0.42462974786758423
1007,0.007292049005627632
1008,0.44538140296936035
1009,0.42410993576049805
1010,0.005014903377741575
1011,0.48268410563468933
1012,0.2615746855735779
1013,-0.005301156081259251
1014,0.4387882649898529
1015,0.372189462184906
1016,-0.018891163170337677
1017,0.45014768838882446
1018,0.2677690088748932
1019,-0.01941368728876114
1020,0.4517514109611511
1021,0.25768381357192993
1022,-0.021991949528455734
1023,0.46076256036758423
1024,0.2070273607969284
1025,-0.010682814754545689
1026,0.48816585540771484
1027,0.24743624031543732
1028,0.00674371886998415
1029,0.4553411900997162
1030,0.23114603757858276
1031,-0.016981521621346474
1032,0.49111607670783997
1033,0.271494060754776
1034,0.006769747007638216
1035,0.49644702672958374
1036,0.26384827494621277
1037,0.02284831367433071
1038,0.4216867685317993
1039,0.4193611443042755
1040,-0.01876160316169262
1041,0.43104249238967896
1042,0.42061761021614075
1043,-0.013820006512105465
1044,0.43815335631370544
1045,0.4217089116573334
1046,-0.007540073711425066
1047,0.4299449920654297
1048,0.3757977783679962
1049,-0.018271012231707573
1050,0.44733673334121704
1051,0.42452695965766907
1052,0.006014691665768623
1053,0.4435981214046478
1054,0.42790618538856506
1055,0.0011668259976431727
1056,0.444338858127594
1057,0.4234981834888458
1058,0.004691236186772585
1059,0.42680487036705017
1060,0.3698064684867859
1061,-0.03247775509953499
1062,0.4340182840824127
1063,0.4235303997993469
1064,-0.0041100624948740005
1065,0.42759859561920166
1066,0.4246572256088257
1067,-0.008289242163300514
1068,0.42011889815330505
1069,0.42564401030540466
1070,-0.01148124597966671
1071,0.42409589886665344
1072,0.45986539125442505
1073,-0.0024642618373036385
1074,0.42320406436920166
1075,0.4485571086406708
1076,-0.011554816737771034
1077,0.4224894642829895
1078,0.44106435775756836
1079,-0.013099480420351028
1080,0.42166730761528015
1081,0.43413007259368896
1082,-0.011540818028151989
1083,0.42090317606925964
1084,0.4295096695423126
1085,-0.01037699542939663
1086,0.4354590177536011
1087,0.426747590303421
1088,-0.003160100197419524
1089,0.4367956221103668
1090,0.4284399151802063
1091,-0.004418220371007919
1092,0.43881216645240784
1093,0.43196243047714233
1094,-0.005135195795446634
1095,0.4405537545681
1096,0.43610864877700806
1097,-0.0032409292180091143
1098,0.4475334584712982
1099,0.40411463379859924
1100,-0.006340949330478907
1101,0.5048367977142334
1102,0.3569589853286743
1103,0.08804991096258163
1104,0.43962499499320984
1105,0.42567798495292664
1106,0.0015904594911262393
1107,0.44142651557922363
1108,0.426419734954834
1109,0.0008172467933036387
1110,0.42187151312828064
1111,0.3832482099533081
1112,-0.02045196108520031
1113,0.4359678328037262
1114,0.3795692026615143
1115,-0.012027873657643795
1116,0.4232492744922638
1117,0.3805442154407501
1118,-0.020780008286237717
1119,0.4460182189941406
1120,0.3373282849788666
1121,-0.005940070375800133
1122,0.4594675898551941
1123,0.345504492521286
1124,-0.0033115260303020477
1125,0.4405844211578369
1126,0.36590680480003357
1127,-0.01650432124733925
1128,0.4812175929546356
1129,0.21814168989658356
1130,0.004559472668915987
1131,0.47510281205177307
1132,0.23598316311836243
1133,-0.006058849394321442
1134,0.4691302180290222
1135,0.2564009726047516
1136,-0.01435475517064333
1137,0.4444931447505951
1138,0.4451024830341339
1139,0.00336615857668221
1140,0.43197932839393616
1141,0.26036569476127625
1142,-0.025631500408053398
1143,0.43498581647872925
1144,0.2300264835357666
1145,-0.022821759805083275
1146,0.4384824335575104
1147,0.20161350071430206
1148,-0.01914150081574917
1149,0.4714100956916809
1150,0.309527724981308
1151,0.004244869574904442
1152,0.49010753631591797
1153,0.32132193446159363
1154,0.017162293195724487
1155,0.43655622005462646
1156,0.30489593744277954
1157,0.0002841114182956517
1158,0.4824334383010864
1159,0.29156848788261414
1160,0.006555403117090464
1161,0.43102768063545227
1162,0.3228853940963745
1163,-0.012903193011879921
1164,0.43249934911727905
1165,0.36295992136001587
1166,-0.03266225755214691
1167,0.4984857738018036
1168,0.32911065220832825
1169,0.026947420090436935
1170,0.4843583106994629
1171,0.3298195004463196
1172,0.010367955081164837
1173,0.4737139642238617
1174,0.33434638381004333
1175,0.003078832756727934
1176,0.4579515755176544
1177,0.3323168158531189
1178,-0.0006660265498794615
1179,0.4463004767894745
1180,0.32720431685447693
1181,-0.0025357184931635857
1182,0.4375767409801483
1183,0.32164478302001953
1184,-0.005189328920096159
1185,0.41918879747390747
1186,0.3074653446674347
1187,-0.02313547022640705
1188,0.4971482753753662
1189,0.3539946973323822
1190,0.026568541303277016
1191,0.4891214370727539
1192,0.2898108959197998
1193,0.010079318657517433
1194,0.41431161761283875
1195,0.37699803709983826
1196,-0.04015693441033363
1197,0.43649914860725403
1198,0.34230202436447144
1199,-0.011833985336124897
1200,0.5071028470993042
1201,0.3045770823955536
1202,0.07674121111631393
1203,0.43102389574050903
1204,0.3153614401817322
1205,-0.0069036660715937614
1206,0.4415256679058075
1207,0.3664364814758301
1208,-0.007562485057860613
1209,0.4781078100204468
1210,0.29873889684677124
1211,0.009954502806067467
1212,0.4332044720649719
1213,0.35521483421325684
1214,-0.02980422042310238
1215,0.5019717216491699
1216,0.38537898659706116
1217,0.08672583848237991
1218,0.4368928074836731
1219,0.30043160915374756
1220,0.002143050078302622
1221,0.42555558681488037
1222,0.34867092967033386
1223,-0.03858620673418045
1224,0.478687584400177
1225,0.4461018741130829
1226,0.0383090116083622
1227,0.477895051240921
1228,0.4583313763141632
1229,0.054401375353336334
1230,0.5045578479766846
1231,0.3560742139816284
1232,0.057063061743974686
1233,0.48856112360954285
1234,0.42920178174972534
1235,0.0474628210067749
1236,0.5008971691131592
1237,0.28310269117355347
1238,0.03796837478876114
1239,0.44561830163002014
1240,0.48840126395225525
1241,0.014828787185251713
1242,0.4137091040611267
1243,0.37911757826805115
1244,-0.028309443965554237
1245,0.4441477656364441
1246,0.3509872257709503
1247,-0.008183988742530346
1248,0.49760621786117554
1249,0.3070595860481262
1250,0.028101596981287003
1251,0.4639096260070801
1252,0.3045310378074646
1253,0.0014030400197952986
1254,0.45650482177734375
1255,0.3054266571998596
1256,-0.0005024635465815663
1257,0.44577449560165405
1258,0.4299946129322052
1259,0.0027561024762690067
1260,0.49551981687545776
1261,0.3777196407318115
1262,0.0314510241150856
1263,0.4302636682987213
1264,0.5046098828315735
1265,0.018410563468933105
1266,0.4552609324455261
1267,0.4869508147239685
1268,0.033849406987428665
1269,0.4657939076423645
1270,0.4751955270767212
1271,0.04290933534502983
1272,0.44941312074661255
1273,0.3046152889728546
1274,-0.0008238611626438797
1275,0.4428325295448303
1276,0.3025442361831665
1277,0.0003549993853084743
1278,0.4388008713722229
1279,0.3014858067035675
1280,0.001984288450330496
1281,0.4948233962059021
1282,0.2869683504104614
1283,0.01829242892563343
1284,0.44421976804733276
1285,0.2923845946788788
1286,-0.0015402641147375107
1287,0.45152178406715393
1288,0.28927531838417053
1289,-0.0033724308013916016
1290,0.45893919467926025
1291,0.2886791527271271
1292,-0.0031146749388426542
1293,0.4663872718811035
1294,0.2906070053577423
1295,-0.0011282472405582666
1296,0.47095292806625366
1297,0.2936643958091736
1298,0.0017419358482584357
1299,0.5057463645935059
1300,0.27718931436538696
1301,0.06057427078485489
1302,0.46899378299713135
1303,0.3027673363685608
1304,0.0038637612015008926
1305,0.4398634433746338
1306,0.39726722240448
1307,-0.011566567234694958
1308,0.4320337474346161
1309,0.3716375529766083
1310,-0.0236204881221056
1311,0.4230267405509949
1312,0.3942214846611023
1313,-0.019430899992585182
1314,0.467887818813324
1315,0.46256354451179504
1316,0.031403932720422745
1317,0.4572215974330902
1318,0.47557657957077026
1319,0.023719102144241333
1320,0.43066850304603577
1321,0.49749505519866943
1322,0.007146534975618124
1323,0.4873860478401184
1324,0.43974992632865906
1325,0.06849151849746704
1326,0.43910911679267883
1327,0.297126829624176
1328,0.0005412304308265448
1329,0.4248221814632416
1330,0.32647278904914856
1331,-0.024308450520038605
1332,0.44377779960632324
1333,0.49731510877609253
1334,0.02435428835451603
1335,0.5016550421714783
1336,0.38219451904296875
1337,0.05819898471236229
1338,0.4287770986557007
1339,0.428096741437912
1340,-0.007267514243721962
1341,0.43017587065696716
1342,0.4314495921134949
1343,-0.008550185710191727
1344,0.43164438009262085
1345,0.43672341108322144
1346,-0.0094794612377882
1347,0.43287530541419983
1348,0.44343116879463196
1349,-0.007764849346131086
1350,0.43559128046035767
1351,0.45356643199920654
1352,-0.0005659051239490509
1353,0.44149118661880493
1354,0.42407387495040894
1355,-9.32453476707451e-05
1356,0.44399842619895935
1357,0.4230377972126007
1358,-0.00027483771555125713
1359,0.44643181562423706
1360,0.4211618900299072
1361,-0.00048727370449341834
1362,0.4541519582271576
1363,0.4131332039833069
1364,0.0005254267598502338
1365,0.48486894369125366
1366,0.3847096860408783
1367,0.01488492451608181
1368,0.4249683618545532
1369,0.31446516513824463
1370,-0.017423858866095543
1371,0.4299243986606598
1372,0.29312676191329956
1373,-0.004396016243845224
1374,0.43538764119148254
1375,0.29464197158813477
1376,-0.001265473896637559
1377,0.4394671320915222
1378,0.4226030707359314
1379,0.0008816666668280959
1380,0.4855516254901886
1381,0.41299888491630554
1382,0.030032651498913765
1383,0.42224594950675964
1384,0.2926013767719269
1385,-0.01537531241774559
1386,0.440078467130661
1387,0.4647015929222107
1388,0.004876773338764906
1389,0.4185143709182739
1390,0.32026219367980957
1391,-0.03064313717186451
1392,0.43095338344573975
1393,0.34498757123947144
1394,-0.02286817878484726
1395,0.4268157482147217
1396,0.47223591804504395
1397,0.00016687842435203493
1398,0.4589958190917969
1399,0.44076740741729736
1400,0.012145943008363247
1401,0.44842594861984253
1402,0.37630322575569153
1403,-0.0051607103087008
1404,0.45049965381622314
1405,0.45433157682418823
1406,0.009124788455665112
1407,0.46717357635498047
1408,0.3749752342700958
1409,-0.0019347473280504346
1410,0.45601120591163635
1411,0.38856029510498047
1412,-0.002698685508221388
1413,0.4741210341453552
1414,0.39402663707733154
1415,0.006354205310344696
1416,0.42952534556388855
1417,0.4862276315689087
1418,0.0017050857422873378
1419,0.436408668756485
1420,0.35143333673477173
1421,-0.01624874211847782
1422,0.4656694531440735
1423,0.4497024416923523
1424,0.020711030811071396
1425,0.4550434648990631
1426,0.46400725841522217
1427,0.01623847708106041
1428,0.4655691385269165
1429,0.42533689737319946
1430,0.011620456352829933
1431,0.4930887222290039
1432,0.3979954719543457
1433,0.036338310688734055
1434,0.47543442249298096
1435,0.4268847405910492
1436,0.0199129655957222
1437,0.497069776058197
1438,0.4064754247665405
1439,0.05671427398920059
1440,0.4625476002693176
1441,0.4039645493030548
1442,0.00222718040458858
1443,0.43052858114242554
1444,0.33418411016464233
1445,-0.0176540557295084
1446,0.4295666813850403
1447,0.3680230677127838
1448,-0.03439301997423172
1449,0.43561041355133057
1450,0.37089625000953674
1451,-0.024679770693182945
1452,0.42558223009109497
1453,0.3606942296028137
1454,-0.04100605472922325
1455,0.43653568625450134
1456,0.28443416953086853
1457,-0.007899769581854343
1458,0.45011845231056213
1459,0.27882030606269836
1460,-0.010275548323988914
1461,0.4619992673397064
1462,0.2776341438293457
1463,-0.010037818923592567
1464,0.4719436466693878
1465,0.27905264496803284
1466,-0.006696439813822508
1467,0.4789194166660309
1468,0.28340721130371094
1469,-0.0012610240373760462
1470,0.483611524105072
1471,0.3019222617149353
1472,0.013302688486874104
1473,0.5059590339660645
1474,0.3309372663497925
1475,0.0532972551882267
1476,0.4770424962043762
1477,0.31801116466522217
1478,0.008129850961267948
1479,0.4683528244495392
1480,0.32154539227485657
1481,0.0033343289978802204
1482,0.457356333732605
1483,0.32140088081359863
1484,0.00011920980614377186
1485,0.4468460977077484
1486,0.3184124827384949
1487,-0.001143435132689774
1488,0.43878161907196045
1489,0.31442147493362427
1490,-0.0017738206079229712
1491,0.43318384885787964
1492,0.3105613589286804
1493,-0.0023803983349353075
1494,0.5061163902282715
1495,0.3305058181285858
1496,0.08515816181898117
1497,0.43554383516311646
1498,0.37395888566970825
1499,-0.020212069153785706
1500,0.4244818389415741
1501,0.33724644780158997
1502,-0.03019692376255989
1503,0.42312783002853394
1504,0.3690524697303772
1505,-0.040829841047525406
1506,0.4186045825481415
1507,0.3746511936187744
1508,-0.03684068098664284
1509,0.42330631613731384
1510,0.37060725688934326
1511,-0.03653556481003761
1512,0.43320685625076294
1513,0.3777271509170532
1514,-0.016993656754493713
1515,0.41697776317596436
1516,0.37599554657936096
1517,-0.03897774964570999
1518,0.4164566397666931
1519,0.37818264961242676
1520,-0.0285078976303339
1521,0.4338121712207794
1522,0.30143094062805176
1523,0.0008975891396403313
1524,0.42873769998550415
1525,0.3043176531791687
1526,-0.003930799197405577
1527,0.4259817898273468
1528,0.30635160207748413
1529,-0.009842976927757263
1530,0.47361260652542114
1531,0.2959814667701721
1532,0.004651295021176338
1533,0.47767239809036255
1534,0.2926178574562073
1535,0.0045953793451189995
1536,0.0
1537,0.0
1538,0.0
1539,0.0
1540,0.0
1541,0.0
1542,0.0
1543,0.0
1544,0.0
1545,0.0
1546,0.0
1547,0.0
1548,0.0
1549,0.0
1550,0.0
1551,0.0
1552,0.0
1553,0.0
1554,0.0
1555,0.0
1556,0.0
1557,0.0
1558,0.0
1559,0.0
1560,0.0
1561,0.0
1562,0.0
1563,0.0
1564,0.0
1565,0.0
1566,0.0
1567,0.0
1568,0.0
1569,0.0
1570,0.0
1571,0.0
1572,0.0
1573,0.0
1574,0.0
1575,0.0
1576,0.0
1577,0.0
1578,0.0
1579,0.0
1580,0.0
1581,0.0
1582,0.0
1583,0.0
1584,0.0
1585,0.0
1586,0.0
1587,0.0
1588,0.0
1589,0.0
1590,0.0
1591,0.0
1592,0.0
1593,0.0
1594,0.0
1595,0.0
1596,0.0
1597,0.0
1598,0.0
1599,0.0
1600,0.0
1601,0.0
1602,0.0
1603,0.0
1604,0.0
1605,0.0
1606,0.0
1607,0.0
1608,0.0
1609,0.0
1610,0.0
1611,0.0
1612,0.0
1613,0.0
1614,0.0
1615,0.0
1616,0.0
1617,0.0
1618,0.0
1619,0.0
1620,0.0
1621,0.0
1622,0.0
1623,0.0
1624,0.0
1625,0.0
1626,0.0
1627,0.0
1628,0.0
1629,0.0
1630,0.0
1631,0.0
1632,0.0
1633,0.0
1634,0.0
1635,0.0
1636,0.0
1637,0.0
1638,0.0
1639,0.0
1640,0.0
1641,0.0
1642,0.0
1643,0.0
1644,0.0
1645,0.0
1646,0.0
1647,0.0
1648,0.0
1649,0.0
1650,0.0
1651,0.0
1652,0.0
1653,0.0
1654,0.0
1655,0.0
1656,0.0
1657,0.0
1658,0.0
1659,0.0
1660,0.0
1661,0.0
