,0
0,0.4308067858219147
1,0.35657447576522827
2,-0.8461640477180481
3,0.9999793171882629
4,0.4587949812412262
5,0.2951141595840454
6,-0.7891581058502197
7,0.999947726726532
8,0.47370782494544983
9,0.2961941659450531
10,-0.7889096736907959
11,0.999945342540741
12,0.48560667037963867
13,0.29734092950820923
14,-0.7886757254600525
15,0.9999343156814575
16,0.40625128149986267
17,0.2980862855911255
18,-0.784703254699707
19,0.9999558329582214
20,0.38914617896080017
21,0.2983587980270386
22,-0.7841185927391052
23,0.9999615550041199
24,0.37319761514663696
25,0.29905375838279724
26,-0.7841295599937439
27,0.9999646544456482
28,0.5069119930267334
29,0.32916897535324097
30,-0.4077550768852234
31,0.9999274015426636
32,0.35258927941322327
33,0.32899215817451477
34,-0.3713400959968567
35,0.9999637603759766
36,0.46304774284362793
37,0.4233085811138153
38,-0.7101671099662781
39,0.999966561794281
40,0.39842185378074646
41,0.4276754558086395
42,-0.6993149518966675
43,0.9999677538871765
44,0.6452181935310364
45,0.6837008595466614
46,-0.1800953596830368
47,0.9992673993110657
48,0.24963104724884033
49,0.6622238159179688
50,-0.2686786949634552
51,0.9997552633285522
52,0.7294057607650757
53,1.0308377742767334
54,-0.1159265860915184
55,0.374059796333313
56,0.13995583355426788
57,1.0333834886550903
58,-0.748653769493103
59,0.9009242653846741
60,0.7590079307556152
61,1.4302164316177368
62,-0.37471091747283936
63,0.25935977697372437
64,0.24639490246772766
65,0.6592317223548889
66,-1.619694471359253
67,0.920181393623352
68,0.7910094857215881
69,1.531502366065979
70,-0.4527820646762848
71,0.34212037920951843
72,0.26409822702407837
73,0.5375500917434692
74,-1.806147575378418
75,0.9128057956695557
76,0.7527255415916443
77,1.5194315910339355
78,-0.501250684261322
79,0.4495619237422943
80,0.2673950493335724
81,0.5067362785339355
82,-1.763790488243103
83,0.9190025329589844
84,0.7260395884513855
85,1.484323263168335
86,-0.4126271605491638
87,0.4578879475593567
88,0.2743080258369446
89,0.5460633635520935
90,-1.6290674209594727
91,0.9149479866027832
92,0.5756043791770935
93,1.4282509088516235
94,-0.04158396273851395
95,0.0009805852314457297
96,0.29091718792915344
97,1.423539400100708
98,0.0459255650639534
99,0.0011785938404500484
100,0.5419601798057556
101,2.0607221126556396
102,-0.12829318642616272
103,0.00039159227162599564
104,0.2910166382789612
105,2.0645182132720947
106,0.023937243968248367
107,0.0002387089771218598
108,0.5201780200004578
109,2.6281278133392334
110,0.4132270812988281
111,0.00010583778930595145
112,0.2831430435180664
113,2.6255619525909424
114,0.37210339307785034
115,6.5858548623509705e-06
116,0.52506422996521
117,2.7046890258789062
118,0.4294562339782715
119,6.541411130456254e-05
120,0.27706968784332275
121,2.697857618331909
122,0.39199668169021606
123,1.6152347598108463e-05
124,0.47884708642959595
125,2.7983317375183105
126,-0.16570979356765747
127,4.697838448919356e-05
128,0.30679982900619507
129,2.813411235809326
130,-0.2578585743904114
131,2.9800878110108897e-05
132,0.42613375186920166
133,0.4045019745826721
134,-0.02402978017926216
135,0.4250180721282959
136,0.36450716853141785
137,-0.046399038285017014
138,0.425786554813385
139,0.3766353726387024
140,-0.024584537371993065
141,0.4192740023136139
142,0.3263067901134491
143,-0.03539695590734482
144,0.42518937587738037
145,0.35240083932876587
146,-0.04938144609332085
147,0.4257286489009857
148,0.33705854415893555
149,-0.046193137764930725
150,0.4273516535758972
151,0.30067604780197144
152,-0.024390362203121185
153,0.3702143728733063
154,0.2961253821849823
155,0.010652318596839905
156,0.42829665541648865
157,0.2749130129814148
158,-0.019634827971458435
159,0.4287695288658142
160,0.2598143517971039
161,-0.02169044129550457
162,0.43091779947280884
163,0.1997981071472168
164,-0.013487599790096283
165,0.4261801838874817
166,0.41064056754112244
167,-0.022987188771367073
168,0.4262159466743469
169,0.41544491052627563
170,-0.020349880680441856
171,0.4263225495815277
172,0.41737669706344604
173,-0.016626106575131416
174,0.4259192645549774
175,0.43945133686065674
176,-0.010446890257298946
177,0.42578867077827454
178,0.44572556018829346
179,-0.011631395667791367
180,0.42562323808670044
181,0.4530191123485565
182,-0.012704168446362019
183,0.42549270391464233
184,0.4603528380393982
185,-0.01007124688476324
186,0.4252766966819763
187,0.46805328130722046
188,-0.0007002540514804423
189,0.42516425251960754
190,0.3706348240375519
191,-0.042068395763635635
192,0.41779017448425293
193,0.3697206974029541
194,-0.03026215359568596
195,0.3456941843032837
196,0.2534707188606262
197,0.049138184636831284
198,0.3933338522911072
199,0.3069557547569275
200,0.0018731277668848634
201,0.3853682279586792
202,0.3077121675014496
203,0.002510657999664545
204,0.3776278793811798
205,0.3071036636829376
206,0.004826154559850693
207,0.36725321412086487
208,0.30032771825790405
209,0.011926313862204552
210,0.4000166058540344
211,0.3041877746582031
212,0.0022851096000522375
213,0.3825685381889343
214,0.27738988399505615
215,-0.0014908434823155403
216,0.39152905344963074
217,0.2785288691520691
218,-0.0016959698405116796
219,0.37432846426963806
220,0.27888989448547363
221,0.0013258416438475251
222,0.36887556314468384
223,0.2826976180076599
224,0.004891593009233475
225,0.3611549735069275
226,0.3083757162094116
227,0.016207102686166763
228,0.394090861082077
229,0.47479552030563354
230,0.010228689759969711
231,0.36730456352233887
232,0.2931440770626068
233,0.013330024667084217
234,0.340567022562027
235,0.30318474769592285
236,0.05371068790555
237,0.3529411852359772
238,0.3010602593421936
239,0.02454499900341034
240,0.385360985994339
241,0.3548140227794647
242,-0.005177807528525591
243,0.4148952066898346
244,0.40238532423973083
245,-0.022526321932673454
246,0.41663748025894165
247,0.4152137041091919
248,-0.018651040270924568
249,0.40393170714378357
250,0.4061572551727295
251,-0.016906172037124634
252,0.3975524604320526
253,0.411443293094635
254,-0.009137223474681377
255,0.40889012813568115
256,0.4160909950733185
257,-0.01444412861019373
258,0.4032527506351471
259,0.41781890392303467
260,-0.007324150297790766
261,0.387347936630249
262,0.4343651235103607
263,0.008034374564886093
264,0.4181881546974182
265,0.36398470401763916
266,-0.04556731879711151
267,0.41723015904426575
268,0.3524405360221863
269,-0.04830402508378029
270,0.35764819383621216
271,0.2723810076713562
272,0.00664941081777215
273,0.4023841619491577
274,0.32590946555137634
275,-0.007697245571762323
276,0.3991501033306122
277,0.3603366017341614
278,-0.02434122934937477
279,0.3987080454826355
280,0.3543027639389038
281,-0.021742552518844604
282,0.36236250400543213
283,0.3532997667789459
284,0.0057396190240979195
285,0.4181855618953705
286,0.33815082907676697
287,-0.04336489364504814
288,0.37652379274368286
289,0.26140904426574707
290,-0.008699971251189709
291,0.36523884534835815
292,0.2645857334136963
293,-0.001975161489099264
294,0.35291552543640137
295,0.23288321495056152
296,0.032117489725351334
297,0.4115065336227417
298,0.27243444323539734
299,-0.016544263809919357
300,0.3991413414478302
301,0.2825291156768799
302,0.0007109342841431499
303,0.3821791708469391
304,0.419780433177948
305,0.008674923330545425
306,0.34888237714767456
307,0.41187402606010437
308,0.07854202389717102
309,0.40530839562416077
310,0.3668842911720276
311,-0.020892878994345665
312,0.4122929275035858
313,0.37107306718826294
314,-0.022146983072161674
315,0.3898424506187439
316,0.4224488139152527
317,0.007623135577887297
318,0.3943588137626648
319,0.4224635362625122
320,0.005186627618968487
321,0.3613332509994507
322,0.2570168972015381
323,0.0021448805928230286
324,0.3989851772785187
325,0.3655566871166229
326,-0.019539134576916695
327,0.39172959327697754
328,0.26331403851509094
329,-0.01380328182131052
330,0.39052003622055054
331,0.253769189119339
332,-0.015830835327506065
333,0.3841598927974701
334,0.20532245934009552
335,-0.001408249605447054
336,0.35743969678878784
337,0.244419127702713
338,0.015122032724320889
339,0.38822463154792786
340,0.22827155888080597
341,-0.009106299839913845
342,0.35358232259750366
343,0.2673477828502655
344,0.013908600434660912
345,0.34965744614601135
346,0.26081451773643494
347,0.030666904523968697
348,0.4155925512313843
349,0.4097382724285126
350,-0.021503938362002373
351,0.40657293796539307
352,0.41205981373786926
353,-0.015983866527676582
354,0.4003179967403412
355,0.4147314727306366
356,-0.00888149905949831
357,0.40744251012802124
358,0.36921215057373047
359,-0.019438069313764572
360,0.3920069634914398
361,0.42274045944213867
362,0.006223681848496199
363,0.3950532376766205
364,0.42998775839805603
365,0.002329228213056922
366,0.3957853317260742
367,0.42166757583618164
368,0.004919718950986862
369,0.40947088599205017
370,0.36304643750190735
371,-0.032997485250234604
372,0.4052857756614685
373,0.41718265414237976
374,-0.006175756920129061
375,0.4108913242816925
376,0.41676294803619385
377,-0.011266205459833145
378,0.41787588596343994
379,0.4169456362724304
380,-0.015147224068641663
381,0.4126502275466919
382,0.46618837118148804
383,-3.379341433173977e-05
384,0.41316521167755127
385,0.4579887390136719
386,-0.009140117093920708
387,0.4141145348548889
388,0.45078450441360474
389,-0.011186149902641773
390,0.4153675436973572
391,0.4432761073112488
392,-0.010041365399956703
393,0.4166167080402374
394,0.4381277859210968
395,-0.008928144350647926
396,0.40353572368621826
397,0.43181151151657104
398,-0.0015470492653548717
399,0.4016958177089691
400,0.4337219297885895
401,-0.0025310562923550606
402,0.3989608883857727
403,0.4370655417442322
404,-0.0031522836070507765
405,0.3967541456222534
406,0.4406515657901764
407,-0.0012719584628939629
408,0.39118683338165283
409,0.3976191580295563
410,-0.006787837482988834
411,0.34149402379989624
412,0.35409313440322876
413,0.08920753002166748
414,0.4254668354988098
415,0.37303993105888367
416,-0.030763497576117516
417,0.4000205397605896
418,0.42832186818122864
419,0.0027066159527748823
420,0.3975561261177063
421,0.4289664030075073
422,0.0020890203304588795
423,0.4149271845817566
424,0.3764723241329193
425,-0.022089684382081032
426,0.4018433690071106
427,0.3728965222835541
428,-0.013193641789257526
429,0.41366612911224365
430,0.37385284900665283
431,-0.022454896941781044
432,0.39378803968429565
433,0.332318514585495
434,-0.004394540563225746
435,0.3806872069835663
436,0.3398299813270569
437,-0.0016426905058324337
438,0.3974153399467468
439,0.3595718443393707
440,-0.016784125939011574
441,0.36499521136283875
442,0.2163998931646347
443,0.014290141873061657
444,0.3696523606777191
445,0.23302412033081055
446,0.002275552600622177
447,0.37408989667892456
448,0.25200071930885315
449,-0.007250308990478516
450,0.39338624477386475
451,0.44589516520500183
452,0.005018759518861771
453,0.4092910885810852
454,0.25725653767585754
455,-0.020238671451807022
456,0.40759819746017456
457,0.22756212949752808
458,-0.015784773975610733
459,0.40541088581085205
460,0.20037135481834412
461,-0.010669520124793053
462,0.37100228667259216
463,0.30477458238601685
464,0.008518584072589874
465,0.3528245687484741
466,0.3166865408420563
467,0.021220987662672997
468,0.4043424129486084
469,0.3012167811393738
470,0.0032572532072663307
471,0.3608371615409851
472,0.2866794764995575
473,0.012237499468028545
474,0.4083361029624939
475,0.3186306953430176
476,-0.011061198078095913
477,0.40412184596061707
478,0.35599198937416077
479,-0.0328337587416172
480,0.34487587213516235
481,0.32455185055732727
482,0.030778374522924423
483,0.35767313838005066
484,0.32456621527671814
485,0.013821449130773544
486,0.3675551116466522
487,0.32889077067375183
488,0.006163028534501791
489,0.3827507197856903
490,0.3272756040096283
491,0.0018183470238000154
492,0.39404594898223877
493,0.32274696230888367
494,-0.0003289309097453952
495,0.4025481045246124
496,0.31748563051223755
497,-0.0030488043557852507
498,0.41944682598114014
499,0.3035491108894348
500,-0.020826097577810287
501,0.34523576498031616
502,0.3486795723438263
503,0.02896755188703537
504,0.35491707921028137
505,0.2855037450790405
506,0.016139904037117958
507,0.4210313856601715
508,0.3701576590538025
509,-0.04146247357130051
510,0.4023311138153076
511,0.3370469808578491
512,-0.011139938607811928
513,0.34018728137016296
514,0.3026273250579834
515,0.08144799619913101
516,0.40887951850891113
517,0.31143927574157715
518,-0.004743494093418121
519,0.3968486487865448
520,0.36037519574165344
521,-0.008001238107681274
522,0.36464181542396545
523,0.2938646674156189
524,0.014971386641263962
525,0.40393397212028503
526,0.3486645519733429
527,-0.029652545228600502
528,0.34348177909851074
529,0.38190552592277527
530,0.08602496236562729
531,0.40439867973327637
532,0.2968668043613434
533,0.0054399739019572735
534,0.4109111726284027
535,0.34220898151397705
536,-0.038077984005212784
537,0.363424152135849
538,0.44173768162727356
539,0.037963658571243286
540,0.3643871545791626
541,0.4546068608760834
542,0.05184037983417511
543,0.3391894996166229
544,0.3519369661808014
545,0.05901443585753441
546,0.3545011579990387
547,0.4249076843261719
548,0.04650420323014259
549,0.34504395723342896
550,0.28020232915878296
551,0.04449881613254547
552,0.39268219470977783
553,0.4859235882759094
554,0.014967058785259724
555,0.42221367359161377
556,0.37254050374031067
557,-0.03018702194094658
558,0.39497312903404236
559,0.3454924523830414
560,-0.007600181270390749
561,0.34674257040023804
562,0.30317720770835876
563,0.033115845173597336
564,0.3783014416694641
565,0.3000205159187317
566,0.005647529382258654
567,0.38532981276512146
568,0.30110228061676025
569,0.0034719982650130987
570,0.39262521266937256
571,0.43126994371414185
572,0.003760621417313814
573,0.3466774821281433
574,0.372358500957489
575,0.03249557316303253
576,0.4068097472190857
577,0.5039891004562378
578,0.01702827960252762
579,0.383888304233551
580,0.48369109630584717
581,0.03246081620454788
582,0.37476763129234314
583,0.4713471233844757
584,0.04107349365949631
585,0.42988815903663635
586,0.22846545279026031
587,-0.018117167055606842
588,0.42403870820999146
589,0.5077512860298157
590,0.01438337005674839
591,0.39211389422416687
592,0.3005794286727905
593,0.0028911640401929617
594,0.39845287799835205
595,0.29898983240127563
596,0.003810240188613534
597,0.4024818241596222
598,0.29795312881469727
599,0.005366182886064053
600,0.3499388098716736
601,0.28323936462402344
602,0.0245844516903162
603,0.39767885208129883
604,0.28913000226020813
605,0.0025578488130122423
606,0.39082685112953186
607,0.2859020233154297
608,0.0010894362349063158
609,0.38379257917404175
610,0.2849724292755127
611,0.0016903496580198407
612,0.3766056299209595
613,0.28650426864624023
614,0.003850459586828947
615,0.3720664978027344
616,0.28931131958961487
617,0.006777801550924778
618,0.34177958965301514
619,0.27528220415115356
620,0.0670771673321724
621,0.37355178594589233
622,0.29814496636390686
623,0.008295922540128231
624,0.42597687244415283
625,0.38572925329208374
626,-0.02213817834854126
627,0.39795076847076416
628,0.39024659991264343
629,-0.012525444850325584
630,0.4050582945346832
631,0.3649505376815796
632,-0.02435731329023838
633,0.4139147996902466
634,0.38668498396873474
635,-0.020882077515125275
636,0.4279066324234009
637,0.28741708397865295
638,-0.01863933727145195
639,0.37290531396865845
640,0.45836925506591797
641,0.03127584233880043
642,0.38237908482551575
643,0.4717699885368347
644,0.023756613954901695
645,0.4064500629901886
646,0.49667295813560486
647,0.0072572012431919575
648,0.3562883734703064
649,0.43644148111343384
650,0.06551153212785721
651,0.4022810459136963
652,0.29376959800720215
653,0.004220192786306143
654,0.41337522864341736
655,0.32155269384384155
656,-0.022789569571614265
657,0.424109548330307
658,0.5004852414131165
659,0.005116949323564768
660,0.39406824111938477
661,0.49527275562286377
662,0.023254718631505966
663,0.34152013063430786
664,0.3778885006904602
665,0.05861969292163849
666,0.40928688645362854
667,0.4353427290916443
668,-0.005578740034252405
669,0.4073904752731323
670,0.4389881491661072
671,-0.00658881850540638
672,0.4051951766014099
673,0.4445573091506958
674,-0.00713243056088686
675,0.40349334478378296
676,0.45082801580429077
677,-0.005244591739028692
678,0.40118539333343506
679,0.45739051699638367
680,0.0016720162238925695
681,0.3981015086174011
682,0.41944146156311035
683,-0.0008221041643992066
684,0.3951706290245056
685,0.4181293845176697
686,-0.0006522772600874305
687,0.39264923334121704
688,0.41604530811309814
689,-0.0007380982860922813
690,0.3856041431427002
691,0.407498300075531
692,0.0008550892816856503
693,0.35680443048477173
694,0.3788788318634033
695,0.015874214470386505
696,0.41406774520874023
697,0.31035444140434265
698,-0.015319282189011574
699,0.41079872846603394
700,0.2894882261753082
701,-0.001147144241258502
702,0.4058287739753723
703,0.29061779379844666
704,0.002244497649371624
705,0.4004712700843811
706,0.41786977648735046
707,-7.205703150248155e-05
708,0.3568134307861328
709,0.4079126715660095
710,0.03023882769048214
711,0.41750624775886536
712,0.289190411567688
713,-0.012394148856401443
714,0.3975374400615692
715,0.46476060152053833
716,0.006682340521365404
717,0.4262871742248535
718,0.32460346817970276
719,-0.038469620048999786
720,0.4191984236240387
721,0.3155630826950073
722,-0.028862327337265015
723,0.4268213212490082
724,0.31308016180992126
725,-0.031068891286849976
726,0.4068196415901184
727,0.33920571208000183
728,-0.02231145091354847
729,0.42442643642425537
730,0.489596426486969
731,0.0007733187521807849
732,0.42484962940216064
733,0.4774567186832428
734,0.0004247206379659474
735,0.41028866171836853
736,0.4747641980648041
737,0.0024184242356568575
738,0.38082602620124817
739,0.43695998191833496
740,0.01328440010547638
741,0.3906519114971161
742,0.3701077997684479
743,-0.005123088136315346
744,0.3881150782108307
745,0.45209822058677673
746,0.010622717440128326
747,0.37331467866897583
748,0.3690005838871002
749,-0.0006019645370543003
750,0.3839152753353119
751,0.3823804557323456
752,-0.002232551109045744
753,0.36747586727142334
754,0.3880368173122406
755,0.007569996640086174
756,0.4076608121395111
757,0.4861364960670471
758,0.003198533318936825
759,0.4017939269542694
760,0.3456283211708069
761,-0.015976430848240852
762,0.37473246455192566
763,0.44548797607421875
764,0.021373679861426353
765,0.38423410058021545
766,0.46050208806991577
767,0.017100699245929718
768,0.37526413798332214
769,0.4203202724456787
770,0.012664702720940113
771,0.34934115409851074
772,0.39277786016464233
773,0.03644968569278717
774,0.366061806678772
775,0.4219604432582855
776,0.020733879879117012
777,0.34625953435897827
778,0.40223756432533264
779,0.05603557080030441
780,0.378338098526001
781,0.3978535234928131
782,0.003066234290599823
783,0.4079663157463074
784,0.3292195796966553
785,-0.01648677885532379
786,0.4067602753639221
787,0.3610963821411133
788,-0.03470533713698387
789,0.40165022015571594
790,0.3640037178993225
791,-0.025347217917442322
792,0.41031113266944885
793,0.35359707474708557
794,-0.04102609306573868
795,0.40485936403274536
796,0.2801320552825928
797,-0.0036838892847299576
798,0.3918362557888031
799,0.27343612909317017
800,-0.00519690802320838
801,0.3801361322402954
802,0.2716435194015503
803,-0.004438992124050856
804,0.3704695999622345
805,0.273199200630188
806,-0.0006972115952521563
807,0.36397069692611694
808,0.2780051827430725
809,0.00476381741464138
810,0.35974302887916565
811,0.29753169417381287
812,0.01841071993112564
813,0.3387971818447113
814,0.32723453640937805
815,0.05691399797797203
816,0.3651593029499054
817,0.3131425678730011
818,0.012055656872689724
819,0.3732607066631317
820,0.31666749715805054
821,0.006891660857945681
822,0.38385429978370667
823,0.31677088141441345
824,0.0032302241306751966
825,0.39395272731781006
826,0.3143082857131958
827,0.001689835567958653
828,0.40181875228881836
829,0.31057360768318176
830,0.0007255225209519267
831,0.40721991658210754
832,0.3068513870239258
833,6.428714550565928e-05
834,0.34084630012512207
835,0.3282908499240875
836,0.08819934725761414
837,0.4020078182220459
838,0.36725491285324097
839,-0.021105222404003143
840,0.4127405285835266
841,0.33162909746170044
842,-0.029246177524328232
843,0.4125102162361145
844,0.36197346448898315
845,-0.041389208287000656
846,0.4171888828277588
847,0.3680124282836914
848,-0.03802196681499481
849,0.4126533269882202
850,0.3638305962085724
851,-0.03723332658410072
852,0.40435782074928284
853,0.3709558844566345
854,-0.018150821328163147
855,0.41855818033218384
856,0.3692285418510437
857,-0.04027898609638214
858,0.4195597171783447
859,0.3716592788696289
860,-0.030194144695997238
861,0.40721362829208374
862,0.2976818382740021
863,0.003913764841854572
864,0.4115515649318695
865,0.30069124698638916
866,-0.0014089253963902593
867,0.41381266713142395
868,0.3026579022407532
869,-0.007524614222347736
870,0.36937785148620605
871,0.29139959812164307
872,0.009699441492557526
873,0.36500126123428345
874,0.287242591381073
875,0.00995341781526804
876,0.43347546458244324
877,0.3267110586166382
878,-0.03577606379985809
879,0.48798036575317383
880,0.3002157509326935
881,0.007908723317086697
882,0.43342819809913635
883,0.36998075246810913
884,-0.030572960153222084
885,0.5182422399520874
886,0.258463978767395
887,0.04505264386534691
888,0.4635664224624634
889,0.30933332443237305
890,-4.392970004118979e-05
891,0.47175896167755127
892,0.3105674684047699
893,0.00028418586589396
894,0.47981369495391846
895,0.3103635907173157
896,0.002259213011711836
897,0.4910036325454712
898,0.3044488728046417
899,0.009035088121891022
900,0.4567517340183258
901,0.30617743730545044
902,0.0008196166600100696
903,0.47575369477272034
904,0.2807867228984833
905,-0.0037069215904921293
906,0.46663767099380493
907,0.2812071442604065
908,-0.0034838963765650988
909,0.48418718576431274
910,0.2828236222267151
911,-0.0011674041161313653
912,0.48973143100738525
913,0.28700894117355347
914,0.002144474536180496
915,0.497009813785553
916,0.31246182322502136
917,0.013022118248045444
918,0.45612087845802307
919,0.4767949879169464
920,0.008780552074313164
921,0.4911555051803589
922,0.29759588837623596
923,0.010478626005351543
924,0.5203312039375305
925,0.3084390461444855
926,0.04953839257359505
927,0.5060960054397583
928,0.30563098192214966
929,0.02105543576180935
930,0.4690490663051605
931,0.35672852396965027
932,-0.007223358377814293
933,0.43767210841178894
934,0.4024955928325653
935,-0.023031340911984444
936,0.4361073970794678
937,0.41529592871665955
938,-0.019218822941184044
939,0.4492828845977783
940,0.40626585483551025
941,-0.017881294712424278
942,0.45621582865715027
943,0.4113776683807373
944,-0.010515188798308372
945,0.4443243145942688
946,0.41609111428260803
947,-0.015500441193580627
948,0.4503898620605469
949,0.4176351726055145
950,-0.008675144985318184
951,0.4659211337566376
952,0.43509477376937866
953,0.006139619275927544
954,0.4320527911186218
955,0.3642411231994629
956,-0.04581579566001892
957,0.433348685503006
958,0.352862685918808
959,-0.04850398749113083
960,0.5020009279251099
961,0.2773614525794983
962,0.0034297113306820393
963,0.4527216851711273
964,0.3272809386253357
965,-0.00893724337220192
966,0.45300090312957764
967,0.36134517192840576
968,-0.025356046855449677
969,0.45392656326293945
970,0.3553660213947296
971,-0.02281990461051464
972,0.4931224286556244
973,0.35648083686828613
974,0.0024213455617427826
975,0.4334304928779602
976,0.338564932346344
977,-0.043715402483940125
978,0.48237985372543335
979,0.2654097080230713
980,-0.011174525134265423
981,0.4940720796585083
982,0.26919859647750854
983,-0.005041712429374456
984,0.5110567212104797
985,0.2373858541250229
986,0.028448479250073433
987,0.4457327127456665
988,0.27382779121398926
989,-0.017365800216794014
990,0.4588499665260315
991,0.2846405506134033
992,-0.0007321708253584802
993,0.47177478671073914
994,0.42053458094596863
995,0.006422263104468584
996,0.5075128674507141
997,0.4169206917285919
998,0.07469258457422256
999,0.4467814266681671
1000,0.3675452470779419
1001,-0.02185768634080887
1002,0.4396763741970062
1003,0.3714739978313446
1004,-0.022601725533604622
1005,0.46433451771736145
1006,0.4222782850265503
1007,0.005682655144482851
1008,0.45983633399009705
1009,0.42213180661201477
1010,0.0035280229058116674
1011,0.4987613558769226
1012,0.26188427209854126
1013,-0.0009755468345247209
1014,0.45346108078956604
1015,0.36649084091186523
1016,-0.020604174584150314
1017,0.4665110409259796
1018,0.2662484347820282
1019,-0.015475601889193058
1020,0.4682876467704773
1021,0.25661367177963257
1022,-0.017459139227867126
1023,0.4787314534187317
1024,0.20786166191101074
1025,-0.003441814100369811
1026,0.5045939683914185
1027,0.24895170331001282
1028,0.011825121007859707
1029,0.47258898615837097
1030,0.23095710575580597
1031,-0.010957886464893818
1032,0.5069145560264587
1033,0.27237042784690857
1034,0.010465922765433788
1035,0.5125132203102112
1036,0.2658744752407074
1037,0.0269425418227911
1038,0.4370928406715393
1039,0.40981757640838623
1040,-0.022059697657823563
1041,0.4466710686683655
1042,0.41206997632980347
1043,-0.01702289469540119
1044,0.4534546434879303
1045,0.4146014153957367
1046,-0.010249408893287182
1047,0.4447263479232788
1048,0.3697916865348816
1049,-0.0201434213668108
1050,0.46215757727622986
1051,0.42242294549942017
1052,0.00442880392074585
1053,0.458571195602417
1054,0.4299635887145996
1055,0.0008980875718407333
1056,0.45843803882598877
1057,0.42147722840309143
1058,0.0033040589187294245
1059,0.4418197274208069
1060,0.3637479245662689
1061,-0.03374328836798668
1062,0.4485453963279724
1063,0.4169580340385437
1064,-0.007395626977086067
1065,0.4424891471862793
1066,0.41674405336380005
1067,-0.012246202677488327
1068,0.43507999181747437
1069,0.41694164276123047
1070,-0.015737783163785934
1071,0.438082754611969
1072,0.4668235182762146
1073,-0.0006395740201696754
1074,0.43805286288261414
1075,0.4583892822265625
1076,-0.009750157594680786
1077,0.43744614720344543
1078,0.4511373043060303
1079,-0.011815440841019154
1080,0.4364822506904602
1081,0.443503737449646
1082,-0.0105874789878726
1083,0.43551504611968994
1084,0.4383087158203125
1085,-0.009463159367442131
1086,0.44966429471969604
1087,0.4317958652973175
1088,-0.0026231082156300545
1089,0.4514274299144745
1090,0.433754026889801
1091,-0.0037469491362571716
1092,0.45398473739624023
1093,0.43727630376815796
1094,-0.004276416730135679
1095,0.4560137093067169
1096,0.44100284576416016
1097,-0.0025227717123925686
1098,0.4623125493526459
1099,0.3984185457229614
1100,-0.008284228853881359
1101,0.5185466408729553
1102,0.3594994843006134
1103,0.0847996324300766
1104,0.4536048471927643
1105,0.4282383322715759
1106,0.0013333046808838844
1107,0.45606285333633423
1108,0.4288713037967682
1109,0.0006538364104926586
1110,0.4369286298751831
1111,0.3766976594924927
1112,-0.02252647653222084
1113,0.4507523477077484
1114,0.3736144006252289
1115,-0.014036068692803383
1116,0.43820106983184814
1117,0.37421780824661255
1118,-0.02287786640226841
1119,0.46142441034317017
1120,0.3340495824813843
1121,-0.006140970159322023
1122,0.4746411144733429
1123,0.3421292006969452
1124,-0.00407992210239172
1125,0.4554077088832855
1126,0.360614538192749
1127,-0.017975114285945892
1128,0.4985690712928772
1129,0.2200571894645691
1130,0.011241135187447071
1131,0.4919658899307251
1132,0.236813485622406
1133,-0.00038840677007101476
1134,0.4854400157928467
1135,0.25605833530426025
1136,-0.009765217080712318
1137,0.4590896964073181
1138,0.44691428542137146
1139,0.003457393730059266
1140,0.44890096783638
1141,0.2587478756904602
1142,-0.021096626296639442
1143,0.4527115523815155
1144,0.22898873686790466
1145,-0.01668781414628029
1146,0.4569213390350342
1147,0.20166896283626556
1148,-0.011750997044146061
1149,0.4868396818637848
1150,0.30849549174308777
1151,0.005708389449864626
1152,0.5051999092102051
1153,0.32093968987464905
1154,0.017710942775011063
1155,0.4524906277656555
1156,0.30303213000297546
1157,0.0019649947062134743
1158,0.49822551012039185
1159,0.2913510501384735
1160,0.00911280419677496
1161,0.44680091738700867
1162,0.3197217583656311
1163,-0.01208540890365839
1164,0.44752201437950134
1165,0.3569581210613251
1166,-0.033640556037425995
1167,0.5133183598518372
1168,0.32923683524131775
1169,0.0268489271402359
1170,0.49941012263298035
1171,0.32837820053100586
1172,0.01052370760589838
1173,0.4888781011104584
1174,0.33197036385536194
1175,0.0031624569091945887
1176,0.47330883145332336
1177,0.32965531945228577
1178,-0.0005513068754225969
1179,0.4618150293827057
1180,0.32461464405059814
1181,-0.0020714036654680967
1182,0.45327386260032654
1183,0.31902942061424255
1184,-0.0044256714172661304
1185,0.4355064630508423
1186,0.3040822446346283
1187,-0.0212862491607666
1188,0.5114413499832153
1189,0.3531443774700165
1190,0.025038281455636024
1191,0.5046659111976624
1192,0.2902742028236389
1193,0.012721579521894455
1194,0.42944198846817017
1195,0.3703084886074066
1196,-0.041645899415016174
1197,0.45191690325737
1198,0.3382839858531952
1199,-0.012215067632496357
1200,0.5224198698997498
1201,0.30799904465675354
1202,0.07692304998636246
1203,0.4469662606716156
1204,0.3126714527606964
1205,-0.005797276273369789
1206,0.4563983082771301
1207,0.36146876215934753
1208,-0.0090957535430789
1209,0.4939591884613037
1210,0.298313707113266
1211,0.01189537812024355
1212,0.4483247697353363
1213,0.349688857793808
1214,-0.030514555051922798
1215,0.5148829221725464
1216,0.38725975155830383
1217,0.08194156736135483
1218,0.4528370201587677
1219,0.29881978034973145
1220,0.0041406783275306225
1221,0.4409647583961487
1222,0.34293895959854126
1223,-0.03876657783985138
1224,0.48963767290115356
1225,0.44560542702674866
1226,0.034897468984127045
1227,0.4886678159236908
1228,0.45888155698776245
1229,0.04887961596250534
1230,0.5189082622528076
1231,0.35709118843078613
1232,0.054790619760751724
1233,0.49964725971221924
1234,0.42938682436943054
1235,0.04310322552919388
1236,0.5166915059089661
1237,0.2853485941886902
1238,0.0405430942773819
1239,0.45702338218688965
1240,0.48816293478012085
1241,0.013544285669922829
1242,0.4288194477558136
1243,0.37262624502182007
1244,-0.03032294102013111
1245,0.4593906104564667
1246,0.3468452990055084
1247,-0.009061245247721672
1248,0.5128239393234253
1249,0.308122456073761
1250,0.029391473159193993
1251,0.47936445474624634
1252,0.30346113443374634
1253,0.003208590904250741
1254,0.4720185101032257
1255,0.3041175603866577
1256,0.001272357301786542
1257,0.46098417043685913
1258,0.43134355545043945
1259,0.002156762406229973
1260,0.5090928077697754
1261,0.3767085671424866
1262,0.028514094650745392
1263,0.4416730999946594
1264,0.505336344242096
1265,0.016122622415423393
1266,0.4666033983230591
1267,0.486794114112854
1268,0.03050389140844345
1269,0.4768727421760559
1270,0.47501862049102783
1271,0.038654737174510956
1272,0.4650768041610718
1273,0.30323123931884766
1274,0.0009766868315637112
1275,0.4586949646472931
1276,0.30110281705856323
1277,0.002172677544876933
1278,0.4547213912010193
1279,0.2999576926231384
1280,0.003887746250256896
1281,0.5103879570960999
1282,0.28815677762031555
1283,0.020936133340001106
1284,0.4600878655910492
1285,0.2915493845939636
1286,0.0008494992507621646
1287,0.4672030806541443
1288,0.2888875901699066
1289,-0.0008919237880036235
1290,0.4744141399860382
1291,0.28847047686576843
1292,-0.0006407878245227039
1293,0.4816921353340149
1294,0.2904322147369385
1295,0.001330329105257988
1296,0.4862620532512665
1297,0.29346343874931335
1298,0.00408713985234499
1299,0.5217819809913635
1300,0.2805919051170349
1301,0.06279749423265457
1302,0.4843757748603821
1303,0.3019964098930359
1304,0.005692519247531891
1305,0.4548998177051544
1306,0.39100101590156555
1307,-0.01370846014469862
1308,0.44682279229164124
1309,0.3657209575176239
1310,-0.025121795013546944
1311,0.4383471608161926
1312,0.3869127035140991
1313,-0.021403508260846138
1314,0.47902998328208923
1315,0.4616776406764984
1316,0.028839053586125374
1317,0.4684622287750244
1318,0.4747142195701599
1319,0.021803630515933037
1320,0.44213369488716125
1321,0.4979792833328247
1322,0.006391358561813831
1323,0.4982265830039978
1324,0.441171258687973
1325,0.061998721212148666
1326,0.4550754427909851
1327,0.2958731949329376
1328,0.002765265991911292
1329,0.44061145186424255
1330,0.32242316007614136
1331,-0.02343819849193096
1332,0.45522138476371765
1333,0.4975396394729614
1334,0.021762927994132042
1335,0.5152654051780701
1336,0.3830048143863678
1337,0.05453924462199211
1338,0.4433032274246216
1339,0.4355010688304901
1340,-0.006520023103803396
1341,0.4450220465660095
1342,0.4392625391483307
1343,-0.007493520621210337
1344,0.44695550203323364
1345,0.4448983669281006
1346,-0.008114375174045563
1347,0.4483489990234375
1348,0.4513823688030243
1349,-0.006264431402087212
1350,0.4502499997615814
1351,0.45835843682289124
1352,0.0004604553687386215
1353,0.456024706363678
1354,0.41919001936912537
1355,-0.0024214249569922686
1356,0.45893844962120056
1357,0.4179229438304901
1358,-0.0024347142316401005
1359,0.4615100920200348
1360,0.41590726375579834
1361,-0.002438735216856003
1362,0.46833381056785583
1363,0.4082663059234619
1364,-0.0010937168262898922
1365,0.498137503862381
1366,0.38243359327316284
1367,0.012254731729626656
1368,0.44101226329803467
1369,0.3111821413040161
1370,-0.016168057918548584
1371,0.4462827444076538
1372,0.29092708230018616
1373,-0.0020090981852263212
1374,0.45151060819625854
1375,0.2923474609851837
1376,0.001165546360425651
1377,0.453788697719574
1378,0.4176650941371918
1379,-0.001554803573526442
1380,0.49753233790397644
1381,0.41170910000801086
1382,0.026721900328993797
1383,0.4388064742088318
1384,0.29000937938690186
1385,-0.012816574424505234
1386,0.45334187150001526
1387,0.4662059545516968
1388,0.005415024235844612
1389,0.4345678389072418
1390,0.3159918189048767
1391,-0.029209088534116745
1392,0.44635963439941406
1393,0.3401961922645569
1394,-0.023101041093468666
1395,0.4397270679473877
1396,0.47558990120887756
1397,0.0017121252603828907
1398,0.47202134132385254
1399,0.43882617354393005
1400,0.01113746128976345
1401,0.46296238899230957
1402,0.3714710474014282
1403,-0.006702655926346779
1404,0.463819295167923
1405,0.45382654666900635
1406,0.008919214829802513
1407,0.4811440706253052
1408,0.3715129792690277
1409,-0.003363335272297263
1410,0.47002217173576355
1411,0.3840949535369873
1412,-0.004235000815242529
1413,0.48685792088508606
1414,0.3908613622188568
1415,0.00452304445207119
1416,0.4415254592895508
1417,0.4872725009918213
1418,0.002313048578798771
1419,0.45160776376724243
1420,0.3467516601085663
1421,-0.01698792539536953
1422,0.4776002764701843
1423,0.4481988251209259
1424,0.019016733393073082
1425,0.4671889543533325
1426,0.4629465937614441
1427,0.015284931287169456
1428,0.47831398248672485
1429,0.4221813976764679
1430,0.009942319244146347
1431,0.5057867765426636
1432,0.3970951735973358
1433,0.03265032917261124
1434,0.48744869232177734
1435,0.4250414967536926
1436,0.017678529024124146
1437,0.5092665553092957
1438,0.40713760256767273
1439,0.05215388536453247
1440,0.4756976068019867
1441,0.3995753526687622
1442,0.0005570444627664983
1443,0.44611895084381104
1444,0.33020779490470886
1445,-0.017419131472706795
1446,0.44454625248908997
1447,0.36192891001701355
1448,-0.035463277250528336
1449,0.45034241676330566
1450,0.36496084928512573
1451,-0.026259349659085274
1452,0.44075533747673035
1453,0.35435351729393005
1454,-0.041801437735557556
1455,0.4528125524520874
1456,0.2819526791572571
1457,-0.004825981799513102
1458,0.46633201837539673
1459,0.2761703431606293
1460,-0.006864733528345823
1461,0.47828027606010437
1462,0.27524659037590027
1463,-0.0066389781422913074
1464,0.4882502555847168
1465,0.27737805247306824
1466,-0.003408560063689947
1467,0.49506309628486633
1468,0.2825639247894287
1469,0.0018215849995613098
1470,0.4991353154182434
1471,0.3020061254501343
1472,0.015066390857100487
1473,0.5206863880157471
1474,0.3325479328632355
1475,0.05262499302625656
1476,0.49245554208755493
1477,0.31691935658454895
1478,0.009057316929101944
1479,0.4837253987789154
1480,0.31981801986694336
1481,0.004195227753371
1482,0.47281402349472046
1483,0.31940969824790955
1484,0.0009834766387939453
1485,0.46246522665023804
1486,0.3163714110851288
1487,-9.113919077208266e-05
1488,0.4545927345752716
1489,0.3122701942920685
1490,-0.0006417338154278696
1491,0.4491766691207886
1492,0.30830347537994385
1493,-0.001030482235364616
1494,0.5206372141838074
1495,0.33359748125076294
1496,0.08364703506231308
1497,0.4502039849758148
1498,0.3680351674556732
1499,-0.02198283188045025
1500,0.4401584565639496
1501,0.3323460519313812
1502,-0.029920212924480438
1503,0.4381839632987976
1504,0.36258772015571594
1505,-0.04188920930027962
1506,0.4337277412414551
1507,0.3683013319969177
1508,-0.03832324966788292
1509,0.43836861848831177
1510,0.3643798232078552
1511,-0.037766601890325546
1512,0.4479875862598419
1513,0.3716806471347809
1514,-0.018922187387943268
1515,0.43209394812583923
1516,0.3694533109664917
1517,-0.040482912212610245
1518,0.4315367639064789
1519,0.3718055486679077
1520,-0.030381469056010246
1521,0.44974392652511597
1522,0.29933369159698486
1523,0.0028050721157342196
1524,0.4449557363986969
1525,0.3019524812698364
1526,-0.0022262968122959137
1527,0.44224536418914795
1528,0.30366161465644836
1529,-0.008294091559946537
1530,0.4889937937259674
1531,0.295771062374115
1532,0.0068406458012759686
1533,0.4936992824077606
1534,0.29171499609947205
1535,0.006982215214520693
1536,0.0
1537,0.0
1538,0.0
1539,0.0
1540,0.0
1541,0.0
1542,0.0
1543,0.0
1544,0.0
1545,0.0
1546,0.0
1547,0.0
1548,0.0
1549,0.0
1550,0.0
1551,0.0
1552,0.0
1553,0.0
1554,0.0
1555,0.0
1556,0.0
1557,0.0
1558,0.0
1559,0.0
1560,0.0
1561,0.0
1562,0.0
1563,0.0
1564,0.0
1565,0.0
1566,0.0
1567,0.0
1568,0.0
1569,0.0
1570,0.0
1571,0.0
1572,0.0
1573,0.0
1574,0.0
1575,0.0
1576,0.0
1577,0.0
1578,0.0
1579,0.0
1580,0.0
1581,0.0
1582,0.0
1583,0.0
1584,0.0
1585,0.0
1586,0.0
1587,0.0
1588,0.0
1589,0.0
1590,0.0
1591,0.0
1592,0.0
1593,0.0
1594,0.0
1595,0.0
1596,0.0
1597,0.0
1598,0.0
1599,0.248166024684906
1600,0.7025693655014038
1601,2.5238605871891195e-08
1602,0.2919941842556
1603,0.6547424793243408
1604,-0.005637119058519602
1605,0.3136611878871918
1606,0.5970320701599121
1607,-0.012655479833483696
1608,0.3252379596233368
1609,0.5518001317977905
1610,-0.025489814579486847
1611,0.3343704044818878
1612,0.5116862058639526
1613,-0.03720896318554878
1614,0.27206680178642273
1615,0.5170943140983582
1616,0.006584478542208672
1617,0.27925238013267517
1618,0.44603633880615234
1619,-0.013695399276912212
1620,0.29178789258003235
1621,0.4036328196525574
1622,-0.026074273511767387
1623,0.30131497979164124
1624,0.3672240972518921
1625,-0.033511385321617126
1626,0.25289735198020935
1627,0.5199688673019409
1628,-0.0041122157126665115
1629,0.29648610949516296
1630,0.47652724385261536
1631,-0.04194176569581032
1632,0.3134133815765381
1633,0.5316969156265259
1634,-0.053597401827573776
1635,0.3068796992301941
1636,0.5731158256530762
1637,-0.050951313227415085
1638,0.23407958447933197
1639,0.5254256129264832
1640,-0.01758587174117565
1641,0.28279587626457214
1642,0.4984404444694519
1643,-0.05647502839565277
1644,0.29389625787734985
1645,0.5601567029953003
1646,-0.05362575128674507
1647,0.2814469337463379
1648,0.5983618497848511
1649,-0.039322398602962494
1650,0.21445618569850922
1651,0.5369033813476562
1652,-0.03141430765390396
1653,0.2599470615386963
1654,0.5165654420852661
1655,-0.05500771850347519
1656,0.2723482549190521
1657,0.5581300258636475
1658,-0.04922770708799362
1659,0.26207342743873596
1660,0.5876763463020325
1661,-0.03741425275802612
