,0
0,0.4282497465610504
1,0.3543758988380432
2,-0.7633806467056274
3,0.9999799132347107
4,0.4535180926322937
5,0.3021567165851593
6,-0.7090518474578857
7,0.9999640583992004
8,0.4687509536743164
9,0.304024338722229
10,-0.7089473009109497
11,0.999968409538269
12,0.4826306700706482
13,0.3060592710971832
14,-0.7092862725257874
15,0.9999644756317139
16,0.40027689933776855
17,0.30182376503944397
18,-0.7161986827850342
19,0.9999633431434631
20,0.38347238302230835
21,0.30278682708740234
22,-0.7155531048774719
23,0.9999659657478333
24,0.36752480268478394
25,0.3030249774456024
26,-0.7157735824584961
27,0.9999611377716064
28,0.5026677846908569
29,0.3397049307823181
30,-0.3593743145465851
31,0.9999626278877258
32,0.34250062704086304
33,0.3314882516860962
34,-0.3716273903846741
35,0.9999707937240601
36,0.4596506655216217
37,0.4239230453968048
38,-0.6323057413101196
39,0.999979555606842
40,0.3946213722229004
41,0.41994205117225647
42,-0.6354271769523621
43,0.9999803304672241
44,0.635312020778656
45,0.6935079097747803
46,-0.1768655776977539
47,0.9998243451118469
48,0.20371100306510925
49,0.6934477686882019
50,-0.2971026599407196
51,0.9997103810310364
52,0.7059303522109985
53,1.0193150043487549
54,-0.11810122430324554
55,0.5697838068008423
56,0.11114388704299927
57,0.9833911061286926
58,-0.20382611453533173
59,0.3995424211025238
60,0.7358637452125549
61,1.4309998750686646
62,-0.3792370557785034
63,0.4155789613723755
64,0.11441526561975479
65,1.4301016330718994
66,-0.48829808831214905
67,0.1417328417301178
68,0.7662102580070496
69,1.543430209159851
70,-0.46138134598731995
71,0.41892799735069275
72,0.08639276772737503
73,1.5394322872161865
74,-0.581805408000946
75,0.16885502636432648
76,0.7227677702903748
77,1.5442577600479126
78,-0.5332234501838684
79,0.44836872816085815
80,0.13344858586788177
81,1.5591216087341309
82,-0.66705721616745
83,0.23824481666088104
84,0.707109808921814
85,1.4973222017288208
86,-0.4238970875740051
87,0.44193035364151
88,0.1483653485774994
89,1.5123608112335205
90,-0.5372220277786255
91,0.24253715574741364
92,0.5636044144630432
93,1.485837459564209
94,-0.03769158571958542
95,0.002750425599515438
96,0.2790251672267914
97,1.4848555326461792
98,0.04233016073703766
99,0.0022132464218884706
100,0.5495672225952148
101,2.1156866550445557
102,-0.05124974250793457
103,0.0006287282449193299
104,0.28698110580444336
105,2.121101140975952
106,0.038541506975889206
107,0.00023504790442530066
108,0.5398027300834656
109,2.6911606788635254
110,0.5078831911087036
111,8.689188689459115e-05
112,0.283208429813385
113,2.700819969177246
114,0.37315160036087036
115,1.485785105614923e-05
116,0.5437150597572327
117,2.7829012870788574
118,0.5350803136825562
119,7.788059156155214e-05
120,0.27839186787605286
121,2.7994279861450195
122,0.3886658251285553
123,3.968589589931071e-05
124,0.5001667737960815
125,2.8729727268218994
126,0.018269412219524384
127,0.00011017765064025298
128,0.3127100169658661
129,2.868452787399292
130,-0.18865685164928436
131,5.322938159224577e-05
132,0.4176960289478302
133,0.4091739058494568
134,-0.022800862789154053
135,0.41781556606292725
136,0.3694026470184326
137,-0.04480082541704178
138,0.4175069034099579
139,0.38138431310653687
140,-0.023206325247883797
141,0.41060870885849
142,0.33073973655700684
143,-0.03454121947288513
144,0.41789624094963074
145,0.35723820328712463
146,-0.047827597707509995
147,0.41784754395484924
148,0.34163951873779297
149,-0.044801998883485794
150,0.4176086187362671
151,0.3048173487186432
152,-0.023497607558965683
153,0.3583559989929199
154,0.30095744132995605
155,0.008830822072923183
156,0.41776135563850403
157,0.279463529586792
158,-0.018979035317897797
159,0.4180545210838318
160,0.2642638087272644
161,-0.021236717700958252
162,0.4185976982116699
163,0.20423524081707
164,-0.013307895511388779
165,0.41765689849853516
166,0.4152350425720215
167,-0.02162950113415718
168,0.4175299108028412
169,0.41972821950912476
170,-0.01877644844353199
171,0.4174472987651825
172,0.42134544253349304
173,-0.01496381126344204
174,0.41742780804634094
175,0.42723989486694336
176,-0.01377355121076107
177,0.4174654483795166
178,0.4325515031814575
179,-0.015038966201245785
180,0.41741371154785156
181,0.43920621275901794
182,-0.01661807671189308
183,0.41731223464012146
184,0.4463435411453247
185,-0.015101322904229164
186,0.416933536529541
187,0.45726829767227173
188,-0.006530204322189093
189,0.4176849126815796
190,0.37549397349357605
191,-0.040436748415231705
192,0.4096234440803528
193,0.3744262158870697
194,-0.029004130512475967
195,0.3305133283138275
196,0.25799575448036194
197,0.04588502272963524
198,0.3816455006599426
199,0.3116658329963684
200,0.0010024234652519226
201,0.3736266493797302
202,0.31243640184402466
203,0.0013673182111233473
204,0.3658883571624756
205,0.31181296706199646
206,0.0034823305904865265
207,0.3553638756275177
208,0.3052229881286621
209,0.010078884661197662
210,0.3883773386478424
211,0.3088229298591614
212,0.0018063023453578353
213,0.37131112813949585
214,0.2844710946083069
215,-0.0030783473048359156
216,0.37988126277923584
217,0.28535351157188416
218,-0.002846900373697281
219,0.36326801776885986
220,0.285770058631897
221,-0.0005208905786275864
222,0.3578130602836609
223,0.28907132148742676
224,0.0028731946367770433
225,0.3490471839904785
226,0.3129585087299347
227,0.01433945819735527
228,0.3853870630264282
229,0.4731171727180481
230,0.0038402487989515066
231,0.3554581105709076
232,0.29812386631965637
233,0.01137793343514204
234,0.32640087604522705
235,0.3079875707626343
236,0.05075758695602417
237,0.34018808603286743
238,0.30568727850914
239,0.02225637622177601
240,0.3754645586013794
241,0.3593321144580841
242,-0.00579411955550313
243,0.4069865047931671
244,0.4069739878177643
245,-0.021970752626657486
246,0.40822988748550415
247,0.41931939125061035
248,-0.017667695879936218
249,0.3959729075431824
250,0.4103589951992035
251,-0.017057066783308983
252,0.3889530599117279
253,0.4150344431400299
254,-0.010501224547624588
255,0.4002786874771118
256,0.41975608468055725
257,-0.014270590618252754
258,0.3940918743610382
259,0.42081934213638306
260,-0.008222507312893867
261,0.37854063510894775
262,0.43368256092071533
263,0.003513145027682185
264,0.41079583764076233
265,0.36889588832855225
266,-0.044199854135513306
267,0.40974050760269165
268,0.35725921392440796
269,-0.04704215005040169
270,0.3453584611415863
271,0.2776217758655548
272,0.004259726498275995
273,0.392095148563385
274,0.3304522931575775
275,-0.007709681522101164
276,0.39030107855796814
277,0.3651534914970398
278,-0.023903293535113335
279,0.3896622359752655
280,0.3590189814567566
281,-0.021372973918914795
282,0.35139966011047363
283,0.35780176520347595
284,0.004352344665676355
285,0.4101957380771637
286,0.34277716279029846
287,-0.04234304279088974
288,0.36508986353874207
289,0.2668106257915497
290,-0.010289684869349003
291,0.35341909527778625
292,0.2700353264808655
293,-0.003989996388554573
294,0.33824533224105835
295,0.23719578981399536
296,0.028981873765587807
297,0.40080589056015015
298,0.2771013379096985
299,-0.016656318679451942
300,0.38731062412261963
301,0.28870537877082825
302,-7.779736915836111e-05
303,0.3723886013031006
304,0.42174232006073
305,0.004914000164717436
306,0.3342165946960449
307,0.4162825047969818
308,0.07645165920257568
309,0.3963927626609802
310,0.3716789484024048
311,-0.02022480219602585
312,0.40362682938575745
313,0.3757193386554718
314,-0.02104698307812214
315,0.3809329867362976
316,0.4226871728897095
317,0.004249251913279295
318,0.38487371802330017
319,0.4222097396850586
320,0.001979985274374485
321,0.3489760160446167
322,0.262119323015213
323,-0.00013296525867190212
324,0.38984015583992004
325,0.3702828586101532
326,-0.019091099500656128
327,0.38065508008003235
328,0.26843810081481934
329,-0.014689452014863491
330,0.37927761673927307
331,0.25850343704223633
332,-0.016806162893772125
333,0.37106621265411377
334,0.20958192646503448
335,-0.00327310711145401
336,0.34388285875320435
337,0.24889563024044037
338,0.012341915629804134
339,0.3761202096939087
340,0.2326434850692749
341,-0.010484318248927593
342,0.3406624495983124
343,0.2723678946495056
344,0.011239973828196526
345,0.33564484119415283
346,0.2655037045478821
347,0.02757619321346283
348,0.40751948952674866
349,0.4142146110534668
350,-0.02078189328312874
351,0.398420512676239
352,0.4161103367805481
353,-0.01604127511382103
354,0.3915933668613434
355,0.418146550655365
356,-0.0100266607478261
357,0.398573637008667
358,0.3739090859889984
359,-0.01862502098083496
360,0.38292860984802246
361,0.42263263463974
362,0.0030017895624041557
363,0.3866294324398041
364,0.4257175922393799
365,-0.0019051508279517293
366,0.38586196303367615
367,0.4215208888053894
368,0.0016897065797820687
369,0.4012030363082886
370,0.36796772480010986
371,-0.03219248726963997
372,0.3957052230834961
373,0.4201396405696869
374,-0.00688096322119236
375,0.40191760659217834
376,0.4202670156955719
377,-0.010939334519207478
378,0.4091961979866028
379,0.42083075642585754
380,-0.014107024297118187
381,0.4054490327835083
382,0.4565085768699646
383,-0.006215456407517195
384,0.4064420163631439
385,0.44499385356903076
386,-0.01461330708116293
387,0.40716353058815
388,0.43763089179992676
389,-0.015883902087807655
390,0.407926082611084
391,0.4309026598930359
392,-0.014182542450726032
393,0.40872955322265625
394,0.4265587031841278
395,-0.012853018008172512
396,0.3946200907230377
397,0.4243999719619751
398,-0.005824780557304621
399,0.3932826817035675
400,0.4260347783565521
401,-0.007167666219174862
402,0.39126548171043396
403,0.42936086654663086
404,-0.008137078024446964
405,0.389497309923172
406,0.4334429204463959
407,-0.0064608315005898476
408,0.3819286525249481
409,0.4013579487800598
410,-0.00816248171031475
411,0.32607001066207886
412,0.3593829870223999
413,0.08688206970691681
414,0.41759684681892395
415,0.37779510021209717
416,-0.02917606383562088
417,0.390553742647171
418,0.4236155152320862
419,-0.0012884773313999176
420,0.3887476623058319
421,0.4242275059223175
422,-0.002078212797641754
423,0.40655839443206787
424,0.3811134696006775
425,-0.021190864965319633
426,0.39281022548675537
427,0.37755605578422546
428,-0.012733706273138523
429,0.4051457941532135
430,0.37853100895881653
431,-0.021355923265218735
432,0.3833690583705902
433,0.33701279759407043
434,-0.004681599326431751
435,0.37019962072372437
436,0.34453219175338745
437,-0.002276918152347207
438,0.38819169998168945
439,0.3642079532146454
440,-0.016495084390044212
441,0.3510759472846985
442,0.22066932916641235
443,0.011613845825195312
444,0.356747567653656
445,0.23743915557861328
446,9.538355516269803e-05
447,0.3622749447822571
448,0.257010817527771
449,-0.008996610529720783
450,0.38547125458717346
451,0.44218504428863525
452,-0.00034270217292942107
453,0.39840760827064514
454,0.26167240738868713
455,-0.02059166319668293
456,0.39592963457107544
457,0.23194575309753418
458,-0.016416726633906364
459,0.3928474187850952
460,0.2046903371810913
461,-0.011513074859976768
462,0.3591844439506531
463,0.3095478415489197
464,0.006913396529853344
465,0.34056147933006287
466,0.3212738037109375
467,0.01912454329431057
468,0.3927253484725952
469,0.3058274984359741
470,0.0029113811906427145
471,0.3488233685493469
472,0.2919113039970398
473,0.00994403101503849
474,0.3981132507324219
475,0.323000967502594
476,-0.010926726274192333
477,0.39572179317474365
478,0.36092686653137207
479,-0.03215198963880539
480,0.33226272463798523
481,0.32927531003952026
482,0.02836761064827442
483,0.3459448218345642
484,0.3292572498321533
485,0.011983268894255161
486,0.35633647441864014
487,0.33364778757095337
488,0.004676569253206253
489,0.3717480003833771
490,0.33204975724220276
491,0.0009107867954298854
492,0.38310667872428894
493,0.32742711901664734
494,-0.0008762868819758296
495,0.39174744486808777
496,0.32206445932388306
497,-0.0032056989148259163
498,0.4095303416252136
499,0.3077581524848938
500,-0.020285366103053093
501,0.3331567049026489
502,0.3534892201423645
503,0.026726223528385162
504,0.34228193759918213
505,0.29044967889785767
506,0.013638152740895748
507,0.4134587049484253
508,0.3749486207962036
509,-0.03999875858426094
510,0.3925684690475464
511,0.3416515290737152
512,-0.010897408239543438
513,0.32454174757003784
514,0.30757662653923035
515,0.0785561129450798
516,0.39821213483810425
517,0.31587862968444824
518,-0.004675482399761677
519,0.3873703181743622
520,0.36500251293182373
521,-0.007895083166658878
522,0.352878212928772
523,0.2990531325340271
524,0.012883060611784458
525,0.39523813128471375
526,0.3535200357437134
527,-0.029059473425149918
528,0.32862389087677
529,0.38718464970588684
530,0.08391321450471878
531,0.3926369547843933
532,0.3014701306819916
533,0.0049411337822675705
534,0.4026208817958832
535,0.34696274995803833
536,-0.03727931156754494
537,0.35095447301864624
538,0.4441964328289032
539,0.03380367532372475
540,0.35164523124694824
541,0.4571724534034729
542,0.04872911795973778
543,0.32605522871017456
544,0.3569331467151642
545,0.056559544056653976
546,0.34109243750572205
547,0.4281124472618103
548,0.04334281384944916
549,0.3308848738670349
550,0.2849126160144806
551,0.041460998356342316
552,0.38380730152130127
553,0.48469340801239014
554,0.008880873210728168
555,0.4142802059650421
556,0.3772534728050232
557,-0.02871817909181118
558,0.385118305683136
559,0.3501450717449188
560,-0.0076233078725636005
561,0.3335597515106201
562,0.3078576922416687
563,0.030529558658599854
564,0.36645007133483887
565,0.30464449524879456
566,0.004130260087549686
567,0.3734799027442932
568,0.3057487905025482
569,0.0022281846031546593
570,0.3844403028488159
571,0.42786192893981934
572,-0.00041937545756809413
573,0.3345482647418976
574,0.3770581781864166
575,0.030310260131955147
576,0.39868760108947754
577,0.5010019540786743
578,0.01162862591445446
579,0.3741401731967926
580,0.48419153690338135
581,0.02753489837050438
582,0.3636685013771057
583,0.47303861379623413
584,0.03686641901731491
585,0.4184316098690033
586,0.23297256231307983
587,-0.017791934311389923
588,0.4158017039299011
589,0.503629744052887
590,0.009582314640283585
591,0.3802718222141266
592,0.30523449182510376
593,0.001958365784958005
594,0.3865867257118225
595,0.3035990595817566
596,0.003120667301118374
597,0.39063316583633423
598,0.30255764722824097
599,0.004820318892598152
600,0.33674943447113037
601,0.2881120443344116
602,0.021821612492203712
603,0.38586780428886414
604,0.29416951537132263
605,0.0016408318188041449
606,0.3790215849876404
607,0.2913312315940857
608,-8.248836820712313e-05
609,0.3721317648887634
610,0.2904849648475647
611,0.00020165440218988806
612,0.36496156454086304
613,0.2919207513332367
614,0.002165710087865591
615,0.3603743612766266
616,0.29451271891593933
617,0.004911057651042938
618,0.3263157606124878
619,0.2800135612487793
620,0.06398201733827591
621,0.3616541624069214
622,0.3028375208377838
623,0.006626282352954149
624,0.4175219237804413
625,0.39034098386764526
626,-0.02101326733827591
627,0.3893091380596161
628,0.3944190442562103
629,-0.012924503535032272
630,0.3963010311126709
631,0.3698371350765228
632,-0.02362401783466339
633,0.40575721859931946
634,0.39113518595695496
635,-0.02052057720720768
636,0.41756296157836914
637,0.29180046916007996
638,-0.017885655164718628
639,0.36174118518829346
640,0.4600391983985901
641,0.026169857010245323
642,0.3722842037677765
643,0.4724084138870239
644,0.018019801005721092
645,0.39837023615837097
646,0.49350976943969727
647,0.001075589214451611
648,0.342276930809021
649,0.4396938383579254
650,0.06337272375822067
651,0.39056196808815
652,0.29844197630882263
653,0.003559639910236001
654,0.40391311049461365
655,0.3259009122848511
656,-0.022279441356658936
657,0.4161744713783264
658,0.4959401786327362
659,-0.0006213136948645115
660,0.38546445965766907
661,0.4939843416213989
662,0.01781689003109932
663,0.32851696014404297
664,0.3826024532318115
665,0.056266821920871735
666,0.40105515718460083
667,0.42539602518081665
668,-0.009732330217957497
669,0.39970359206199646
670,0.4285677969455719
671,-0.011187491938471794
672,0.398224413394928
673,0.43369969725608826
674,-0.012314882129430771
675,0.39699357748031616
676,0.44021356105804443
677,-0.010888139717280865
678,0.39415910840034485
679,0.4503384828567505
680,-0.004320760257542133
681,0.38855212926864624
682,0.42135632038116455
683,-0.002820536494255066
684,0.38599899411201477
685,0.42038387060165405
686,-0.0028960020281374454
687,0.3835856020450592
688,0.41855955123901367
689,-0.003111711237579584
690,0.375669926404953
691,0.41060641407966614
692,-0.001796351745724678
693,0.3450874090194702
694,0.38314175605773926
695,0.013857672922313213
696,0.4039698839187622
697,0.3146313726902008
698,-0.014982369728386402
699,0.3995519280433655
700,0.2941950559616089
701,-0.001163411419838667
702,0.3942262828350067
703,0.2958046793937683
704,0.0018505373736843467
705,0.39045003056526184
706,0.4198917746543884
707,-0.001969055738300085
708,0.34427058696746826
709,0.41146576404571533
710,0.027267618104815483
711,0.40690121054649353
712,0.29366591572761536
713,-0.012119765393435955
714,0.3894411325454712
715,0.4613962173461914
716,0.000379626959329471
717,0.41776201128959656
718,0.32898521423339844
719,-0.03729137033224106
720,0.4099190831184387
721,0.31980353593826294
722,-0.028185339644551277
723,0.4177086651325226
724,0.3172941207885742
725,-0.030094698071479797
726,0.39771050214767456
727,0.3438793420791626
728,-0.021767865866422653
729,0.41649219393730164
730,0.48428332805633545
731,-0.005619831383228302
732,0.41670408844947815
733,0.46985477209091187
734,-0.0060151866637170315
735,0.40254729986190796
736,0.46863794326782227
737,-0.004408601205796003
738,0.37097838521003723
739,0.43806731700897217
740,0.008315082639455795
741,0.3809349536895752
742,0.3745407164096832
743,-0.0056585893034935
744,0.37933069467544556
745,0.4513166844844818
746,0.00486219534650445
747,0.3627147078514099
748,0.37299564480781555
749,-0.0021219556219875813
750,0.3736257255077362
751,0.3863319754600525
752,-0.0036828736774623394
753,0.3558964431285858
754,0.3918863534927368
755,0.0050997319631278515
756,0.3996415138244629
757,0.4822767376899719
758,-0.003587881801649928
759,0.392397403717041
760,0.3503339886665344
761,-0.015621522441506386
762,0.36415037512779236
763,0.44699543714523315
764,0.016312304884195328
765,0.3746750056743622
766,0.46078619360923767
767,0.011256911791861057
768,0.36453214287757874
769,0.4229762554168701
770,0.008577016182243824
771,0.33673787117004395
772,0.39706042408943176
773,0.03400534391403198
774,0.35451191663742065
775,0.42461204528808594
776,0.01683187671005726
777,0.3328145444393158
778,0.40631991624832153
779,0.053455907851457596
780,0.3672385811805725
781,0.4015713930130005
782,0.0005884337006136775
783,0.3983590304851532
784,0.33364370465278625
785,-0.016162555664777756
786,0.39851242303848267
787,0.36606448888778687
788,-0.0339382141828537
789,0.3928326368331909
790,0.36887240409851074
791,-0.024722257629036903
792,0.40240591764450073
793,0.3585166931152344
794,-0.040014080703258514
795,0.39342066645622253
796,0.28555434942245483
797,-0.0041776313446462154
798,0.38050031661987305
799,0.27960264682769775
800,-0.006238588597625494
801,0.369021475315094
802,0.2780000865459442
803,-0.005984410177916288
804,0.35927796363830566
805,0.2792963981628418
806,-0.00263845082372427
807,0.35242682695388794
808,0.28367099165916443
809,0.002570703625679016
810,0.3474501669406891
811,0.3023448586463928
812,0.01622982695698738
813,0.3250507116317749
814,0.33215340971946716
815,0.05410998687148094
816,0.3533848524093628
817,0.3178843855857849
818,0.010358395054936409
819,0.3617192804813385
820,0.3213469684123993
821,0.005515562370419502
822,0.37243783473968506
823,0.3215090334415436
824,0.0022490606643259525
825,0.3825879991054535
826,0.3189949095249176
827,0.0009613825823180377
828,0.39056500792503357
829,0.31521812081336975
830,0.000485937693156302
831,0.3960811495780945
832,0.31136003136634827
833,-6.4254782046191394e-06
834,0.3251648545265198
835,0.33342108130455017
836,0.08548922836780548
837,0.3930267095565796
838,0.37200790643692017
839,-0.020469505339860916
840,0.40390804409980774
841,0.33616477251052856
842,-0.028560979291796684
843,0.40474072098731995
844,0.36690011620521545
845,-0.04029136523604393
846,0.40932497382164
847,0.3727778196334839
848,-0.03669881820678711
849,0.4046391248703003
850,0.36872053146362305
851,-0.03617721423506737
852,0.39540255069732666
853,0.37565696239471436
854,-0.017433511093258858
855,0.41087108850479126
856,0.37398162484169006
857,-0.038876209408044815
858,0.4115341007709503
859,0.3763732314109802
860,-0.028834300115704536
861,0.3955841660499573
862,0.3023764193058014
863,0.0037493405397981405
864,0.4004681408405304
865,0.3051823675632477
866,-0.0012958074221387506
867,0.40317094326019287
868,0.3070518970489502
869,-0.007238128688186407
870,0.3576444089412689
871,0.2964794635772705
872,0.007735405117273331
873,0.35349658131599426
874,0.2929117679595947
875,0.00788066815584898
876,0.4247947931289673
877,0.3311043977737427
878,-0.034170471131801605
879,0.4752546548843384
880,0.30540192127227783
881,0.011394334025681019
882,0.42523425817489624
883,0.37475165724754333
884,-0.02871915139257908
885,0.5026896595954895
886,0.2628372609615326
887,0.04989172890782356
888,0.45180752873420715
889,0.3144749402999878
890,0.0025161777157336473
891,0.45992720127105713
892,0.31567448377609253
893,0.003287831088528037
894,0.46767300367355347
895,0.31528258323669434
896,0.005623314529657364
897,0.47793856263160706
898,0.3096568286418915
899,0.012790004722774029
900,0.4449756443500519
901,0.31118595600128174
902,0.003069967497140169
903,0.4632118344306946
904,0.28797799348831177
905,-0.0010557587957009673
906,0.4545878469944
907,0.2881115674972534
908,-0.0012581072514876723
909,0.4711000621318817
910,0.2898235023021698
911,0.0018712830496951938
912,0.47626495361328125
913,0.29354605078697205
914,0.005440118256956339
915,0.4839642643928528
916,0.31699109077453613
917,0.017180729657411575
918,0.44679996371269226
919,0.4742368459701538
920,0.005049397703260183
921,0.478010356426239
922,0.3029100000858307
923,0.0140389921143651
924,0.5050607323646545
925,0.3126143515110016
926,0.054849158972501755
927,0.4926038086414337
928,0.30999287962913513
929,0.025547342374920845
930,0.4581544101238251
931,0.3610600233078003
932,-0.004257905296981335
933,0.4282301962375641
934,0.4071727991104126
935,-0.021455438807606697
936,0.42670729756355286
937,0.4194325804710388
938,-0.01725020632147789
939,0.4388948380947113
940,0.4106394052505493
941,-0.015961434692144394
942,0.44551166892051697
943,0.41521918773651123
944,-0.009090682491660118
945,0.43439558148384094
946,0.41989484429359436
947,-0.01348174549639225
948,0.44024020433425903
949,0.4208560585975647
950,-0.0070998757146298885
951,0.45462116599082947
952,0.43423962593078613
953,0.005140623543411493
954,0.42473992705345154
955,0.36915165185928345
956,-0.04395462945103645
957,0.42588478326797485
958,0.3576435148715973
959,-0.04671124368906021
960,0.4890804886817932
961,0.282204270362854
962,0.007417818997055292
963,0.4418914318084717
964,0.3317980170249939
965,-0.006652474403381348
966,0.44393476843833923
967,0.3661821782588959
968,-0.022722875699400902
969,0.44447943568229675
970,0.36010023951530457
971,-0.020243417471647263
972,0.4814007878303528
973,0.3606436252593994
974,0.0069832275621593
975,0.4254230856895447
976,0.3431384861469269
977,-0.04197009652853012
978,0.47049611806869507
979,0.27042025327682495
980,-0.00820311438292265
981,0.4816429615020752
982,0.27428925037384033
983,-0.0014069878961890936
984,0.49630072712898254
985,0.2417958378791809
986,0.032494790852069855
987,0.43477797508239746
988,0.278364896774292
989,-0.01595761999487877
990,0.44698864221572876
991,0.29093921184539795
992,0.0011991641949862242
993,0.460772842168808
994,0.4224586486816406
995,0.006846405565738678
996,0.49376142024993896
997,0.41990721225738525
998,0.08029404282569885
999,0.43784913420677185
1000,0.37246060371398926
1001,-0.019583748653531075
1002,0.43088990449905396
1003,0.376189649105072
1004,-0.02068817801773548
1005,0.45274537801742554
1006,0.42273375391960144
1007,0.006010825280100107
1008,0.4487709105014801
1009,0.42211928963661194
1010,0.003628836013376713
1011,0.48616695404052734
1012,0.26656508445739746
1013,0.002706432482227683
1014,0.44411933422088623
1015,0.3712177276611328
1016,-0.01801556721329689
1017,0.45511582493782043
1018,0.2710774838924408
1019,-0.013302292674779892
1020,0.4568505883216858
1021,0.2611076831817627
1022,-0.015281304717063904
1023,0.4654747247695923
1024,0.2123817801475525
1025,-0.001233547693118453
1026,0.49104008078575134
1027,0.253346711397171
1028,0.015531541779637337
1029,0.46039319038391113
1030,0.23529885709285736
1031,-0.008801736868917942
1032,0.49365857243537903
1033,0.2770017981529236
1034,0.014583734795451164
1035,0.49820682406425476
1036,0.2702818214893341
1037,0.03120695985853672
1038,0.42768919467926025
1039,0.41433820128440857
1040,-0.020283237099647522
1041,0.4364631175994873
1042,0.41626182198524475
1043,-0.015105034224689007
1044,0.44292333722114563
1045,0.41824913024902344
1046,-0.008772359229624271
1047,0.435680627822876
1048,0.37458181381225586
1049,-0.01798008568584919
1050,0.45074817538261414
1051,0.422559916973114
1052,0.00465358467772603
1053,0.4473494589328766
1054,0.42583417892456055
1055,-0.0004235330270603299
1056,0.4476397931575775
1057,0.4215990900993347
1058,0.003276438219472766
1059,0.43349048495292664
1060,0.3687169849872589
1061,-0.03143434599041939
1062,0.4384547770023346
1063,0.42009222507476807
1064,-0.005786900874227285
1065,0.4325466752052307
1066,0.42040613293647766
1067,-0.010182883590459824
1068,0.42554035782814026
1069,0.42091062664985657
1070,-0.013669497333467007
1071,0.4282325506210327
1072,0.45681944489479065
1073,-0.00582677498459816
1074,0.42807328701019287
1075,0.44524040818214417
1076,-0.014155673794448376
1077,0.427640438079834
1078,0.43784546852111816
1079,-0.015416831709444523
1080,0.4268985092639923
1081,0.43111762404441833
1082,-0.01363365724682808
1083,0.4261094927787781
1084,0.4267277121543884
1085,-0.012324836105108261
1086,0.43965205550193787
1087,0.42452409863471985
1088,-0.004643985535949469
1089,0.44100654125213623
1090,0.42614805698394775
1091,-0.006001048255711794
1092,0.4429595172405243
1093,0.42957693338394165
1094,-0.006884180940687656
1095,0.4445665180683136
1096,0.4337064325809479
1097,-0.005111346021294594
1098,0.45195868611335754
1099,0.4021974205970764
1100,-0.006531615741550922
1101,0.5028836131095886
1102,0.36365461349487305
1103,0.09094210714101791
1104,0.443342000246048
1105,0.42369434237480164
1106,0.00018428574549034238
1107,0.445238322019577
1108,0.4243474304676056
1109,-0.0006768904277123511
1110,0.4281482398509979
1111,0.38141462206840515
1112,-0.020815914496779442
1113,0.4410809874534607
1114,0.3782874643802643
1115,-0.01183165144175291
1116,0.4294378161430359
1117,0.3788997232913971
1118,-0.021034805104136467
1119,0.45036834478378296
1120,0.3387267589569092
1121,-0.0033278849441558123
1122,0.4633142948150635
1123,0.34676435589790344
1124,-0.00046885336632840335
1125,0.4457058906555176
1126,0.3652416169643402
1127,-0.015349783934652805
1128,0.4845808148384094
1129,0.22451114654541016
1130,0.014377497136592865
1131,0.47909167408943176
1132,0.24116335809230804
1133,0.0025989373680204153
1134,0.47345155477523804
1135,0.2606887221336365
1136,-0.006767855957150459
1137,0.44782108068466187
1138,0.4428384602069855
1139,0.0010347211500629783
1140,0.4378523826599121
1141,0.2630245089530945
1142,-0.019827356562018394
1143,0.44090527296066284
1144,0.23340943455696106
1145,-0.015498483553528786
1146,0.4441855251789093
1147,0.20618541538715363
1148,-0.010570693761110306
1149,0.47423338890075684
1150,0.31349092721939087
1151,0.00935419276356697
1152,0.49198096990585327
1153,0.32523950934410095
1154,0.02235301025211811
1155,0.4407610595226288
1156,0.307953417301178
1157,0.004044674336910248
1158,0.4849376380443573
1159,0.29647666215896606
1160,0.012942800298333168
1161,0.4361814856529236
1162,0.32409748435020447
1163,-0.010124863125383854
1164,0.43892917037010193
1165,0.3619423508644104
1166,-0.031234389171004295
1167,0.4995187520980835
1168,0.33343398571014404
1169,0.03205113112926483
1170,0.4867534041404724
1171,0.3328549563884735
1172,0.015031259506940842
1173,0.4768325686454773
1174,0.3365984857082367
1175,0.007175663486123085
1176,0.4617587625980377
1177,0.33443188667297363
1178,0.002775981090962887
1179,0.45048925280570984
1180,0.32936930656433105
1181,0.000602050160523504
1182,0.44204258918762207
1183,0.3236715495586395
1184,-0.002173063112422824
1185,0.42554304003715515
1186,0.30824223160743713
1187,-0.019965602084994316
1188,0.49812060594558716
1189,0.3573203384876251
1190,0.030460625886917114
1191,0.49137789011001587
1192,0.2949461340904236
1193,0.01691039279103279
1194,0.42187753319740295
1195,0.37509337067604065
1196,-0.0398087352514267
1197,0.44147443771362305
1198,0.3428483307361603
1199,-0.009803378023207188
1200,0.505991518497467
1201,0.31231874227523804
1202,0.082827128469944
1203,0.43585726618766785
1204,0.31715092062950134
1205,-0.0038134416099637747
1206,0.4462277591228485
1207,0.366023987531662
1208,-0.006601396016776562
1209,0.4804826080799103
1210,0.3037399351596832
1211,0.015696585178375244
1212,0.4392980933189392
1213,0.3544673025608063
1214,-0.028145361691713333
1215,0.49974700808525085
1216,0.3912380337715149
1217,0.08793985843658447
1218,0.44087398052215576
1219,0.3036980628967285
1220,0.006128682289272547
1221,0.4324960708618164
1222,0.3476063311100006
1223,-0.03668404370546341
1224,0.47899773716926575
1225,0.4467567801475525
1226,0.03645731508731842
1227,0.4771979749202728
1228,0.4597794711589813
1229,0.051580578088760376
1230,0.5039411187171936
1231,0.3611239492893219
1232,0.06062868610024452
1233,0.4882497191429138
1234,0.43130865693092346
1235,0.04664282500743866
1236,0.5017673969268799
1237,0.28960859775543213
1238,0.04534785449504852
1239,0.4479016959667206
1240,0.485851526260376
1241,0.01025352068245411
1242,0.42089375853538513
1243,0.3773924708366394
1244,-0.028603743761777878
1245,0.44863489270210266
1246,0.3514845073223114
1247,-0.006328253541141748
1248,0.49877995252609253
1249,0.3123345673084259
1250,0.03421677649021149
1251,0.46726924180984497
1252,0.3085682988166809
1253,0.006347596179693937
1254,0.4601684808731079
1255,0.3093111515045166
1256,0.004145163111388683
1257,0.4493788480758667
1258,0.4280242323875427
1259,0.0011223210021853447
1260,0.4961937665939331
1261,0.38058286905288696
1262,0.033781763166189194
1263,0.4327367842197418
1264,0.5016258955001831
1265,0.012356430292129517
1266,0.4562283754348755
1267,0.4857444763183594
1268,0.0294280294328928
1269,0.46598708629608154
1270,0.47507262229919434
1271,0.03925115242600441
1272,0.45325249433517456
1273,0.30839237570762634
1274,0.003530964720994234
1275,0.44683554768562317
1276,0.3061809539794922
1277,0.004489487037062645
1278,0.44283074140548706
1279,0.30492573976516724
1280,0.006021883338689804
1281,0.49659717082977295
1282,0.2925941050052643
1283,0.025394681841135025
1284,0.4479001760482788
1285,0.29677748680114746
1286,0.0029258430004119873
1287,0.45489370822906494
1288,0.2944801449775696
1289,0.0014907332370057702
1290,0.4619159698486328
1291,0.29416951537132263
1292,0.002074692863970995
1293,0.4689573645591736
1294,0.2961135804653168
1295,0.004316388163715601
1296,0.4733560085296631
1297,0.2989579439163208
1298,0.007314493414014578
1299,0.5056297779083252
1300,0.28491631150245667
1301,0.0682315081357956
1302,0.4720118045806885
1303,0.30705416202545166
1304,0.009077059105038643
1305,0.44477179646492004
1306,0.3951181471347809
1307,-0.01172944437712431
1308,0.4380377233028412
1309,0.3706763982772827
1310,-0.022823989391326904
1311,0.4291329085826874
1312,0.3913861811161041
1313,-0.020048750564455986
1314,0.46877792477607727
1315,0.4620424211025238
1316,0.028390804305672646
1317,0.45872583985328674
1318,0.47400668263435364
1319,0.019878225401043892
1320,0.43372195959091187
1321,0.4941532611846924
1322,0.0017765057273209095
1323,0.48589152097702026
1324,0.4428875148296356
1325,0.06672919541597366
1326,0.4430190324783325
1327,0.3007231652736664
1328,0.004774801433086395
1329,0.4309665262699127
1330,0.3266608417034149
1331,-0.02170233242213726
1332,0.44556277990341187
1333,0.49504077434539795
1334,0.01923329569399357
1335,0.5007991194725037
1336,0.3865566849708557
1337,0.0601644329726696
1338,0.4335383176803589
1339,0.4255908727645874
1340,-0.008912716060876846
1341,0.43493589758872986
1342,0.4287908673286438
1343,-0.010280685499310493
1344,0.4363170266151428
1345,0.43394044041633606
1346,-0.011372663080692291
1347,0.4373493790626526
1348,0.4405460059642792
1349,-0.009851041249930859
1350,0.4392971992492676
1351,0.45090407133102417
1352,-0.003313605207949877
1353,0.4454295337200165
1354,0.4213940501213074
1355,-0.001499895821325481
1356,0.44801250100135803
1357,0.4204658269882202
1358,-0.0014661273453384638
1359,0.45046520233154297
1360,0.4187049865722656
1361,-0.0014585084281861782
1362,0.4579346776008606
1363,0.41140034794807434
1364,0.00012776890071108937
1365,0.4866507947444916
1366,0.3861224055290222
1367,0.016647182404994965
1368,0.43071404099464417
1369,0.3154313564300537
1370,-0.014475266449153423
1371,0.43476688861846924
1372,0.2956712543964386
1373,-0.00048282748321071267
1374,0.4396670460700989
1375,0.2977175712585449
1376,0.003007934894412756
1377,0.44333717226982117
1378,0.41994935274124146
1379,-0.0006481073214672506
1380,0.48641225695610046
1381,0.41436639428138733
1382,0.030142342671751976
1383,0.42797520756721497
1384,0.29447194933891296
1385,-0.011630884371697903
1386,0.4432254731655121
1387,0.4621720314025879
1388,0.0014980878913775086
1389,0.42530500888824463
1390,0.32022592425346375
1391,-0.027881687507033348
1392,0.436765193939209
1393,0.3447672128677368
1394,-0.020965710282325745
1395,0.43060818314552307
1396,0.46909672021865845
1397,-0.003987303469330072
1398,0.46130695939064026
1399,0.4393536448478699
1400,0.010244639590382576
1401,0.45259711146354675
1402,0.3757931590080261
1403,-0.004299509339034557
1404,0.45310795307159424
1405,0.4523535668849945
1406,0.0063846963457763195
1407,0.4704652428627014
1408,0.37520942091941833
1409,-0.00023432032321579754
1410,0.45980826020240784
1411,0.38786420226097107
1412,-0.0019989321008324623
1413,0.47661471366882324
1414,0.39424023032188416
1415,0.007375286426395178
1416,0.4330267012119293
1417,0.4829399585723877
1418,-0.002996352966874838
1419,0.4416006803512573
1420,0.351409375667572
1421,-0.014596774242818356
1422,0.46726444363594055
1423,0.44872838258743286
1424,0.018423791974782944
1425,0.4571400284767151
1426,0.46217891573905945
1427,0.012907261960208416
1428,0.46789026260375977
1429,0.4244491457939148
1430,0.01073971576988697
1431,0.4934990704059601
1432,0.4004729986190796
1433,0.0373549684882164
1434,0.4768931269645691
1435,0.4268445372581482
1436,0.0192091166973114
1437,0.4962189197540283
1438,0.40998464822769165
1439,0.0572519414126873
1440,0.4657742977142334
1441,0.4030783176422119
1442,0.002478293376043439
1443,0.4360504746437073
1444,0.3345913887023926
1445,-0.015315418131649494
1446,0.43621373176574707
1447,0.3669097423553467
1448,-0.03312051296234131
1449,0.4414583444595337
1450,0.36990436911582947
1451,-0.02376820147037506
1452,0.4328203499317169
1453,0.3592643439769745
1454,-0.03959633409976959
1455,0.44132769107818604
1456,0.2873389720916748
1457,-0.0031694858334958553
1458,0.45454826951026917
1459,0.2823113799095154
1460,-0.004704258404672146
1461,0.46595579385757446
1462,0.2816125750541687
1463,-0.0039438423700630665
1464,0.4754416048526764
1465,0.2834586799144745
1466,-0.00022602568787988275
1467,0.4819101393222809
1468,0.28819721937179565
1469,0.005433043465018272
1470,0.48578977584838867
1471,0.30676430463790894
1472,0.019161904230713844
1473,0.5055767893791199
1474,0.3366682827472687
1475,0.05829537659883499
1476,0.47971847653388977
1477,0.32159194350242615
1478,0.013060548342764378
1479,0.47156500816345215
1480,0.32452818751335144
1481,0.007798322942107916
1482,0.46105778217315674
1483,0.3243120610713959
1484,0.004095677752047777
1485,0.45088422298431396
1486,0.32130342721939087
1487,0.0024830426555126905
1488,0.4429857134819031
1489,0.31711316108703613
1490,0.0016014007851481438
1491,0.4376489818096161
1492,0.3129956126213074
1493,0.0009144027717411518
1494,0.5044552683830261
1495,0.3378676176071167
1496,0.08974564075469971
1497,0.441131591796875
1498,0.3728605806827545
1499,-0.019526835530996323
1500,0.4310765266418457
1501,0.3367753326892853
1502,-0.027992013841867447
1503,0.430466890335083
1504,0.36749303340911865
1505,-0.03979547321796417
1506,0.4257626533508301
1507,0.3730780780315399
1508,-0.036401405930519104
1509,0.43032753467559814
1510,0.36928847432136536
1511,-0.035654060542583466
1512,0.4386746883392334
1513,0.3764324188232422
1514,-0.016695842146873474
1515,0.4243740141391754
1516,0.3742469549179077
1517,-0.03860362619161606
1518,0.42347145080566406
1519,0.37656277418136597
1520,-0.028621649369597435
1521,0.438047856092453
1522,0.30430305004119873
1523,0.004635159857571125
1524,0.4334915280342102
1525,0.3065966069698334
1526,-0.0005247311200946569
1527,0.43120497465133667
1528,0.30808913707733154
1529,-0.006643680389970541
1530,0.4759717583656311
1531,0.30117034912109375
1532,0.010244116187095642
1533,0.4802286922931671
1534,0.29752224683761597
1535,0.01052241399884224
1536,0.0
1537,0.0
1538,0.0
1539,0.0
1540,0.0
1541,0.0
1542,0.0
1543,0.0
1544,0.0
1545,0.0
1546,0.0
1547,0.0
1548,0.0
1549,0.0
1550,0.0
1551,0.0
1552,0.0
1553,0.0
1554,0.0
1555,0.0
1556,0.0
1557,0.0
1558,0.0
1559,0.0
1560,0.0
1561,0.0
1562,0.0
1563,0.0
1564,0.0
1565,0.0
1566,0.0
1567,0.0
1568,0.0
1569,0.0
1570,0.0
1571,0.0
1572,0.0
1573,0.0
1574,0.0
1575,0.0
1576,0.0
1577,0.0
1578,0.0
1579,0.0
1580,0.0
1581,0.0
1582,0.0
1583,0.0
1584,0.0
1585,0.0
1586,0.0
1587,0.0
1588,0.0
1589,0.0
1590,0.0
1591,0.0
1592,0.0
1593,0.0
1594,0.0
1595,0.0
1596,0.0
1597,0.0
1598,0.0
1599,0.0
1600,0.0
1601,0.0
1602,0.0
1603,0.0
1604,0.0
1605,0.0
1606,0.0
1607,0.0
1608,0.0
1609,0.0
1610,0.0
1611,0.0
1612,0.0
1613,0.0
1614,0.0
1615,0.0
1616,0.0
1617,0.0
1618,0.0
1619,0.0
1620,0.0
1621,0.0
1622,0.0
1623,0.0
1624,0.0
1625,0.0
1626,0.0
1627,0.0
1628,0.0
1629,0.0
1630,0.0
1631,0.0
1632,0.0
1633,0.0
1634,0.0
1635,0.0
1636,0.0
1637,0.0
1638,0.0
1639,0.0
1640,0.0
1641,0.0
1642,0.0
1643,0.0
1644,0.0
1645,0.0
1646,0.0
1647,0.0
1648,0.0
1649,0.0
1650,0.0
1651,0.0
1652,0.0
1653,0.0
1654,0.0
1655,0.0
1656,0.0
1657,0.0
1658,0.0
1659,0.0
1660,0.0
1661,0.0
