,0
0,0.4012773633003235
1,0.36341291666030884
2,-0.6661518812179565
3,0.9999972581863403
4,0.430713415145874
5,0.30448925495147705
6,-0.6124123334884644
7,0.9999951720237732
8,0.44715094566345215
9,0.3048032224178314
10,-0.6118435859680176
11,0.9999955296516418
12,0.4602905809879303
13,0.30508965253829956
14,-0.6112946271896362
15,0.9999948143959045
16,0.37650299072265625
17,0.3085027039051056
18,-0.6097089052200317
19,0.9999948143959045
20,0.3588109612464905
21,0.3088306188583374
22,-0.6086018681526184
23,0.9999942183494568
24,0.3424064517021179
25,0.31001168489456177
26,-0.6086146235466003
27,0.9999934434890747
28,0.481981098651886
29,0.33627623319625854
30,-0.28040584921836853
31,0.9999949336051941
32,0.32704851031303406
33,0.34402766823768616
34,-0.27361369132995605
35,0.999995768070221
36,0.43997082114219666
37,0.42832544445991516
38,-0.551886260509491
39,0.9999964237213135
40,0.37333613634109497
41,0.4296242296695709
42,-0.5461856722831726
43,0.9999966621398926
44,0.6159405708312988
45,0.6701152324676514
46,-0.15204361081123352
47,0.9999527931213379
48,0.20327186584472656
49,0.6913077235221863
50,-0.1240788921713829
51,0.9996779561042786
52,0.7529243230819702
53,1.0416404008865356
54,-0.4775950312614441
55,0.9220640063285828
56,0.10501673072576523
57,1.0338118076324463
58,-0.11191203445196152
59,0.3570038080215454
60,0.7242069840431213
61,0.6316919326782227
62,-0.7980200052261353
63,0.9625799655914307
64,0.09614235162734985
65,1.4939018487930298
66,-0.44613638520240784
67,0.2971261441707611
68,0.6906726956367493
69,0.4825689494609833
70,-0.8978716135025024
71,0.9572067260742188
72,0.06305604428052902
73,1.6079344749450684
74,-0.49949994683265686
75,0.3595021367073059
76,0.6691676378250122
77,0.4528123736381531
78,-0.7832385897636414
79,0.9613440036773682
80,0.09328177571296692
81,1.601729154586792
82,-0.5881011486053467
83,0.48090657591819763
84,0.6622623205184937
85,0.5033305287361145
86,-0.7710868120193481
87,0.9588546752929688
88,0.1164422407746315
89,1.561741590499878
90,-0.500511646270752
91,0.49226436018943787
92,0.5698691010475159
93,1.4627264738082886
94,-0.0692955031991005
95,0.003052135929465294
96,0.2886427044868469
97,1.4671759605407715
98,0.07607538998126984
99,0.0017363972729071975
100,0.5670768022537231
101,2.138720989227295
102,-0.2271699607372284
103,0.00039303366793319583
104,0.309807687997818
105,2.1342520713806152
106,0.14897191524505615
107,8.56407277751714e-05
108,0.5699995756149292
109,2.7253222465515137
110,0.18808719515800476
111,1.541198798804544e-05
112,0.3241226077079773
113,2.717453718185425
114,0.49117809534072876
115,1.7645908201302518e-06
116,0.5788236856460571
117,2.805893659591675
118,0.20034882426261902
119,1.4332635146274697e-05
120,0.31723326444625854
121,2.80206298828125
122,0.5128272771835327
123,5.629467977996683e-06
124,0.5267437696456909
125,2.9035592079162598
126,-0.3411727547645569
127,4.721900404547341e-05
128,0.36366602778434753
129,2.90165638923645
130,-0.04721207171678543
131,1.532336500531528e-05
132,0.39882054924964905
133,0.42241016030311584
134,-0.0217920932918787
135,0.39424213767051697
136,0.38207364082336426
137,-0.045592404901981354
138,0.39632201194763184
139,0.3933089077472687
140,-0.02299395017325878
141,0.38561686873435974
142,0.3433743119239807
143,-0.03583907708525658
144,0.3933860957622528
145,0.37000080943107605
146,-0.04900050535798073
147,0.39278584718704224
148,0.35409268736839294
149,-0.046361882239580154
150,0.3918938636779785
151,0.31580546498298645
152,-0.026313453912734985
153,0.3357405662536621
154,0.3157532811164856
155,0.010957437567412853
156,0.39093759655952454
157,0.2904239594936371
158,-0.022834785282611847
159,0.39014825224876404
160,0.27537721395492554
161,-0.02568706125020981
162,0.38752642273902893
163,0.21288788318634033
164,-0.01953577995300293
165,0.39936575293540955
166,0.428620845079422
167,-0.020483404397964478
168,0.3998796343803406
169,0.4332863986492157
170,-0.017488593235611916
171,0.40026772022247314
172,0.43502116203308105
173,-0.013501832261681557
174,0.40084466338157654
175,0.44710659980773926
176,-0.009596639312803745
177,0.4011370837688446
178,0.45318323373794556
179,-0.010648323222994804
180,0.40155190229415894
181,0.460411936044693
182,-0.011731378734111786
183,0.4020942449569702
184,0.46769028902053833
185,-0.009358248673379421
186,0.40289241075515747
187,0.47616907954216003
188,0.0002875056234188378
189,0.394994854927063
190,0.38788363337516785
191,-0.04100093990564346
192,0.38765624165534973
193,0.3872761130332947
194,-0.02881787344813347
195,0.30852359533309937
196,0.27426472306251526
197,0.048687826842069626
198,0.35939428210258484
199,0.32398438453674316
200,0.0018827927997335792
201,0.3516189157962799
202,0.3256116211414337
203,0.0027563574258238077
204,0.3439161777496338
205,0.32597506046295166
206,0.005300847347825766
207,0.33322176337242126
208,0.320325642824173
209,0.012535064481198788
210,0.36568495631217957
211,0.32059451937675476
212,0.0018661224748939276
213,0.3466023802757263
214,0.29805314540863037
215,-0.0023281360045075417
216,0.3553774654865265
217,0.29794323444366455
218,-0.0028768444899469614
219,0.33870363235473633
220,0.3002195656299591
221,0.0007714746170677245
222,0.33372607827186584
223,0.3040653467178345
224,0.004620154853910208
225,0.3277328908443451
226,0.328997939825058
227,0.0172482430934906
228,0.37373438477516174
229,0.4894229769706726
230,0.01317333523184061
231,0.3326675295829773
232,0.31327033042907715
233,0.01359657570719719
234,0.3074777126312256
235,0.32463228702545166
236,0.055696744471788406
237,0.31899264454841614
238,0.32245537638664246
239,0.02554960362613201
240,0.35533076524734497
241,0.3744393587112427
242,-0.003093716921284795
243,0.38823071122169495
244,0.42119479179382324
245,-0.02006113901734352
246,0.39107388257980347
247,0.43379396200180054
248,-0.015575834549963474
249,0.37834757566452026
250,0.42567870020866394
251,-0.014111770316958427
252,0.372880756855011
253,0.43116211891174316
254,-0.006496865302324295
255,0.38393789529800415
256,0.4350118935108185
257,-0.01131358090788126
258,0.37883102893829346
259,0.43676626682281494
260,-0.004427673760801554
261,0.36478638648986816
262,0.4518321752548218
263,0.010353267192840576
264,0.38741335272789
265,0.38221338391304016
266,-0.044607013463974
267,0.3854193687438965
268,0.3708093762397766
269,-0.04772578552365303
270,0.32123926281929016
271,0.29499393701553345
272,0.006012671627104282
273,0.3695996403694153
274,0.34324386715888977
275,-0.007407498545944691
276,0.36867156624794006
277,0.37974005937576294
278,-0.022540932521224022
279,0.36785539984703064
280,0.37347450852394104
281,-0.020069755613803864
282,0.3328059911727905
283,0.37493112683296204
284,0.008574394509196281
285,0.3853665292263031
286,0.35591381788253784
287,-0.04327460005879402
288,0.33893442153930664
289,0.2832365036010742
290,-0.010751689784228802
291,0.3280482292175293
292,0.2871814966201782
293,-0.0034754148218780756
294,0.3136458396911621
295,0.2536002993583679
296,0.03023950755596161
297,0.3743644952774048
298,0.2899758517742157
299,-0.019245576113462448
300,0.36311137676239014
301,0.30050110816955566
302,-0.0005189315415918827
303,0.3584079444408417
304,0.4394802749156952
305,0.011401425115764141
306,0.3248625099658966
307,0.4309462308883667
308,0.08556284010410309
309,0.37529218196868896
310,0.3856104612350464
311,-0.019032122567296028
312,0.38247841596603394
313,0.38897424936294556
314,-0.020453061908483505
315,0.36684179306030273
316,0.44088125228881836
317,0.010091565549373627
318,0.37106892466545105
319,0.44006648659706116
320,0.007460401393473148
321,0.32353734970092773
322,0.27972400188446045
323,0.0005131286452524364
324,0.36906787753105164
325,0.3847876489162445
326,-0.017492908984422684
327,0.35413306951522827
328,0.2834779620170593
329,-0.016253802925348282
330,0.35202038288116455
331,0.2739470601081848
332,-0.018629591912031174
333,0.3416450023651123
334,0.2236412614583969
335,-0.005625131540000439
336,0.31879448890686035
337,0.2659514248371124
338,0.013287843205034733
339,0.3475346863269806
340,0.24728646874427795
341,-0.01271731499582529
342,0.31681516766548157
343,0.2899879813194275
344,0.013227223418653011
345,0.31266146898269653
346,0.28247886896133423
347,0.02998499944806099
348,0.3895503282546997
349,0.42854800820350647
350,-0.01876739040017128
351,0.3814156949520111
352,0.4313538372516632
353,-0.013062108308076859
354,0.3757856488227844
355,0.43418803811073303
356,-0.00613269442692399
357,0.3776267468929291
358,0.38761916756629944
359,-0.01770028844475746
360,0.36894455552101135
361,0.4407652020454407
362,0.00856761634349823
363,0.37213343381881714
364,0.4451119899749756
365,0.004030102398246527
366,0.3722248375415802
367,0.4389905333518982
368,0.007106660399585962
369,0.37893640995025635
370,0.38165926933288574
371,-0.03158647567033768
372,0.3808038532733917
373,0.43586939573287964
374,-0.0031771971844136715
375,0.38601183891296387
376,0.43542760610580444
377,-0.007998314686119556
378,0.3925495743751526
379,0.43525367975234985
380,-0.011832286603748798
381,0.3912375271320343
382,0.4760378301143646
383,0.0012431449722498655
384,0.39082974195480347
385,0.4669044315814972
386,-0.008185717277228832
387,0.3910299241542816
388,0.4595053791999817
389,-0.010111451148986816
390,0.3915468156337738
391,0.45201292634010315
392,-0.00892030168324709
393,0.39230266213417053
394,0.4469088017940521
395,-0.007859153673052788
396,0.37979814410209656
397,0.444100558757782
398,-0.00023762340424582362
399,0.37828531861305237
400,0.44617125391960144
401,-0.0012946445494890213
402,0.37613457441329956
403,0.44988685846328735
404,-0.00184045045170933
405,0.3744422197341919
406,0.45392709970474243
407,0.00014861395175103098
408,0.36489343643188477
409,0.41733166575431824
410,-0.0042879413813352585
411,0.3130940794944763
412,0.37423965334892273
413,0.09437961876392365
414,0.395575612783432
415,0.38984328508377075
416,-0.02937496267259121
417,0.3764044940471649
418,0.44247207045555115
419,0.004332161974161863
420,0.3743388056755066
421,0.4435140788555145
422,0.0037112536374479532
423,0.385647177696228
424,0.3941721022129059
425,-0.020210323855280876
426,0.3727153241634369
427,0.39172911643981934
428,-0.01104491576552391
429,0.38411033153533936
430,0.3916829824447632
431,-0.020691679790616035
432,0.3618238866329193
433,0.3506055772304535
434,-0.0034128075931221247
435,0.34961041808128357
436,0.35969990491867065
437,2.3530285034212284e-05
438,0.36716774106025696
439,0.37872767448425293
440,-0.014861063100397587
441,0.3239288926124573
442,0.23642398416996002
443,0.011141673661768436
444,0.32977011799812317
445,0.25377801060676575
446,-0.00044828635873273015
447,0.335673987865448
448,0.2738078832626343
449,-0.009541173465549946
450,0.3715592622756958
451,0.460823655128479
452,0.00693293334916234
453,0.3707720637321472
454,0.2751106023788452
455,-0.023658519610762596
456,0.36654186248779297
457,0.2443341314792633
458,-0.020157067105174065
459,0.36218464374542236
460,0.21638983488082886
461,-0.015827758237719536
462,0.3372093439102173
463,0.32436293363571167
464,0.009113164618611336
465,0.3201639950275421
466,0.33820459246635437
467,0.022941144183278084
468,0.36961907148361206
469,0.3172425925731659
470,0.0026300547178834677
471,0.32570070028305054
472,0.30804336071014404
473,0.01224204059690237
474,0.37475043535232544
475,0.33534103631973267
476,-0.01130409725010395
477,0.3730306327342987
478,0.3751769959926605
479,-0.03146548569202423
480,0.31314408779144287
481,0.34655630588531494
482,0.03329170495271683
483,0.3255915641784668
484,0.3461141884326935
485,0.015694670379161835
486,0.33571940660476685
487,0.34982097148895264
488,0.007789740804582834
489,0.350582480430603
490,0.3464847505092621
491,0.0028557090554386377
492,0.36130431294441223
493,0.340528279542923
494,0.00017270578246098012
495,0.3691492974758148
496,0.33434346318244934
497,-0.003122592344880104
498,0.38427430391311646
499,0.31944215297698975
500,-0.02232961915433407
501,0.3157322406768799
502,0.3709837794303894
503,0.03252188116312027
504,0.3196142911911011
505,0.3074318766593933
506,0.016265664249658585
507,0.3908179700374603
508,0.3877951502799988
509,-0.04026572406291962
510,0.37040430307388306
511,0.35492515563964844
512,-0.010174442082643509
513,0.30761900544166565
514,0.3231053352355957
515,0.08409643173217773
516,0.374830961227417
517,0.3277120590209961
518,-0.0053030699491500854
519,0.3669164478778839
520,0.37930986285209656
521,-0.005974891129881144
522,0.33023130893707275
523,0.31433624029159546
524,0.015313454903662205
525,0.3723700940608978
526,0.3675464391708374
527,-0.028507908806204796
528,0.3173406720161438
529,0.40181365609169006
530,0.09222839027643204
531,0.36928457021713257
532,0.3128432035446167
533,0.004640634171664715
534,0.3785680830478668
535,0.36058562994003296
536,-0.037509407848119736
537,0.3410182595252991
538,0.46035274863243103
539,0.04312589764595032
540,0.3433544635772705
541,0.4720692038536072
542,0.05838913470506668
543,0.31047967076301575
544,0.37348672747612
545,0.06340336054563522
546,0.33095335960388184
547,0.4443702697753906
548,0.05238915607333183
549,0.30983829498291016
550,0.3016406297683716
551,0.04510356858372688
552,0.3732084631919861
553,0.5004084706306458
554,0.01878540776669979
555,0.39225783944129944
556,0.38968217372894287
557,-0.02871454507112503
558,0.36400818824768066
559,0.3641316592693329
560,-0.006015464663505554
561,0.31313446164131165
562,0.32491087913513184
563,0.034521739929914474
564,0.34394970536231995
565,0.3185524642467499
566,0.005864081438630819
567,0.3509898781776428
568,0.3188374936580658
569,0.0034998515620827675
570,0.3699991703033447
571,0.4471074044704437
572,0.005680543836206198
573,0.3193366229534149
574,0.39428019523620605
575,0.03703802078962326
576,0.3886992931365967
577,0.51601642370224
578,0.02129221148788929
579,0.3648871183395386
580,0.4989452362060547
581,0.03753465414047241
582,0.3549674451351166
583,0.4877300262451172
584,0.04672083631157875
585,0.3887484669685364
586,0.24265064299106598
587,-0.023125020787119865
588,0.4058474898338318
589,0.5177736282348633
590,0.018142659217119217
591,0.3576480746269226
592,0.3175565302371979
593,0.0026462948881089687
594,0.36370787024497986
595,0.3153167963027954
596,0.0033041387796401978
597,0.36753222346305847
598,0.31397372484207153
599,0.004667691420763731
600,0.3145960569381714
601,0.305317759513855
602,0.02490217238664627
603,0.3622729778289795
604,0.3064163625240326
605,0.0016650044126436114
606,0.3553527891635895
607,0.3043537735939026
608,0.0002197233698097989
609,0.34828177094459534
610,0.3043254613876343
611,0.0010456846794113517
612,0.34127578139305115
613,0.3065352439880371
614,0.003502404084429145
615,0.337019681930542
616,0.30952009558677673
617,0.006677959579974413
618,0.30668774247169495
619,0.2959918975830078
620,0.06811831146478653
621,0.33912771940231323
622,0.3172834515571594
623,0.008590271696448326
624,0.3972231447696686
625,0.4026152491569519
626,-0.020379722118377686
627,0.370685338973999
628,0.40950724482536316
629,-0.01006568968296051
630,0.37482336163520813
631,0.38383543491363525
632,-0.022731838747859
633,0.3857402503490448
634,0.40469518303871155
635,-0.018906570971012115
636,0.3915799856185913
637,0.3024105727672577
638,-0.021116012707352638
639,0.3516940176486969
640,0.4758516252040863
641,0.03582761436700821
642,0.3620726466178894
643,0.48793044686317444
644,0.027917813509702682
645,0.38740426301956177
646,0.5092182159423828
647,0.010590729303658009
648,0.3339172303676605
649,0.45462602376937866
650,0.07270365208387375
651,0.3670249581336975
652,0.3101516366004944
653,0.0033538227435201406
654,0.37966856360435486
655,0.3384872376918793
656,-0.023203082382678986
657,0.4050809442996979
658,0.5107888579368591
659,0.007892847061157227
660,0.375687837600708
661,0.5090276002883911
662,0.02792251855134964
663,0.3149847090244293
664,0.3989506959915161
665,0.06395800411701202
666,0.38530904054641724
667,0.445700079202652
668,-0.0043491460382938385
669,0.3839196562767029
670,0.4494648277759552
671,-0.005446830298751593
672,0.38242819905281067
673,0.4551987648010254
674,-0.006009877659380436
675,0.381448358297348
676,0.46175050735473633
677,-0.00412024324759841
678,0.37998151779174805
679,0.4696608781814575
680,0.003220996120944619
681,0.3742796778678894
682,0.43811118602752686
683,0.0017578272381797433
684,0.371387779712677
685,0.43729856610298157
686,0.0018474387470632792
687,0.3687635660171509
688,0.4355781376361847
689,0.0017987912287935615
690,0.3604281544685364
691,0.4275546967983246
692,0.0033844877034425735
693,0.32953083515167236
694,0.400438517332077
695,0.019840296357870102
696,0.37960946559906006
697,0.3266175389289856
698,-0.016220374032855034
699,0.3750711977481842
700,0.3055638074874878
701,-0.0026443132665008307
702,0.370260626077652
703,0.3070796728134155
704,0.0010807287180796266
705,0.3763878047466278
706,0.436269074678421
707,0.00258075213059783
708,0.3319302201271057
709,0.4284043312072754
710,0.03504861891269684
711,0.38151273131370544
712,0.30506670475006104
713,-0.014265971258282661
714,0.3766644299030304
715,0.47867631912231445
716,0.008894783444702625
717,0.39247259497642517
718,0.3409774601459503
719,-0.039266880601644516
720,0.3848091959953308
721,0.3320273458957672
722,-0.029948057606816292
723,0.39221110939979553
724,0.32879558205604553
725,-0.032491352409124374
726,0.3746875822544098
727,0.3572227954864502
728,-0.02165297232568264
729,0.40429964661598206
730,0.4998401701450348
731,0.0026005941908806562
732,0.4035142660140991
733,0.486849308013916
734,0.001722236629575491
735,0.3895087242126465
736,0.48618319630622864
737,0.004052766133099794
738,0.357966810464859
739,0.4552972912788391
740,0.01604677177965641
741,0.3615948259830475
742,0.3895242214202881
743,-0.002844377886503935
744,0.366529643535614
745,0.46840763092041016
746,0.01309171412140131
747,0.3446148633956909
748,0.3896366059780121
749,0.002147698774933815
750,0.35600513219833374
751,0.40231746435165405
752,0.0002856600913219154
753,0.34037941694259644
754,0.40899819135665894
755,0.010981874540448189
756,0.3876761794090271
757,0.4986366331577301
758,0.005585805978626013
759,0.3704620599746704
760,0.3639976382255554
761,-0.014731081202626228
762,0.3524405360221863
763,0.46369224786758423
764,0.025030074641108513
765,0.3630717694759369
766,0.4770422577857971
767,0.020411351695656776
768,0.3510292172431946
769,0.4403145909309387
770,0.01582605578005314
771,0.3236140310764313
772,0.4139885902404785
773,0.04154643043875694
774,0.34206122159957886
775,0.441769003868103
776,0.024714196100831032
777,0.3213438391685486
778,0.4225615859031677
779,0.06203647702932358
780,0.35192421078681946
781,0.4184163808822632
782,0.005905178375542164
783,0.3751333951950073
784,0.34652721881866455
785,-0.01620660349726677
786,0.37606602907180786
787,0.3800783157348633
788,-0.03334784507751465
789,0.3713880181312561
790,0.3832358717918396
791,-0.023556718602776527
792,0.37876996397972107
793,0.3724218010902405
794,-0.04010864719748497
795,0.36850079894065857
796,0.29766130447387695
797,-0.005431553814560175
798,0.35520920157432556
799,0.2931097149848938
800,-0.006931552197784185
801,0.3435713052749634
802,0.29279428720474243
803,-0.005876601208001375
804,0.3341634273529053
805,0.295055091381073
806,-0.0016981749795377254
807,0.3281398117542267
808,0.2998741865158081
809,0.004191911313682795
810,0.3254860043525696
811,0.31835147738456726
812,0.018949288874864578
813,0.3077884912490845
814,0.34886467456817627
815,0.060163713991642
816,0.3320942521095276
817,0.3336086869239807
818,0.013208141550421715
819,0.3403468728065491
820,0.3364194929599762
821,0.007788698188960552
822,0.35083144903182983
823,0.33528825640678406
824,0.0037995390594005585
825,0.36057400703430176
826,0.33161652088165283
827,0.0019431764958426356
828,0.3679499626159668
829,0.327083557844162
830,0.00044570190948434174
831,0.3729369342327118
832,0.3228827118873596
833,-0.0005037582013756037
834,0.3104005455970764
835,0.3485035002231598
836,0.09210752695798874
837,0.3721041679382324
838,0.38628089427948
839,-0.01915973238646984
840,0.3797121047973633
841,0.3492254912853241
842,-0.029128650203347206
843,0.381663054227829
844,0.3805992603302002
845,-0.040269363671541214
846,0.38686785101890564
847,0.3858466148376465
848,-0.036769598722457886
849,0.3820677399635315
850,0.38221481442451477
851,-0.03601337596774101
852,0.37486350536346436
853,0.3896324634552002
854,-0.01617772877216339
855,0.3883078694343567
856,0.38700973987579346
857,-0.039045367389917374
858,0.38956931233406067
859,0.3890174925327301
860,-0.028735343366861343
861,0.3720896244049072
862,0.3136199414730072
863,0.003055939916521311
864,0.3766661584377289
865,0.31639614701271057
866,-0.0024339579977095127
867,0.37897753715515137
868,0.31848394870758057
869,-0.008703885599970818
870,0.3345344662666321
871,0.311623215675354
872,0.009696965105831623
873,0.33010438084602356
874,0.3082963824272156
875,0.010029774159193039
876,0.39988839626312256
877,0.342174232006073
878,-0.03668372705578804
879,0.4526675343513489
880,0.3068261742591858
881,0.004450236912816763
882,0.4034038484096527
883,0.3859466016292572
884,-0.029499609023332596
885,0.48149776458740234
886,0.2588842213153839
887,0.038687724620103836
888,0.42907679080963135
889,0.31868237257003784
890,-0.0024449732154607773
891,0.437319815158844
892,0.3189763128757477
893,-0.002344588516280055
894,0.4453677535057068
895,0.31791096925735474
896,-0.0006592866848222911
897,0.4561224579811096
898,0.3107674717903137
899,0.0056372713297605515
900,0.4220138490200043
901,0.3163599669933319
902,-0.0014888665173202753
903,0.4391297399997711
904,0.29090774059295654
905,-0.007676354143768549
906,0.4301973581314087
907,0.2920558452606201
908,-0.007111521437764168
909,0.44747084379196167
910,0.29185396432876587
911,-0.005304752849042416
912,0.453171968460083
913,0.2948905825614929
914,-0.0019922181963920593
915,0.4631396532058716
916,0.31792736053466797
917,0.009739665314555168
918,0.4349729120731354
919,0.48531681299209595
920,0.010040933266282082
921,0.45569735765457153
922,0.3039766550064087
923,0.006739276461303234
924,0.487618088722229
925,0.3092915415763855
926,0.045493148267269135
927,0.47220346331596375
928,0.3096783459186554
929,0.017153963446617126
930,0.43801501393318176
931,0.36731061339378357
932,-0.007506814785301685
933,0.40955257415771484
934,0.4192371368408203
935,-0.021207205951213837
936,0.40915733575820923
937,0.43207597732543945
938,-0.016687046736478806
939,0.4211180806159973
940,0.42167752981185913
941,-0.01637072116136551
942,0.4284886121749878
943,0.42576998472213745
944,-0.009665850549936295
945,0.4172475039958954
946,0.43183016777038574
947,-0.013524678535759449
948,0.42345207929611206
949,0.43231168389320374
950,-0.00728730158880353
951,0.44059550762176514
952,0.44504687190055847
953,0.006151095498353243
954,0.4013198912143707
955,0.380989134311676
956,-0.04517090320587158
957,0.4016838073730469
958,0.3694404065608978
959,-0.048344824463129044
960,0.4652806520462036
961,0.28336721658706665
962,-0.0017729558749124408
963,0.41963136196136475
964,0.3390665352344513
965,-0.010233486071228981
966,0.422433465719223
967,0.3749910593032837
968,-0.025038035586476326
969,0.42293912172317505
970,0.3686162531375885
971,-0.022719966247677803
972,0.46229326725006104
973,0.3638543486595154
974,0.0012999209575355053
975,0.4006887674331665
976,0.35465192794799805
977,-0.04411043971776962
978,0.4441559612751007
979,0.27482402324676514
980,-0.016302507370710373
981,0.4564129412174225
982,0.27688664197921753
983,-0.010410219430923462
984,0.4720785617828369
985,0.23928454518318176
986,0.02127046510577202
987,0.4079888164997101
988,0.2873786687850952
989,-0.021075351163744926
990,0.4227103888988495
991,0.2958334684371948
992,-0.003933378495275974
993,0.44562411308288574
994,0.43148118257522583
995,0.006456461735069752
996,0.4848593473434448
997,0.41890355944633484
998,0.07635079324245453
999,0.41671696305274963
1000,0.38193604350090027
1001,-0.021055325865745544
1002,0.4098359942436218
1003,0.38650962710380554
1004,-0.021455075591802597
1005,0.4374602138996124
1006,0.43382513523101807
1007,0.00572662940248847
1008,0.43314674496650696
1009,0.4336704909801483
1010,0.003690630430355668
1011,0.4606676399707794
1012,0.2685890793800354
1013,-0.006796259433031082
1014,0.42339086532592773
1015,0.37990617752075195
1016,-0.020035749301314354
1017,0.4281465411186218
1018,0.2776469886302948
1019,-0.020006759092211723
1020,0.42911404371261597
1021,0.2676118314266205
1022,-0.022441595792770386
1023,0.43632012605667114
1024,0.2148049771785736
1025,-0.01072000339627266
1026,0.46593889594078064
1027,0.25318706035614014
1028,0.005290258210152388
1029,0.4316449761390686
1030,0.23989741504192352
1031,-0.017118671908974648
1032,0.47012898325920105
1033,0.2772708833217621
1034,0.004876312799751759
1035,0.4757663309574127
1036,0.2684785723686218
1037,0.02088286727666855
1038,0.4095698893070221
1039,0.4266710579395294
1040,-0.019934024661779404
1041,0.41902655363082886
1042,0.4277905225753784
1043,-0.015301893465220928
1044,0.4260448217391968
1045,0.4292065501213074
1046,-0.009167920798063278
1047,0.4147909879684448
1048,0.38429635763168335
1049,-0.01926249824464321
1050,0.435311496257782
1051,0.43399083614349365
1052,0.004558117128908634
1053,0.432096928358078
1054,0.4392584562301636
1055,0.0006613947334699333
1056,0.4319567084312439
1057,0.4329838156700134
1058,0.003404749557375908
1059,0.4112837016582489
1060,0.3789674937725067
1061,-0.03330022096633911
1062,0.4217380881309509
1063,0.43167635798454285
1064,-0.0058297039940953255
1065,0.4156317412853241
1066,0.43255355954170227
1067,-0.009997474029660225
1068,0.4084317684173584
1069,0.433698445558548
1070,-0.012962071225047112
1071,0.41482269763946533
1072,0.4742528200149536
1073,6.94742557243444e-05
1074,0.41357505321502686
1075,0.46508094668388367
1076,-0.009442510083317757
1077,0.41235291957855225
1078,0.45773354172706604
1079,-0.01144662220031023
1080,0.41096189618110657
1081,0.45038336515426636
1082,-0.010143685154616833
1083,0.40978944301605225
1084,0.4454219937324524
1085,-0.009038621559739113
1086,0.4236452877521515
1087,0.4398654103279114
1088,-0.002838101936504245
1089,0.4252956509590149
1090,0.4416496753692627
1091,-0.004002616740763187
1092,0.42789727449417114
1093,0.4450541138648987
1094,-0.004553700797259808
1095,0.43010926246643066
1096,0.4488425850868225
1097,-0.0027500528376549482
1098,0.43414339423179626
1099,0.4110281467437744
1100,-0.007848367094993591
1101,0.4911622107028961
1102,0.35972124338150024
1103,0.08385785669088364
1104,0.42749279737472534
1105,0.43739521503448486
1106,0.0010974961332976818
1107,0.4296385645866394
1108,0.43807220458984375
1109,0.00042343305540271103
1110,0.40739917755126953
1111,0.3921376168727875
1112,-0.02119183912873268
1113,0.42111340165138245
1114,0.3873175382614136
1115,-0.013023906387388706
1116,0.4085543751716614
1117,0.389438271522522
1118,-0.021655365824699402
1119,0.4287814199924469
1120,0.3449377119541168
1121,-0.007281627506017685
1122,0.4425269067287445
1123,0.35174936056137085
1124,-0.005216570105403662
1125,0.4248647391796112
1126,0.37356317043304443
1127,-0.017608093097805977
1128,0.4576225280761719
1129,0.22403600811958313
1130,0.0037619497161358595
1131,0.45179447531700134
1132,0.24305152893066406
1133,-0.0068726735189557076
1134,0.4465005397796631
1135,0.2647426724433899
1136,-0.01530685368925333
1137,0.43428051471710205
1138,0.4555920362472534
1139,0.0034933341667056084
1140,0.40988585352897644
1141,0.2719268500804901
1142,-0.025560852140188217
1143,0.41148701310157776
1144,0.24035951495170593
1145,-0.022343194112181664
1146,0.4137679636478424
1147,0.2115069180727005
1148,-0.018429996445775032
1149,0.45227769017219543
1150,0.31525999307632446
1151,0.0025457139126956463
1152,0.4723625183105469
1153,0.3253830075263977
1154,0.014603864401578903
1155,0.41753819584846497
1156,0.3137979805469513
1157,-0.00034602475352585316
1158,0.4625309407711029
1159,0.2971598505973816
1160,0.004711450077593327
1161,0.41312524676322937
1162,0.33215638995170593
1163,-0.01359735056757927
1164,0.4164789617061615
1165,0.3714864253997803
1166,-0.03348182886838913
1167,0.48155921697616577
1168,0.3323703706264496
1169,0.023883676156401634
1170,0.46685951948165894
1171,0.3341379463672638
1172,0.007896386086940765
1173,0.45632311701774597
1174,0.3394523561000824
1175,0.0010070723947137594
1176,0.4403976798057556
1177,0.33888155221939087
1178,-0.0023842467926442623
1179,0.42854636907577515
1180,0.33493050932884216
1181,-0.0037729975301772356
1182,0.4196341633796692
1183,0.330291748046875
1184,-0.0061188871040940285
1185,0.40040335059165955
1186,0.31815680861473083
1187,-0.0233157929033041
1188,0.48128318786621094
1189,0.3571590483188629
1190,0.023227863013744354
1191,0.4693211615085602
1192,0.29512351751327515
1193,0.008042211644351482
1194,0.39926525950431824
1195,0.38702845573425293
1196,-0.04071297496557236
1197,0.4196007549762726
1198,0.35074418783187866
1199,-0.012804562225937843
1200,0.49039721488952637
1201,0.30741578340530396
1202,0.07322590798139572
1203,0.41278523206710815
1204,0.3247043490409851
1205,-0.007581204641610384
1206,0.42594343423843384
1207,0.3740381598472595
1208,-0.008635483682155609
1209,0.4585556387901306
1210,0.30442094802856445
1211,0.008091244846582413
1212,0.41678357124328613
1213,0.3637396991252899
1214,-0.03058495745062828
1215,0.4897732436656952
1216,0.3882824182510376
1217,0.08233460783958435
1218,0.4176458716392517
1219,0.3094949722290039
1220,0.0015621723141521215
1221,0.4087385833263397
1222,0.35798269510269165
1223,-0.03908683359622955
1224,0.46781811118125916
1225,0.4512750506401062
1226,0.036173541098833084
1227,0.46842822432518005
1228,0.46368759870529175
1229,0.05142643675208092
1230,0.49003395438194275
1231,0.3587821424007416
1232,0.05327299237251282
1233,0.4769163429737091
1234,0.4335657060146332
1235,0.04432927072048187
1236,0.4818481206893921
1237,0.28687411546707153
1238,0.03538249060511589
1239,0.43724489212036133
1240,0.49633926153182983
1241,0.015551740303635597
1242,0.39892786741256714
1243,0.3890886902809143
1244,-0.029027679935097694
1245,0.42767587304115295
1246,0.35855329036712646
1247,-0.00937632005661726
1248,0.47947412729263306
1249,0.31095269322395325
1250,0.02538304403424263
1251,0.4442170262336731
1252,0.31088659167289734
1253,0.0001338953443337232
1254,0.4369714856147766
1255,0.31233710050582886
1256,-0.0015948619693517685
1257,0.4345845580101013
1258,0.4408920705318451
1259,0.0020309225656092167
1260,0.48083218932151794
1261,0.3810296952724457
1262,0.02791709452867508
1263,0.42316222190856934
1264,0.5139594078063965
1265,0.01942950114607811
1266,0.447265625
1267,0.4939371347427368
1268,0.03305386006832123
1269,0.4572265148162842
1270,0.48127859830856323
1271,0.041119884699583054
1272,0.4300580620765686
1273,0.31223198771476746
1274,-0.0017404069658368826
1275,0.4235418438911438
1276,0.31088051199913025
1277,-0.0004515433683991432
1278,0.41954872012138367
1279,0.31026381254196167
1280,0.0012657304760068655
1281,0.4752412438392639
1282,0.29175472259521484
1283,0.016030127182602882
1284,0.42433303594589233
1285,0.301861435174942
1286,-0.002237096894532442
1287,0.4313077926635742
1288,0.29872560501098633
1289,-0.0043095615692436695
1290,0.43845441937446594
1291,0.2977115213871002
1292,-0.004249708727002144
1293,0.44576960802078247
1294,0.298773854970932
1295,-0.0024180172476917505
1296,0.4504948556423187
1297,0.30099546909332275
1298,0.0003360395203344524
1299,0.4871504008769989
1300,0.28019481897354126
1301,0.05765038728713989
1302,0.44915223121643066
1303,0.308908075094223
1304,0.002383667277172208
1305,0.42616841197013855
1306,0.4045020043849945
1307,-0.012819300405681133
1308,0.4165627062320709
1309,0.38018032908439636
1310,-0.024526424705982208
1311,0.40936478972435
1312,0.402509868144989
1313,-0.02007974311709404
1314,0.45805561542510986
1315,0.4685158431529999
1316,0.030223257839679718
1317,0.4481525421142578
1318,0.4823743402957916
1319,0.023515161126852036
1320,0.4228564500808716
1321,0.5069923400878906
1322,0.008773354813456535
1323,0.47721779346466064
1324,0.4444023370742798
1325,0.06441837549209595
1326,0.41962873935699463
1327,0.30640143156051636
1328,-9.49025052250363e-05
1329,0.40693920850753784
1330,0.33628568053245544
1331,-0.02470429241657257
1332,0.4362839162349701
1333,0.5053977370262146
1334,0.024607524275779724
1335,0.48850035667419434
1336,0.3851493000984192
1337,0.054271019995212555
1338,0.41734811663627625
1339,0.44278573989868164
1340,-0.00644741952419281
1341,0.41912081837654114
1342,0.44632261991500854
1343,-0.007541090715676546
1344,0.42123833298683167
1345,0.4517520070075989
1346,-0.008243379183113575
1347,0.4230647087097168
1348,0.4582049250602722
1349,-0.006425853352993727
1350,0.4260422885417938
1351,0.46599918603897095
1352,0.0006529850070364773
1353,0.4291824996471405
1354,0.4325505495071411
1355,-0.0017541276756674051
1356,0.43183279037475586
1357,0.43128231167793274
1358,-0.001953069120645523
1359,0.4342367947101593
1360,0.42911142110824585
1361,-0.0021311205346137285
1362,0.441119909286499
1363,0.42010900378227234
1364,-0.001136238221079111
1365,0.46982699632644653
1366,0.3888154625892639
1367,0.011929187923669815
1368,0.4066073000431061
1369,0.3244229853153229
1370,-0.017905866727232933
1371,0.41034597158432007
1372,0.3029906749725342
1373,-0.004661609884351492
1374,0.41582223773002625
1375,0.3037296533584595
1376,-0.0017394572496414185
1377,0.42704132199287415
1378,0.4311375617980957
1379,-0.0007447609095834196
1380,0.47232306003570557
1381,0.4173067510128021
1382,0.0272308811545372
1383,0.40268954634666443
1384,0.3034791648387909
1385,-0.015426640398800373
1386,0.4306800067424774
1387,0.47472691535949707
1388,0.0061330366879701614
1389,0.4002869725227356
1390,0.3307495415210724
1391,-0.030748076736927032
1392,0.4141012132167816
1393,0.35384687781333923
1394,-0.02359054610133171
1395,0.4178006052970886
1396,0.4841950535774231
1397,0.002700746525079012
1398,0.4479220509529114
1399,0.44807419180870056
1400,0.011304235085844994
1401,0.4332904815673828
1402,0.3831736445426941
1403,-0.006427335552871227
1404,0.4405129551887512
1405,0.46271198987960815
1406,0.009357008151710033
1407,0.4513890743255615
1408,0.3805679380893707
1409,-0.0036304439418017864
1410,0.4413101077079773
1411,0.3949141502380371
1412,-0.004176052752882242
1413,0.4591703414916992
1414,0.3990873098373413
1415,0.004425867926329374
1416,0.42104774713516235
1417,0.496428906917572
1418,0.003806179389357567
1419,0.4199485182762146
1420,0.359711229801178
1421,-0.017178291454911232
1422,0.4549541473388672
1423,0.4560043215751648
1424,0.019691605120897293
1425,0.4453355371952057
1426,0.471301794052124
1427,0.01631857454776764
1428,0.45310503244400024
1429,0.4316968023777008
1430,0.010038662701845169
1431,0.4794679582118988
1432,0.40155211091041565
1433,0.032884519547224045
1434,0.4629504680633545
1435,0.4322608709335327
1436,0.018024425953626633
1437,0.48478758335113525
1438,0.40993306040763855
1439,0.05287596955895424
1440,0.44852393865585327
1441,0.4099750518798828
1442,0.00048250696272589266
1443,0.4131350517272949
1444,0.34331783652305603
1445,-0.018356679007411003
1446,0.4138498902320862
1447,0.3769102096557617
1448,-0.035175871104002
1449,0.42003583908081055
1450,0.37904560565948486
1451,-0.025692220777273178
1452,0.40935999155044556
1453,0.36989131569862366
1454,-0.041736409068107605
1455,0.416131854057312
1456,0.29403775930404663
1457,-0.00813970621675253
1458,0.4291607439517975
1459,0.28737327456474304
1460,-0.010906286537647247
1461,0.44093647599220276
1462,0.285214900970459
1463,-0.011121992953121662
1464,0.45103374123573303
1465,0.28585490584373474
1466,-0.008116841316223145
1467,0.45839014649391174
1468,0.2895641326904297
1469,-0.002867362229153514
1470,0.4644789397716522
1471,0.30715903639793396
1472,0.011188865639269352
1473,0.4899750351905823
1474,0.33366119861602783
1475,0.04976801574230194
1476,0.45874109864234924
1477,0.32317185401916504
1478,0.006148358341306448
1479,0.4501979649066925
1480,0.327290803194046
1481,0.0015405513113364577
1482,0.43916571140289307
1483,0.32811039686203003
1484,-0.0013398963492363691
1485,0.4285946488380432
1486,0.32615864276885986
1487,-0.002082634950056672
1488,0.4203922152519226
1489,0.32297632098197937
1490,-0.002611129079014063
1491,0.41465452313423157
1492,0.3197367787361145
1493,-0.0029759889002889395
1494,0.4909566044807434
1495,0.3333178758621216
1496,0.0813010185956955
1497,0.42021217942237854
1498,0.38198158144950867
1499,-0.021284790709614754
1500,0.40713822841644287
1501,0.3468490242958069
1502,-0.03068358078598976
1503,0.4074496030807495
1504,0.378511905670166
1505,-0.041463423520326614
1506,0.4034876525402069
1507,0.3843937814235687
1508,-0.03746508061885834
1509,0.4078212380409241
1510,0.38006407022476196
1511,-0.037207018584012985
1512,0.4181998372077942
1513,0.38580241799354553
1514,-0.017968615517020226
1515,0.40189772844314575
1516,0.3858386278152466
1517,-0.03955650329589844
1518,0.4016350507736206
1519,0.387950599193573
1520,-0.02919718250632286
1521,0.4145869016647339
1522,0.3105892241001129
1523,0.000402829609811306
1524,0.4099474251270294
1525,0.31397953629493713
1526,-0.004349354654550552
1527,0.40730828046798706
1528,0.3163284361362457
1529,-0.010318328626453876
1530,0.45338594913482666
1531,0.3027157187461853
1532,0.0030703474767506123
1533,0.4576650857925415
1534,0.29839375615119934
1535,0.0029698475264012814
1536,0.6840698719024658
1537,0.6234456896781921
1538,-3.6864105368294986e-07
1539,0.6360993385314941
1540,0.585138201713562
1541,0.0010335594415664673
1542,0.6038471460342407
1543,0.5253379344940186
1544,-0.001025650417432189
1545,0.5790860652923584
1546,0.4825093746185303
1547,-0.010485785081982613
1548,0.5746248960494995
1549,0.43531811237335205
1550,-0.017091967165470123
1551,0.644443929195404
1552,0.43967172503471375
1553,0.03186435252428055
1554,0.6290079355239868
1555,0.3710521459579468
1556,0.013450962491333485
1557,0.6004670262336731
1558,0.380940318107605
1559,-0.00350591610185802
1560,0.5843502879142761
1561,0.40962255001068115
1562,-0.011705312877893448
1563,0.6587972044944763
1564,0.43486154079437256
1565,0.01964837685227394
1566,0.6381512880325317
1567,0.35698437690734863
1568,0.00016336805128958076
1569,0.6026627421379089
1570,0.36949408054351807
1571,-0.015910830348730087
1572,0.5845140218734741
1573,0.4031527638435364
1574,-0.022014355286955833
1575,0.6724541187286377
1576,0.43586036562919617
1577,0.002759284107014537
1578,0.6517861485481262
1579,0.3584062159061432
1580,-0.013256646692752838
1581,0.613024890422821
1582,0.3715095818042755
1583,-0.022186389192938805
1584,0.5924012660980225
1585,0.40566641092300415
1586,-0.023222539573907852
1587,0.6843647360801697
1588,0.4422987997531891
1589,-0.015360357239842415
1590,0.6663499474525452
1591,0.37464314699172974
1592,-0.02430664747953415
1593,0.6333561539649963
1594,0.36527496576309204
1595,-0.028002221137285233
1596,0.6094029545783997
1597,0.3821375370025635
1598,-0.02784915827214718
1599,0.0
1600,0.0
1601,0.0
1602,0.0
1603,0.0
1604,0.0
1605,0.0
1606,0.0
1607,0.0
1608,0.0
1609,0.0
1610,0.0
1611,0.0
1612,0.0
1613,0.0
1614,0.0
1615,0.0
1616,0.0
1617,0.0
1618,0.0
1619,0.0
1620,0.0
1621,0.0
1622,0.0
1623,0.0
1624,0.0
1625,0.0
1626,0.0
1627,0.0
1628,0.0
1629,0.0
1630,0.0
1631,0.0
1632,0.0
1633,0.0
1634,0.0
1635,0.0
1636,0.0
1637,0.0
1638,0.0
1639,0.0
1640,0.0
1641,0.0
1642,0.0
1643,0.0
1644,0.0
1645,0.0
1646,0.0
1647,0.0
1648,0.0
1649,0.0
1650,0.0
1651,0.0
1652,0.0
1653,0.0
1654,0.0
1655,0.0
1656,0.0
1657,0.0
1658,0.0
1659,0.0
1660,0.0
1661,0.0
