,0
0,0.4089641571044922
1,0.34705594182014465
2,-0.7146466374397278
3,0.9999810457229614
4,0.4373984932899475
5,0.285556823015213
6,-0.6598379611968994
7,0.9999468326568604
8,0.4546714425086975
9,0.2864059507846832
10,-0.6594905853271484
11,0.999944269657135
12,0.4686158299446106
13,0.2883742153644562
14,-0.6592257022857666
15,0.9999387264251709
16,0.38406190276145935
17,0.28984642028808594
18,-0.6504145860671997
19,0.9999520778656006
20,0.3668828308582306
21,0.2917303740978241
22,-0.6497589945793152
23,0.9999561309814453
24,0.3513031005859375
25,0.29436129331588745
26,-0.649749755859375
27,0.9999614357948303
28,0.48631781339645386
29,0.32053473591804504
30,-0.31678563356399536
31,0.9999353289604187
32,0.3351828455924988
33,0.3237604796886444
34,-0.2526679039001465
35,0.9999550580978394
36,0.4443730413913727
37,0.41694098711013794
38,-0.5939025282859802
39,0.9999634027481079
40,0.37727028131484985
41,0.421327143907547
42,-0.5755647420883179
43,0.99996018409729
44,0.6344362497329712
45,0.6942920684814453
46,-0.12982404232025146
47,0.9994105100631714
48,0.22947385907173157
49,0.664547324180603
50,-0.1892281323671341
51,0.9997316598892212
52,0.7034814357757568
53,1.0565985441207886
54,-0.1296461522579193
55,0.4346015155315399
56,0.12564346194267273
57,1.0499852895736694
58,-0.6392504572868347
59,0.8810119032859802
60,0.7014297842979431
61,1.4629303216934204
62,-0.3598790764808655
63,0.2251071035861969
64,0.220049187541008
65,0.6729400157928467
66,-1.4772469997406006
67,0.9392367601394653
68,0.7216787934303284
69,1.57200026512146
70,-0.4334378242492676
71,0.3204692304134369
72,0.2130899429321289
73,0.5562677383422852
74,-1.6556898355484009
75,0.9319456815719604
76,0.6723405122756958
77,1.556158423423767
78,-0.46556633710861206
79,0.43777862191200256
80,0.22040829062461853
81,0.5111411809921265
82,-1.6063497066497803
83,0.9376925826072693
84,0.6532002687454224
85,1.51594078540802
86,-0.38982683420181274
87,0.44555583596229553
88,0.23644697666168213
89,0.5580373406410217
90,-1.4852856397628784
91,0.9327993988990784
92,0.552902340888977
93,1.4510962963104248
94,-0.040693677961826324
95,0.0006293777842074633
96,0.2585655450820923
97,1.442323923110962
98,0.04583748057484627
99,0.0007806997164152563
100,0.5310341119766235
101,2.096935749053955
102,-0.05912964418530464
103,0.0001993574551306665
104,0.2706829011440277
105,2.0979626178741455
106,0.031880564987659454
107,0.00014350259152706712
108,0.5192462205886841
109,2.669034481048584
110,0.552574634552002
111,3.8548107113456354e-05
112,0.27386415004730225
113,2.666844367980957
114,0.4254871904850006
115,3.3928301945707062e-06
116,0.5263682007789612
117,2.7473061084747314
118,0.5758518576622009
119,2.2702015485265292e-05
120,0.2694975435733795
121,2.742610216140747
122,0.4528828263282776
123,6.490213309007231e-06
124,0.47925251722335815
125,2.8403265476226807
126,0.01730366423726082
127,2.4488592316629365e-05
128,0.30389752984046936
129,2.8581368923187256
130,-0.17366038262844086
131,1.4455134987656493e-05
132,0.4066915512084961
133,0.4006953537464142
134,-0.025524504482746124
135,0.4043964743614197
136,0.35962772369384766
137,-0.04677929729223251
138,0.4056433439254761
139,0.3723337650299072
140,-0.025328902527689934
141,0.3975706696510315
142,0.32089963555336
143,-0.03461672365665436
144,0.4042108356952667
145,0.3471405804157257
146,-0.04947354272007942
147,0.4043470621109009
148,0.33146995306015015
149,-0.04586155712604523
150,0.40515410900115967
151,0.2950071692466736
152,-0.022910185158252716
153,0.3478107154369354
154,0.29316532611846924
155,0.01345869805663824
156,0.40551188588142395
157,0.26941046118736267
158,-0.017319360747933388
159,0.4055899977684021
160,0.25426185131073
161,-0.01890350878238678
162,0.4062907099723816
163,0.1951923370361328
164,-0.008710146881639957
165,0.4068998396396637
166,0.40694761276245117
167,-0.0246526300907135
168,0.4070883095264435
169,0.41201847791671753
170,-0.02207591012120247
171,0.4072946310043335
172,0.4142540395259857
173,-0.018386095762252808
174,0.4073244035243988
175,0.43598151206970215
176,-0.012249154038727283
177,0.407340407371521
178,0.44240841269493103
179,-0.013567643240094185
180,0.40735647082328796
181,0.4500054121017456
182,-0.014858823269605637
183,0.4074556231498718
184,0.4577065706253052
185,-0.01241535134613514
186,0.4076586961746216
187,0.4664503037929535
188,-0.003215525532141328
189,0.40476730465888977
190,0.36602991819381714
191,-0.0425623320043087
192,0.39716726541519165
193,0.3654879927635193
194,-0.030700666829943657
195,0.3239283263683319
196,0.25295403599739075
197,0.05421203747391701
198,0.3712407946586609
199,0.303236186504364
200,0.004046149086207151
201,0.36329036951065063
202,0.30436205863952637
203,0.004781187046319246
204,0.3555830717086792
205,0.3040982782840729
206,0.007253732532262802
207,0.3451036214828491
208,0.297606885433197
209,0.014664553105831146
210,0.3778223693370819
211,0.3000912368297577
212,0.004356511402875185
213,0.3598763346672058
214,0.273535817861557
215,0.0014317429158836603
216,0.36887359619140625
217,0.27450841665267944
218,0.0011235381243750453
219,0.3515837490558624
220,0.27523303031921387
221,0.0043202778324484825
222,0.3462091386318207
223,0.2792990505695343
224,0.007917949929833412
225,0.33956432342529297
226,0.3062126636505127
227,0.018856532871723175
228,0.37673231959342957
229,0.4755289852619171
230,0.007425008341670036
231,0.3449096083641052
232,0.29022645950317383
233,0.016270173713564873
234,0.3199756145477295
235,0.30288368463516235
236,0.05704827234148979
237,0.33144411444664
238,0.2991921305656433
239,0.027616912499070168
240,0.36484184861183167
241,0.35189130902290344
242,-0.004457594361156225
243,0.39552393555641174
244,0.3989641070365906
245,-0.023804791271686554
246,0.3977833092212677
247,0.4122675955295563
248,-0.020223895087838173
249,0.3848261833190918
250,0.40362972021102905
251,-0.01820516772568226
252,0.37895768880844116
253,0.40981683135032654
254,-0.010572308674454689
255,0.3902663588523865
256,0.41372817754745483
257,-0.015968408435583115
258,0.3849915564060211
259,0.41616249084472656
260,-0.009009242989122868
261,0.36968857049942017
262,0.4340636134147644
263,0.005830361507833004
264,0.39744341373443604
265,0.35934165120124817
266,-0.045836661010980606
267,0.39611655473709106
268,0.34744754433631897
269,-0.04829001799225807
270,0.3349568545818329
271,0.2690387964248657
272,0.010441969148814678
273,0.38087236881256104
274,0.32192713022232056
275,-0.006479593459516764
276,0.37809255719184875
277,0.3566545844078064
278,-0.02419966459274292
279,0.3775431513786316
280,0.35057199001312256
281,-0.021410807967185974
282,0.34223517775535583
283,0.3515586853027344
284,0.006949766539037228
285,0.39674556255340576
286,0.3328641653060913
287,-0.04293676093220711
288,0.3532154858112335
289,0.2569611668586731
290,-0.005164931062608957
291,0.3421098589897156
292,0.2606123089790344
293,0.0017755127046257257
294,0.3303045630455017
295,0.23157532513141632
296,0.037611011415719986
297,0.38857096433639526
298,0.2672640383243561
299,-0.01385708898305893
300,0.3765958845615387
301,0.2783288061618805
302,0.0033430075272917747
303,0.36419349908828735
304,0.4196355938911438
305,0.0070250933058559895
306,0.3310942053794861
307,0.41327089071273804
308,0.07803821563720703
309,0.3845232129096985
310,0.3631793260574341
311,-0.02098061330616474
312,0.39166778326034546
313,0.3671818971633911
314,-0.022590285167098045
315,0.372318297624588
316,0.4221798777580261
317,0.005782779771834612
318,0.3768938183784485
319,0.4218553900718689
320,0.003277100156992674
321,0.33815670013427734
322,0.2532444894313812
323,0.0062866960652172565
324,0.3781627118587494
325,0.36215245723724365
326,-0.019526707008481026
327,0.36847835779190063
328,0.25849449634552
329,-0.01060424093157053
330,0.36701759696006775
331,0.24892425537109375
332,-0.012336296029388905
333,0.3601078689098358
334,0.20229865610599518
335,0.0040509686805307865
336,0.33447062969207764
337,0.2418600618839264
338,0.01989232935011387
339,0.3643594980239868
340,0.2242455631494522
341,-0.004618396516889334
342,0.33102238178253174
343,0.2644611895084381
344,0.018044667318463326
345,0.32751187682151794
346,0.25915467739105225
347,0.03523682430386543
348,0.3964902460575104
349,0.40654444694519043
350,-0.022956112399697304
351,0.387729287147522
352,0.4096241295337677
353,-0.017441952601075172
354,0.38185420632362366
355,0.41311895847320557
356,-0.010469497181475163
357,0.38674551248550415
358,0.3654769957065582
359,-0.019650965929031372
360,0.3745197057723999
361,0.42234110832214355
362,0.004335297737270594
363,0.37751179933547974
364,0.4289352297782898
365,0.00022153563622850925
366,0.378260999917984
367,0.4209112823009491
368,0.0029725960921496153
369,0.38857656717300415
370,0.35896652936935425
371,-0.03303162008523941
372,0.38709309697151184
373,0.41554558277130127
374,-0.007861869409680367
375,0.3923892676830292
376,0.41450566053390503
377,-0.01286129280924797
378,0.3991464376449585
379,0.4142044484615326
380,-0.016773901879787445
381,0.3952261209487915
382,0.4648124873638153
383,-0.002513264073058963
384,0.39539098739624023
385,0.45565325021743774
386,-0.01135279145091772
387,0.3961590826511383
388,0.44810226559638977
389,-0.013180001638829708
390,0.39723771810531616
391,0.44031161069869995
392,-0.011836543679237366
393,0.39834946393966675
394,0.4350382089614868
395,-0.01063059363514185
396,0.3857819437980652
397,0.42985662817955017
398,-0.0033451751805841923
399,0.3839706778526306
400,0.43185263872146606
401,-0.004466772545129061
402,0.381303608417511
403,0.43543630838394165
404,-0.005187442526221275
405,0.3791559636592865
406,0.43927001953125
407,-0.003478944068774581
408,0.3719598054885864
409,0.3958306908607483
410,-0.007858318276703358
411,0.3224966526031494
412,0.35501986742019653
413,0.09085630625486374
414,0.40516069531440735
415,0.3685964047908783
416,-0.03139263764023781
417,0.38244161009788513
418,0.42687535285949707
419,0.000760116963647306
420,0.37998902797698975
421,0.4276618957519531
422,8.555148087907583e-05
423,0.39458325505256653
424,0.37260594964027405
425,-0.022683316841721535
426,0.38138118386268616
427,0.3697325885295868
428,-0.013470594771206379
429,0.3931642770767212
430,0.37000277638435364
431,-0.02295510843396187
432,0.37252262234687805
433,0.3288600444793701
434,-0.003197027835994959
435,0.35981330275535583
436,0.33699509501457214
437,-0.000374939467292279
438,0.37646380066871643
439,0.3561660349369049
440,-0.016578488051891327
441,0.34159064292907715
442,0.21426647901535034
443,0.019857898354530334
444,0.3460611402988434
445,0.22966989874839783
446,0.006998002063483
447,0.35058435797691345
448,0.2476751208305359
449,-0.003338588634505868
450,0.3757988214492798
451,0.44519320130348206
452,0.0026301483158022165
453,0.38590386509895325
454,0.2520143389701843
455,-0.017111383378505707
456,0.3836365044116974
457,0.22308333218097687
458,-0.011627661064267159
459,0.3809962272644043
460,0.1965998113155365
461,-0.005521318409591913
462,0.3489217758178711
463,0.30199629068374634
464,0.011104285717010498
465,0.331753134727478
466,0.3150690793991089
467,0.02380424551665783
468,0.38206589221954346
469,0.296846479177475
470,0.00536617124453187
471,0.33846235275268555
472,0.28378942608833313
473,0.015498819760978222
474,0.3866245150566101
475,0.3141629099845886
476,-0.00976292323321104
477,0.3829616904258728
478,0.3518681228160858
479,-0.032642461359500885
480,0.32430702447891235
481,0.3236115574836731
482,0.033229272812604904
483,0.33663204312324524
484,0.3227730691432953
485,0.01601353846490383
486,0.3464648723602295
487,0.32664310932159424
488,0.008003653958439827
489,0.36143994331359863
490,0.3243575394153595
491,0.003412349382415414
492,0.37251004576683044
493,0.319227933883667
494,0.0011768685653805733
495,0.3808584213256836
496,0.3134893476963043
497,-0.0015493944520130754
498,0.39729490876197815
499,0.2982341945171356
500,-0.019259130582213402
501,0.32534733414649963
502,0.34801703691482544
503,0.03061884269118309
504,0.332819402217865
505,0.28295058012008667
506,0.019670788198709488
507,0.40049198269844055
508,0.3656618893146515
509,-0.04189673066139221
510,0.3810194432735443
511,0.3331127464771271
512,-0.010268251411616802
513,0.32006287574768066
514,0.30326616764068604
515,0.08501096069812775
516,0.3870294690132141
517,0.3070111870765686
518,-0.003136320738121867
519,0.37607863545417786
520,0.35719922184944153
521,-0.007774533238261938
522,0.3423175811767578
523,0.2910652160644531
524,0.017940476536750793
525,0.38263341784477234
526,0.3444661498069763
527,-0.029266154393553734
528,0.32502099871635437
529,0.3830432891845703
530,0.08661871403455734
531,0.38201621174812317
532,0.29243797063827515
533,0.00778540363535285
534,0.3895159065723419
535,0.3374464213848114
536,-0.03763899207115173
537,0.34552374482154846
538,0.44278740882873535
539,0.03634154051542282
540,0.34676122665405273
541,0.4564700722694397
542,0.04983970895409584
543,0.3197665214538574
544,0.35206612944602966
545,0.06069407984614372
546,0.3367064297199249
547,0.42573320865631104
548,0.04556180164217949
549,0.323676735162735
550,0.2793161869049072
551,0.048566244542598724
552,0.37531524896621704
553,0.4878220558166504
554,0.011857599951326847
555,0.40179166197776794
556,0.3681803345680237
557,-0.030767107382416725
558,0.37397873401641846
559,0.34207433462142944
560,-0.006819305010139942
561,0.32565078139305115
562,0.301880419254303
563,0.03629748523235321
564,0.35589665174484253
565,0.29681161046028137
566,0.008203260600566864
567,0.36297377943992615
568,0.2976306080818176
569,0.0059158094227313995
570,0.3750878870487213
571,0.43044519424438477
572,0.0015806994633749127
573,0.32757681608200073
574,0.37203288078308105
575,0.03329656273126602
576,0.3900434374809265
577,0.5069015622138977
578,0.013294504024088383
579,0.36626970767974854
580,0.4863479733467102
581,0.029487160965800285
582,0.3570443093776703
583,0.4736274182796478
584,0.038480207324028015
585,0.40592125058174133
586,0.22333389520645142
587,-0.014287729747593403
588,0.40795478224754333
589,0.5104091167449951
590,0.010377412661910057
591,0.3697758913040161
592,0.29680752754211426
593,0.00522865355014801
594,0.3760688602924347
595,0.29490047693252563
596,0.006137397605925798
597,0.38009122014045715
598,0.2936609387397766
599,0.0077438619919121265
600,0.32814010977745056
601,0.28126272559165955
602,0.02834315411746502
603,0.37522920966148376
604,0.28525227308273315
605,0.005139937624335289
606,0.3683564066886902
607,0.28245440125465393
608,0.0037904870696365833
609,0.36127734184265137
610,0.2816733419895172
611,0.004486563615500927
612,0.35408613085746765
613,0.283356249332428
614,0.006779816467314959
615,0.34960392117500305
616,0.28622621297836304
617,0.00972453411668539
618,0.32076919078826904
619,0.27538377046585083
620,0.0715164914727211
621,0.35110512375831604
622,0.2951217293739319
623,0.011000044643878937
624,0.40607061982154846
625,0.3815416097640991
626,-0.023127909749746323
627,0.37819305062294006
628,0.38770925998687744
629,-0.013363172300159931
630,0.3841831386089325
631,0.36115050315856934
632,-0.02437875233590603
633,0.3939661681652069
634,0.3830169141292572
635,-0.02174633927643299
636,0.4054720103740692
637,0.2819637358188629
638,-0.016738343983888626
639,0.3549879193305969
640,0.4597596824169159
641,0.028951115906238556
642,0.36465469002723694
643,0.4734761118888855
644,0.02096475474536419
645,0.38955631852149963
646,0.4984070062637329
647,0.003766419366002083
648,0.338784396648407
649,0.4380188584327698
650,0.06418970227241516
651,0.37986883521080017
652,0.28949791193008423
653,0.0066819991916418076
654,0.3916148841381073
655,0.3165769577026367
656,-0.021683435887098312
657,0.40773752331733704
658,0.5020781755447388
659,0.001364392228424549
660,0.3768079876899719
661,0.49814340472221375
662,0.019909629598259926
663,0.32284462451934814
664,0.37831607460975647
665,0.05938078463077545
666,0.39129096269607544
667,0.43273305892944336
668,-0.007299533113837242
669,0.3894917368888855
670,0.4365379810333252
671,-0.008398248814046383
672,0.3873921036720276
673,0.4423655569553375
674,-0.00914184469729662
675,0.3858245015144348
676,0.448971688747406
677,-0.007467078045010567
678,0.3837617039680481
679,0.45636069774627686
680,-0.0008034486090764403
681,0.38030126690864563
682,0.41845810413360596
683,-0.0026311841793358326
684,0.3772461712360382
685,0.41726917028427124
686,-0.0024112570099532604
687,0.3746069669723511
688,0.41525551676750183
689,-0.0023838174529373646
690,0.36703789234161377
691,0.4066149592399597
692,-0.0004203011922072619
693,0.3376704752445221
694,0.37796932458877563
695,0.016364814713597298
696,0.39213019609451294
697,0.30542510747909546
698,-0.013866374269127846
699,0.38839325308799744
700,0.28477922081947327
701,0.0011068983003497124
702,0.3834255039691925
703,0.2861568331718445
704,0.004733944311738014
705,0.38264143466949463
706,0.416728675365448
707,-0.001891826163046062
708,0.3385235667228699
709,0.40793636441230774
710,0.029792839661240578
711,0.39509427547454834
712,0.28414809703826904
713,-0.01027398556470871
714,0.38015222549438477
715,0.4645574390888214
716,0.0040572951547801495
717,0.4046233594417572
718,0.31887364387512207
719,-0.03778480365872383
720,0.3972834348678589
721,0.3101117014884949
722,-0.027660172432661057
723,0.4048860967159271
724,0.3073294758796692
725,-0.02996372990310192
726,0.3854519724845886
727,0.3348398804664612
728,-0.02161821350455284
729,0.4076522886753082
730,0.4899812340736389
731,-0.002642553998157382
732,0.4076366126537323
733,0.4766932725906372
734,-0.002541537396609783
735,0.3931080102920532
736,0.4741763472557068
737,-0.00040042641921900213
738,0.36277517676353455
739,0.4369727373123169
740,0.01118585653603077
741,0.3703272044658661
742,0.3673985004425049
743,-0.005081685725599527
744,0.37041738629341125
745,0.45210784673690796
746,0.008144509047269821
747,0.3534829318523407
748,0.3668915927410126
749,-0.00011277158773737028
750,0.36420172452926636
751,0.3802710175514221
752,-0.0025526846293359995
753,0.34832748770713806
754,0.3868156373500824
755,0.007551465183496475
756,0.39064398407936096
757,0.48659560084342957
758,3.6762019590241835e-05
759,0.38058462738990784
760,0.34177735447883606
761,-0.015399273484945297
762,0.35662904381752014
763,0.44609490036964417
764,0.019314132630825043
765,0.36650052666664124
766,0.46128419041633606
767,0.014536870643496513
768,0.35693228244781494
769,0.42018479108810425
770,0.011233662255108356
771,0.330801784992218
772,0.39279282093048096
773,0.03654825687408447
774,0.34775540232658386
775,0.4220573306083679
776,0.019604910165071487
777,0.32817909121513367
778,0.4028773009777069
779,0.055871691554784775
780,0.35936495661735535
781,0.3967781066894531
782,0.002386602107435465
783,0.3864511549472809
784,0.3247360289096832
785,-0.01551259309053421
786,0.3857822120189667
787,0.35702595114707947
788,-0.03463663160800934
789,0.38069599866867065
790,0.3603009879589081
791,-0.02534014731645584
792,0.3891419768333435
793,0.3490634560585022
794,-0.040925975888967514
795,0.382182240486145
796,0.275442510843277
797,-0.001052059349603951
798,0.36896970868110657
799,0.26894432306289673
800,-0.0022557724732905626
801,0.3571813106536865
802,0.26743844151496887
803,-0.0013286928879097104
804,0.3475535809993744
805,0.26934170722961426
806,0.002553274156525731
807,0.3412102162837982
808,0.2745681405067444
809,0.00807812437415123
810,0.3378039002418518
811,0.2951286733150482
812,0.021424589678645134
813,0.3187405467033386
814,0.32715335488319397
815,0.05941993370652199
816,0.3435702323913574
817,0.31083664298057556
818,0.014487260952591896
819,0.35168254375457764
820,0.3140256404876709
821,0.00906404759734869
822,0.3621545732021332
823,0.31366097927093506
824,0.005161982029676437
825,0.37213826179504395
826,0.3106999099254608
827,0.0034941090270876884
828,0.37989723682403564
829,0.3065416216850281
830,0.0024981647729873657
831,0.3852374255657196
832,0.3024909496307373
833,0.001850830391049385
834,0.32133764028549194
835,0.32915955781936646
836,0.09082888066768646
837,0.3812185823917389
838,0.36370518803596497
839,-0.021172339096665382
840,0.391187846660614
841,0.32670658826828003
842,-0.02846493013203144
843,0.39159053564071655
844,0.35757383704185486
845,-0.0414854921400547
846,0.3965150713920593
847,0.36370521783828735
848,-0.03839452937245369
849,0.3918084502220154
850,0.3595733046531677
851,-0.037375785410404205
852,0.38377270102500916
853,0.3675302267074585
854,-0.01835252158343792
855,0.39793461561203003
856,0.3648139238357544
857,-0.040685590356588364
858,0.3990282416343689
859,0.3674072325229645
860,-0.030703676864504814
861,0.3848992586135864
862,0.2931266129016876
863,0.006123418919742107
864,0.3894396126270294
865,0.29605117440223694
866,0.0005257902084849775
867,0.391743004322052
868,0.2978881001472473
869,-0.005793648771941662
870,0.3469539284706116
871,0.2883949875831604
872,0.012623459100723267
873,0.34247440099716187
874,0.2841583490371704
875,0.013036916963756084
876,0.4119376540184021
877,0.3209078907966614
878,-0.03521839901804924
879,0.4661051332950592
880,0.2947661876678467
881,0.008707468397915363
882,0.4133601486682892
883,0.36534520983695984
884,-0.031201738864183426
885,0.4950590133666992
886,0.2528241276741028
887,0.04713621363043785
888,0.441967248916626
889,0.3041364252567291
890,0.0008076229714788496
891,0.45019492506980896
892,0.3052701950073242
893,0.0009690159349702299
894,0.45822227001190186
895,0.30489325523376465
896,0.002851993776857853
897,0.46923205256462097
898,0.2989976406097412
899,0.009661323390901089
900,0.43504849076271057
901,0.3009563088417053
902,0.0018481528386473656
903,0.453479528427124
904,0.2750547528266907
905,-0.0024732258170843124
906,0.4443681538105011
907,0.27563101053237915
908,-0.002001265762373805
909,0.46192795038223267
910,0.27695733308792114
911,-7.168635056586936e-05
912,0.46754443645477295
913,0.28110378980636597
914,0.0031237537041306496
915,0.4753008782863617
916,0.30683133006095886
917,0.013350110501050949
918,0.4395586848258972
919,0.47603026032447815
920,0.005070311948657036
921,0.4691970944404602
922,0.2920948266983032
923,0.011318538337945938
924,0.49857476353645325
925,0.30302977561950684
926,0.04984716698527336
927,0.4842550754547119
928,0.29976338148117065
929,0.021579008549451828
930,0.4484421908855438
931,0.3513805866241455
932,-0.007881536148488522
933,0.4181433916091919
934,0.3983612358570099
935,-0.0246545672416687
936,0.4167996644973755
937,0.4117289185523987
938,-0.021103017032146454
939,0.42984259128570557
940,0.40237417817115784
941,-0.019846346229314804
942,0.43680015206336975
943,0.4079475700855255
944,-0.012928708456456661
945,0.4250081181526184
946,0.4126114249229431
947,-0.01767561212182045
948,0.4310213029384613
949,0.41443631052970886
950,-0.011156550608575344
951,0.44735226035118103
952,0.43246808648109436
953,0.002700280398130417
954,0.4116133451461792
955,0.35923662781715393
956,-0.04624282196164131
957,0.4125382900238037
958,0.3473815321922302
959,-0.048702120780944824
960,0.479425311088562
961,0.27077704668045044
962,0.004846435971558094
963,0.43148186802864075
964,0.3219188153743744
965,-0.008595266379415989
966,0.43297311663627625
967,0.35602450370788574
968,-0.02597629837691784
969,0.43370941281318665
970,0.3499680459499359
971,-0.023283515125513077
972,0.4723000228404999
973,0.35098013281822205
974,0.001415456528775394
975,0.41221335530281067
976,0.33284905552864075
977,-0.0435163713991642
978,0.45957815647125244
979,0.2588442862033844
980,-0.009346215054392815
981,0.4713538885116577
982,0.26254981756210327
983,-0.003359786467626691
984,0.48720023036003113
985,0.23139458894729614
986,0.031245971098542213
987,0.4230097532272339
988,0.2680020034313202
989,-0.015248154290020466
990,0.43662604689598083
991,0.2791696786880493
992,0.0008087203023023903
993,0.45278775691986084
994,0.4176982045173645
995,0.0032738535664975643
996,0.490006685256958
997,0.4142751395702362
998,0.07155150175094604
999,0.4268764555454254
1000,0.36262279748916626
1001,-0.022510068491101265
1002,0.41972222924232483
1003,0.36675789952278137
1004,-0.0233312901109457
1005,0.4449451267719269
1006,0.41959646344184875
1007,0.0025273014325648546
1008,0.44032981991767883
1009,0.41931816935539246
1010,0.0004915094468742609
1011,0.4757665991783142
1012,0.2551693022251129
1013,0.0009379129041917622
1014,0.4335876703262329
1015,0.36142367124557495
1016,-0.02137468010187149
1017,0.4436788856983185
1018,0.25992828607559204
1019,-0.013459720648825169
1020,0.44512325525283813
1021,0.25017037987709045
1022,-0.01514760684221983
1023,0.45410290360450745
1024,0.20200882852077484
1025,0.0004530800215434283
1026,0.48111480474472046
1027,0.24258266389369965
1028,0.014195882715284824
1029,0.4486367702484131
1030,0.22473718225955963
1031,-0.007787505630403757
1032,0.48416391015052795
1033,0.2657988667488098
1034,0.012066385708749294
1035,0.48948171734809875
1036,0.25978729128837585
1037,0.028804901987314224
1038,0.41768234968185425
1039,0.40594562888145447
1040,-0.023858506232500076
1041,0.4273124039173126
1042,0.4084075391292572
1043,-0.019141342490911484
1044,0.4340418875217438
1045,0.4112982153892517
1046,-0.012741726823151112
1047,0.42478957772254944
1048,0.36497238278388977
1049,-0.020820345729589462
1050,0.44268798828125
1051,0.41968536376953125
1052,0.0013156604254618287
1053,0.43939265608787537
1054,0.4268202781677246
1055,-0.0022235496435314417
1056,0.43898579478263855
1057,0.418637216091156
1058,0.00024633511202409863
1059,0.42168813943862915
1060,0.3587651550769806
1061,-0.03425795957446098
1062,0.42915016412734985
1063,0.4138585925102234
1064,-0.009890897199511528
1065,0.4231719374656677
1066,0.41345787048339844
1067,-0.014458579942584038
1068,0.41583141684532166
1069,0.4136519432067871
1070,-0.017693329602479935
1071,0.42032739520072937
1072,0.46466439962387085
1073,-0.0034430038649588823
1074,0.4198291301727295
1075,0.4553373157978058
1076,-0.012321952730417252
1077,0.4189419746398926
1078,0.44776463508605957
1079,-0.014231208711862564
1080,0.4177519977092743
1081,0.4398938715457916
1082,-0.012750726193189621
1083,0.41670316457748413
1084,0.4346511960029602
1085,-0.011498169042170048
1086,0.4305769205093384
1087,0.4282984435558319
1088,-0.005235091783106327
1089,0.43237006664276123
1090,0.43027228116989136
1091,-0.006425196770578623
1092,0.4350517690181732
1093,0.43390026688575745
1094,-0.007175132166594267
1095,0.43726369738578796
1096,0.437797486782074
1097,-0.005551992449909449
1098,0.44278815388679504
1099,0.3944368362426758
1100,-0.010429979301989079
1101,0.4990367293357849
1102,0.3555086553096771
1103,0.0834323838353157
1104,0.434405118227005
1105,0.4249923527240753
1106,-0.001575253438204527
1107,0.4368257522583008
1108,0.4256591200828552
1109,-0.0023167491890490055
1110,0.41706907749176025
1111,0.3721843659877777
1112,-0.02340731956064701
1113,0.4309411346912384
1114,0.3689019978046417
1115,-0.014899563044309616
1116,0.4183183014392853
1117,0.36958032846450806
1118,-0.02365264482796192
1119,0.4403427243232727
1120,0.3286920487880707
1121,-0.006152481306344271
1122,0.4535786509513855
1123,0.3366614580154419
1124,-0.004437498282641172
1125,0.43535417318344116
1126,0.3553853929042816
1127,-0.01861271634697914
1128,0.47427457571029663
1129,0.21395784616470337
1130,0.014589984901249409
1131,0.4682212471961975
1132,0.2303353250026703
1133,0.0023896023631095886
1134,0.4623287618160248
1135,0.24938225746154785
1136,-0.007583848666399717
1137,0.440864622592926
1138,0.4443408250808716
1139,9.554500866215676e-05
1140,0.42572668194770813
1141,0.252733439207077
1142,-0.018571801483631134
1143,0.4286801517009735
1144,0.2232835739850998
1145,-0.01318127941340208
1146,0.43217724561691284
1147,0.19632630050182343
1148,-0.0073848566971719265
1149,0.46518269181251526
1150,0.3030143976211548
1151,0.006252675782889128
1152,0.4836406707763672
1153,0.3151535391807556
1154,0.017758652567863464
1155,0.43067237734794617
1156,0.2977723479270935
1157,0.003171725897118449
1158,0.4760991334915161
1159,0.28534090518951416
1160,0.010085741057991982
1161,0.4252903461456299
1162,0.31423717737197876
1163,-0.011499546468257904
1164,0.4272102117538452
1165,0.35159608721733093
1166,-0.0340544655919075
1167,0.4920889437198639
1168,0.32362988591194153
1169,0.026458244770765305
1170,0.478013277053833
1171,0.32264354825019836
1172,0.010346661321818829
1173,0.46758466958999634
1174,0.32632583379745483
1175,0.0029541910625994205
1176,0.45206254720687866
1177,0.32425451278686523
1178,-0.0005808832356706262
1179,0.4405522048473358
1180,0.31933164596557617
1181,-0.0018156036967411637
1182,0.43182650208473206
1183,0.31375056505203247
1184,-0.003862872486934066
1185,0.4134705364704132
1186,0.298347145318985
1187,-0.0200205035507679
1188,0.4908047020435333
1189,0.347847580909729
1190,0.02390216290950775
1191,0.4824475944042206
1192,0.2840442359447479
1193,0.01374813262373209
1194,0.4091595709323883
1195,0.3655602037906647
1196,-0.04220549017190933
1197,0.43100157380104065
1198,0.33289939165115356
1199,-0.012207227759063244
1200,0.5009148716926575
1201,0.30329734086990356
1202,0.07731617987155914
1203,0.425296813249588
1204,0.3073123097419739
1205,-0.004910494666546583
1206,0.43634745478630066
1207,0.35640856623649597
1208,-0.009717494249343872
1209,0.47208356857299805
1210,0.2927338182926178
1211,0.01271890290081501
1212,0.42780762910842896
1213,0.34416213631629944
1214,-0.0307533610612154
1215,0.4964473247528076
1216,0.3838507831096649
1217,0.07972460240125656
1218,0.43089547753334045
1219,0.2935681939125061
1220,0.005490320734679699
1221,0.4200342297554016
1222,0.3372952938079834
1223,-0.03878528252243996
1224,0.4729209244251251
1225,0.44366690516471863
1226,0.031249677762389183
1227,0.4727891981601715
1228,0.45801058411598206
1229,0.04488151893019676
1230,0.4988294541835785
1231,0.35235947370529175
1232,0.05347471684217453
1233,0.4820995628833771
1234,0.4265711009502411
1235,0.03978422284126282
1236,0.4942285120487213
1237,0.2796183228492737
1238,0.04170622304081917
1239,0.4413006007671356
1240,0.48862624168395996
1241,0.009484337642788887
1242,0.4086416959762573
1243,0.3680913746356964
1244,-0.030979439616203308
1245,0.4387015402317047
1246,0.34155675768852234
1247,-0.009340929798781872
1248,0.4909776449203491
1249,0.302297443151474
1250,0.02977464348077774
1251,0.4576122760772705
1252,0.29807037115097046
1253,0.00402103504166007
1254,0.45028966665267944
1255,0.298799604177475
1256,0.0021270141005516052
1257,0.4419196546077728
1258,0.4283636212348938
1259,-0.0010649485047906637
1260,0.4892112612724304
1261,0.37191900610923767
1262,0.02661065198481083
1263,0.42620113492012024
1264,0.5074846148490906
1265,0.01186291966587305
1266,0.4515719413757324
1267,0.48775798082351685
1268,0.026226000860333443
1269,0.46168506145477295
1270,0.47520172595977783
1271,0.034469787031412125
1272,0.443317711353302
1273,0.2979963719844818
1274,0.001972244353964925
1275,0.4368581473827362
1276,0.2959124743938446
1277,0.0033056135289371014
1278,0.43284356594085693
1279,0.29473286867141724
1280,0.005163998808711767
1281,0.48802411556243896
1282,0.281967431306839
1283,0.02200673706829548
1284,0.4379943609237671
1285,0.2864883542060852
1286,0.002194671891629696
1287,0.4450686275959015
1288,0.28393247723579407
1289,0.0003852041845675558
1290,0.4521738290786743
1291,0.28344547748565674
1292,0.0005387754645198584
1293,0.45942580699920654
1294,0.2852461636066437
1295,0.0023692124523222446
1296,0.4640682339668274
1297,0.2881128191947937
1298,0.005074597429484129
1299,0.499305784702301
1300,0.2753218412399292
1301,0.06412412226200104
1302,0.46259838342666626
1303,0.2965494990348816
1304,0.00645348010584712
1305,0.43534785509109497
1306,0.3866868019104004
1307,-0.015365970320999622
1308,0.4268606901168823
1309,0.3607190251350403
1310,-0.025644585490226746
1311,0.41859596967697144
1312,0.38251787424087524
1313,-0.022625580430030823
1314,0.46303170919418335
1315,0.4606907069683075
1316,0.02486102469265461
1317,0.45276203751564026
1318,0.47457563877105713
1319,0.017747430130839348
1320,0.42613276839256287
1321,0.49886083602905273
1322,0.0023905206471681595
1323,0.48156559467315674
1324,0.4393513798713684
1325,0.05832960456609726
1326,0.43304431438446045
1327,0.2906266450881958
1328,0.004108807072043419
1329,0.41909024119377136
1330,0.3166491389274597
1331,-0.022801890969276428
1332,0.44006088376045227
1333,0.4991418123245239
1334,0.017455777153372765
1335,0.4960358142852783
1336,0.3788059949874878
1337,0.052470892667770386
1338,0.42435815930366516
1339,0.43180087208747864
1340,-0.008829661644995213
1341,0.42615199089050293
1342,0.4355913996696472
1343,-0.009911502711474895
1344,0.4282216727733612
1345,0.4414082169532776
1346,-0.010793116874992847
1347,0.4299052953720093
1348,0.4481579065322876
1349,-0.009126896969974041
1350,0.4322871267795563
1351,0.45592233538627625
1352,-0.0027439105324447155
1353,0.4365113377571106
1354,0.4162839353084564
1355,-0.0052502937614917755
1356,0.43944141268730164
1357,0.41502079367637634
1358,-0.005300695076584816
1359,0.4420493245124817
1360,0.41292232275009155
1361,-0.00526416813954711
1362,0.4489504396915436
1363,0.4048161506652832
1364,-0.0037295157089829445
1365,0.4781346619129181
1366,0.37751927971839905
1367,0.010357506573200226
1368,0.41923364996910095
1369,0.3055649995803833
1370,-0.015214868821203709
1371,0.4240743815898895
1372,0.28551989793777466
1373,-0.0003681762609630823
1374,0.429375559091568
1375,0.2870180308818817
1376,0.00270185898989439
1377,0.4342758059501648
1378,0.41472843289375305
1379,-0.00436364347115159
1380,0.478941947221756
1381,0.40795353055000305
1382,0.023942936211824417
1383,0.4164956212043762
1384,0.2845084071159363
1385,-0.01112282369285822
1386,0.43604233860969543
1387,0.46456870436668396
1388,0.0019969402346760035
1389,0.41280630230903625
1390,0.3101443946361542
1391,-0.02826273813843727
1392,0.42544758319854736
1393,0.3346483111381531
1394,-0.023008152842521667
1395,0.4224623441696167
1396,0.47427934408187866
1397,-0.0014841208467260003
1398,0.4541594684123993
1399,0.43635910749435425
1400,0.007669399958103895
1401,0.44302141666412354
1402,0.36656898260116577
1403,-0.007764588575810194
1404,0.4463898539543152
1405,0.4518376588821411
1406,0.005342468153685331
1407,0.46071410179138184
1408,0.3662693500518799
1409,-0.00464094802737236
1410,0.45017901062965393
1411,0.37942758202552795
1412,-0.005920885596424341
1413,0.4671354591846466
1414,0.3862251341342926
1415,0.0025438726879656315
1416,0.4248736798763275
1417,0.48689985275268555
1418,-0.0013174492632970214
1419,0.4310373365879059
1420,0.3413916528224945
1421,-0.017166120931506157
1422,0.46065837144851685
1423,0.44628047943115234
1424,0.01533258706331253
1425,0.45055949687957764
1426,0.4617690145969391
1427,0.011491559445858002
1428,0.4598411023616791
1429,0.41912785172462463
1430,0.006783174816519022
1431,0.48670855164527893
1432,0.3929119110107422
1433,0.030177481472492218
1434,0.46939796209335327
1435,0.42191052436828613
1436,0.014547821134328842
1437,0.4908831715583801
1438,0.40355589985847473
1439,0.04936135187745094
1440,0.4562443196773529
1441,0.3955710530281067
1442,-0.0017531545599922538
1443,0.424891859292984
1444,0.3246280252933502
1445,-0.017081065103411674
1446,0.4243757128715515
1447,0.3567618727684021
1448,-0.03594963625073433
1449,0.4303978979587555
1450,0.35981351137161255
1451,-0.026903776451945305
1452,0.4201990067958832
1453,0.3489226996898651
1454,-0.04214129224419594
1455,0.43043604493141174
1456,0.2763541638851166
1457,-0.0030693579465150833
1458,0.44388097524642944
1459,0.2702557146549225
1460,-0.005190452095121145
1461,0.45580238103866577
1462,0.26908284425735474
1463,-0.005192214623093605
1464,0.46578311920166016
1465,0.27107393741607666
1466,-0.002143806777894497
1467,0.472726434469223
1468,0.2763220965862274
1469,0.003021941287443042
1470,0.4772666394710541
1471,0.2962740659713745
1472,0.015768643468618393
1473,0.49978211522102356
1474,0.3273977041244507
1475,0.05205375701189041
1476,0.47090503573417664
1477,0.31132185459136963
1478,0.009273982606828213
1479,0.4622821509838104
1480,0.3142690658569336
1481,0.004423404578119516
1482,0.4514417052268982
1483,0.31406110525131226
1484,0.0012895602267235518
1485,0.44106027483940125
1486,0.31113043427467346
1487,0.00046024529729038477
1488,0.4330005943775177
1489,0.3070489764213562
1490,0.00018035684479400516
1491,0.42743563652038574
1492,0.30304425954818726
1493,-1.8797121811076067e-05
1494,0.5000710487365723
1495,0.3293013572692871
1496,0.08316949754953384
1497,0.430327445268631
1498,0.36302828788757324
1499,-0.022690828889608383
1500,0.41888347268104553
1501,0.3266022801399231
1502,-0.029607312753796577
1503,0.4178844690322876
1504,0.3574754595756531
1505,-0.04234934598207474
1506,0.4135589003562927
1507,0.3635540008544922
1508,-0.03886396437883377
1509,0.4181627035140991
1510,0.35943594574928284
1511,-0.038247063755989075
1512,0.4281265139579773
1513,0.36689263582229614
1514,-0.01967380940914154
1515,0.41188371181488037
1516,0.36468780040740967
1517,-0.041044991463422775
1518,0.41144952178001404
1519,0.36724311113357544
1520,-0.0310148186981678
1521,0.4277714192867279
1522,0.2940458357334137
1523,0.004169962368905544
1524,0.4230310320854187
1525,0.29665619134902954
1526,-0.0008795818430371583
1527,0.4203129708766937
1528,0.2982284426689148
1529,-0.007070919964462519
1530,0.4668935239315033
1531,0.2903427481651306
1532,0.00776823190972209
1533,0.47161805629730225
1534,0.28589922189712524
1535,0.007908476516604424
1536,0.0
1537,0.0
1538,0.0
1539,0.0
1540,0.0
1541,0.0
1542,0.0
1543,0.0
1544,0.0
1545,0.0
1546,0.0
1547,0.0
1548,0.0
1549,0.0
1550,0.0
1551,0.0
1552,0.0
1553,0.0
1554,0.0
1555,0.0
1556,0.0
1557,0.0
1558,0.0
1559,0.0
1560,0.0
1561,0.0
1562,0.0
1563,0.0
1564,0.0
1565,0.0
1566,0.0
1567,0.0
1568,0.0
1569,0.0
1570,0.0
1571,0.0
1572,0.0
1573,0.0
1574,0.0
1575,0.0
1576,0.0
1577,0.0
1578,0.0
1579,0.0
1580,0.0
1581,0.0
1582,0.0
1583,0.0
1584,0.0
1585,0.0
1586,0.0
1587,0.0
1588,0.0
1589,0.0
1590,0.0
1591,0.0
1592,0.0
1593,0.0
1594,0.0
1595,0.0
1596,0.0
1597,0.0
1598,0.0
1599,0.18938103318214417
1600,0.7066605687141418
1601,7.649345690197151e-08
1602,0.169136643409729
1603,0.636454701423645
1604,0.0013163016410544515
1605,0.1573704481124878
1606,0.5460110306739807
1607,-0.00945230107754469
1608,0.14502710103988647
1609,0.4742419421672821
1610,-0.02195591852068901
1611,0.11962413042783737
1612,0.42984896898269653
1613,-0.03408011421561241
1614,0.1546640396118164
1615,0.5172021985054016
1616,-0.028271690011024475
1617,0.18390712141990662
1618,0.4304221570491791
1619,-0.046535927802324295
1620,0.2063763290643692
1621,0.3857448101043701
1622,-0.05412111058831215
1623,0.22660358250141144
1624,0.35198521614074707
1625,-0.05911427363753319
1626,0.17312680184841156
1627,0.5352427363395691
1628,-0.04035292565822601
1629,0.25592929124832153
1630,0.4804462492465973
1631,-0.06360071897506714
1632,0.26209503412246704
1633,0.5201350450515747
1634,-0.062041785567998886
1635,0.2464253306388855
1636,0.5440744757652283
1637,-0.05836481600999832
1638,0.19998230040073395
1639,0.5606420636177063
1640,-0.050940703600645065
1641,0.2774282395839691
1642,0.5164351463317871
1643,-0.06878483295440674
1644,0.27435749769210815
1645,0.5507681965827942
1646,-0.055223945528268814
1647,0.2543630003929138
1648,0.5698498487472534
1649,-0.044529855251312256
1650,0.22862890362739563
1651,0.5895426273345947
1652,-0.061285220086574554
1653,0.2868971526622772
1654,0.5514634847640991
1655,-0.06773322075605392
1656,0.2821493148803711
1657,0.5803239941596985
1658,-0.055292047560214996
1659,0.26232290267944336
1660,0.5981942415237427
1661,-0.04560006782412529
