,0
0,0.41097068786621094
1,0.3399379849433899
2,-0.6851951479911804
3,0.9999836683273315
4,0.4386933743953705
5,0.28408414125442505
6,-0.6357944011688232
7,0.9999600052833557
8,0.4562578797340393
9,0.28519031405448914
10,-0.6354929208755493
11,0.9999610781669617
12,0.4699881672859192
13,0.2872885763645172
14,-0.6355898380279541
15,0.9999584555625916
16,0.38501396775245667
17,0.2877117991447449
18,-0.6368542909622192
19,0.9999639391899109
20,0.3678602874279022
21,0.2897084653377533
22,-0.6361672878265381
23,0.9999660849571228
24,0.3519003987312317
25,0.29290688037872314
26,-0.6363022327423096
27,0.9999672174453735
28,0.48762816190719604
29,0.3204864263534546
30,-0.3414384722709656
31,0.9999526143074036
32,0.33522212505340576
33,0.3256267309188843
34,-0.3298775553703308
35,0.9999661445617676
36,0.44854703545570374
37,0.4087146818637848
38,-0.5742006301879883
39,0.9999725818634033
40,0.38026660680770874
41,0.40655484795570374
42,-0.5701163411140442
43,0.9999715089797974
44,0.6333874464035034
45,0.6917570233345032
46,-0.19959178566932678
47,0.9995834231376648
48,0.19338253140449524
49,0.7031047344207764
50,-0.28995954990386963
51,0.9997662305831909
52,0.7070424556732178
53,1.0178368091583252
54,-0.18268543481826782
55,0.3962470591068268
56,0.10635741055011749
57,0.9968125224113464
58,-0.212304949760437
59,0.6810383200645447
60,0.7195227742195129
61,1.4251205921173096
62,-0.35907965898513794
63,0.17565076053142548
64,0.13268280029296875
65,1.4178297519683838
66,-0.46493640542030334
67,0.6391558051109314
68,0.7421992421150208
69,1.5281826257705688
70,-0.43162399530410767
71,0.2534957528114319
72,0.11086324602365494
73,1.5204800367355347
74,-0.5532132387161255
75,0.6381256580352783
76,0.6945574283599854
77,1.5262970924377441
78,-0.47900471091270447
79,0.3445799648761749
80,0.15484091639518738
81,1.5290486812591553
82,-0.6236613392829895
83,0.648795485496521
84,0.681628942489624
85,1.4820904731750488
86,-0.38502031564712524
87,0.3480355441570282
88,0.1686471849679947
89,1.4859925508499146
90,-0.5081186890602112
91,0.6468074321746826
92,0.5648183822631836
93,1.4669208526611328
94,-0.037040866911411285
95,0.0009922252502292395
96,0.2791461646556854
97,1.469671607017517
98,0.04199826344847679
99,0.0011917139636352658
100,0.5479108095169067
101,2.0981955528259277
102,-0.003278383519500494
103,0.0002793668827507645
104,0.2879621982574463
105,2.101116418838501
106,0.03980715572834015
107,0.00015443327720277011
108,0.5398197770118713
109,2.6712305545806885
110,0.5802425146102905
111,4.420734694576822e-05
112,0.2843678295612335
113,2.675013780593872
114,0.39748114347457886
115,6.336468231893377e-06
116,0.5426796078681946
117,2.7598249912261963
118,0.6106926202774048
119,3.169098272337578e-05
120,0.27990400791168213
121,2.7691311836242676
122,0.420508474111557
123,1.1391959560569376e-05
124,0.5047779083251953
125,2.8511178493499756
126,0.11914321035146713
127,4.751628148369491e-05
128,0.3166421055793762
129,2.8450350761413574
130,-0.12099288403987885
131,2.275981751154177e-05
132,0.40596824884414673
133,0.40264323353767395
134,-0.023829061537981033
135,0.4038331210613251
136,0.36258170008659363
137,-0.04535234346985817
138,0.40504419803619385
139,0.37482863664627075
140,-0.023712918162345886
141,0.39701777696609497
142,0.3260684013366699
143,-0.03440142050385475
144,0.4035790264606476
145,0.350829154253006
146,-0.0483325757086277
147,0.4036935865879059
148,0.3360057771205902
149,-0.045211829245090485
150,0.40436282753944397
151,0.3010498583316803
152,-0.023711225017905235
153,0.34779053926467896
154,0.29989922046661377
155,0.012292536906898022
156,0.40458306670188904
157,0.27585646510124207
158,-0.019150519743561745
159,0.4045493006706238
160,0.26093512773513794
161,-0.021335219964385033
162,0.4047023057937622
163,0.20180970430374146
164,-0.013169596903026104
165,0.406166672706604
166,0.40879854559898376
167,-0.0227885190397501
168,0.4063922166824341
169,0.41369760036468506
170,-0.019982999190688133
171,0.4066570997238159
172,0.4158313572406769
173,-0.016163254156708717
174,0.40679025650024414
175,0.42940378189086914
176,-0.012462111189961433
177,0.40680819749832153
178,0.4354546070098877
179,-0.013629751279950142
180,0.40686848759651184
181,0.44271498918533325
182,-0.01475644763559103
183,0.4070276916027069
184,0.45012012124061584
185,-0.012406454421579838
186,0.407355397939682
187,0.45894330739974976
188,-0.002908777678385377
189,0.4041984975337982
190,0.36860933899879456
191,-0.04101695492863655
192,0.39715641736984253
193,0.36821117997169495
194,-0.029192762449383736
195,0.32285621762275696
196,0.2590436339378357
197,0.051660362631082535
198,0.3708254098892212
199,0.30951836705207825
200,0.0030405675061047077
201,0.36295008659362793
202,0.3105924725532532
203,0.0038979207165539265
204,0.35534077882766724
205,0.3102692663669586
206,0.0064332312904298306
207,0.34507617354393005
208,0.30411478877067566
209,0.013745698146522045
210,0.3773592710494995
211,0.306470662355423
212,0.003322677221149206
213,0.3598631024360657
214,0.28160470724105835
215,-0.00025943692889995873
216,0.36857104301452637
217,0.2823565602302551
218,-0.0007285481551662087
219,0.3518082797527313
220,0.2832259237766266
221,0.002816352527588606
222,0.3465516269207001
223,0.28700706362724304
224,0.006493073888123035
225,0.3393027186393738
226,0.3120286762714386
227,0.018192380666732788
228,0.3774322271347046
229,0.4701656699180603
230,0.008498652838170528
231,0.34497779607772827
232,0.2972097098827362
233,0.01507525984197855
234,0.3195236325263977
235,0.30796363949775696
236,0.05631384626030922
237,0.3311716318130493
238,0.30511265993118286
239,0.02675083838403225
240,0.3648989498615265
241,0.3560500741004944
242,-0.0037431090604513884
243,0.3954813778400421
244,0.40088480710983276
245,-0.022147556766867638
246,0.3975291848182678
247,0.4137378931045532
248,-0.01822548545897007
249,0.38529086112976074
250,0.4050833582878113
251,-0.016502736136317253
252,0.3793489336967468
253,0.41057759523391724
254,-0.009196382947266102
255,0.3902941048145294
256,0.41479992866516113
257,-0.014153571799397469
258,0.3850221037864685
259,0.4165777564048767
260,-0.007389579433947802
261,0.37022003531455994
262,0.4319443702697754
263,0.006773083936423063
264,0.3971390426158905
265,0.362362265586853
266,-0.04442865774035454
267,0.3957666754722595
268,0.35124972462654114
269,-0.047138914465904236
270,0.3347804844379425
271,0.2766730487346649
272,0.008765777572989464
273,0.38063496351242065
274,0.3271661400794983
275,-0.006563966628164053
276,0.3786901533603668
277,0.3603605031967163
278,-0.022962838411331177
279,0.3780542016029358
280,0.3546215295791626
281,-0.02039247192442417
282,0.3420279920101166
283,0.35590246319770813
284,0.007780868094414473
285,0.3962866961956024
286,0.33743882179260254
287,-0.0422491729259491
288,0.35301315784454346
289,0.2652127146720886
290,-0.007198361214250326
291,0.3419921398162842
292,0.26873815059661865
293,-9.676520858192816e-05
294,0.3291385769844055
295,0.2383478581905365
296,0.034304097294807434
297,0.38783273100852966
298,0.2743685245513916
299,-0.015813317149877548
300,0.37608879804611206
301,0.28576675057411194
302,0.0015237106708809733
303,0.36452239751815796
304,0.4191042184829712
305,0.007963437587022781
306,0.3313608765602112
307,0.41334253549575806
308,0.08118565380573273
309,0.3850015103816986
310,0.36646100878715515
311,-0.019702687859535217
312,0.39199337363243103
313,0.3701696991920471
314,-0.02104944922029972
315,0.3726691007614136
316,0.420603483915329
317,0.006720974110066891
318,0.37700238823890686
319,0.4201441705226898
320,0.004189215134829283
321,0.33790165185928345
322,0.2613276541233063
323,0.0040513817220926285
324,0.3787899613380432
325,0.36565056443214417
326,-0.018212106078863144
327,0.3680301010608673
328,0.2664228677749634
329,-0.012708342634141445
330,0.3664841055870056
331,0.2569393813610077
332,-0.014677002094686031
333,0.35866600275039673
334,0.2095564901828766
335,-0.0001449723495170474
336,0.33373501896858215
337,0.24917998909950256
338,0.01705911010503769
339,0.3634064793586731
340,0.23185989260673523
341,-0.007922454737126827
342,0.330627977848053
343,0.2718973755836487
344,0.016097292304039
345,0.326724112033844
346,0.2658253312110901
347,0.032866425812244415
348,0.3963524103164673
349,0.40820181369781494
350,-0.02114538475871086
351,0.3879917860031128
352,0.41082388162612915
353,-0.015699345618486404
354,0.38210049271583557
355,0.4137057065963745
356,-0.008979527279734612
357,0.38725027441978455
358,0.368678480386734
359,-0.018270669505000114
360,0.37478795647621155
361,0.420642614364624
362,0.00530207296833396
363,0.37785664200782776
364,0.42544201016426086
365,0.0008182181045413017
366,0.3782215118408203
367,0.4192880094051361
368,0.003875558264553547
369,0.38878992199897766
370,0.3621103763580322
371,-0.03172185644507408
372,0.3870050311088562
373,0.4160216450691223
374,-0.0062101176008582115
375,0.39231714606285095
376,0.41555920243263245
377,-0.010942043736577034
378,0.39887070655822754
379,0.41562408208847046
380,-0.014654161408543587
381,0.39561498165130615
382,0.4579034745693207
383,-0.002135656541213393
384,0.39571791887283325
385,0.4485088884830475
386,-0.011332438327372074
387,0.3962794244289398
388,0.4410608410835266
389,-0.01321941614151001
390,0.39720210433006287
391,0.4335958659648895
392,-0.011973346583545208
393,0.3982134163379669
394,0.4286377429962158
395,-0.010835381224751472
396,0.38572901487350464
397,0.42507204413414
398,-0.0032586262095719576
399,0.38409391045570374
400,0.4270235300064087
401,-0.004377271048724651
402,0.3817060887813568
403,0.4305615723133087
404,-0.005054667126387358
405,0.3797858655452728
406,0.4345632791519165
407,-0.003169712610542774
408,0.3723546862602234
409,0.39725279808044434
410,-0.006498498842120171
411,0.32230839133262634
412,0.3579089343547821
413,0.09223845601081848
414,0.40458306670188904
415,0.371045857667923
416,-0.02978609688580036
417,0.3823358416557312
418,0.42326003313064575
419,0.0012609038967639208
420,0.38017964363098145
421,0.42401954531669617
422,0.0005708048120141029
423,0.3947191834449768
424,0.37526652216911316
425,-0.021094877272844315
426,0.3820304572582245
427,0.3728335499763489
428,-0.012040565721690655
429,0.39342036843299866
430,0.37282469868659973
431,-0.02136644534766674
432,0.3723427355289459
433,0.3339191973209381
434,-0.003032229607924819
435,0.3596506118774414
436,0.3418962061405182
437,9.467803465668112e-05
438,0.37705349922180176
439,0.3599430322647095
440,-0.015470359474420547
441,0.3403550088405609
442,0.2214995175600052
443,0.016032079234719276
444,0.34530532360076904
445,0.2373845875263214
446,0.003875377355143428
447,0.3502466082572937
448,0.2559176981449127
449,-0.005733623169362545
450,0.37651315331459045
451,0.44149887561798096
452,0.003382053691893816
453,0.3851107954978943
454,0.2594609260559082
455,-0.019563011825084686
456,0.3824348449707031
457,0.23027324676513672
458,-0.015093923546373844
459,0.3794330358505249
460,0.20360009372234344
461,-0.009889948181807995
462,0.3487963378429413
463,0.3082611560821533
464,0.010280310176312923
465,0.33145803213119507
466,0.32050564885139465
467,0.0234590582549572
468,0.38157564401626587
469,0.3033134341239929
470,0.0041814702562987804
471,0.3384411334991455
472,0.2907918393611908
473,0.014139148406684399
474,0.38623225688934326
475,0.3196716606616974
476,-0.010057661682367325
477,0.38323771953582764
478,0.3556250333786011
479,-0.03147421404719353
480,0.3240702152252197
481,0.3285749852657318
482,0.0332743339240551
483,0.3363407850265503
484,0.3281211256980896
485,0.015934698283672333
486,0.34616321325302124
487,0.3319879472255707
488,0.007980232127010822
489,0.36113086342811584
490,0.3296967148780823
491,0.0033394501078873873
492,0.37216025590896606
493,0.3246903121471405
494,0.0008666243520565331
495,0.3804493844509125
496,0.3191051781177521
497,-0.0019949297420680523
498,0.3966143727302551
499,0.3042873740196228
500,-0.02001832239329815
501,0.32522332668304443
502,0.35224851965904236
503,0.0314684696495533
504,0.3325498402118683
505,0.289771169424057
506,0.01827496849000454
507,0.4001891613006592
508,0.3682900369167328
509,-0.0403374619781971
510,0.38103076815605164
511,0.33790603280067444
512,-0.00989548210054636
513,0.31937626004219055
514,0.3077509105205536
515,0.08438767492771149
516,0.38651368021965027
517,0.31281590461730957
518,-0.0038111305329948664
519,0.3766082525253296
520,0.36093199253082275
521,-0.006813586689531803
522,0.3424595594406128
523,0.29795539379119873
524,0.016789522022008896
525,0.382845014333725
526,0.3486870527267456
527,-0.02834482304751873
528,0.3252619504928589
529,0.384821355342865
530,0.08897978067398071
531,0.3815930485725403
532,0.2990860044956207
533,0.006318709813058376
534,0.38935786485671997
535,0.3418852388858795
536,-0.03682752326130867
537,0.34617987275123596
538,0.44095829129219055
539,0.03837854787707329
540,0.34789037704467773
541,0.45328187942504883
542,0.05301683768630028
543,0.31989678740501404
544,0.3556274175643921
545,0.06178952381014824
546,0.33682185411453247
547,0.42527681589126587
548,0.047998350113630295
549,0.32298707962036133
550,0.28521299362182617
551,0.046950727701187134
552,0.37652841210365295
553,0.48106664419174194
554,0.013492594473063946
555,0.40143415331840515
556,0.3706842064857483
557,-0.02917151153087616
558,0.37412646412849426
559,0.3465629518032074
560,-0.006242271047085524
561,0.32528311014175415
562,0.3075132369995117
563,0.035504430532455444
564,0.3556863069534302
565,0.30329811573028564
566,0.007086670491844416
567,0.3626534938812256
568,0.3041154146194458
569,0.004796626977622509
570,0.37558484077453613
571,0.42727673053741455
572,0.00232655368745327
573,0.32756614685058594
574,0.375162810087204
575,0.03481163829565048
576,0.3911783993244171
577,0.49748390913009644
578,0.015479476191103458
579,0.36823293566703796
580,0.4797685742378235
581,0.031945839524269104
582,0.358828604221344
583,0.46864938735961914
584,0.04121728241443634
585,0.40462198853492737
586,0.2300717830657959
587,-0.01780030131340027
588,0.4080556333065033
589,0.5003776550292969
590,0.012476743198931217
591,0.36937984824180603
592,0.3033446669578552
593,0.004040755331516266
594,0.3756115436553955
595,0.30148667097091675
596,0.004850378260016441
597,0.3796173632144928
598,0.3002587854862213
599,0.006341211963444948
600,0.3276689946651459
601,0.287811815738678
602,0.026849957183003426
603,0.3749111592769623
604,0.29225775599479675
605,0.003450598567724228
606,0.36814308166503906
607,0.28968194127082825
608,0.0021207144018262625
609,0.36119508743286133
610,0.2890682816505432
611,0.002880089683458209
612,0.35411763191223145
613,0.29072827100753784
614,0.0052549997344613075
615,0.34966278076171875
616,0.29345542192459106
617,0.008286193013191223
618,0.31985384225845337
619,0.280815064907074
620,0.06985430419445038
621,0.3509988784790039
622,0.30167731642723083
623,0.009878379292786121
624,0.40541085600852966
625,0.3839075267314911
626,-0.021505042910575867
627,0.3788377642631531
628,0.3897719979286194
629,-0.01176384650170803
630,0.384629487991333
631,0.364488810300827
632,-0.023122597485780716
633,0.3940470814704895
634,0.38535404205322266
635,-0.020202606916427612
636,0.40460148453712463
637,0.28816431760787964
638,-0.01808735728263855
639,0.3562125563621521
640,0.4563140273094177
641,0.030798478052020073
642,0.3659721910953522
643,0.46845486760139465
644,0.0227054450660944
645,0.39027926325798035
646,0.49041831493377686
647,0.0053057074546813965
648,0.3392762243747711
649,0.43637311458587646
650,0.06771894544363022
651,0.37949705123901367
652,0.29625919461250305
653,0.00510793412104249
654,0.39119935035705566
655,0.3219904899597168
656,-0.021811513230204582
657,0.40772661566734314
658,0.49328944087028503
659,0.002785953227430582
660,0.3785843849182129
661,0.48993971943855286
662,0.02217465452849865
663,0.32305967807769775
664,0.3806513249874115
665,0.06124158203601837
666,0.3912416100502014
667,0.42698684334754944
668,-0.007348206359893084
669,0.38962846994400024
670,0.4305908679962158
671,-0.008513414300978184
672,0.3878137469291687
673,0.43623584508895874
674,-0.009203997440636158
675,0.3864932656288147
676,0.44280165433883667
677,-0.0073727634735405445
678,0.3845456838607788
679,0.4508519470691681
680,-0.0002501264971215278
681,0.38031312823295593
682,0.41800257563591003
683,-0.0012963706394657493
684,0.3774528503417969
685,0.4168875813484192
686,-0.0011657507857307792
687,0.3749077320098877
688,0.4150630533695221
689,-0.0012073731049895287
690,0.36721348762512207
691,0.4071525037288666
692,0.000612627889495343
693,0.3374388515949249
694,0.38093942403793335
695,0.017712000757455826
696,0.39155852794647217
697,0.3112313151359558
698,-0.01443078089505434
699,0.3877102732658386
700,0.2914027273654938
701,-0.0004840730980504304
702,0.38288307189941406
703,0.2930442988872528
704,0.0030923073645681143
705,0.3824988901615143
706,0.41645026206970215
707,-0.0005453583435155451
708,0.33851420879364014
709,0.4089316725730896
710,0.03152428939938545
711,0.39433425664901733
712,0.2905277907848358
713,-0.011727379634976387
714,0.3807552754878998
715,0.4597092270851135
716,0.004865054506808519
717,0.40393340587615967
718,0.32405227422714233
719,-0.03762783482670784
720,0.3966728448867798
721,0.3157653212547302
722,-0.027999136596918106
723,0.40415507555007935
724,0.31298941373825073
725,-0.03034539520740509
726,0.3853846788406372
727,0.33951514959335327
728,-0.021123893558979034
729,0.40752333402633667
730,0.4824461042881012
731,-0.0018731417367234826
732,0.40740373730659485
733,0.46959972381591797
734,-0.0021870939526706934
735,0.39332789182662964
736,0.4678416848182678
737,1.5288878785213456e-05
738,0.36342108249664307
739,0.43543124198913574
740,0.012135975994169712
741,0.3707237243652344
742,0.37072357535362244
743,-0.004022360313683748
744,0.37120088934898376
745,0.44893550872802734
746,0.009084736928343773
747,0.3533053398132324
748,0.37032583355903625
749,0.000774867192376405
750,0.3642314076423645
751,0.38286152482032776
752,-0.0014245506608858705
753,0.34803181886672974
754,0.3892262578010559
755,0.008551686070859432
756,0.3909921944141388
757,0.47994092106819153
758,0.0009161585476249456
759,0.38079577684402466
760,0.34617501497268677
761,-0.01472338754683733
762,0.3575294613838196
763,0.44392675161361694
764,0.020610611885786057
765,0.3674047887325287
766,0.45751234889030457
767,0.01575256511569023
768,0.35721659660339355
769,0.4201292395591736
770,0.012234445661306381
771,0.33084553480148315
772,0.3947453796863556
773,0.03845077008008957
774,0.3481166660785675
775,0.4219365417957306
776,0.02090526930987835
777,0.32824331521987915
778,0.4038897454738617
779,0.05830933153629303
780,0.35918501019477844
781,0.3983975946903229
782,0.003413180587813258
783,0.38622334599494934
784,0.32980477809906006
785,-0.015383357182145119
786,0.3860242962837219
787,0.36036285758018494
788,-0.03339318558573723
789,0.3812454342842102
790,0.3637661635875702
791,-0.024020550772547722
792,0.3891352713108063
793,0.3527635335922241
794,-0.03967520594596863
795,0.38150450587272644
796,0.2826647162437439
797,-0.002950328169390559
798,0.3685944378376007
799,0.2768089473247528
800,-0.004169824067503214
801,0.35709714889526367
802,0.2755378484725952
803,-0.00310794566757977
804,0.3476390242576599
805,0.2773423194885254
806,0.0009432908263988793
807,0.34129518270492554
808,0.2821822762489319
809,0.006620465777814388
810,0.33767667412757874
811,0.30147337913513184
812,0.0203578881919384
813,0.31859034299850464
814,0.33156299591064453
815,0.05963149294257164
816,0.3433126211166382
817,0.3166513442993164
818,0.013929649256169796
819,0.3513473570346832
820,0.31972819566726685
821,0.008589844219386578
822,0.361807256937027
823,0.31943556666374207
824,0.004710172303020954
825,0.3717387616634369
826,0.3165746331214905
827,0.0027976459823548794
828,0.3794359564781189
829,0.31252580881118774
830,0.0017747418023645878
831,0.3846909701824188
832,0.3085535764694214
833,0.0009302045218646526
834,0.32084324955940247
835,0.3327709138393402
836,0.09116195887327194
837,0.3818219006061554
838,0.3670409023761749
839,-0.01978558488190174
840,0.39083266258239746
841,0.3316732943058014
842,-0.028118576854467392
843,0.39158040285110474
844,0.36072805523872375
845,-0.04013289883732796
846,0.3964705467224121
847,0.36644411087036133
848,-0.03688299283385277
849,0.3918837606906891
850,0.3625861406326294
851,-0.03601120412349701
852,0.3843490779399872
853,0.37067991495132446
854,-0.01693221740424633
855,0.3977978229522705
856,0.3674814701080322
857,-0.03911088779568672
858,0.39889609813690186
859,0.36998310685157776
860,-0.02915351465344429
861,0.384368896484375
862,0.2997353971004486
863,0.004778089001774788
864,0.3887935280799866
865,0.30228450894355774
866,-0.0006523120100609958
867,0.3911125659942627
868,0.3039492070674896
869,-0.006747583393007517
870,0.347027063369751
871,0.2954862117767334
872,0.011275012977421284
873,0.3426913321018219
874,0.291454941034317
875,0.011695658788084984
876,0.411166250705719
877,0.32590681314468384
878,-0.03507203608751297
879,0.4653700590133667
880,0.29894188046455383
881,0.007210391107946634
882,0.4121400713920593
883,0.3680172264575958
884,-0.02971166931092739
885,0.49486100673675537
886,0.25618430972099304
887,0.04379386454820633
888,0.44139426946640015
889,0.3089989423751831
890,-0.0003284194099251181
891,0.4496428966522217
892,0.30986982583999634
893,-6.806200690334663e-05
894,0.4576467275619507
895,0.30928903818130493
896,0.0017977711977437139
897,0.4685368239879608
898,0.3030117452144623
899,0.008345462381839752
900,0.43440836668014526
901,0.30606427788734436
902,0.0007015388109721243
903,0.4523082375526428
904,0.28062424063682556
905,-0.004377512726932764
906,0.4433422088623047
907,0.28145402669906616
908,-0.003986801952123642
909,0.4607125520706177
910,0.2821364402770996
911,-0.0019183375407010317
912,0.46635502576828003
913,0.28588157892227173
914,0.0013616010546684265
915,0.47492918372154236
916,0.3104999363422394
917,0.01233178935945034
918,0.43859750032424927
919,0.4702599346637726
920,0.006078887730836868
921,0.468351811170578
922,0.2962168753147125
923,0.009720505215227604
924,0.49847710132598877
925,0.30549514293670654
926,0.048293109983205795
927,0.4839138984680176
928,0.30314069986343384
929,0.02016172744333744
930,0.4475925862789154
931,0.3549441993236542
932,-0.007138252258300781
933,0.41670918464660645
934,0.40047547221183777
935,-0.023021945729851723
936,0.41567501425743103
937,0.4133799076080322
938,-0.01907692290842533
939,0.4279390573501587
940,0.4042903780937195
941,-0.01821615919470787
942,0.43495258688926697
943,0.4093833267688751
944,-0.011591868475079536
945,0.42358115315437317
946,0.4141356945037842
947,-0.01581615023314953
948,0.429603636264801
949,0.4155306816101074
950,-0.009564225561916828
951,0.4457663595676422
952,0.43072161078453064
953,0.003597043687477708
954,0.410724937915802
955,0.3621350824832916
956,-0.04486294463276863
957,0.4116820991039276
958,0.35106727480888367
959,-0.04760805144906044
960,0.47875624895095825
961,0.2748686373233795
962,0.002670611022040248
963,0.4306650459766388
964,0.3265834152698517
965,-0.008731741458177567
966,0.43138042092323303
967,0.35958877205848694
968,-0.024903176352381706
969,0.43224194645881653
970,0.3538447916507721
971,-0.022434832528233528
972,0.47207945585250854
973,0.3541979491710663
974,0.0021792047191411257
975,0.41141366958618164
976,0.3372735381126404
977,-0.04288787767291069
978,0.4585038423538208
979,0.26379016041755676
980,-0.011501147411763668
981,0.4704294204711914
982,0.26705896854400635
983,-0.005517772398889065
984,0.48670631647109985
985,0.23547868430614471
986,0.027229810133576393
987,0.42201894521713257
988,0.2739432752132416
989,-0.01718905195593834
990,0.43571728467941284
991,0.28508132696151733
992,-0.0011297747259959579
993,0.45133155584335327
994,0.41757914423942566
995,0.004203807096928358
996,0.4897943437099457
997,0.41245391964912415
998,0.07389689236879349
999,0.42529672384262085
1000,0.36585909128189087
1001,-0.021314995363354683
1002,0.41827917098999023
1003,0.3697570562362671
1004,-0.021815955638885498
1005,0.4431648552417755
1006,0.4189341962337494
1007,0.003457794664427638
1008,0.4388667941093445
1009,0.4185405969619751
1010,0.0013905796222388744
1011,0.4749487042427063
1012,0.259457528591156
1013,-0.0016632844926789403
1014,0.4319465458393097
1015,0.3648391664028168
1016,-0.02017160691320896
1017,0.44257447123527527
1018,0.26545703411102295
1019,-0.01561481598764658
1020,0.44396188855171204
1021,0.25573304295539856
1022,-0.017620433121919632
1023,0.4528089761734009
1024,0.20758523046970367
1025,-0.004098552279174328
1026,0.48047515749931335
1027,0.24681249260902405
1028,0.010803890414536
1029,0.44740140438079834
1030,0.23036769032478333
1031,-0.01138901337981224
1032,0.48368239402770996
1033,0.26973724365234375
1034,0.009549595415592194
1035,0.4892246127128601
1036,0.2633841931819916
1037,0.025708714500069618
1038,0.41638463735580444
1039,0.4078004062175751
1040,-0.022032642737030983
1041,0.42561301589012146
1042,0.41009438037872314
1043,-0.017431462183594704
1044,0.43238240480422974
1045,0.41255128383636475
1046,-0.011279301717877388
1047,0.42323562502861023
1048,0.36814412474632263
1049,-0.01949862390756607
1050,0.4410197138786316
1051,0.418965220451355
1052,0.002270576311275363
1053,0.4377252459526062
1054,0.42414477467536926
1055,-0.0017050948226824403
1056,0.43768104910850525
1057,0.41788965463638306
1058,0.0011286522494629025
1059,0.4203369617462158
1060,0.36174243688583374
1061,-0.03306387737393379
1062,0.42788344621658325
1063,0.41496336460113525
1064,-0.008217502385377884
1065,0.421892911195755
1066,0.41497182846069336
1067,-0.012456176802515984
1068,0.4148115813732147
1069,0.41525328159332275
1070,-0.01552588865160942
1071,0.419357568025589
1072,0.45774462819099426
1073,-0.002984562423080206
1074,0.41863927245140076
1075,0.44826680421829224
1076,-0.012281935662031174
1077,0.41778257489204407
1078,0.4408128261566162
1079,-0.014196595177054405
1080,0.41669517755508423
1081,0.43337342143058777
1082,-0.012903927825391293
1083,0.4157102108001709
1084,0.42840224504470825
1085,-0.01171915140002966
1086,0.4294041693210602
1087,0.4241478443145752
1088,-0.005166579969227314
1089,0.43101900815963745
1090,0.4259890913963318
1091,-0.006378218997269869
1092,0.43347105383872986
1093,0.4295603334903717
1094,-0.007052514236420393
1095,0.43548503518104553
1096,0.43350750207901
1097,-0.005296708084642887
1098,0.44128215312957764
1099,0.3961210548877716
1100,-0.00919308327138424
1101,0.49895745515823364
1102,0.3560505509376526
1103,0.0839383602142334
1104,0.4332149028778076
1105,0.42209434509277344
1106,-0.0011357469484210014
1107,0.4353477358818054
1108,0.4228113889694214
1109,-0.001904795179143548
1110,0.41571348905563354
1111,0.37489068508148193
1112,-0.02183973416686058
1113,0.4293265640735626
1114,0.3720730245113373
1115,-0.013582813553512096
1116,0.4169062077999115
1117,0.3724314570426941
1118,-0.022113902494311333
1119,0.43958958983421326
1120,0.33310580253601074
1121,-0.005996761843562126
1122,0.4530344009399414
1123,0.3407009243965149
1124,-0.0039273942820727825
1125,0.4338429868221283
1126,0.3590937852859497
1127,-0.017609853297472
1128,0.47331953048706055
1129,0.21879668533802032
1130,0.010195204988121986
1131,0.4671791195869446
1132,0.23521369695663452
1133,-0.0011858303332701325
1134,0.46125200390815735
1135,0.2542867660522461
1136,-0.010233588516712189
1137,0.43926557898521423
1138,0.4407767653465271
1139,0.000799026689492166
1140,0.42463189363479614
1141,0.2587997317314148
1142,-0.02103409171104431
1143,0.4273393750190735
1144,0.2294776737689972
1145,-0.016811011359095573
1146,0.4306900203227997
1147,0.20245130360126495
1148,-0.011942393146455288
1149,0.46456536650657654
1150,0.3071545362472534
1151,0.0051400186493992805
1152,0.4835021197795868
1153,0.31852948665618896
1154,0.016912302002310753
1155,0.4299823045730591
1156,0.303082674741745
1157,0.0018932948587462306
1158,0.4753645062446594
1159,0.2893165349960327
1160,0.008259396068751812
1161,0.4244970977306366
1162,0.3192189931869507
1163,-0.011842568404972553
1164,0.42583316564559937
1165,0.35512688755989075
1166,-0.03303876519203186
1167,0.4920049011707306
1168,0.3264109492301941
1169,0.02590179070830345
1170,0.4778909683227539
1171,0.32629311084747314
1172,0.009862222708761692
1173,0.46732795238494873
1174,0.3303392827510834
1175,0.0026970074977725744
1176,0.4515708386898041
1177,0.32855045795440674
1178,-0.0006991216214373708
1179,0.43992114067077637
1180,0.3239080309867859
1181,-0.0021448491606861353
1182,0.43112608790397644
1183,0.3186311721801758
1184,-0.004333546385169029
1185,0.4126315116882324
1186,0.3041223883628845
1187,-0.02076599933207035
1188,0.49077630043029785
1189,0.350252628326416
1190,0.024222219362854958
1191,0.4819307327270508
1192,0.2878672182559967
1193,0.01179144624620676
1194,0.4083223044872284
1195,0.36812829971313477
1196,-0.04069944843649864
1197,0.42999735474586487
1198,0.3373148739337921
1199,-0.011909496039152145
1200,0.5009230375289917
1201,0.3051731586456299
1202,0.0758579894900322
1203,0.4245602488517761
1204,0.31245797872543335
1205,-0.005588563159108162
1206,0.4348694384098053
1207,0.3600512742996216
1208,-0.008834297768771648
1209,0.47120070457458496
1210,0.2967582046985626
1211,0.011154044419527054
1212,0.4265262484550476
1213,0.34812161326408386
1214,-0.029960889369249344
1215,0.49611836671829224
1216,0.38341596722602844
1217,0.08117029070854187
1218,0.4301111400127411
1219,0.298910915851593
1220,0.003943729214370251
1221,0.41902750730514526
1222,0.34147393703460693
1223,-0.03805535286664963
1224,0.4720315635204315
1225,0.4406416416168213
1226,0.03292347118258476
1227,0.4717513620853424
1228,0.4534265697002411
1229,0.0475614070892334
1230,0.4986107349395752
1231,0.3536662757396698
1232,0.05380995199084282
1233,0.4818767011165619
1234,0.4246586561203003
1235,0.04169763997197151
1236,0.49406856298446655
1237,0.28271734714508057
1238,0.03927061706781387
1239,0.4400712847709656
1240,0.48134520649909973
1241,0.010982171632349491
1242,0.40778568387031555
1243,0.37056082487106323
1244,-0.029397791251540184
1245,0.43764540553092957
1246,0.34565964341163635
1247,-0.008816183544695377
1248,0.4908086061477661
1249,0.30533701181411743
1250,0.028326068073511124
1251,0.4569714665412903
1252,0.3025267422199249
1253,0.002647784072905779
1254,0.4497063457965851
1255,0.303500235080719
1256,0.000829805270768702
1257,0.4400952458381653
1258,0.42591753602027893
1259,-0.00039778361679054797
1260,0.4890880584716797
1261,0.373436838388443
1262,0.027701880782842636
1263,0.42528456449508667
1264,0.4977445900440216
1265,0.014024309813976288
1266,0.4497677981853485
1267,0.4802749454975128
1268,0.028400564566254616
1269,0.4599708914756775
1270,0.46911555528640747
1271,0.03680656850337982
1272,0.4427337050437927
1273,0.30291494727134705
1274,0.0006384738371707499
1275,0.4362303614616394
1276,0.3010423481464386
1277,0.001940863556228578
1278,0.4321625828742981
1279,0.3000166714191437
1280,0.0036989101208746433
1281,0.48771733045578003
1282,0.28551000356674194
1283,0.01988658867776394
1284,0.4370530843734741
1285,0.29184579849243164
1286,0.00040497194277122617
1287,0.44407668709754944
1288,0.2891359031200409
1289,-0.00140472745988518
1290,0.45120716094970703
1291,0.2884427011013031
1292,-0.0012032354716211557
1293,0.4585070312023163
1294,0.2899608910083771
1295,0.0006423747981898487
1296,0.463179349899292
1297,0.2925555408000946
1298,0.0033458643592894077
1299,0.49923157691955566
1300,0.27805984020233154
1301,0.06161737069487572
1302,0.4618946313858032
1303,0.3008272349834442
1304,0.005055613350123167
1305,0.43364232778549194
1306,0.38890981674194336
1307,-0.013858838938176632
1308,0.42529332637786865
1309,0.3639005720615387
1310,-0.0245111845433712
1311,0.41725778579711914
1312,0.38492316007614136
1313,-0.021099762991070747
1314,0.46159765124320984
1315,0.45628032088279724
1316,0.02643265388906002
1317,0.4513011872768402
1318,0.46873608231544495
1319,0.019286729395389557
1320,0.4254832863807678
1321,0.49061110615730286
1322,0.003920413088053465
1323,0.481168270111084
1324,0.43606236577033997
1325,0.06117549538612366
1326,0.43219390511512756
1327,0.29598885774612427
1328,0.002434677444398403
1329,0.4182710349559784
1330,0.3217035233974457
1331,-0.02296394482254982
1332,0.438539057970047
1333,0.4903280735015869
1334,0.019574159756302834
1335,0.495753675699234
1336,0.37911590933799744
1337,0.053600795567035675
1338,0.4232010543346405
1339,0.426437646150589
1340,-0.008950693532824516
1341,0.4248539209365845
1342,0.4300079345703125
1343,-0.010083111003041267
1344,0.4267382323741913
1345,0.4355762004852295
1346,-0.010863013565540314
1347,0.42826002836227417
1348,0.4422048330307007
1349,-0.009092085994780064
1350,0.4307727515697479
1351,0.45044049620628357
1352,-0.0021830180194228888
1353,0.4350956976413727
1354,0.4166651666164398
1355,-0.003951260820031166
1356,0.4378138780593872
1357,0.41549837589263916
1358,-0.004065959248691797
1359,0.4403250217437744
1360,0.4135836958885193
1361,-0.004147007130086422
1362,0.447614461183548
1363,0.40574872493743896
1364,-0.002817705739289522
1365,0.4780610203742981
1366,0.37938955426216125
1367,0.011608070693910122
1368,0.41844600439071655
1369,0.31094205379486084
1370,-0.015760602429509163
1371,0.42327970266342163
1372,0.2911810874938965
1373,-0.0020606783218681812
1374,0.4285573661327362
1375,0.2927197217941284
1376,0.0009483583271503448
1377,0.4329981207847595
1378,0.4152514934539795
1379,-0.003021098207682371
1380,0.47861528396606445
1381,0.407774955034256
1382,0.025428123772144318
1383,0.4155970811843872
1384,0.29035669565200806
1385,-0.012582626193761826
1386,0.4349425733089447
1387,0.4595005512237549
1388,0.0028005861677229404
1389,0.41199377179145813
1390,0.3155815303325653
1391,-0.028615983203053474
1392,0.4244651198387146
1393,0.3390430212020874
1394,-0.022623971104621887
1395,0.42183104157447815
1396,0.467832088470459
1397,-0.0010441114427521825
1398,0.4528157413005829
1399,0.43461689352989197
1400,0.008555643260478973
1401,0.4417276084423065
1402,0.36967745423316956
1403,-0.006756728049367666
1404,0.4449833333492279
1405,0.44847530126571655
1406,0.0062390039674937725
1407,0.46031203866004944
1408,0.3689820170402527
1409,-0.00365094980224967
1410,0.4492759704589844
1411,0.38174185156822205
1412,-0.004837975837290287
1413,0.466899037361145
1414,0.38788336515426636
1415,0.003580735996365547
1416,0.42437100410461426
1417,0.48003971576690674
1418,-0.0004558938671834767
1419,0.42985352873802185
1420,0.34554409980773926
1421,-0.01662280037999153
1422,0.4593227207660675
1423,0.44341233372688293
1424,0.016507133841514587
1425,0.44925010204315186
1426,0.4574313759803772
1427,0.012599566020071507
1428,0.458780974149704
1429,0.41889455914497375
1430,0.007840280421078205
1431,0.48649799823760986
1432,0.3933769762516022
1433,0.031706735491752625
1434,0.4685310423374176
1435,0.42097246646881104
1436,0.01574694737792015
1437,0.4907870590686798
1438,0.4027623236179352
1439,0.05114253610372543
1440,0.4555671811103821
1441,0.39704379439353943
1442,-0.0006876899860799313
1443,0.4240037500858307
1444,0.32934892177581787
1445,-0.017052318900823593
1446,0.4229847490787506
1447,0.3599054217338562
1448,-0.03481943532824516
1449,0.42879095673561096
1450,0.36314892768859863
1451,-0.02569541521370411
1452,0.41904544830322266
1453,0.3524494469165802
1454,-0.04100549966096878
1455,0.4295886754989624
1456,0.28216516971588135
1457,-0.00506408978253603
1458,0.4428446590900421
1459,0.275954931974411
1460,-0.007230559829622507
1461,0.4546542167663574
1462,0.2744418978691101
1463,-0.007138087879866362
1464,0.4646530747413635
1465,0.27599000930786133
1466,-0.004059996921569109
1467,0.4717361629009247
1468,0.28073087334632874
1469,0.0011218579020351171
1470,0.47671350836753845
1471,0.2999364733695984
1472,0.01425744779407978
1473,0.4996960461139679
1474,0.32932421565055847
1475,0.0514628104865551
1476,0.47049880027770996
1477,0.3151870667934418
1478,0.008458312600851059
1479,0.46186381578445435
1480,0.3184314966201782
1481,0.0037406007759273052
1482,0.4509202837944031
1483,0.3185015022754669
1484,0.0007135019986890256
1485,0.4404597878456116
1486,0.3158648610115051
1487,-0.0002772133448161185
1488,0.4323512315750122
1489,0.31205257773399353
1490,-0.0005923544522374868
1491,0.42675286531448364
1492,0.3082532286643982
1493,-0.0009846299653872848
1494,0.5001128315925598
1495,0.330481618642807
1496,0.08265533298254013
1497,0.4287148416042328
1498,0.3663448989391327
1499,-0.021448563784360886
1500,0.41801053285598755
1501,0.33130040764808655
1502,-0.029331164434552193
1503,0.41671010851860046
1504,0.3604309558868408
1505,-0.041051678359508514
1506,0.41241657733917236
1507,0.36617735028266907
1508,-0.03741128742694855
1509,0.4169130325317383
1510,0.3622751235961914
1511,-0.03695342317223549
1512,0.4265173375606537
1513,0.3701117932796478
1514,-0.018357381224632263
1515,0.4108705222606659
1516,0.36727577447891235
1517,-0.03953229635953903
1518,0.4103882610797882
1519,0.3697580397129059
1520,-0.02949671447277069
1521,0.42707234621047974
1522,0.2995014190673828
1523,0.002708195010200143
1524,0.42227470874786377
1525,0.3020856976509094
1526,-0.0021183660719543695
1527,0.4195111393928528
1528,0.30372416973114014
1529,-0.007999477908015251
1530,0.4660535454750061
1531,0.29458504915237427
1532,0.006117676384747028
1533,0.4706468880176544
1534,0.29018938541412354
1535,0.0061798556707799435
1536,0.0
1537,0.0
1538,0.0
1539,0.0
1540,0.0
1541,0.0
1542,0.0
1543,0.0
1544,0.0
1545,0.0
1546,0.0
1547,0.0
1548,0.0
1549,0.0
1550,0.0
1551,0.0
1552,0.0
1553,0.0
1554,0.0
1555,0.0
1556,0.0
1557,0.0
1558,0.0
1559,0.0
1560,0.0
1561,0.0
1562,0.0
1563,0.0
1564,0.0
1565,0.0
1566,0.0
1567,0.0
1568,0.0
1569,0.0
1570,0.0
1571,0.0
1572,0.0
1573,0.0
1574,0.0
1575,0.0
1576,0.0
1577,0.0
1578,0.0
1579,0.0
1580,0.0
1581,0.0
1582,0.0
1583,0.0
1584,0.0
1585,0.0
1586,0.0
1587,0.0
1588,0.0
1589,0.0
1590,0.0
1591,0.0
1592,0.0
1593,0.0
1594,0.0
1595,0.0
1596,0.0
1597,0.0
1598,0.0
1599,0.0
1600,0.0
1601,0.0
1602,0.0
1603,0.0
1604,0.0
1605,0.0
1606,0.0
1607,0.0
1608,0.0
1609,0.0
1610,0.0
1611,0.0
1612,0.0
1613,0.0
1614,0.0
1615,0.0
1616,0.0
1617,0.0
1618,0.0
1619,0.0
1620,0.0
1621,0.0
1622,0.0
1623,0.0
1624,0.0
1625,0.0
1626,0.0
1627,0.0
1628,0.0
1629,0.0
1630,0.0
1631,0.0
1632,0.0
1633,0.0
1634,0.0
1635,0.0
1636,0.0
1637,0.0
1638,0.0
1639,0.0
1640,0.0
1641,0.0
1642,0.0
1643,0.0
1644,0.0
1645,0.0
1646,0.0
1647,0.0
1648,0.0
1649,0.0
1650,0.0
1651,0.0
1652,0.0
1653,0.0
1654,0.0
1655,0.0
1656,0.0
1657,0.0
1658,0.0
1659,0.0
1660,0.0
1661,0.0
