,0
0,0.30526629090309143
1,0.5108634233474731
2,-0.9606698155403137
3,0.9994175434112549
4,0.35504794120788574
5,0.41726571321487427
6,-0.9605066180229187
7,0.9989991784095764
8,0.38407662510871887
9,0.4200232923030853
10,-0.9606178998947144
11,0.999275803565979
12,0.4177464544773102
13,0.42361509799957275
14,-0.9605949521064758
15,0.999031662940979
16,0.30391520261764526
17,0.4121234118938446
18,-0.8915473222732544
19,0.9989309906959534
20,0.29058709740638733
21,0.4114598035812378
22,-0.8903560638427734
23,0.9991396069526672
24,0.2773054838180542
25,0.4115764796733856
26,-0.8909738659858704
27,0.998917818069458
28,0.488426148891449
29,0.4709683358669281
30,-0.7155886888504028
31,0.999316394329071
32,0.28159141540527344
33,0.46466702222824097
34,-0.4394235610961914
35,0.999026894569397
36,0.3503229022026062
37,0.6011765599250793
38,-0.8851333856582642
39,0.9992846250534058
40,0.29042890667915344
41,0.6060053110122681
42,-0.788363516330719
43,0.9990949630737305
44,0.6955388784408569
45,0.9162542819976807
46,-0.5189180374145508
47,0.9903879761695862
48,0.1149928942322731
49,0.8960692286491394
50,-0.3039082884788513
51,0.9952869415283203
52,0.8265779614448547
53,1.393843173980713
54,-0.6196377873420715
55,0.05513613671064377
56,-0.006204454693943262
57,1.4276351928710938
58,-0.2289935052394867
59,0.13442620635032654
60,0.8164393305778503
61,1.7391239404678345
62,-0.868867039680481
63,0.07245109230279922
64,0.017387527972459793
65,1.7999757528305054
66,-0.7630209922790527
67,0.07431346923112869
68,0.8472586870193481
69,1.8706142902374268
70,-0.9780465960502625
71,0.0819040834903717
72,0.0014873011969029903
73,1.9569340944290161
74,-0.9010995030403137
75,0.09183637797832489
76,0.7770230174064636
77,1.8649699687957764
78,-1.0301096439361572
79,0.10295724868774414
80,0.06793050467967987
81,1.946012258529663
82,-0.966353714466095
83,0.13439327478408813
84,0.7545305490493774
85,1.8078826665878296
86,-0.9090511202812195
87,0.09941241145133972
88,0.08776140213012695
89,1.884564757347107
90,-0.8206573724746704
91,0.12565220892429352
92,0.5987975597381592
93,1.8512616157531738
94,-0.08978603780269623
95,0.00018078324501402676
96,0.21124422550201416
97,1.8595010042190552
98,0.09825162589550018
99,0.00019796057313214988
100,0.6078487038612366
101,2.624438524246216
102,-0.37479034066200256
103,0.000416410417528823
104,0.2596896290779114
105,2.6246941089630127
106,-0.12605781853199005
107,0.0001684030721662566
108,0.649079442024231
109,3.332829236984253
110,0.16570746898651123
111,4.587018338497728e-05
112,0.3068889379501343
113,3.3257224559783936
114,0.2164757251739502
115,4.926916972181061e-06
116,0.6718721389770508
117,3.4594314098358154
118,0.17893657088279724
119,3.6410801840247586e-05
120,0.30649906396865845
121,3.452915906906128
122,0.2208327353000641
123,1.180271283374168e-05
124,0.5642979741096497
125,3.5521047115325928
126,-0.5747281312942505
127,6.847716576885432e-05
128,0.35776403546333313
129,3.5348331928253174
130,-0.5324217081069946
131,4.383605846669525e-05
132,0.2582572102546692
133,0.563116192817688
134,-0.03797954320907593
135,0.2545555531978607
136,0.49807003140449524
137,-0.05528312548995018
138,0.26605719327926636
139,0.5218092203140259
140,-0.03262818232178688
141,0.26127320528030396
142,0.4488641023635864
143,-0.030333779752254486
144,0.25503718852996826
145,0.4811538755893707
146,-0.05713619291782379
147,0.26141300797462463
148,0.461961030960083
149,-0.05104512721300125
150,0.28183412551879883
151,0.4170840382575989
152,-0.01749584637582302
153,0.23987773060798645
154,0.41324979066848755
155,0.0649956613779068
156,0.2891235947608948
157,0.38023412227630615
158,-0.005670526530593634
159,0.28950750827789307
160,0.35888153314590454
161,-0.004845155403017998
162,0.29990503191947937
163,0.2846390902996063
164,0.01656278409063816
165,0.25788360834121704
166,0.5722424387931824
167,-0.03739318996667862
168,0.259443998336792
169,0.5804858803749084
170,-0.03441998362541199
171,0.2623150944709778
172,0.5853197574615479
173,-0.030048353597521782
174,0.26037195324897766
175,0.5961663722991943
176,-0.02906205505132675
177,0.25823670625686646
178,0.6038505434989929
179,-0.03131278604269028
180,0.2570001482963562
181,0.6134927272796631
182,-0.03386213257908821
183,0.25804758071899414
184,0.6237525939941406
185,-0.032801996916532516
186,0.26516425609588623
187,0.6377848982810974
188,-0.023939944803714752
189,0.2581562399864197
190,0.5083392858505249
191,-0.05098368227481842
192,0.25547218322753906
193,0.5088497996330261
194,-0.03314506262540817
195,0.24231582880020142
196,0.3647356629371643
197,0.1431410163640976
198,0.2609100639820099
199,0.42837095260620117
200,0.0382050983607769
201,0.25230881571769714
202,0.4289688467979431
203,0.044244833290576935
204,0.24499176442623138
205,0.42799583077430725
206,0.05199970677495003
207,0.2397308349609375
208,0.41962799429893494
209,0.06785649061203003
210,0.267965167760849
211,0.42488953471183777
212,0.033724963665008545
213,0.2494305968284607
214,0.38640058040618896
215,0.04527495056390762
216,0.25932878255844116
217,0.38802099227905273
218,0.03807110711932182
219,0.2413349598646164
220,0.3884544372558594
221,0.0532890260219574
222,0.23736414313316345
223,0.39447492361068726
224,0.0601474791765213
225,0.23472696542739868
226,0.430982768535614
227,0.07470594346523285
228,0.24144357442855835
229,0.6495918035507202
230,0.004290384706109762
231,0.23883941769599915
232,0.4097062349319458
233,0.07054561376571655
234,0.23774917423725128
235,0.42838218808174133
236,0.13907524943351746
237,0.2329869419336319
238,0.42141491174697876
239,0.09260194003582001
240,0.23916739225387573
241,0.4913996160030365
242,0.019166167825460434
243,0.2487342357635498
244,0.5591211318969727
245,-0.029679998755455017
246,0.2520953118801117
247,0.5796793103218079
248,-0.026887530460953712
249,0.2407635748386383
250,0.5642660856246948
251,-0.0170784629881382
252,0.23741160333156586
253,0.5732421278953552
254,-0.005420210771262646
255,0.2471834421157837
256,0.5805543065071106
257,-0.017305687069892883
258,0.2439565658569336
259,0.5834553837776184
260,-0.007236057426780462
261,0.23309867084026337
262,0.6011400818824768
263,0.012105054222047329
264,0.247994527220726
265,0.4969535768032074
266,-0.050531066954135895
267,0.24709756672382355
268,0.4807888865470886
269,-0.05142844840884209
270,0.2302594631910324
271,0.38412582874298096
272,0.0731271430850029
273,0.26041486859321594
274,0.4526579678058624
275,0.013713151216506958
276,0.2407001554965973
277,0.4960409104824066
278,-0.012154627591371536
279,0.24320141971111298
280,0.4884168207645416
281,-0.0078712347894907
282,0.22369007766246796
283,0.490557461977005
284,0.04977044463157654
285,0.25362446904182434
286,0.4629342257976532
287,-0.042254578322172165
288,0.24064095318317413
289,0.36756497621536255
290,0.04127606004476547
291,0.23312322795391083
292,0.3728465139865875
293,0.057639382779598236
294,0.24205288290977478
295,0.3356788754463196
296,0.12035182118415833
297,0.27170467376708984
298,0.3774704933166504
299,0.008820242248475552
300,0.2681087851524353
301,0.3937312364578247
302,0.03594737499952316
303,0.22969487309455872
304,0.5848231315612793
305,0.021068133413791656
306,0.24987460672855377
307,0.5765922665596008
308,0.14020122587680817
309,0.24737749993801117
310,0.5063083171844482
311,-0.013417775742709637
312,0.2540300488471985
313,0.5127595067024231
314,-0.022282078862190247
315,0.2357979416847229
316,0.5894341468811035
317,0.01537731010466814
318,0.24097386002540588
319,0.5891490578651428
320,0.009185725823044777
321,0.23272953927516937
322,0.3646857738494873
323,0.06693442165851593
324,0.2432609647512436
325,0.5050714015960693
326,-0.00810793787240982
327,0.25280946493148804
328,0.367540568113327
329,0.02477160282433033
330,0.251501202583313
331,0.35539284348487854
332,0.02543037198483944
333,0.2573586702346802
334,0.29496943950653076
335,0.06143466755747795
336,0.23665636777877808
337,0.34907519817352295
338,0.09061367809772491
339,0.2542913556098938
340,0.32353246212005615
341,0.042791906744241714
342,0.230354905128479
343,0.3787270188331604
344,0.08674394339323044
345,0.23551590740680695
346,0.37233245372772217
347,0.11347826570272446
348,0.24935948848724365
349,0.5702687501907349
350,-0.02935299091041088
351,0.24343785643577576
352,0.5734843611717224
353,-0.017789166420698166
354,0.24001477658748627
355,0.5783789753913879
356,-0.007441926281899214
357,0.2503941059112549
358,0.5103058815002441
359,-0.014443273656070232
360,0.2380468100309372
361,0.5899081230163574
362,0.011774922721087933
363,0.23800940811634064
364,0.592498779296875
365,0.0014406892005354166
366,0.24315568804740906
367,0.5879895687103271
368,0.00816008634865284
369,0.24617484211921692
370,0.49798497557640076
371,-0.027733206748962402
372,0.24851667881011963
373,0.5839934945106506
374,-0.006589552853256464
375,0.25180289149284363
376,0.583417534828186
377,-0.014641551300883293
378,0.25625768303871155
379,0.5839395523071289
380,-0.022929880768060684
381,0.25376319885253906
382,0.6341336965560913
383,-0.018163608387112617
384,0.2474125474691391
385,0.6192747354507446
386,-0.025947285816073418
387,0.24713954329490662
388,0.6091022491455078
389,-0.02636837214231491
390,0.24948664009571075
391,0.5999910831451416
392,-0.02333650179207325
393,0.2525646686553955
394,0.5939345359802246
395,-0.021725833415985107
396,0.24492374062538147
397,0.5908913016319275
398,-0.005908155348151922
399,0.2424004226922989
400,0.5927836894989014
401,-0.007977734319865704
402,0.2388114482164383
403,0.5967962741851807
404,-0.009508103132247925
405,0.23682710528373718
406,0.6017806529998779
407,-0.006640588864684105
408,0.23559315502643585
409,0.5517463088035583
410,0.0026706091593950987
411,0.2525465488433838
412,0.49992385506629944
413,0.17199037969112396
414,0.262409508228302
415,0.5139877200126648
416,-0.038633979856967926
417,0.2442137897014618
418,0.5900233387947083
419,0.0022874013520777225
420,0.24084371328353882
421,0.590924859046936
422,0.0009941065218299627
423,0.2558344006538391
424,0.5204362273216248
425,-0.023978058248758316
426,0.247872456908226
427,0.5169333219528198
428,-0.00557861290872097
429,0.2549213469028473
430,0.5168105959892273
431,-0.0233312975615263
432,0.25248533487319946
433,0.4617431163787842
434,0.021483244374394417
435,0.23911863565444946
436,0.4719786047935486
437,0.031285956501960754
438,0.24424660205841064
439,0.49685239791870117
440,-0.002711960580199957
441,0.24640755355358124
442,0.31190139055252075
443,0.09134887903928757
444,0.2430066466331482
445,0.33275455236434937
446,0.06720525771379471
447,0.23973137140274048
448,0.35616064071655273
449,0.04719151183962822
450,0.2379380315542221
451,0.6122680902481079
452,0.00254444289021194
453,0.2684113085269928
454,0.3576045632362366
455,0.008318840526044369
456,0.27065616846084595
457,0.32045257091522217
458,0.022531850263476372
459,0.274014949798584
460,0.28635555505752563
461,0.035479962825775146
462,0.24073928594589233
463,0.425091028213501
464,0.06074121594429016
465,0.22900541126728058
466,0.4424265921115875
467,0.08473256230354309
468,0.272710919380188
469,0.4210047125816345
470,0.033485788851976395
471,0.23416438698768616
472,0.4013582170009613
473,0.07485776394605637
474,0.2657826542854309
475,0.44237419962882996
476,0.007610043976455927
477,0.2418278157711029
478,0.4881074130535126
479,-0.024475684389472008
480,0.22587500512599945
481,0.4535231590270996
482,0.10156993567943573
483,0.22688323259353638
484,0.45267701148986816
485,0.07068371772766113
486,0.23109711706638336
487,0.458131343126297
488,0.05257274955511093
489,0.2447921484708786
490,0.45548591017723083
491,0.03818197548389435
492,0.2565639019012451
493,0.4489704668521881
494,0.029201103374361992
495,0.26478052139282227
496,0.44189712405204773
497,0.02143287844955921
498,0.274226576089859
499,0.4208580255508423
500,-0.00800405628979206
501,0.2212344855070114
502,0.4855193793773651
503,0.09372464567422867
504,0.23141659796237946
505,0.4006265699863434
506,0.08511832356452942
507,0.2539196014404297
508,0.5070670247077942
509,-0.04742617905139923
510,0.2561797499656677
511,0.4671420454978943
512,0.007087134290486574
513,0.2513522803783417
514,0.43189939856529236
515,0.17575211822986603
516,0.27086102962493896
517,0.4338364899158478
518,0.017292605713009834
519,0.24715495109558105
520,0.4995918273925781
521,0.00703398697078228
522,0.23807276785373688
523,0.4108934700489044
524,0.07430887967348099
525,0.24543847143650055
526,0.47929835319519043
527,-0.019472911953926086
528,0.251101016998291
529,0.5368481874465942
530,0.15958274900913239
531,0.27433863282203674
532,0.41523247957229614
533,0.038055043667554855
534,0.24896463751792908
535,0.46897250413894653
536,-0.03240150585770607
537,0.23209907114505768
538,0.6113297939300537
539,0.06803976744413376
540,0.24294522404670715
541,0.6313588619232178
542,0.08465138077735901
543,0.2325207144021988
544,0.4926084280014038
545,0.1351460963487625
546,0.23270168900489807
547,0.5896723866462708
548,0.09077152609825134
549,0.2367587685585022
550,0.39825308322906494
551,0.13040463626384735
552,0.24233798682689667
553,0.6655290126800537
554,0.009970768354833126
555,0.25899213552474976
556,0.5129066705703735
557,-0.036012694239616394
558,0.24980926513671875
559,0.47921222448349
560,0.013182112015783787
561,0.23232030868530273
562,0.4257014989852905
563,0.10808773338794708
564,0.2452446073293686
565,0.4183807373046875
566,0.05346542224287987
567,0.25232580304145813
568,0.4202430844306946
569,0.04676538333296776
570,0.2358592301607132
571,0.5951017141342163
572,0.004682028200477362
573,0.22289855778217316
574,0.5175402164459229
575,0.09018489718437195
576,0.257282555103302
577,0.693644642829895
578,0.000615770579315722
579,0.2444135695695877
580,0.6666893362998962
581,0.040050357580184937
582,0.24257034063339233
583,0.6518558859825134
584,0.060075122863054276
585,0.29341328144073486
586,0.3206964433193207
587,0.005332943983376026
588,0.27603042125701904
589,0.703400194644928
590,-0.014024990610778332
591,0.2600104808807373
592,0.42005109786987305
593,0.04146929085254669
594,0.26722002029418945
595,0.41791707277297974
596,0.039277657866477966
597,0.2719481587409973
598,0.4166063070297241
599,0.039208702743053436
600,0.23163454234600067
601,0.3993317782878876
602,0.09991288185119629
603,0.26810595393180847
604,0.40358996391296387
605,0.04005031660199165
606,0.2609900236129761
607,0.39871060848236084
608,0.04250862076878548
609,0.2526504695415497
610,0.3966970443725586
611,0.047650113701820374
612,0.244951993227005
613,0.3987220525741577
614,0.05427946895360947
615,0.24117745459079742
616,0.40307003259658813
617,0.059832118451595306
618,0.2455390989780426
619,0.39467060565948486
620,0.1632131189107895
621,0.24166736006736755
622,0.4156830310821533
623,0.06009700894355774
624,0.26458317041397095
625,0.5351388454437256
626,-0.031936388462781906
627,0.2409619837999344
628,0.5410379767417908
629,-0.006510704290121794
630,0.24545222520828247
631,0.502535343170166
632,-0.017330173403024673
633,0.25266197323799133
634,0.5354743003845215
635,-0.024399036541581154
636,0.28841328620910645
637,0.39930546283721924
638,-0.007367363199591637
639,0.2341032475233078
640,0.6320942640304565
641,0.047832734882831573
642,0.23811106383800507
643,0.6485058069229126
644,0.02910108119249344
645,0.25154444575309753
646,0.680705726146698
647,-0.010397120378911495
648,0.24675728380680084
649,0.6085424423217773
650,0.11358584463596344
651,0.27224215865135193
652,0.41059836745262146
653,0.038989633321762085
654,0.2631326913833618
655,0.4443010985851288
656,-0.010851513594388962
657,0.269758939743042
658,0.6897340416908264
659,-0.024129586294293404
660,0.24809877574443817
661,0.6808561086654663
662,0.019508954137563705
663,0.2331879436969757
664,0.5269759297370911
665,0.12611187994480133
666,0.24749769270420074
667,0.5921381115913391
668,-0.013645238243043423
669,0.2446397989988327
670,0.5962180495262146
671,-0.015135769732296467
672,0.2416645884513855
673,0.602707028388977
674,-0.017194172367453575
675,0.24023404717445374
676,0.6112468242645264
677,-0.015652334317564964
678,0.24422776699066162
679,0.6236494779586792
680,-0.008166120387613773
681,0.2420901656150818
682,0.5862823724746704
683,0.002248047385364771
684,0.2383296638727188
685,0.5842615365982056
686,0.004137556534260511
687,0.23580625653266907
688,0.5811288356781006
689,0.006070857867598534
690,0.23129302263259888
691,0.5672860741615295
692,0.013601728715002537
693,0.22263862192630768
694,0.5253446698188782
695,0.05948449298739433
696,0.2704460322856903
697,0.4307289123535156
698,0.0004650520859286189
699,0.2778078317642212
700,0.4037250280380249
701,0.025050390511751175
702,0.2749623656272888
703,0.4054034352302551
704,0.03399315103888512
705,0.24602550268173218
706,0.5851249694824219
707,0.0019516461761668324
708,0.22620834410190582
709,0.5654865503311157
710,0.07093947380781174
711,0.27960219979286194
712,0.40190932154655457
713,0.006657700520008802
714,0.24386847019195557
715,0.635970413684845
716,-0.001390834921039641
717,0.2686416208744049
718,0.44690796732902527
719,-0.039453715085983276
720,0.2672187089920044
721,0.4355204105377197
722,-0.02081478200852871
723,0.2750133275985718
724,0.43267351388931274
725,-0.02774411253631115
726,0.25392013788223267
727,0.4681031405925751
728,-0.010143009014427662
729,0.2669132947921753
730,0.6723906397819519
731,-0.02769618108868599
732,0.26629582047462463
733,0.6532215476036072
734,-0.02533533237874508
735,0.2529370188713074
736,0.6479642391204834
737,-0.01562723144888878
738,0.23041753470897675
739,0.6042039394378662
740,0.02192392759025097
741,0.24056051671504974
742,0.5128373503684998
743,0.011739451438188553
744,0.2362990826368332
745,0.6217090487480164
746,0.010386694222688675
747,0.22808270156383514
748,0.5105739831924438
749,0.028079472482204437
750,0.23316627740859985
751,0.5294784307479858
752,0.016149107366800308
753,0.22469693422317505
754,0.5375512838363647
755,0.038042910397052765
756,0.250541090965271
757,0.6648257374763489
758,-0.014111717231571674
759,0.2515018582344055
760,0.47798144817352295
761,-0.001090429024770856
762,0.22946637868881226
763,0.614352822303772
764,0.03537122532725334
765,0.23559847474098206
766,0.6325483918190002
767,0.020008236169815063
768,0.22643044590950012
769,0.5835461616516113
770,0.031000398099422455
771,0.22540542483329773
772,0.5453422665596008
773,0.08795931935310364
774,0.2255738228559494
775,0.5842466354370117
776,0.047379422932863235
777,0.23369312286376953
778,0.5593873262405396
779,0.11405713856220245
780,0.22863183915615082
781,0.5528693199157715
782,0.023161621764302254
783,0.2599537968635559
784,0.4554862380027771
785,-0.001116301165893674
786,0.24298948049545288
787,0.49488136172294617
788,-0.028469489887356758
789,0.2421506941318512
790,0.5011458992958069
791,-0.016505097970366478
792,0.24353978037834167
793,0.48320069909095764
794,-0.03754565492272377
795,0.27076077461242676
796,0.3892548084259033
797,0.027946926653385162
798,0.2566601634025574
799,0.38097113370895386
800,0.03418106958270073
801,0.24500104784965515
802,0.3795953094959259
803,0.042532432824373245
804,0.23681704699993134
805,0.3822503685951233
806,0.05350114405155182
807,0.23336286842823029
808,0.3894846737384796
809,0.06425025314092636
810,0.23595966398715973
811,0.4161803722381592
812,0.08114120364189148
813,0.23427124321460724
814,0.45999717712402344
815,0.13919371366500854
816,0.2348812371492386
817,0.43695271015167236
818,0.06582847982645035
819,0.23945800960063934
820,0.4412808418273926
821,0.053370218724012375
822,0.24901172518730164
823,0.44111156463623047
824,0.042245034128427505
825,0.2597111463546753
826,0.4378228783607483
827,0.03421265631914139
828,0.26772451400756836
829,0.43310630321502686
830,0.02840517833828926
831,0.27308422327041626
832,0.4282597303390503
833,0.02491900697350502
834,0.25400736927986145
835,0.465949684381485
836,0.17821748554706573
837,0.2446383535861969
838,0.507044792175293
839,-0.012369232252240181
840,0.25675272941589355
841,0.45638924837112427
842,-0.019882455468177795
843,0.2444993406534195
844,0.49455928802490234
845,-0.04113392159342766
846,0.2523186206817627
847,0.5047775506973267
848,-0.04144476726651192
849,0.24721916019916534
850,0.4983343482017517
851,-0.03631008416414261
852,0.2486845701932907
853,0.5134256482124329
854,-0.011961658485233784
855,0.25231122970581055
856,0.5060317516326904
857,-0.04526068642735481
858,0.2566872835159302
859,0.5114904046058655
860,-0.03462224453687668
861,0.27612772583961487
862,0.4159573018550873
863,0.03294390067458153
864,0.2778908908367157
865,0.41981303691864014
866,0.02176537737250328
867,0.27636903524398804
868,0.42171919345855713
869,0.011743034236133099
870,0.23940104246139526
871,0.4066290855407715
872,0.06463618576526642
873,0.23632179200649261
874,0.4013078808784485
875,0.06802838295698166
876,0.2785583734512329
877,0.45132777094841003
878,-0.04192574322223663
879,0.38379690051078796
880,0.42642202973365784
881,-0.018300112336874008
882,0.274255633354187
883,0.512601912021637
884,-0.04191424697637558
885,0.45799899101257324
886,0.37743690609931946
887,0.014422240667045116
888,0.345895379781723
889,0.4360177218914032
890,-0.015035047195851803
891,0.3570007383823395
892,0.43905335664749146
893,-0.019953854382038116
894,0.3691021800041199
895,0.44112855195999146
896,-0.022559979930520058
897,0.3898262679576874
898,0.43406832218170166
899,-0.02046090178191662
900,0.3368361294269562
901,0.43096184730529785
902,-0.00811794400215149
903,0.3625759780406952
904,0.3893732726573944
905,-0.02172338217496872
906,0.3490155339241028
907,0.3895428776741028
908,-0.01431218720972538
909,0.3764268159866333
910,0.3940243721008301
911,-0.024622159078717232
912,0.386522114276886
913,0.4020102024078369
914,-0.024055734276771545
915,0.39904487133026123
916,0.4492371678352356
917,-0.01996159739792347
918,0.31673234701156616
919,0.6706227660179138
920,-0.033302757889032364
921,0.39043331146240234
922,0.42204517126083374
923,-0.016724903136491776
924,0.4583148658275604
925,0.45195651054382324
926,0.0074332416988909245
927,0.41847026348114014
928,0.44044461846351624
929,-0.014563865028321743
930,0.3377879858016968
931,0.5076086521148682
932,-0.033032774925231934
933,0.27236151695251465
934,0.5636608004570007
935,-0.04280361905694008
936,0.2708877921104431
937,0.5835925340652466
938,-0.03855206444859505
939,0.288940966129303
940,0.5755271911621094
941,-0.04445893317461014
942,0.29990875720977783
943,0.5871667861938477
944,-0.042931750416755676
945,0.28313785791397095
946,0.5887912511825562
947,-0.04051647707819939
948,0.2931962013244629
949,0.5942893028259277
950,-0.03790884092450142
951,0.32305997610092163
952,0.6215032339096069
953,-0.0351143442094326
954,0.26459118723869324
955,0.4994840919971466
956,-0.05820638686418533
957,0.2667870819568634
958,0.483976274728775
959,-0.060441549867391586
960,0.40483954548835754
961,0.39161747694015503
962,-0.027053317055106163
963,0.3211462199687958
964,0.46101298928260803
965,-0.021123869344592094
966,0.30530333518981934
967,0.5081655383110046
968,-0.04546026512980461
969,0.30979642271995544
970,0.5006908774375916
971,-0.04197077825665474
972,0.3792717456817627
973,0.5151606798171997
974,-0.03778251260519028
975,0.27223896980285645
976,0.4659068286418915
977,-0.053523194044828415
978,0.3669787347316742
979,0.36718615889549255
980,-0.026947245001792908
981,0.38793236017227173
982,0.3760574758052826
983,-0.028586426749825478
984,0.43599411845207214
985,0.34306466579437256
986,0.0049425880424678326
987,0.3126464784145355
988,0.37674838304519653
989,-0.013003050349652767
990,0.33856379985809326
991,0.395184725522995
992,-0.0066735148429870605
993,0.3318026065826416
994,0.6066871285438538
995,-0.03632749244570732
996,0.4508581757545471
997,0.6168128848075867
998,0.01972918212413788
999,0.29658472537994385
1000,0.5161486268043518
1001,-0.0382997952401638
1002,0.28602710366249084
1003,0.519781768321991
1004,-0.03458435833454132
1005,0.3153981566429138
1006,0.6063243746757507
1007,-0.03372662886977196
1008,0.31061357259750366
1009,0.6041315793991089
1010,-0.03372768312692642
1011,0.39718133211135864
1012,0.3673698306083679
1013,-0.0254210177809
1014,0.3078472316265106
1015,0.5181490182876587
1016,-0.04030808433890343
1017,0.341924786567688
1018,0.3661741018295288
1019,-0.02191440761089325
1020,0.3436751365661621
1021,0.3533959984779358
1022,-0.02328341268002987
1023,0.36886727809906006
1024,0.29612231254577637
1025,-0.004638374783098698
1026,0.4151025414466858
1027,0.354839026927948
1028,-0.012475723400712013
1029,0.3534775376319885
1030,0.32332271337509155
1031,-0.014127463102340698
1032,0.41628968715667725
1033,0.38725709915161133
1034,-0.020847713574767113
1035,0.43591633439064026
1036,0.38323068618774414
1037,-0.0037863680627197027
1038,0.2709411382675171
1039,0.5746971368789673
1040,-0.042280469089746475
1041,0.28483107686042786
1042,0.5833039879798889
1043,-0.04324718937277794
1044,0.2958850860595703
1045,0.5907772779464722
1046,-0.041323550045490265
1047,0.29411184787750244
1048,0.519707441329956
1049,-0.03449093922972679
1050,0.31243646144866943
1051,0.6055253744125366
1052,-0.03346741199493408
1053,0.3060002326965332
1054,0.6070941686630249
1055,-0.036664701998233795
1056,0.3104008436203003
1057,0.6025841236114502
1058,-0.0334387868642807
1059,0.2853333353996277
1060,0.504999041557312
1061,-0.05049993842840195
1062,0.2933851480484009
1063,0.5938448309898376
1064,-0.03581921383738518
1065,0.28348174691200256
1066,0.5905786156654358
1067,-0.0358545146882534
1068,0.2724495530128479
1069,0.587303876876831
1070,-0.034835364669561386
1071,0.28101658821105957
1072,0.6406921744346619
1073,-0.029097018763422966
1074,0.2730967104434967
1075,0.6254825592041016
1076,-0.03820166736841202
1077,0.27097707986831665
1078,0.6146636605262756
1079,-0.03911657631397247
1080,0.27075088024139404
1081,0.6044917106628418
1082,-0.03632728382945061
1083,0.27166250348091125
1084,0.5980877876281738
1085,-0.033768121153116226
1086,0.2944905459880829
1087,0.6015084981918335
1088,-0.03514835610985756
1089,0.2953852713108063
1090,0.6041515469551086
1091,-0.03726397454738617
1092,0.29751527309417725
1093,0.6095004081726074
1094,-0.039519671350717545
1095,0.30075809359550476
1096,0.6158186197280884
1097,-0.039459846913814545
1098,0.3153735101222992
1099,0.5686789751052856
1100,-0.04097270965576172
1101,0.4749149978160858
1102,0.5330249071121216
1103,0.0370502695441246
1104,0.3025319278240204
1105,0.602621853351593
1106,-0.03432893380522728
1107,0.3035065829753876
1108,0.6044504642486572
1109,-0.035897448658943176
1110,0.28097185492515564
1111,0.5265113115310669
1112,-0.035768114030361176
1113,0.30475252866744995
1114,0.5297467708587646
1115,-0.03105738013982773
1116,0.2833497226238251
1117,0.5233072638511658
1118,-0.03518816828727722
1119,0.3331841230392456
1120,0.47326216101646423
1121,-0.024454543367028236
1122,0.35022100806236267
1123,0.48843929171562195
1124,-0.030872851610183716
1125,0.31304600834846497
1126,0.5102856755256653
1127,-0.037685565650463104
1128,0.4067743122577667
1129,0.31548720598220825
1130,-0.002685505896806717
1131,0.3884529769420624
1132,0.33425697684288025
1133,-0.015596426092088223
1134,0.3721919655799866
1135,0.3553118109703064
1136,-0.025740548968315125
1137,0.31169527769088745
1138,0.6299730539321899
1139,-0.036281004548072815
1140,0.31548938155174255
1141,0.3553500771522522
1142,-0.015946198254823685
1143,0.3231613039970398
1144,0.32077836990356445
1145,-0.007242701016366482
1146,0.3342353105545044
1147,0.28695714473724365
1148,0.0022830297239124775
1149,0.38176897168159485
1150,0.43993401527404785
1151,-0.022273480892181396
1152,0.4129024147987366
1153,0.46536678075790405
1154,-0.0212447177618742
1155,0.33087706565856934
1156,0.42587941884994507
1157,-0.003869342850521207
1158,0.40160927176475525
1159,0.41328126192092896
1160,-0.022340167313814163
1161,0.31233781576156616
1162,0.4480922222137451
1163,-0.0202139001339674
1164,0.29422813653945923
1165,0.49717313051223755
1166,-0.05166080221533775
1167,0.4312165379524231
1168,0.48036250472068787
1169,-0.018894612789154053
1170,0.3985658884048462
1171,0.4755372107028961
1172,-0.028479019179940224
1173,0.3774077594280243
1174,0.4781099855899811
1175,-0.030664676800370216
1176,0.35303163528442383
1177,0.4697323739528656
1178,-0.024866145104169846
1179,0.33801278471946716
1180,0.4594069719314575
1181,-0.018654517829418182
1182,0.3264212906360626
1183,0.44939446449279785
1184,-0.014561034739017487
1185,0.29328253865242004
1186,0.42269837856292725
1187,-0.019756389781832695
1188,0.4238056242465973
1189,0.5167465806007385
1190,-0.025568341836333275
1191,0.4135339856147766
1192,0.4144062399864197
1193,-0.02170366607606411
1194,0.2637973427772522
1195,0.5087531208992004
1196,-0.05336835980415344
1197,0.3154435157775879
1198,0.4763443171977997
1199,-0.02642124518752098
1200,0.4794794023036957
1201,0.45558619499206543
1202,0.037671659141778946
1203,0.3169197738170624
1204,0.43878835439682007
1205,-0.010877758264541626
1206,0.3173321783542633
1207,0.5132380723953247
1208,-0.027401018887758255
1209,0.3959161639213562
1210,0.4238711893558502
1211,-0.017467642202973366
1212,0.2993949353694916
1213,0.4884076714515686
1214,-0.046935152262449265
1215,0.46721240878105164
1216,0.5741807818412781
1217,0.030346987769007683
1218,0.33282357454299927
1219,0.419926255941391
1220,-0.0011743019567802548
1221,0.2854136526584625
1222,0.47484156489372253
1223,-0.052228350192308426
1224,0.39032936096191406
1225,0.6490394473075867
1226,-0.02013959176838398
1227,0.40171802043914795
1228,0.6711000800132751
1229,-0.006202317774295807
1230,0.4542223811149597
1231,0.5258239507675171
1232,0.0036423637066036463
1233,0.413998007774353
1234,0.6286532878875732
1235,-0.013752609491348267
1236,0.4489190876483917
1237,0.41519367694854736
1238,0.0044110422022640705
1239,0.32249873876571655
1240,0.6889644861221313
1241,-0.03141056373715401
1242,0.26690319180488586
1243,0.5142045617103577
1244,-0.03947846218943596
1245,0.3259190320968628
1246,0.49182769656181335
1247,-0.0279234629124403
1248,0.4337807297706604
1249,0.4469072222709656
1250,-0.0102038299664855
1251,0.3683880567550659
1252,0.429828941822052
1253,-0.019498012959957123
1254,0.35753607749938965
1255,0.42924562096595764
1256,-0.017867667600512505
1257,0.30973637104034424
1258,0.6107107400894165
1259,-0.03677058964967728
1260,0.4198762774467468
1261,0.5509464144706726
1262,-0.02410838007926941
1263,0.3015287220478058
1264,0.7075591087341309
1265,-0.0222112238407135
1266,0.35023728013038635
1267,0.6978660225868225
1268,-0.018224496394395828
1269,0.37368568778038025
1270,0.6881401538848877
1271,-0.013410051353275776
1272,0.3486175537109375
1273,0.4270283579826355
1274,-0.013136480003595352
1275,0.3405081033706665
1276,0.4238295555114746
1277,-0.007686343044042587
1278,0.3352285921573639
1279,0.4216987192630768
1280,-0.003047598758712411
1281,0.4273390471935272
1282,0.41450756788253784
1283,-0.014733524061739445
1284,0.34264683723449707
1285,0.4080737829208374
1286,-0.008142962120473385
1287,0.3526013493537903
1288,0.4032040238380432
1289,-0.013415874913334846
1290,0.3627220392227173
1291,0.40311649441719055
1292,-0.017688432708382607
1293,0.3738548755645752
1294,0.4073631167411804
1295,-0.020277025178074837
1296,0.381128191947937
1297,0.41308286786079407
1298,-0.02002614177763462
1299,0.4717918634414673
1300,0.4129267930984497
1301,0.02794627845287323
1302,0.3768421411514282
1303,0.42873910069465637
1304,-0.01941748894751072
1305,0.30574023723602295
1306,0.5554280877113342
1307,-0.0396435521543026
1308,0.2952827513217926
1309,0.511856198310852
1310,-0.04075536131858826
1311,0.27982842922210693
1312,0.541663646697998
1313,-0.03822609782218933
1314,0.36784565448760986
1315,0.6670594811439514
1316,-0.023239316418766975
1317,0.3464905023574829
1318,0.679044783115387
1319,-0.026822170242667198
1320,0.29611265659332275
1321,0.693913459777832
1322,-0.03254057466983795
1323,0.42765170335769653
1324,0.6492515206336975
1325,0.0061663477681577206
1326,0.33567050099372864
1327,0.41540369391441345
1328,-0.004199164919555187
1329,0.2959642708301544
1330,0.4485049843788147
1331,-0.02965702675282955
1332,0.3257894515991211
1333,0.7046511769294739
1334,-0.02316269278526306
1335,0.44797322154045105
1336,0.5637961626052856
1337,0.0005076721427030861
1338,0.2832430303096771
1339,0.5997115969657898
1340,-0.03547166660428047
1341,0.28395840525627136
1342,0.6046263575553894
1343,-0.03796764835715294
1344,0.28526484966278076
1345,0.6124391555786133
1346,-0.040605828166007996
1347,0.2876647710800171
1348,0.6220678091049194
1349,-0.04038785398006439
1350,0.29773199558258057
1351,0.6369205713272095
1352,-0.03555148094892502
1353,0.3031467795372009
1354,0.5994966626167297
1355,-0.03628296032547951
1356,0.3059914708137512
1357,0.5986248850822449
1358,-0.038124412298202515
1359,0.30976784229278564
1360,0.5968771576881409
1361,-0.03929798677563667
1362,0.32421165704727173
1363,0.5868085622787476
1364,-0.040010709315538406
1365,0.390849769115448
1366,0.554973840713501
1367,-0.03499007225036621
1368,0.3027050197124481
1369,0.4342300295829773
1370,-0.018878117203712463
1371,0.3195797801017761
1372,0.4058167338371277
1373,-0.0003557147574611008
1374,0.3293040990829468
1375,0.40865418314933777
1376,-0.001915158238261938
1377,0.30224326252937317
1378,0.5972795486450195
1379,-0.03423196077346802
1380,0.39688852429389954
1381,0.5994858741760254
1382,-0.025828799232840538
1383,0.30452874302864075
1384,0.4031965434551239
1385,-0.007936184294521809
1386,0.3087865114212036
1387,0.6534045934677124
1388,-0.03310283645987511
1389,0.28571128845214844
1390,0.43781235814094543
1391,-0.03080311231315136
1392,0.30161571502685547
1393,0.4755776822566986
1394,-0.03528217598795891
1395,0.2868008315563202
1396,0.6572792530059814
1397,-0.030875934287905693
1398,0.340436726808548
1399,0.6302123069763184
1400,-0.03364512324333191
1401,0.32616034150123596
1402,0.5293647646903992
1403,-0.03105115331709385
1404,0.3268668055534363
1405,0.6449201107025146
1406,-0.0332769937813282
1407,0.35428667068481445
1408,0.5320465564727783
1409,-0.038343045860528946
1410,0.3337162137031555
1411,0.5486248135566711
1412,-0.036717746406793594
1413,0.36542263627052307
1414,0.5633907914161682
1415,-0.037916116416454315
1416,0.29145339131355286
1417,0.6763538718223572
1418,-0.034695208072662354
1419,0.3114165663719177
1420,0.48803749680519104
1421,-0.03230507671833038
1422,0.3569512665271759
1423,0.6456867456436157
1424,-0.03027990832924843
1425,0.3377530574798584
1426,0.6598078012466431
1427,-0.03025083988904953
1428,0.3497832417488098
1429,0.6102088689804077
1430,-0.036114148795604706
1431,0.41620033979415894
1432,0.580820620059967
1433,-0.021268419921398163
1434,0.37308189272880554
1435,0.616047739982605
1436,-0.03245744854211807
1437,0.43647363781929016
1438,0.5985206365585327
1439,-0.004559773486107588
1440,0.34138622879981995
1441,0.5752471685409546
1442,-0.038599394261837006
1443,0.3058108687400818
1444,0.4621162414550781
1445,-0.02794700115919113
1446,0.2886832654476166
1447,0.5029283761978149
1448,-0.053070176392793655
1449,0.3002619445323944
1450,0.5122318267822266
1451,-0.04464983567595482
1452,0.28046929836273193
1453,0.48937690258026123
1454,-0.05754523724317551
1455,0.3274290859699249
1456,0.39067673683166504
1457,-0.006803938187658787
1458,0.3456641733646393
1459,0.3821013569831848
1460,-0.016131116077303886
1461,0.3632203936576843
1462,0.3817272186279297
1463,-0.02340104430913925
1464,0.37972915172576904
1465,0.38702139258384705
1466,-0.02723889984190464
1467,0.39326944947242737
1468,0.3971279561519623
1469,-0.026668976992368698
1470,0.40514978766441345
1471,0.43200528621673584
1472,-0.01702878065407276
1473,0.45805051922798157
1474,0.4885639250278473
1475,0.004433453548699617
1476,0.38932090997695923
1477,0.454875111579895
1478,-0.02293711155653
1479,0.3733184337615967
1480,0.4572845697402954
1481,-0.02385629527270794
1482,0.35626983642578125
1483,0.45350003242492676
1484,-0.021167194470763206
1485,0.34234917163848877
1486,0.44680851697921753
1487,-0.015440869145095348
1488,0.3318524956703186
1489,0.43993011116981506
1490,-0.00923054851591587
1491,0.3239381015300751
1492,0.43334516882896423
1493,-0.00564944464713335
1494,0.47890594601631165
1495,0.4944777190685272
1496,0.04030005261301994
1497,0.3018384873867035
1498,0.518601655960083
1499,-0.03968555107712746
1500,0.2898924946784973
1501,0.4614051878452301
1502,-0.03949737548828125
1503,0.27571821212768555
1504,0.4997965097427368
1505,-0.05680074170231819
1506,0.2720872759819031
1507,0.5085222721099854
1508,-0.050526075065135956
1509,0.27830320596694946
1510,0.5037570595741272
1511,-0.05242907628417015
1512,0.2995545566082001
1513,0.5246759057044983
1514,-0.03472227230668068
1515,0.2682483494281769
1516,0.5086913108825684
1517,-0.05261820927262306
1518,0.2708476781845093
1519,0.514322817325592
1520,-0.040949318557977676
1521,0.3270895481109619
1522,0.4199674129486084
1523,0.0002783533127512783
1524,0.31767576932907104
1525,0.4231247305870056
1526,-0.002027624985203147
1527,0.3101215362548828
1528,0.42457008361816406
1529,-0.008021273650228977
1530,0.3858099579811096
1531,0.4177541136741638
1532,-0.01890534907579422
1533,0.3942831754684448
1534,0.41179823875427246
1535,-0.0216386541724205
1536,0.0
1537,0.0
1538,0.0
1539,0.0
1540,0.0
1541,0.0
1542,0.0
1543,0.0
1544,0.0
1545,0.0
1546,0.0
1547,0.0
1548,0.0
1549,0.0
1550,0.0
1551,0.0
1552,0.0
1553,0.0
1554,0.0
1555,0.0
1556,0.0
1557,0.0
1558,0.0
1559,0.0
1560,0.0
1561,0.0
1562,0.0
1563,0.0
1564,0.0
1565,0.0
1566,0.0
1567,0.0
1568,0.0
1569,0.0
1570,0.0
1571,0.0
1572,0.0
1573,0.0
1574,0.0
1575,0.0
1576,0.0
1577,0.0
1578,0.0
1579,0.0
1580,0.0
1581,0.0
1582,0.0
1583,0.0
1584,0.0
1585,0.0
1586,0.0
1587,0.0
1588,0.0
1589,0.0
1590,0.0
1591,0.0
1592,0.0
1593,0.0
1594,0.0
1595,0.0
1596,0.0
1597,0.0
1598,0.0
1599,0.0
1600,0.0
1601,0.0
1602,0.0
1603,0.0
1604,0.0
1605,0.0
1606,0.0
1607,0.0
1608,0.0
1609,0.0
1610,0.0
1611,0.0
1612,0.0
1613,0.0
1614,0.0
1615,0.0
1616,0.0
1617,0.0
1618,0.0
1619,0.0
1620,0.0
1621,0.0
1622,0.0
1623,0.0
1624,0.0
1625,0.0
1626,0.0
1627,0.0
1628,0.0
1629,0.0
1630,0.0
1631,0.0
1632,0.0
1633,0.0
1634,0.0
1635,0.0
1636,0.0
1637,0.0
1638,0.0
1639,0.0
1640,0.0
1641,0.0
1642,0.0
1643,0.0
1644,0.0
1645,0.0
1646,0.0
1647,0.0
1648,0.0
1649,0.0
1650,0.0
1651,0.0
1652,0.0
1653,0.0
1654,0.0
1655,0.0
1656,0.0
1657,0.0
1658,0.0
1659,0.0
1660,0.0
1661,0.0
