,0
0,0.23540131747722626
1,0.5204293131828308
2,-1.0875626802444458
3,0.9908393025398254
4,0.28415316343307495
5,0.4271034300327301
6,-1.0902013778686523
7,0.9829906225204468
8,0.30833834409713745
9,0.4278635084629059
10,-1.090965986251831
11,0.9858565926551819
12,0.33639904856681824
13,0.4310562312602997
14,-1.091490387916565
15,0.9820874333381653
16,0.24125106632709503
17,0.43369632959365845
18,-0.9906816482543945
19,0.9798312783241272
20,0.2316492795944214
21,0.4363202154636383
22,-0.9903693199157715
23,0.9838933944702148
24,0.2215927094221115
25,0.44031035900115967
26,-0.991086483001709
27,0.983258843421936
28,0.4254935383796692
29,0.48137181997299194
30,-0.8465675115585327
31,0.98794025182724
32,0.27107053995132446
33,0.48461034893989563
34,-0.3545617461204529
35,0.9815061688423157
36,0.2921425998210907
37,0.6179016828536987
38,-0.980749785900116
39,0.9896671772003174
40,0.2407074272632599
41,0.6217159628868103
42,-0.8449799418449402
43,0.9845335483551025
44,0.6938274502754211
45,0.9145919680595398
46,-0.6598657965660095
47,0.9536794424057007
48,0.1498192846775055
49,0.8970432281494141
50,-0.05357522889971733
51,0.9755017161369324
52,0.8397261500358582
53,1.3814105987548828
54,-0.9669057130813599
55,0.08684325218200684
56,-0.10114113986492157
57,1.2663496732711792
58,-0.6988241672515869
59,0.6597106456756592
60,0.8245055079460144
61,1.7559984922409058
62,-1.3512215614318848
63,0.06024149805307388
64,0.1264847218990326
65,0.7192228436470032
66,-2.002265453338623
67,0.8584849834442139
68,0.8558677434921265
69,1.8875221014022827
70,-1.460876226425171
71,0.07874654978513718
72,0.17690177261829376
73,0.5921579599380493
74,-2.2416369915008545
75,0.7571113705635071
76,0.8013173341751099
77,1.8731424808502197
78,-1.5019104480743408
79,0.12030040472745895
80,0.19876907765865326
81,0.5792110562324524
82,-2.1161298751831055
83,0.807090699672699
84,0.7760664820671082
85,1.8258082866668701
86,-1.3811413049697876
87,0.10951489210128784
88,0.19798976182937622
89,0.6270285248756409
90,-2.000141143798828
91,0.7445797324180603
92,0.5932086110115051
93,1.9221893548965454
94,-0.2212940901517868
95,0.00014782820653636009
96,0.21417927742004395
97,1.9169286489486694
98,0.2261456549167633
99,0.0002687441010493785
100,0.5930107831954956
101,2.7507505416870117
102,-0.36737915873527527
103,0.001640602364204824
104,0.26434409618377686
105,2.7251126766204834
106,0.03838658332824707
107,0.001953877042979002
108,0.6129001379013062
109,3.501946210861206
110,0.3543916344642639
111,0.00016843658522702754
112,0.2911095917224884
113,3.474149465560913
114,0.4991237223148346
115,4.6401484723901376e-05
116,0.6295075416564941
117,3.6234707832336426
118,0.3778398334980011
119,7.102161907823756e-05
120,0.2915189862251282
121,3.588136911392212
122,0.5221337080001831
123,8.891139441402629e-05
124,0.5445429086685181
125,3.706387519836426
126,-0.4752172827720642
127,0.00010666581511031836
128,0.3120107054710388
129,3.699660301208496
130,-0.3390582799911499
131,0.0002425937564112246
132,0.21504920721054077
133,0.5642698407173157
134,-0.02663370780646801
135,0.19219659268856049
136,0.5119499564170837
137,-0.044408638030290604
138,0.21443599462509155
139,0.5301886200904846
140,-0.025380119681358337
141,0.20074129104614258
142,0.4677448272705078
143,-0.022414760664105415
144,0.19095885753631592
145,0.4973422884941101
146,-0.0464036725461483
147,0.19765466451644897
148,0.4797070622444153
149,-0.04215065389871597
150,0.22015103697776794
151,0.43476539850234985
152,-0.01742834970355034
153,0.19669777154922485
154,0.438681423664093
155,0.07634562999010086
156,0.22533759474754333
157,0.39850670099258423
158,-0.008963818661868572
159,0.2235322892665863
160,0.37872201204299927
161,-0.008998874574899673
162,0.23215916752815247
163,0.30969882011413574
164,0.0035897737834602594
165,0.21658696234226227
166,0.5718620419502258
167,-0.025640662759542465
168,0.21999259293079376
169,0.5778496861457825
170,-0.02334480546414852
171,0.22423480451107025
172,0.5803869366645813
173,-0.01992815174162388
174,0.2250407338142395
175,0.586764395236969
176,-0.018372129648923874
177,0.22340504825115204
178,0.5926198363304138
179,-0.01991976983845234
180,0.2230079174041748
181,0.6000640988349915
182,-0.021916072815656662
183,0.22458836436271667
184,0.6086409091949463
185,-0.02155330777168274
186,0.23144055902957916
187,0.6230466365814209
188,-0.01555734034627676
189,0.19859284162521362
190,0.520850658416748
191,-0.04077795147895813
192,0.20125997066497803
193,0.521643340587616
194,-0.02354245074093342
195,0.20795795321464539
196,0.39421913027763367
197,0.1510847508907318
198,0.21389412879943848
199,0.4475320279598236
200,0.04545525088906288
201,0.20734068751335144
202,0.44975507259368896
203,0.05403858423233032
204,0.20176419615745544
205,0.4504505395889282
206,0.06370940059423447
207,0.19855551421642303
208,0.4442664384841919
209,0.08057805150747299
210,0.21841442584991455
211,0.4430127441883087
212,0.03789333999156952
213,0.1996084749698639
214,0.41342517733573914
215,0.054115865379571915
216,0.20744624733924866
217,0.4132974445819855
218,0.04391315579414368
219,0.19425517320632935
220,0.4166395664215088
221,0.06454282999038696
222,0.1925736665725708
223,0.42253872752189636
224,0.07230980694293976
225,0.19693024456501007
226,0.4549314081668854
227,0.08899325877428055
228,0.21558701992034912
229,0.64153653383255
230,0.022419199347496033
231,0.19631943106651306
232,0.43594276905059814
233,0.0819365382194519
234,0.21174749732017517
235,0.45067858695983887
236,0.15219497680664062
237,0.19843411445617676
238,0.44620823860168457
239,0.10631068050861359
240,0.19635984301567078
241,0.5067785978317261
242,0.03389986231923103
243,0.2069694995880127
244,0.5629963874816895
245,-0.015144082717597485
246,0.21394431591033936
247,0.5782236456871033
248,-0.012467817403376102
249,0.20304986834526062
250,0.5672785043716431
251,0.0008949859766289592
252,0.20374956727027893
253,0.5731731653213501
254,0.015599798411130905
255,0.21124482154846191
256,0.5787505507469177
257,0.0003849211789201945
258,0.21046549081802368
259,0.5804570317268372
260,0.012768981978297234
261,0.20878252387046814
262,0.5958678126335144
263,0.036477867513895035
264,0.18786630034446716
265,0.5124744772911072
266,-0.038106583058834076
267,0.1860155463218689
268,0.49863556027412415
269,-0.038875121623277664
270,0.18759295344352722
271,0.41270849108695984
272,0.0872773751616478
273,0.21079778671264648
274,0.46922263503074646
275,0.021030643954873085
276,0.19161763787269592
277,0.5115698575973511
278,0.0008207526407204568
279,0.19462931156158447
280,0.5040983557701111
281,0.004384058527648449
282,0.18675079941749573
283,0.5075973868370056
284,0.0707244724035263
285,0.19243985414505005
286,0.48205801844596863
287,-0.031340137124061584
288,0.18917006254196167
289,0.39448660612106323
290,0.051732636988162994
291,0.18575839698314667
292,0.4012109637260437
293,0.07091907411813736
294,0.20052532851696014
295,0.3687680959701538
296,0.12701831758022308
297,0.21163755655288696
298,0.39893248677253723
299,0.010146955959498882
300,0.21495413780212402
301,0.41660940647125244
302,0.03871143236756325
303,0.20399780571460724
304,0.5828396677970886
305,0.04667963087558746
306,0.2392587959766388
307,0.5788465738296509
308,0.1559874266386032
309,0.19803866744041443
310,0.5194288492202759
311,-0.0028094181325286627
312,0.20393724739551544
313,0.5245100259780884
314,-0.013422830030322075
315,0.2087920904159546
316,0.5835318565368652
317,0.04007980599999428
318,0.2124224603176117
319,0.5827691555023193
320,0.033056944608688354
321,0.1858448088169098
322,0.39347389340400696
323,0.07987139374017715
324,0.19619157910346985
325,0.5183391571044922
326,0.004397334530949593
327,0.1969362199306488
328,0.3926454782485962
329,0.0310958344489336
330,0.1947149932384491
331,0.38152140378952026
332,0.0314597487449646
333,0.20199501514434814
334,0.3298459053039551
335,0.06204267591238022
336,0.19209110736846924
337,0.3807796835899353
338,0.10040733218193054
339,0.19742372632026672
340,0.35441434383392334
341,0.046158626675605774
342,0.18901677429676056
343,0.40777188539505005
344,0.10009855777025223
345,0.19720079004764557
346,0.40193307399749756
347,0.12402456253767014
348,0.2096102237701416
349,0.5719269514083862
350,-0.01435499545186758
351,0.206590473651886
352,0.5740453004837036
353,0.00029849488055333495
354,0.20645609498023987
355,0.5770319700241089
356,0.013245528563857079
357,0.2012069672346115
358,0.5223889350891113
359,-0.004753872286528349
360,0.21038618683815002
361,0.5833065509796143
362,0.03591827675700188
363,0.21073664724826813
364,0.5863679051399231
365,0.024959027767181396
366,0.21408823132514954
367,0.5820022225379944
368,0.03179584816098213
369,0.19220785796642303
370,0.5136160254478455
371,-0.015069819986820221
372,0.2148151993751526
373,0.579703688621521
374,0.012544114142656326
375,0.21590934693813324
376,0.57973712682724
377,0.002100997604429722
378,0.21885457634925842
379,0.5802788734436035
380,-0.009004278108477592
381,0.22255024313926697
382,0.621488630771637
383,-0.005142292473465204
384,0.21642658114433289
385,0.6068333387374878
386,-0.010080537758767605
387,0.2154303640127182
388,0.5984784960746765
389,-0.010132943280041218
390,0.2167109102010727
391,0.5912831425666809
392,-0.007888318039476871
393,0.21910697221755981
394,0.5865432620048523
395,-0.007025137078016996
396,0.21517080068588257
397,0.5849516987800598
398,0.013951818458735943
399,0.21312107145786285
400,0.5867228507995605
401,0.01243434939533472
402,0.2110118716955185
403,0.5901223421096802
404,0.011841285973787308
405,0.20993965864181519
406,0.5947508811950684
407,0.015072007663547993
408,0.19886338710784912
409,0.5578580498695374
410,0.023189449682831764
411,0.2394140213727951
412,0.5114712119102478
413,0.1823965311050415
414,0.20634114742279053
415,0.5251036286354065
416,-0.030735192820429802
417,0.21521231532096863
418,0.5843202471733093
419,0.024456677958369255
420,0.21258831024169922
421,0.5848595499992371
422,0.023722272366285324
423,0.2067323625087738
424,0.5310924053192139
425,-0.014385252259671688
426,0.20192959904670715
427,0.5274564027786255
428,0.0047924211248755455
429,0.205155149102211
430,0.5280548334121704
431,-0.014341095462441444
432,0.20609641075134277
433,0.47836098074913025
434,0.03198355436325073
435,0.19633355736732483
436,0.4893651604652405
437,0.046133629977703094
438,0.19761422276496887
439,0.5108228921890259
440,0.009258266538381577
441,0.19853049516677856
442,0.3470655679702759
443,0.0959949642419815
444,0.19276246428489685
445,0.3646414279937744
446,0.07493989914655685
447,0.187770277261734
448,0.3841615915298462
449,0.057143740355968475
450,0.2120419442653656
451,0.605273962020874
452,0.024932509288191795
453,0.20697620511054993
454,0.3809540867805481
455,0.010048119351267815
456,0.2085522711277008
457,0.3487900495529175
458,0.020481949672102928
459,0.2123885154724121
460,0.3181673288345337
461,0.029980214312672615
462,0.19903439283370972
463,0.44894957542419434
464,0.0734715610742569
465,0.1953127682209015
466,0.46562206745147705
467,0.10073933750391006
468,0.22103020548820496
469,0.4387129545211792
470,0.035820744931697845
471,0.19341999292373657
472,0.42884206771850586
473,0.08817224204540253
474,0.2131454050540924
475,0.4594193994998932
476,0.013486029580235481
477,0.1883622109889984
478,0.5053361058235168
479,-0.011423109099268913
480,0.19624373316764832
481,0.4759853184223175
482,0.11950051784515381
483,0.19147035479545593
484,0.47490909695625305
485,0.0880197137594223
486,0.19234474003314972
487,0.47848618030548096
488,0.06903344392776489
489,0.20165979862213135
490,0.47391507029533386
491,0.0509040467441082
492,0.21008002758026123
493,0.466347336769104
494,0.03807404637336731
495,0.21531334519386292
496,0.4587123394012451
497,0.02743619866669178
498,0.2151380032300949
499,0.43947601318359375
500,-0.0055646332912147045
501,0.19207271933555603
502,0.5043551921844482
503,0.11529076099395752
504,0.19325464963912964
505,0.4279751479625702
506,0.0989554226398468
507,0.19569315016269684
508,0.5205903053283691
509,-0.03593050315976143
510,0.20666486024856567
511,0.48299112915992737
512,0.01567954197525978
513,0.23125571012496948
514,0.4507873058319092
515,0.18393318355083466
516,0.21849516034126282
517,0.4506896436214447
518,0.02076062373816967
519,0.2023453414440155
520,0.5122323036193848
521,0.0171828530728817
522,0.19696494936943054
523,0.4367204010486603
524,0.08650306612253189
525,0.19274473190307617
526,0.49634137749671936
527,-0.0075467959977686405
528,0.2397039830684662
529,0.544106662273407
530,0.17218565940856934
531,0.22214224934577942
532,0.43375077843666077
533,0.03960235416889191
534,0.19172795116901398
535,0.48762601613998413
536,-0.020371638238430023
537,0.21501684188842773
538,0.6098451614379883
539,0.09020961076021194
540,0.22963997721672058
541,0.6266371607780457
542,0.10374456644058228
543,0.21170873939990997
544,0.5089834332466125
545,0.15203411877155304
546,0.215741366147995
547,0.5915615558624268
548,0.11240784078836441
549,0.2047923058271408
550,0.4244576692581177
551,0.1415722817182541
552,0.21731114387512207
553,0.6568610072135925
554,0.027977965772151947
555,0.2038707137107849
556,0.5247583985328674
557,-0.02757394127547741
558,0.2039322853088379
559,0.49444419145584106
560,0.023937419056892395
561,0.20133399963378906
562,0.4494955241680145
563,0.1225801333785057
564,0.20032787322998047
565,0.44201794266700745
566,0.06383730471134186
567,0.205867201089859
568,0.4422065019607544
569,0.05564211308956146
570,0.20962151885032654
571,0.5889376401901245
572,0.028670277446508408
573,0.19530417025089264
574,0.5316351056098938
575,0.11271952092647552
576,0.22914844751358032
577,0.6807913184165955
578,0.014391947537660599
579,0.22489136457443237
580,0.6581773161888123
581,0.05787980556488037
582,0.22679179906845093
583,0.6448225975036621
584,0.07898407429456711
585,0.2262279987335205
586,0.34379830956459045
587,-0.0030889182817190886
588,0.24302473664283752
589,0.687192440032959
590,-0.005452360026538372
591,0.21189403533935547
592,0.4402238130569458
593,0.04825130105018616
594,0.21719706058502197
595,0.43692389130592346
596,0.0436108261346817
597,0.22057703137397766
598,0.43496522307395935
599,0.04163450747728348
600,0.19599930942058563
601,0.4265311360359192
602,0.11349550634622574
603,0.21594783663749695
604,0.4261426031589508
605,0.044136423617601395
606,0.20963004231452942
607,0.42381390929222107
608,0.04869149625301361
609,0.20272907614707947
610,0.4236941337585449
611,0.055797651410102844
612,0.19732725620269775
613,0.4264216423034668
614,0.0642818808555603
615,0.19561535120010376
616,0.43046095967292786
617,0.07058820128440857
618,0.21813571453094482
619,0.41975778341293335
620,0.17088064551353455
621,0.1977405846118927
622,0.4405626952648163
623,0.0710977092385292
624,0.21595430374145508
625,0.5409499406814575
626,-0.023979857563972473
627,0.19990329444408417
628,0.5485484600067139
629,0.010212966240942478
630,0.19501708447933197
631,0.5170661211013794
632,-0.006691259797662497
633,0.20680926740169525
634,0.543402910232544
635,-0.012705129571259022
636,0.22652676701545715
637,0.4165007770061493
638,-0.010271374136209488
639,0.21613264083862305
640,0.6276248693466187
641,0.06901457905769348
642,0.2174665331840515
643,0.6418272256851196
644,0.0487225204706192
645,0.22171489894390106
646,0.6689102649688721
647,0.00502361636608839
648,0.2352491319179535
649,0.6065303683280945
650,0.131486713886261
651,0.21982817351818085
652,0.43049511313438416
653,0.04158839210867882
654,0.20659498870372772
655,0.4626765549182892
656,-0.004458751063793898
657,0.23511436581611633
658,0.674530565738678
659,-0.014082076027989388
660,0.22426602244377136
661,0.6704730987548828
662,0.03617604076862335
663,0.21425899863243103
664,0.5388500690460205
665,0.14450328052043915
666,0.2160584032535553
667,0.5856529474258423
668,0.004003139212727547
669,0.2138689160346985
670,0.5890463590621948
671,0.003045066259801388
672,0.2121710628271103
673,0.5944117307662964
674,0.002091808710247278
675,0.21177464723587036
676,0.6018807291984558
677,0.004014456178992987
678,0.21601751446723938
679,0.6143248081207275
680,0.011417966336011887
681,0.21141433715820312
682,0.5815662145614624
683,0.024613529443740845
684,0.20824645459651947
685,0.5804405212402344
686,0.02762332558631897
687,0.20603351294994354
688,0.5783606767654419
689,0.029943307861685753
690,0.19989489018917084
691,0.5697174668312073
692,0.03772173076868057
693,0.1908288151025772
694,0.5378667712211609
695,0.08332876861095428
696,0.21451342105865479
697,0.4487217366695404
698,0.00431066332384944
699,0.2228081226348877
700,0.422321617603302
701,0.023972267284989357
702,0.2214580625295639
703,0.42511752247810364
704,0.03518792614340782
705,0.21472372114658356
706,0.5797465443611145
707,0.023834606632590294
708,0.2022514045238495
709,0.5713759064674377
710,0.09437941759824753
711,0.2212458848953247
712,0.420634925365448
713,0.0059432294219732285
714,0.2173621952533722
715,0.6271321177482605
716,0.01648610085248947
717,0.2056582272052765
718,0.4648875892162323
719,-0.03360634297132492
720,0.20743747055530548
721,0.4545990526676178
722,-0.015783119946718216
723,0.21283242106437683
724,0.45072731375694275
725,-0.025203565135598183
726,0.20103302597999573
727,0.48481985926628113
728,-0.0013289415510371327
729,0.23187127709388733
730,0.6574927568435669
731,-0.017446815967559814
732,0.2320045679807663
733,0.6385407447814941
734,-0.016440097242593765
735,0.22246527671813965
736,0.6358809471130371
737,-0.002403161022812128
738,0.20778389275074005
739,0.6012022495269775
740,0.04612215235829353
741,0.1995944380760193
742,0.5248536467552185
743,0.025563586503267288
744,0.21301773190498352
745,0.6157677173614502
746,0.031950756907463074
747,0.1896505355834961
748,0.5245156288146973
749,0.04766596481204033
750,0.1956920474767685
751,0.5401164889335632
752,0.0349690280854702
753,0.19130031764507294
754,0.5475688576698303
755,0.06080825626850128
756,0.22002455592155457
757,0.6532126069068909
758,0.0010084322420880198
759,0.20241858065128326
760,0.4934331774711609
761,0.008501974865794182
762,0.20915991067886353
763,0.6116975545883179
764,0.05878257006406784
765,0.21397823095321655
766,0.6268879175186157
767,0.04066750407218933
768,0.20173555612564087
769,0.5842540264129639
770,0.05667140707373619
771,0.201273113489151
772,0.5551545023918152
773,0.11066657304763794
774,0.20242726802825928
775,0.5864055752754211
776,0.07227295637130737
777,0.2162741720676422
778,0.5664961934089661
779,0.134507417678833
780,0.19611847400665283
781,0.5592198967933655
782,0.04617522284388542
783,0.20709046721458435
784,0.4726679027080536
785,0.006411500740796328
786,0.18909911811351776
787,0.5113105177879333
788,-0.015159977599978447
789,0.192450612783432
790,0.5160923004150391
791,-0.0041664279997348785
792,0.18593639135360718
793,0.5010499358177185
794,-0.023954255506396294
795,0.21546955406665802
796,0.4108993113040924
797,0.029454998672008514
798,0.20383797585964203
799,0.4058552384376526
800,0.04013014957308769
801,0.19495423138141632
802,0.4064498543739319
803,0.05213490128517151
804,0.1897437870502472
805,0.4104650616645813
806,0.06593697518110275
807,0.18937301635742188
808,0.4180926978588104
809,0.07763087004423141
810,0.19782432913780212
811,0.4415469169616699
812,0.09410674124956131
813,0.21122217178344727
814,0.47972506284713745
815,0.1551682949066162
816,0.1960563212633133
817,0.46022990345954895
818,0.08012855052947998
819,0.19849306344985962
820,0.4630071520805359
821,0.06678476929664612
822,0.20549002289772034
823,0.4610556364059448
824,0.053416673094034195
825,0.21311742067337036
826,0.4560580253601074
827,0.041969653218984604
828,0.21835926175117493
829,0.45036062598228455
830,0.033018022775650024
831,0.22145423293113708
832,0.4453129172325134
833,0.027292383834719658
834,0.2380712628364563
835,0.48078057169914246
836,0.18714438378810883
837,0.19657428562641144
838,0.5202250480651855
839,-0.0008212229586206377
840,0.19958020746707916
841,0.4749387204647064
842,-0.011194685474038124
843,0.18698766827583313
844,0.5110312700271606
845,-0.028043633326888084
846,0.19615113735198975
847,0.5188634991645813
848,-0.030248047783970833
849,0.19146636128425598
850,0.5138254761695862
851,-0.024098509922623634
852,0.20101653039455414
853,0.5247699022293091
854,-0.0016954138409346342
855,0.1951828896999359
856,0.5200469493865967
857,-0.03368130698800087
858,0.20222604274749756
859,0.5239585638046265
860,-0.02552765980362892
861,0.22312623262405396
862,0.43403270840644836
863,0.03329814225435257
864,0.2240166962146759
865,0.4369722306728363
866,0.021802084520459175
867,0.22121256589889526
868,0.43898919224739075
869,0.012993567623198032
870,0.1954440474510193
871,0.43339425325393677
872,0.07591091841459274
873,0.19379453361034393
874,0.42877453565597534
875,0.08041585236787796
876,0.2144428789615631
877,0.46612194180488586
878,-0.03941063582897186
879,0.31583383679389954
880,0.4219028353691101
881,-0.04697027429938316
882,0.21569964289665222
883,0.5214770436286926
884,-0.03647330030798912
885,0.40083733201026917
886,0.3557714819908142
887,-0.0378718264400959
888,0.2816038727760315
889,0.4377410411834717
890,-0.03393306955695152
891,0.29214176535606384
892,0.43761250376701355
893,-0.041338179260492325
894,0.30407631397247314
895,0.4360889792442322
896,-0.04658572003245354
897,0.3243776559829712
898,0.42669427394866943
899,-0.0497593954205513
900,0.2731946110725403
901,0.43508920073509216
902,-0.024416334927082062
903,0.29200172424316406
904,0.3938048481941223
905,-0.04542795568704605
906,0.2806047797203064
907,0.3962538242340088
908,-0.034645285457372665
909,0.3051137924194336
910,0.39512142539024353
911,-0.050732944160699844
912,0.3158198297023773
913,0.40019503235816956
914,-0.05237874016165733
915,0.33640235662460327
916,0.4354499876499176
917,-0.050786059349775314
918,0.27856630086898804
919,0.6483193039894104
920,-0.03552691638469696
921,0.32234999537467957
922,0.4176709055900574
923,-0.04708430543541908
924,0.40370747447013855
925,0.42513465881347656
926,-0.04070122912526131
927,0.3560844659805298
928,0.42363110184669495
929,-0.05075668916106224
930,0.2812447249889374
931,0.49823376536369324
932,-0.046058934181928635
933,0.2287343144416809
934,0.5619062185287476
935,-0.035737358033657074
936,0.23281489312648773
937,0.5776234865188599
938,-0.03152506798505783
939,0.2484087198972702
940,0.5663715600967407
941,-0.041737932711839676
942,0.26448699831962585
943,0.5711848139762878
944,-0.04330846294760704
945,0.2476261556148529
946,0.5782427787780762
947,-0.03690222650766373
948,0.26095518469810486
949,0.578911542892456
950,-0.03706468641757965
951,0.2909443974494934
952,0.5947732925415039
953,-0.04005258530378342
954,0.20072141289710999
955,0.5115146636962891
956,-0.04917929321527481
957,0.20105686783790588
958,0.49720489978790283
959,-0.05192263424396515
960,0.3352660536766052
961,0.3849088251590729
962,-0.06066954508423805
963,0.26090773940086365
964,0.46310147643089294
965,-0.03072594292461872
966,0.24432694911956787
967,0.5085933208465576
968,-0.04781933128833771
969,0.2485816925764084
970,0.5003174543380737
971,-0.04574692249298096
972,0.3239056169986725
973,0.49423715472221375
974,-0.061586614698171616
975,0.2070770561695099
976,0.4804539680480957
977,-0.048063211143016815
978,0.2943016290664673
979,0.370219349861145
980,-0.051153380423784256
981,0.3159198462963104
982,0.37418538331985474
983,-0.05815756693482399
984,0.37224605679512024
985,0.3288559317588806
986,-0.04264569655060768
987,0.24537229537963867
988,0.389931321144104
989,-0.02353382483124733
990,0.27232450246810913
991,0.40277034044265747
992,-0.0249335840344429
993,0.2988860011100769
994,0.5795850157737732
995,-0.04565201327204704
996,0.4176090657711029
997,0.5815870761871338
998,-0.02081163227558136
999,0.23837745189666748
1000,0.5181663036346436
1001,-0.039208780974149704
1002,0.22971506416797638
1003,0.5236015915870667
1004,-0.03143255412578583
1005,0.2874658703804016
1006,0.5800303816795349
1007,-0.03980804979801178
1008,0.2834576964378357
1009,0.5800232887268066
1010,-0.037209153175354004
1011,0.3254914879798889
1012,0.36354637145996094
1013,-0.057842303067445755
1014,0.2500780522823334
1015,0.5155757665634155
1016,-0.04326094686985016
1017,0.27063342928886414
1018,0.3742816746234894
1019,-0.039619769901037216
1020,0.27140718698501587
1021,0.3614586591720581
1022,-0.0414685383439064
1023,0.29725879430770874
1024,0.30136817693710327
1025,-0.03559350222349167
1026,0.34688708186149597
1027,0.34628474712371826
1028,-0.05149911716580391
1029,0.281366765499115
1030,0.3308972120285034
1031,-0.03820711746811867
1032,0.34858420491218567
1033,0.37750717997550964
1034,-0.05826839059591293
1035,0.37311112880706787
1036,0.36803096532821655
1037,-0.048133734613657
1038,0.23034057021141052
1039,0.571026623249054
1040,-0.034806299954652786
1041,0.24687927961349487
1042,0.5734475255012512
1043,-0.03974767401814461
1044,0.26177358627319336
1045,0.5752478837966919
1046,-0.04066465422511101
1047,0.2374221682548523
1048,0.5215510725975037
1049,-0.034348394721746445
1050,0.2850494086742401
1051,0.5800602436065674
1052,-0.03796178102493286
1053,0.2770794928073883
1054,0.583936333656311
1055,-0.037469152361154556
1056,0.28335314989089966
1057,0.5796790719032288
1058,-0.03652462363243103
1059,0.22318394482135773
1060,0.5128511190414429
1061,-0.04824663698673248
1062,0.2625941336154938
1063,0.5780289173126221
1064,-0.03480180725455284
1065,0.24956785142421722
1066,0.5788117051124573
1067,-0.03269653767347336
1068,0.23641225695610046
1069,0.5793195366859436
1070,-0.028418786823749542
1071,0.24658486247062683
1072,0.622277557849884
1073,-0.024628374725580215
1074,0.23923176527023315
1075,0.6067839860916138
1076,-0.031260695308446884
1077,0.23701061308383942
1078,0.5980000495910645
1079,-0.031849902123212814
1080,0.23647864162921906
1081,0.5906995534896851
1082,-0.029517272487282753
1083,0.23745524883270264
1084,0.5859171748161316
1085,-0.0275039691478014
1086,0.26464757323265076
1087,0.5832681059837341
1088,-0.03406691551208496
1089,0.2651287913322449
1090,0.5847705006599426
1091,-0.035501811653375626
1092,0.2668169140815735
1093,0.5883354544639587
1094,-0.03762776777148247
1095,0.2692246735095978
1096,0.5932176113128662
1097,-0.03831589221954346
1098,0.27267149090766907
1099,0.5540053844451904
1100,-0.04475283995270729
1101,0.43496236205101013
1102,0.4982326626777649
1103,-0.014706645160913467
1104,0.2740537226200104
1105,0.5824127793312073
1106,-0.03526589274406433
1107,0.27489668130874634
1108,0.5826932787895203
1109,-0.03638570383191109
1110,0.2270013689994812
1111,0.5304365754127502
1112,-0.03202274069190025
1113,0.2506692111492157
1114,0.5252832174301147
1115,-0.033239901065826416
1116,0.22804337739944458
1117,0.5272423028945923
1118,-0.03165297582745552
1119,0.2733492851257324
1120,0.470347136259079
1121,-0.03733234852552414
1122,0.29141947627067566
1123,0.4782394468784332
1124,-0.04787395894527435
1125,0.25447940826416016
1126,0.5069159865379333
1127,-0.04238004609942436
1128,0.33789360523223877
1129,0.3098224699497223
1130,-0.04270511865615845
1131,0.31701430678367615
1132,0.33317893743515015
1133,-0.047800589352846146
1134,0.2992214560508728
1135,0.35748040676116943
1136,-0.05217030644416809
1137,0.27847808599472046
1138,0.606144368648529
1139,-0.038224492222070694
1140,0.24566689133644104
1141,0.36946263909339905
1142,-0.026961224153637886
1143,0.2526293992996216
1144,0.33583202958106995
1145,-0.023481037467718124
1146,0.26333484053611755
1147,0.3020972013473511
1148,-0.019302861765027046
1149,0.31641146540641785
1150,0.43252384662628174
1151,-0.04925212636590004
1152,0.35212835669517517
1153,0.44528281688690186
1154,-0.05469204857945442
1155,0.26767903566360474
1156,0.43193817138671875
1157,-0.019697032868862152
1158,0.33430176973342896
1159,0.4058532118797302
1160,-0.05455010384321213
1161,0.2512557804584503
1162,0.4544789791107178
1163,-0.028020843863487244
1164,0.23023979365825653
1165,0.5027489066123962
1166,-0.05073872208595276
1167,0.3733648359775543
1168,0.4552747309207916
1169,-0.05694378539919853
1170,0.33758217096328735
1171,0.4563208818435669
1172,-0.058180563151836395
1173,0.31640973687171936
1174,0.4626034200191498
1175,-0.054778821766376495
1176,0.29235681891441345
1177,0.4619668126106262
1178,-0.04367177560925484
1179,0.27699488401412964
1180,0.45763421058654785
1181,-0.03351875767111778
1182,0.2655734121799469
1183,0.4520556628704071
1184,-0.026434320956468582
1185,0.23057101666927338
1186,0.43699151277542114
1187,-0.023357680067420006
1188,0.37000811100006104
1189,0.4886553883552551
1190,-0.060630228370428085
1191,0.34771600365638733
1192,0.40268683433532715
1193,-0.057116419076919556
1194,0.20333561301231384
1195,0.5201491117477417
1196,-0.044584717601537704
1197,0.2556356191635132
1198,0.4778590798377991
1199,-0.03427650406956673
1200,0.4330124855041504
1201,0.4241611957550049
1202,-0.019410515204072
1203,0.2559260129928589
1204,0.44523608684539795
1205,-0.021090684458613396
1206,0.2610273063182831
1207,0.5081968903541565
1208,-0.03447657823562622
1209,0.32935401797294617
1210,0.41712886095046997
1211,-0.04882180690765381
1212,0.2355685830116272
1213,0.49316784739494324
1214,-0.04764563962817192
1215,0.4301971197128296
1216,0.5385900735855103
1217,-0.016679977998137474
1218,0.2697340250015259
1219,0.42703893780708313
1220,-0.018827037885785103
1221,0.22024908661842346
1222,0.48491671681404114
1223,-0.04981568083167076
1224,0.35405269265174866
1225,0.6189246773719788
1226,-0.0414532907307148
1227,0.36827296018600464
1228,0.6401380300521851
1229,-0.030001888051629066
1230,0.40568119287490845
1231,0.49401751160621643
1232,-0.04019888490438461
1233,0.3776001036167145
1234,0.5971776247024536
1235,-0.04244501516222954
1236,0.39046230912208557
1237,0.3939250707626343
1238,-0.04263361170887947
1239,0.2839621603488922
1240,0.6666290163993835
1241,-0.034484196454286575
1242,0.20983120799064636
1243,0.5243445634841919
1244,-0.03278284892439842
1245,0.2677724361419678
1246,0.487812340259552
1247,-0.037870146334171295
1248,0.3735528886318207
1249,0.42589259147644043
1250,-0.05085035786032677
1251,0.3007436692714691
1252,0.427632212638855
1253,-0.04442889615893364
1254,0.2904987335205078
1255,0.4296834468841553
1256,-0.04013592377305031
1257,0.28058135509490967
1258,0.5864949226379395
1259,-0.03852058947086334
1260,0.3719078004360199
1261,0.5216112732887268
1262,-0.05691901594400406
1263,0.26538652181625366
1264,0.6877437233924866
1265,-0.0204626452177763
1266,0.31355977058410645
1267,0.6720931529998779
1268,-0.028456464409828186
1269,0.3382146656513214
1270,0.6596527099609375
1271,-0.029844993725419044
1272,0.2825615108013153
1273,0.42971229553222656
1274,-0.033373307436704636
1275,0.27578282356262207
1276,0.4283398985862732
1277,-0.02643478475511074
1278,0.2714974284172058
1279,0.4278285801410675
1280,-0.021195391193032265
1281,0.3639128506183624
1282,0.39886248111724854
1283,-0.05461469292640686
1284,0.27665793895721436
1285,0.41508302092552185
1286,-0.028026295825839043
1287,0.28441521525382996
1288,0.40967535972595215
1289,-0.03485994413495064
1290,0.2928982377052307
1291,0.4080851972103119
1292,-0.04150140658020973
1293,0.30351346731185913
1294,0.4093497693538666
1295,-0.046427566558122635
1296,0.31147289276123047
1297,0.41253674030303955
1298,-0.047871336340904236
1299,0.4200979471206665
1300,0.38556939363479614
1301,-0.027729690074920654
1302,0.30903270840644836
1303,0.42491352558135986
1304,-0.04653235897421837
1305,0.2578674256801605
1306,0.5460960268974304
1307,-0.041265834122896194
1308,0.23542578518390656
1309,0.5156019330024719
1310,-0.04068910703063011
1311,0.2300819754600525
1312,0.5423681735992432
1313,-0.03378242999315262
1314,0.33051711320877075
1315,0.6385963559150696
1316,-0.03741477057337761
1317,0.3084486722946167
1318,0.6536011099815369
1319,-0.0352005772292614
1320,0.258207768201828
1321,0.6744112968444824
1322,-0.02878771349787712
1323,0.3952098488807678
1324,0.615993857383728
1325,-0.02622239850461483
1326,0.27151957154273987
1327,0.42277202010154724
1328,-0.02269612066447735
1329,0.23325558006763458
1330,0.4592442512512207
1331,-0.03253627195954323
1332,0.2887231409549713
1333,0.6818464994430542
1334,-0.02777506597340107
1335,0.4040297865867615
1336,0.5309861898422241
1337,-0.039841942489147186
1338,0.25098201632499695
1339,0.5845061540603638
1340,-0.03199617192149162
1341,0.2513955533504486
1342,0.5877627730369568
1343,-0.034093908965587616
1344,0.2525078058242798
1345,0.5933903455734253
1346,-0.03679044172167778
1347,0.25437697768211365
1348,0.601094126701355
1349,-0.036977555602788925
1350,0.2635355293750763
1351,0.6155983805656433
1352,-0.034624215215444565
1353,0.27474790811538696
1354,0.5792509913444519
1355,-0.03786041587591171
1356,0.2762404978275299
1357,0.5776007175445557
1358,-0.04071200639009476
1359,0.2789978086948395
1360,0.5750585198402405
1361,-0.042771779000759125
1362,0.2874562740325928
1363,0.5653561353683472
1364,-0.047144677489995956
1365,0.3430264890193939
1366,0.5292131304740906
1367,-0.0605521984398365
1368,0.2408154308795929
1369,0.4449270963668823
1370,-0.024845225736498833
1371,0.2567404806613922
1372,0.4156811535358429
1373,-0.01337420754134655
1374,0.26559656858444214
1375,0.4165028929710388
1376,-0.0182719174772501
1377,0.2744310796260834
1378,0.5778159499168396
1379,-0.03589453920722008
1380,0.35724321007728577
1381,0.5705662965774536
1382,-0.05164983123540878
1383,0.24179565906524658
1384,0.4162386655807495
1385,-0.0160894263535738
1386,0.2726135551929474
1387,0.6314224004745483
1388,-0.03404735401272774
1389,0.22244347631931305
1390,0.4526480436325073
1391,-0.03086165338754654
1392,0.23964717984199524
1393,0.4811341166496277
1394,-0.03801463916897774
1395,0.2506955564022064
1396,0.63844895362854
1397,-0.026585033163428307
1398,0.3039088249206543
1399,0.6030654907226562
1400,-0.04217199236154556
1401,0.2726791501045227
1402,0.5194401741027832
1403,-0.03984041139483452
1404,0.2904875874519348
1405,0.619778573513031
1406,-0.03800972178578377
1407,0.3019694983959198
1408,0.5152842402458191
1409,-0.055411603301763535
1410,0.2852719724178314
1411,0.5339369177818298
1412,-0.04707685112953186
1413,0.3194659352302551
1414,0.5407898426055908
1415,-0.05714385583996773
1416,0.25384804606437683
1417,0.6571073532104492
1418,-0.030852314084768295
1419,0.25132128596305847
1420,0.4890746474266052
1421,-0.03751809522509575
1422,0.31887149810791016
1423,0.6176276206970215
1424,-0.04213431477546692
1425,0.29960912466049194
1426,0.634615421295166
1427,-0.03703857958316803
1428,0.3122461140155792
1429,0.582786500453949
1430,-0.04963971674442291
1431,0.37357813119888306
1432,0.550595760345459
1433,-0.05220092833042145
1434,0.3345414996147156
1435,0.5877785682678223
1436,-0.05064985528588295
1437,0.3971005082130432
1438,0.5657949447631836
1439,-0.04064413532614708
1440,0.29987215995788574
1441,0.553596556186676
1442,-0.05124005675315857
1443,0.24454908072948456
1444,0.4683309495449066
1445,-0.03332773596048355
1446,0.22555111348628998
1447,0.5101487636566162
1448,-0.05108792707324028
1449,0.23998227715492249
1450,0.5140324831008911
1451,-0.045191846787929535
1452,0.21479222178459167
1453,0.49918314814567566
1454,-0.053167786449193954
1455,0.26175403594970703
1456,0.4001557230949402
1457,-0.022216197103261948
1458,0.2765786051750183
1459,0.3889808654785156
1460,-0.03559635579586029
1461,0.29184436798095703
1462,0.3852159380912781
1463,-0.04661056771874428
1464,0.308118999004364
1465,0.38660669326782227
1466,-0.05405068024992943
1467,0.3228483200073242
1468,0.3934137225151062
1469,-0.05654244124889374
1470,0.340701699256897
1471,0.4205664396286011
1472,-0.05005601793527603
1473,0.40594255924224854
1474,0.4588574469089508
1475,-0.042163632810115814
1476,0.32641786336898804
1477,0.4422723650932312
1478,-0.05117736756801605
1479,0.31056347489356995
1480,0.4473896622657776
1481,-0.04796459525823593
1482,0.29372742772102356
1483,0.44873788952827454
1484,-0.041062407195568085
1485,0.279965877532959
1486,0.44683223962783813
1487,-0.032353587448596954
1488,0.2699560523033142
1489,0.44324326515197754
1490,-0.02305760234594345
1491,0.26246052980422974
1492,0.4392692744731903
1493,-0.018238510936498642
1494,0.4359264075756073
1495,0.460883766412735
1496,-0.01532964687794447
1497,0.2438380867242813
1498,0.5182987451553345
1499,-0.041082561016082764
1500,0.22617122530937195
1501,0.4720041751861572
1502,-0.040144193917512894
1503,0.2113332748413086
1504,0.5103430151939392
1505,-0.05095828324556351
1506,0.21140429377555847
1507,0.5186851024627686
1508,-0.043587494641542435
1509,0.2156284749507904
1510,0.5135272741317749
1511,-0.04756297171115875
1512,0.24399662017822266
1513,0.523373007774353
1514,-0.035418570041656494
1515,0.20742960274219513
1516,0.5195425748825073
1517,-0.044406402856111526
1518,0.21312209963798523
1519,0.5236853957176208
1520,-0.03460722416639328
1521,0.2641146183013916
1522,0.42766863107681274
1523,-0.015166192315518856
1524,0.25620993971824646
1525,0.4316999018192291
1526,-0.013677949085831642
1527,0.2486603707075119
1528,0.4344123601913452
1529,-0.01667284592986107
1530,0.31694409251213074
1531,0.415254682302475
1532,-0.04795985668897629
1533,0.3254414200782776
1534,0.407245934009552
1535,-0.051687274128198624
1536,0.0
1537,0.0
1538,0.0
1539,0.0
1540,0.0
1541,0.0
1542,0.0
1543,0.0
1544,0.0
1545,0.0
1546,0.0
1547,0.0
1548,0.0
1549,0.0
1550,0.0
1551,0.0
1552,0.0
1553,0.0
1554,0.0
1555,0.0
1556,0.0
1557,0.0
1558,0.0
1559,0.0
1560,0.0
1561,0.0
1562,0.0
1563,0.0
1564,0.0
1565,0.0
1566,0.0
1567,0.0
1568,0.0
1569,0.0
1570,0.0
1571,0.0
1572,0.0
1573,0.0
1574,0.0
1575,0.0
1576,0.0
1577,0.0
1578,0.0
1579,0.0
1580,0.0
1581,0.0
1582,0.0
1583,0.0
1584,0.0
1585,0.0
1586,0.0
1587,0.0
1588,0.0
1589,0.0
1590,0.0
1591,0.0
1592,0.0
1593,0.0
1594,0.0
1595,0.0
1596,0.0
1597,0.0
1598,0.0
1599,0.060105226933956146
1600,0.8024287223815918
1601,1.4030085537797277e-07
1602,0.13903820514678955
1603,0.756357729434967
1604,0.025482214987277985
1605,0.17318187654018402
1606,0.6900520920753479
1607,0.03180987760424614
1608,0.20146454870700836
1609,0.6478415727615356
1610,0.028174307197332382
1611,0.22453884780406952
1612,0.6118501424789429
1613,0.023308321833610535
1614,0.1160450428724289
1615,0.5782259106636047
1616,0.023400504142045975
1617,0.1955045461654663
1618,0.5445300340652466
1619,0.0074887508526444435
1620,0.25197696685791016
1621,0.5503334403038025
1622,-0.005094966851174831
1623,0.29460006952285767
1624,0.5652856230735779
1625,-0.012899668887257576
1626,0.10546089708805084
1627,0.5809411406517029
1628,-0.0008250917308032513
1629,0.21596644818782806
1630,0.5493483543395996
1631,-0.024634649977087975
1632,0.26557543873786926
1633,0.6055086255073547
1634,-0.03306339681148529
1635,0.2851841449737549
1636,0.6566475033760071
1637,-0.03309127315878868
1638,0.1083865761756897
1639,0.6020856499671936
1640,-0.024821385741233826
1641,0.21622639894485474
1642,0.5689151883125305
1643,-0.04821506142616272
1644,0.26254531741142273
1645,0.6235222816467285
1646,-0.04688575491309166
1647,0.2753003239631653
1648,0.6745498776435852
1649,-0.03844884783029556
1650,0.1191030740737915
1651,0.6360790133476257
1652,-0.047077763825654984
1653,0.1963595449924469
1654,0.5946508646011353
1655,-0.06129029020667076
1656,0.2349381148815155
1657,0.6168490648269653
1658,-0.056941140443086624
1659,0.252194881439209
1660,0.6476539373397827
1661,-0.04909176751971245
