,0
0,0.34566372632980347
1,0.6362450122833252
2,-2.197409152984619
3,0.9987910389900208
4,0.40919700264930725
5,0.5209974050521851
6,-2.1669650077819824
7,0.9980791807174683
8,0.44701504707336426
9,0.5189985036849976
10,-2.1672117710113525
11,0.9983572959899902
12,0.48037633299827576
13,0.5184197425842285
14,-2.1673614978790283
15,0.9975026249885559
16,0.31532201170921326
17,0.5193125605583191
18,-2.11533784866333
19,0.9979968070983887
20,0.2918139398097992
21,0.5154268145561218
22,-2.1149682998657227
23,0.9982690811157227
24,0.27028775215148926
25,0.5117412805557251
26,-2.1153931617736816
27,0.9978883266448975
28,0.5423159003257751
29,0.5266114473342896
30,-1.524113416671753
31,0.998723566532135
32,0.278775691986084
33,0.507995069026947
34,-1.250585913658142
35,0.9983547329902649
36,0.4166909158229828
37,0.7356078028678894
38,-1.9231634140014648
39,0.998779833316803
40,0.30630871653556824
41,0.7266550064086914
42,-1.8479254245758057
43,0.9984778761863708
44,0.7571550607681274
45,0.8584640622138977
46,-1.0206996202468872
47,0.9840949773788452
48,0.15271638333797455
49,0.8695710897445679
50,-0.6477394700050354
51,0.9943669438362122
52,0.9089406728744507
53,1.4487935304641724
54,-1.7513271570205688
55,0.10371821373701096
56,0.013840149156749249
57,1.49122953414917
58,-1.425350546836853
59,0.5060291290283203
60,0.7467439770698547
61,1.3489409685134888
62,-2.6591744422912598
63,0.10691244900226593
64,0.20344600081443787
65,1.0394630432128906
66,-2.9165284633636475
67,0.8906241059303284
68,0.7130615711212158
69,1.339780330657959
70,-2.84597110748291
71,0.14548182487487793
72,0.27985164523124695
73,0.9329167604446411
74,-3.1664695739746094
75,0.851814329624176
76,0.6923130750656128
77,1.2541338205337524
78,-2.756021499633789
79,0.20614464581012726
80,0.2728075683116913
81,0.8478947281837463
82,-3.0590579509735107
83,0.8760815262794495
84,0.6852492094039917
85,1.2676936388015747
86,-2.6486377716064453
87,0.19438417255878448
88,0.2666011154651642
89,0.8622084856033325
90,-2.911986827850342
91,0.8427779078483582
92,0.6529375910758972
93,1.9723213911056519
94,-0.25158289074897766
95,0.00015507484204135835
96,0.22716566920280457
97,1.964621663093567
98,0.25765568017959595
99,0.0001972402969840914
100,0.6508967280387878
101,2.895777463912964
102,-0.3157281279563904
103,0.0025249351747334003
104,0.265983909368515
105,2.8842427730560303
106,0.16689714789390564
107,0.0019122660160064697
108,0.6587430238723755
109,3.711160898208618
110,0.539729118347168
111,0.00033379823435097933
112,0.3071138858795166
113,3.6919021606445312
114,0.7137030959129333
115,4.1152645280817524e-05
116,0.6777892708778381
117,3.832195997238159
118,0.5643860101699829
119,0.00012242830416653305
120,0.31156647205352783
121,3.8054323196411133
122,0.743759036064148
123,6.87979772919789e-05
124,0.5931535363197327
125,3.9605507850646973
126,-0.4440935254096985
127,0.00011789223208324984
128,0.34146979451179504
129,3.960690498352051
130,-0.2750415802001953
131,0.00020819259225390851
132,0.3593308627605438
133,0.7516112327575684
134,-0.013073844835162163
135,0.3394758701324463
136,0.7071395516395569
137,-0.07319781929254532
138,0.35215070843696594
139,0.7120614051818848
140,-0.02821691334247589
141,0.32779622077941895
142,0.6276765465736389
143,-0.06839150190353394
144,0.33664923906326294
145,0.6887984275817871
146,-0.08306523412466049
147,0.337180495262146
148,0.6570196747779846
149,-0.08414459973573685
150,0.34401431679725647
151,0.5664907097816467
152,-0.06697947531938553
153,0.2521076500415802
154,0.5254843235015869
155,0.01702946051955223
156,0.34385308623313904
157,0.5039855241775513
158,-0.07144516706466675
159,0.3416176438331604
160,0.4752180576324463
161,-0.08324377983808517
162,0.3402555584907532
163,0.35411694645881653
164,-0.10023151338100433
165,0.36115211248397827
166,0.7600961327552795
167,-0.008222459815442562
168,0.3634057939052582
169,0.7651920318603516
170,-0.0015663513913750648
171,0.3656703531742096
172,0.7656116485595703
173,0.006300789769738913
174,0.36625540256500244
175,0.7690623998641968
176,0.015902888029813766
177,0.3665950894355774
178,0.7775198221206665
179,0.015366777777671814
180,0.36767303943634033
181,0.7871510982513428
182,0.014328539371490479
183,0.36956721544265747
184,0.795456051826477
185,0.018622390925884247
186,0.3743833005428314
187,0.8016360402107239
188,0.0346316359937191
189,0.3431170880794525
190,0.7127687335014343
191,-0.06329917907714844
192,0.3311940133571625
193,0.7039944529533386
194,-0.03929858282208443
195,0.2191963493824005
196,0.41294148564338684
197,0.07206717133522034
198,0.29823604226112366
199,0.5482744574546814
200,-0.004001971799880266
201,0.2839970290660858
202,0.5496960878372192
203,0.0010502759832888842
204,0.2697591781616211
205,0.5481201410293579
206,0.008107572793960571
207,0.2509250044822693
208,0.5285190343856812
209,0.02300751954317093
210,0.30821043252944946
211,0.5448589324951172
212,-0.007322081830352545
213,0.26564857363700867
214,0.4941674470901489
215,-0.015781225636601448
216,0.2831876277923584
217,0.49754905700683594
218,-0.021380912512540817
219,0.2514130175113678
220,0.4950977563858032
221,-0.006560562644153833
222,0.24399621784687042
223,0.5001404881477356
224,0.0027325546834617853
225,0.24452483654022217
226,0.5399903059005737
227,0.03572705015540123
228,0.331900417804718
229,0.8079402446746826
230,0.07616323977708817
231,0.2467041313648224
232,0.5162795186042786
233,0.021738944575190544
234,0.22448359429836273
235,0.5014879703521729
236,0.10743667930364609
237,0.23144148290157318
238,0.5183717012405396
239,0.04948350042104721
240,0.2876901924610138
241,0.6447291374206543
242,0.00891919992864132
243,0.34053558111190796
244,0.7472264766693115
245,-0.008010009303689003
246,0.34869563579559326
247,0.76372891664505
248,0.004386229440569878
249,0.32579678297042847
250,0.7478116154670715
251,0.006656563840806484
252,0.32033640146255493
253,0.7497459650039673
254,0.022385189309716225
255,0.33774662017822266
256,0.7611328363418579
257,0.013758153654634953
258,0.33101746439933777
259,0.7600132822990417
260,0.026756349951028824
261,0.31314077973365784
262,0.7613082528114319
263,0.0603727325797081
264,0.3271598219871521
265,0.7047210335731506
266,-0.06983321905136108
267,0.32264167070388794
268,0.6868867874145508
269,-0.07850924134254456
270,0.223949134349823
271,0.47826215624809265
272,0.003897999646142125
273,0.3108161985874176
274,0.5943213105201721
275,-0.014898160472512245
276,0.2999705374240875
277,0.6774606704711914
278,-0.02627255581319332
279,0.30094775557518005
280,0.6630190014839172
281,-0.023865491151809692
282,0.2534494996070862
283,0.627057671546936
284,0.037973154336214066
285,0.3239353895187378
286,0.6569201350212097
287,-0.0759010910987854
288,0.24467845261096954
289,0.47088417410850525
290,-0.037177786231040955
291,0.22969822585582733
292,0.4708084464073181
293,-0.01786724105477333
294,0.21848353743553162
295,0.3878520131111145
296,0.028565388172864914
297,0.30902034044265747
298,0.4979754686355591
299,-0.06055683270096779
300,0.29883983731269836
301,0.5059322714805603
302,-0.018863338977098465
303,0.3004785180091858
304,0.7459914088249207
305,0.06199558451771736
306,0.2723579704761505
307,0.6572185754776001
308,0.20728221535682678
309,0.3114432990550995
310,0.6889305710792542
311,-0.020689833909273148
312,0.3242296278476715
313,0.6989358067512512
314,-0.023051537573337555
315,0.31521663069725037
316,0.7545148134231567
317,0.05695366859436035
318,0.3217892050743103
319,0.7562757730484009
320,0.05036977306008339
321,0.22327879071235657
322,0.45335203409194946
323,-0.013092909939587116
324,0.30262109637260437
325,0.6819972991943359
326,-0.015978209674358368
327,0.26960837841033936
328,0.4784681797027588
329,-0.051834866404533386
330,0.26489394903182983
331,0.4608476758003235
332,-0.05968085676431656
333,0.2536616027355194
334,0.3596329092979431
335,-0.05657673254609108
336,0.2206229418516159
337,0.42135390639305115
338,0.004420824348926544
339,0.2602151036262512
340,0.4113866090774536
341,-0.060041818767786026
342,0.2186698317527771
343,0.46310868859291077
344,0.015403014607727528
345,0.21874892711639404
346,0.43995147943496704
347,0.04107442870736122
348,0.34407496452331543
349,0.7573364973068237
350,-0.0031465834472328424
351,0.3319794535636902
352,0.7565011978149414
353,0.010043155401945114
354,0.32537031173706055
355,0.755617082118988
356,0.023465190082788467
357,0.3158698081970215
358,0.6925984621047974
359,-0.018320975825190544
360,0.31858116388320923
361,0.7559553384780884
362,0.053129568696022034
363,0.3233909606933594
364,0.7611945867538452
365,0.04422326013445854
366,0.3232991397380829
367,0.7548883557319641
368,0.049560025334358215
369,0.3144102990627289
370,0.6918262839317322
371,-0.04428856074810028
372,0.33545443415641785
373,0.7581769227981567
374,0.029142877086997032
375,0.34278056025505066
376,0.7609276175498962
377,0.02018083445727825
378,0.35321637988090515
379,0.7640671133995056
380,0.011871663853526115
381,0.3571183681488037
382,0.7985339164733887
383,0.03927195072174072
384,0.35254931449890137
385,0.7922438979148865
386,0.022803831845521927
387,0.3514326810836792
388,0.7836236357688904
389,0.019128577783703804
390,0.35159286856651306
391,0.7744737863540649
392,0.020359540358185768
393,0.3527800738811493
394,0.7676039338111877
395,0.02058405801653862
396,0.33458513021469116
397,0.7613052725791931
398,0.03426140546798706
399,0.33223798871040344
400,0.7636102437973022
401,0.033203624188899994
402,0.3292236328125
403,0.7677714824676514
404,0.033330656588077545
405,0.32715317606925964
406,0.771557092666626
407,0.037788838148117065
408,0.3043789267539978
409,0.7252033352851868
410,0.02221895381808281
411,0.25115102529525757
412,0.5615448355674744
413,0.19896674156188965
414,0.3471877872943878
415,0.7119745016098022
416,-0.04111359640955925
417,0.33015692234039307
418,0.7585983872413635
419,0.04274532571434975
420,0.3267340660095215
421,0.7599774599075317
422,0.04256994649767876
423,0.33116045594215393
424,0.7088831663131714
425,-0.020212337374687195
426,0.3098832368850708
427,0.6925007700920105
428,-0.0038468779530376196
429,0.3275148868560791
430,0.7044954895973206
431,-0.02245313487946987
432,0.2998546063899994
433,0.6019076108932495
434,-0.0019376149866729975
435,0.28001993894577026
436,0.6125544309616089
437,0.011260926723480225
438,0.3018704056739807
439,0.6678979992866516
440,-0.012966758571565151
441,0.22754335403442383
442,0.36960655450820923
443,-0.015284850262105465
444,0.23248906433582306
445,0.4104727506637573
446,-0.02871774509549141
447,0.23850826919078827
448,0.4518492519855499
449,-0.03838812932372093
450,0.3255927562713623
451,0.7736229300498962
452,0.05347798392176628
453,0.3006207048892975
454,0.47170668840408325
455,-0.07340556383132935
456,0.2955903708934784
457,0.41524702310562134
458,-0.08098528534173965
459,0.29021456837654114
460,0.3551506996154785
461,-0.08465159684419632
462,0.25764501094818115
463,0.540563702583313
464,0.016726018860936165
465,0.2345096319913864
466,0.5508120059967041
467,0.05102330818772316
468,0.31370657682418823
469,0.5417709350585938
470,-0.008247662335634232
471,0.2353833019733429
472,0.5018296241760254
473,0.018983235582709312
474,0.31800517439842224
475,0.5855957865715027
476,-0.02581644617021084
477,0.30474159121513367
478,0.67842698097229
479,-0.045101769268512726
480,0.22740575671195984
481,0.5558499097824097
482,0.0765191912651062
483,0.241775244474411
484,0.5717220902442932
485,0.04037941247224808
486,0.2576413154602051
487,0.5860753059387207
488,0.024047652259469032
489,0.2830584645271301
490,0.5865949988365173
491,0.010360208339989185
492,0.3005119562149048
493,0.5798292756080627
494,2.2177007849677466e-05
495,0.31178608536720276
496,0.5736989378929138
497,-0.010814148932695389
498,0.3311534821987152
499,0.5690634846687317
500,-0.05597411096096039
501,0.23242329061031342
502,0.5988959074020386
503,0.08538267761468887
504,0.2269318699836731
505,0.49499282240867615
506,0.026585226878523827
507,0.33537256717681885
508,0.7111650109291077
509,-0.06058286130428314
510,0.3107229173183441
511,0.6206459999084473
512,-0.014983736909925938
513,0.23418648540973663
514,0.4803752899169922
515,0.15735219419002533
516,0.31984764337539673
517,0.5674935579299927
518,-0.019313015043735504
519,0.3041314482688904
520,0.6633024215698242
521,0.0017599990824237466
522,0.2439904510974884
523,0.5142835378646851
524,0.02617778815329075
525,0.30594897270202637
526,0.6608201265335083
527,-0.04272777587175369
528,0.2598634362220764
529,0.6066943407058716
530,0.207390695810318
531,0.3125212490558624
532,0.5338221192359924
533,-0.006834376137703657
534,0.31417834758758545
535,0.6575304865837097
536,-0.06243961676955223
537,0.28562816977500916
538,0.7374849319458008
539,0.13355042040348053
540,0.2959305942058563
541,0.7438252568244934
542,0.16735534369945526
543,0.23511452972888947
544,0.581763744354248
545,0.14321821928024292
546,0.27112558484077454
547,0.7034643888473511
548,0.14851903915405273
549,0.22108310461044312
550,0.46726539731025696
551,0.07742448151111603
552,0.33210670948028564
553,0.820632815361023
554,0.0934591069817543
555,0.34033507108688354
556,0.7107473611831665
557,-0.03900253027677536
558,0.30195096135139465
559,0.6310375332832336
560,-0.002472914522513747
561,0.22583633661270142
562,0.5157386064529419
563,0.06798411160707474
564,0.2675992250442505
565,0.5378496646881104
566,0.006280192174017429
567,0.2814999222755432
568,0.5398521423339844
569,0.00012159289326518774
570,0.3202066421508789
571,0.7622122764587402
572,0.048827316612005234
573,0.2414993792772293
574,0.6347160935401917
575,0.10272649675607681
576,0.3575894236564636
577,0.8476069569587708
578,0.10070444643497467
579,0.32431888580322266
580,0.805526852607727
581,0.1304885447025299
582,0.31176209449768066
583,0.7791125178337097
584,0.14682084321975708
585,0.34042635560035706
586,0.41633421182632446
587,-0.09409382194280624
588,0.3855268359184265
589,0.8561012744903564
590,0.09051765501499176
591,0.29421311616897583
592,0.5379871129989624
593,-0.004061827901750803
594,0.3048531413078308
595,0.5347710251808167
596,-0.0055536231957376
597,0.3106312155723572
598,0.5340344309806824
599,-0.005322099197655916
600,0.22163450717926025
601,0.4840777516365051
602,0.04233630374073982
603,0.29950085282325745
604,0.5167602300643921
605,-0.012059641070663929
606,0.2861841022968292
607,0.5089308619499207
608,-0.012837428599596024
609,0.27151933312416077
610,0.5066748857498169
611,-0.008777415379881859
612,0.25824588537216187
613,0.5082377195358276
614,-0.0013068817788735032
615,0.25145581364631653
616,0.5121605396270752
617,0.006235763430595398
618,0.22392763197422028
619,0.4422246813774109
620,0.11696735769510269
621,0.2583429217338562
622,0.5324141979217529
623,0.012321091257035732
624,0.35542863607406616
625,0.7231056094169617
626,-0.020378094166517258
627,0.3099963665008545
628,0.7192753553390503
629,0.006809723097831011
630,0.3093721866607666
631,0.6882625222206116
632,-0.028730127960443497
633,0.3341057598590851
634,0.7226833701133728
635,-0.013713003136217594
636,0.34566429257392883
637,0.530968427658081
638,-0.06425144523382187
639,0.30175429582595825
640,0.7688182592391968
641,0.12221706658601761
642,0.3167015016078949
643,0.793893039226532
644,0.10909096896648407
645,0.3529200851917267
646,0.8421149849891663
647,0.07757382839918137
648,0.2840576171875
649,0.7042799592018127
650,0.19076521694660187
651,0.30808043479919434
652,0.5276791453361511
653,-0.009259209968149662
654,0.32204461097717285
655,0.6054739356040955
656,-0.047839533537626266
657,0.3815101981163025
658,0.850464940071106
659,0.06824591010808945
660,0.33873748779296875
661,0.8297062516212463
662,0.11391289532184601
663,0.24516072869300842
664,0.6221324801445007
665,0.15420757234096527
666,0.34232497215270996
667,0.7646974325180054
668,0.026942605152726173
669,0.3402738571166992
670,0.7694903612136841
671,0.026300877332687378
672,0.33853915333747864
673,0.7759221792221069
674,0.025740832090377808
675,0.33818498253822327
676,0.7834303975105286
677,0.029799584299325943
678,0.3395821452140808
679,0.7874726057052612
680,0.04542618989944458
681,0.32581987977027893
682,0.7583487033843994
683,0.0389576181769371
684,0.32072222232818604
685,0.7560006380081177
686,0.03980979323387146
687,0.3162795305252075
688,0.7515345811843872
689,0.039774566888809204
690,0.30071669816970825
691,0.734998881816864
692,0.04147231578826904
693,0.2535191476345062
694,0.6590405702590942
695,0.07047002762556076
696,0.32451021671295166
697,0.5765743851661682
698,-0.04008878394961357
699,0.31922727823257446
700,0.524488627910614
701,-0.02577122114598751
702,0.3124603033065796
703,0.522938072681427
704,-0.01618865504860878
705,0.32968834042549133
706,0.7558592557907104
707,0.04016374796628952
708,0.2645328640937805
709,0.6929471492767334
710,0.10911989957094193
711,0.3279463052749634
712,0.5306159257888794
713,-0.04847367852926254
714,0.3361838459968567
715,0.7955397367477417
716,0.06080605462193489
717,0.33951011300086975
718,0.6267635822296143
719,-0.07760293781757355
720,0.3291730582714081
721,0.6002949476242065
722,-0.0649683028459549
723,0.34188979864120483
724,0.598168134689331
725,-0.07238617539405823
726,0.3134186863899231
727,0.6367934346199036
728,-0.03623471409082413
729,0.3786201775074005
730,0.8356580138206482
731,0.0534985214471817
732,0.3767411708831787
733,0.8165087103843689
734,0.04505327716469765
735,0.35592493414878845
736,0.8115113973617554
737,0.05243653804063797
738,0.30357131361961365
739,0.7580723762512207
740,0.0747879147529602
741,0.29667359590530396
742,0.675627589225769
743,0.012076422572135925
744,0.31907927989959717
745,0.7774027585983276
746,0.06903322041034698
747,0.2716500759124756
748,0.6624904274940491
749,0.027378885075449944
750,0.28993839025497437
751,0.6922541856765747
752,0.024561095982789993
753,0.2683787941932678
754,0.6854658126831055
755,0.05278051644563675
756,0.3527238667011261
757,0.8287794589996338
758,0.06302910298109055
759,0.3087253272533417
760,0.6415282487869263
761,-0.01983708329498768
762,0.2975711226463318
763,0.7601802945137024
764,0.09693525731563568
765,0.31522995233535767
766,0.7841033935546875
767,0.08958851546049118
768,0.28951117396354675
769,0.7368075251579285
770,0.07275883853435516
771,0.25160014629364014
772,0.663524329662323
773,0.11798477917909622
774,0.2785169184207916
775,0.7247452735900879
776,0.09140832722187042
777,0.2565675973892212
778,0.6612169146537781
779,0.16065967082977295
780,0.28679966926574707
781,0.7122207880020142
782,0.04355090111494064
783,0.31629595160484314
784,0.6125536561012268
785,-0.030281566083431244
786,0.30907806754112244
787,0.689020574092865
788,-0.04776659235358238
789,0.30375516414642334
790,0.685645341873169
791,-0.027927102521061897
792,0.31220096349716187
793,0.6827990412712097
794,-0.0620606429874897
795,0.3043457865715027
796,0.5064572095870972
797,-0.0318572036921978
798,0.2779025435447693
799,0.4925670325756073
800,-0.03171101585030556
801,0.2566834092140198
802,0.4876422584056854
803,-0.02491826005280018
804,0.24181495606899261
805,0.4874448776245117
806,-0.012658790685236454
807,0.23480693995952606
808,0.49191758036613464
809,0.0013771771918982267
810,0.23912599682807922
811,0.5168925523757935
812,0.03474835678935051
813,0.22847960889339447
814,0.5415371656417847
815,0.12731799483299255
816,0.2512083649635315
817,0.5528010725975037
818,0.0288199782371521
819,0.2654472589492798
820,0.5635585188865662
821,0.01729840785264969
822,0.2837643623352051
823,0.5657116174697876
824,0.007223970722407103
825,0.3002474308013916
826,0.5618568658828735
827,-0.0010649021714925766
828,0.3111109137535095
829,0.5577111840248108
830,-0.007839150726795197
831,0.3184037506580353
832,0.5544686913490295
833,-0.012620324268937111
834,0.24420024454593658
835,0.5194929242134094
836,0.18287204205989838
837,0.306588351726532
838,0.68779456615448
839,-0.019713450223207474
840,0.3191490173339844
841,0.6312649846076965
842,-0.052933335304260254
843,0.3173368573188782
844,0.6976950764656067
845,-0.06133035197854042
846,0.32844990491867065
847,0.7044522762298584
848,-0.054353948682546616
849,0.3192092180252075
850,0.6969046592712402
851,-0.053239963948726654
852,0.3120691776275635
853,0.6928703784942627
854,-0.014268968254327774
855,0.3308289051055908
856,0.7085134387016296
857,-0.05818808078765869
858,0.3350645899772644
859,0.7081784009933472
860,-0.039164554327726364
861,0.31688129901885986
862,0.5369521975517273
863,-0.010486941784620285
864,0.3236227333545685
865,0.5457878708839417
866,-0.020760536193847656
867,0.3259813189506531
868,0.5545046925544739
869,-0.030694710090756416
870,0.24834126234054565
871,0.5147499442100525
872,0.013232498429715633
873,0.2410573810338974
874,0.5049521327018738
875,0.014419948682188988
876,0.35490915179252625
877,0.6280965209007263
878,-0.07587961107492447
879,0.47734373807907104
880,0.5298370122909546
881,-0.03794299066066742
882,0.3644249141216278
883,0.7050613164901733
884,-0.04486953839659691
885,0.5515176653862
886,0.4064866006374359
887,-0.012590577825903893
888,0.4253128170967102
889,0.5512661933898926
890,-0.03928013890981674
891,0.442234605550766
892,0.5529329180717468
893,-0.04135380685329437
894,0.459902286529541
895,0.5510666370391846
896,-0.04096165671944618
897,0.48456209897994995
898,0.5327737331390381
899,-0.03515614941716194
900,0.4116557836532593
901,0.5471829175949097
902,-0.03507043048739433
903,0.45334872603416443
904,0.49556964635849
905,-0.06089270859956741
906,0.43401217460632324
907,0.4978299140930176
908,-0.05670810863375664
909,0.4707980453968048
910,0.49739211797714233
911,-0.05847686529159546
912,0.4824041724205017
913,0.5031898617744446
914,-0.05319124460220337
915,0.4992241859436035
916,0.5426450967788696
917,-0.02660120278596878
918,0.43531179428100586
919,0.8158573508262634
920,0.0517985075712204
921,0.4857071042060852
922,0.5210896134376526
923,-0.0358470194041729
924,0.5595118999481201
925,0.5001063942909241
926,0.022608967497944832
927,0.5213537216186523
928,0.5204777121543884
929,-0.020435737445950508
930,0.44164085388183594
931,0.6457442045211792
932,-0.025875458493828773
933,0.3809446692466736
934,0.7480394840240479
935,-0.016455331817269325
936,0.3823530077934265
937,0.7641440629959106
938,-0.003443641820922494
939,0.40539151430130005
940,0.7493849396705627
941,-0.01122144516557455
942,0.4212348759174347
943,0.7504955530166626
944,-0.0022509321570396423
945,0.39964020252227783
946,0.7616962790489197
947,-0.0017801702488213778
948,0.4129321575164795
949,0.7594208717346191
950,0.006057495716959238
951,0.44709473848342896
952,0.763230562210083
953,0.027833783999085426
954,0.3536226749420166
955,0.705612063407898
956,-0.07461412250995636
957,0.35389259457588196
958,0.6874412298202515
959,-0.08423294126987457
960,0.5058746337890625
961,0.48072919249534607
962,-0.06254203617572784
963,0.4057755470275879
964,0.5949827432632446
965,-0.038036804646253586
966,0.4053965210914612
967,0.679333508014679
968,-0.04708864912390709
969,0.40720805525779724
970,0.6642923355102539
971,-0.04549340903759003
972,0.49353229999542236
973,0.6297539472579956
974,-0.020315567031502724
975,0.35345420241355896
976,0.6571393609046936
977,-0.08318307995796204
978,0.46134650707244873
979,0.4709780812263489
980,-0.08333206921815872
981,0.4871406853199005
982,0.4723263382911682
983,-0.07610681653022766
984,0.5301435589790344
985,0.38053154945373535
986,-0.047897618263959885
987,0.38327956199645996
988,0.497771680355072
989,-0.07596734911203384
990,0.41732022166252136
991,0.505935788154602
992,-0.04743143543601036
993,0.4578727185726166
994,0.7480266094207764
995,0.022765811532735825
996,0.553339958190918
997,0.6693148612976074
998,0.13057857751846313
999,0.39445677399635315
1000,0.6910198926925659
1001,-0.03627767786383629
1002,0.3804996609687805
1003,0.6992358565330505
1004,-0.030858490616083145
1005,0.4402584731578827
1006,0.7530759572982788
1007,0.023012474179267883
1008,0.43231400847435
1009,0.7542750835418701
1010,0.020587613806128502
1011,0.49688881635665894
1012,0.4543769359588623
1013,-0.07509961724281311
1014,0.40862512588500977
1015,0.6827929019927979
1016,-0.03622043877840042
1017,0.42747950553894043
1018,0.47807741165161133
1019,-0.08369409292936325
1020,0.4290637671947479
1021,0.4600459933280945
1022,-0.09251316636800766
1023,0.44771167635917664
1024,0.3539552688598633
1025,-0.10035120695829391
1026,0.5124192833900452
1027,0.4183713495731354
1028,-0.0640575960278511
1029,0.43523871898651123
1030,0.40851888060569763
1031,-0.09804815798997879
1032,0.5175434947013855
1033,0.46431753039360046
1034,-0.055624447762966156
1035,0.533918023109436
1036,0.4379422664642334
1037,-0.03602733835577965
1038,0.3818567097187042
1039,0.7580668926239014
1040,-0.011711704544723034
1041,0.4021484851837158
1042,0.7576735019683838
1043,-0.0066901142708957195
1044,0.41682693362236023
1045,0.7558682560920715
1046,0.0010734613751992583
1047,0.39124709367752075
1048,0.6938387155532837
1049,-0.030684472993016243
1050,0.43586888909339905
1051,0.7540203928947449
1052,0.021759746596217155
1053,0.4284383952617645
1054,0.7601320743560791
1055,0.01811608299612999
1056,0.4309230446815491
1057,0.7532118558883667
1058,0.0205356627702713
1059,0.3797491788864136
1060,0.6947987079620361
1061,-0.05861959606409073
1062,0.41071245074272156
1063,0.7566388845443726
1064,0.009424315765500069
1065,0.39776211977005005
1066,0.7603213787078857
1067,0.005687324330210686
1068,0.3823813498020172
1069,0.763927161693573
1070,0.0038425305392593145
1071,0.39461636543273926
1072,0.8000926375389099
1073,0.031171580776572227
1074,0.38973501324653625
1075,0.793150782585144
1076,0.014406922273337841
1077,0.3870939016342163
1078,0.7843983769416809
1079,0.010241200216114521
1080,0.3846677541732788
1081,0.7749185562133789
1082,0.011834242381155491
1083,0.383334755897522
1084,0.767911434173584
1085,0.01256775762885809
1086,0.4125436842441559
1087,0.76048344373703
1088,0.014397109858691692
1089,0.41495564579963684
1090,0.7632055282592773
1091,0.01341952197253704
1092,0.41894400119781494
1093,0.767647385597229
1094,0.01290634460747242
1095,0.42324334383010864
1096,0.7720085382461548
1097,0.015721440315246582
1098,0.43205583095550537
1099,0.7266646027565002
1100,-0.006311561446636915
1101,0.5698035955429077
1102,0.5650016069412231
1103,0.11309188604354858
1104,0.42102405428886414
1105,0.7570983171463013
1106,0.017593251541256905
1107,0.42409831285476685
1108,0.7585384249687195
1109,0.017451291903853416
1110,0.37517523765563965
1111,0.7086796760559082
1112,-0.02784317545592785
1113,0.40562841296195984
1114,0.6922330856323242
1115,-0.019817564636468887
1116,0.3776189088821411
1117,0.7043944001197815
1118,-0.030043646693229675
1119,0.42349109053611755
1120,0.6025703549385071
1121,-0.03273424878716469
1122,0.4511733055114746
1123,0.613643229007721
1124,-0.030205005779862404
1125,0.41195788979530334
1126,0.6687025427818298
1127,-0.035055093467235565
1128,0.49710342288017273
1129,0.362319678068161
1130,-0.0780257061123848
1131,0.4810485243797302
1132,0.40712714195251465
1133,-0.08402759581804276
1134,0.4670102298259735
1135,0.4516070783138275
1136,-0.08741500228643417
1137,0.4326905608177185
1138,0.7767195701599121
1139,0.027046121656894684
1140,0.3861340284347534
1141,0.47036296129226685
1142,-0.0901387557387352
1143,0.3899145722389221
1144,0.4133521020412445
1145,-0.10075439512729645
1146,0.3968352973461151
1147,0.3518018424510956
1148,-0.10686061531305313
1149,0.47559496760368347
1150,0.5441672205924988
1151,-0.038029152899980545
1152,0.519197940826416
1153,0.5529122948646545
1154,-0.017991963773965836
1155,0.4033612906932831
1156,0.5436517596244812
1157,-0.03304821997880936
1158,0.5001101493835449
1159,0.5050885677337646
1160,-0.044822826981544495
1161,0.39210405945777893
1162,0.5862790942192078
1163,-0.04441888630390167
1164,0.3905370235443115
1165,0.6809144020080566
1166,-0.06202440708875656
1167,0.5400900840759277
1168,0.5581594705581665
1169,-0.001460338942706585
1170,0.5050950050354004
1171,0.573494017124176
1172,-0.02444169484078884
1173,0.4810677766799927
1174,0.5872921943664551
1175,-0.031143270432949066
1176,0.44743239879608154
1177,0.5877568125724792
1178,-0.0315680131316185
1179,0.4239601194858551
1180,0.5809652209281921
1181,-0.03191648796200752
1182,0.4071873128414154
1183,0.5747182965278625
1184,-0.03490612655878067
1185,0.3619571030139923
1186,0.5692868828773499
1187,-0.06394453346729279
1188,0.5375630259513855
1189,0.6028074026107788
1190,0.008057371713221073
1191,0.5151995420455933
1192,0.4970923960208893
1193,-0.04334989935159683
1194,0.3520923852920532
1195,0.7120178937911987
1196,-0.06437038630247116
1197,0.40392887592315674
1198,0.6211807727813721
1199,-0.03693360090255737
1200,0.5711159706115723
1201,0.47656500339508057
1202,0.06783947348594666
1203,0.3929568827152252
1204,0.5683069825172424
1205,-0.03807482868432999
1206,0.4155774414539337
1207,0.6635154485702515
1208,-0.0199163556098938
1209,0.491617888212204
1210,0.5188504457473755
1211,-0.034116942435503006
1212,0.39255189895629883
1213,0.6620710492134094
1214,-0.05991201847791672
1215,0.5652171969413757
1216,0.6147432327270508
1217,0.12532716989517212
1218,0.40506258606910706
1219,0.5363806486129761
1220,-0.03254828602075577
1221,0.372725248336792
1222,0.658358633518219
1223,-0.07510267943143845
1224,0.5091774463653564
1225,0.7518420815467834
1226,0.07654980570077896
1227,0.5140153765678406
1228,0.7595945596694946
1229,0.1096152514219284
1230,0.5607778429985046
1231,0.5867025256156921
1232,0.05897385999560356
1233,0.5304125547409058
1234,0.716795027256012
1235,0.08155333995819092
1236,0.5476348996162415
1237,0.4645772874355316
1238,-0.004341594409197569
1239,0.441320538520813
1240,0.8304345607757568
1241,0.06688786298036575
1242,0.35415545105934143
1243,0.7107617259025574
1244,-0.04118996858596802
1245,0.42055097222328186
1246,0.6314977407455444
1247,-0.02938711829483509
1248,0.5382544994354248
1249,0.5168724656105042
1250,-0.00884156208485365
1251,0.4570721983909607
1252,0.5417250394821167
1253,-0.04185796529054642
1254,0.4412953853607178
1255,0.5434982776641846
1256,-0.04249567165970802
1257,0.43365395069122314
1258,0.7613881826400757
1259,0.02043106034398079
1260,0.5364459753036499
1261,0.6412390470504761
1262,0.028849933296442032
1263,0.4165197014808655
1264,0.853188693523407
1265,0.08585000783205032
1266,0.4654892385005951
1267,0.8186485767364502
1268,0.0933360680937767
1269,0.48775652050971985
1270,0.7947224378585815
1271,0.10000008344650269
1272,0.4274980425834656
1273,0.5409261584281921
1274,-0.040473829954862595
1275,0.4147084653377533
1276,0.5374041795730591
1277,-0.036751363426446915
1278,0.4074726104736328
1279,0.5365287065505981
1280,-0.03331458568572998
1281,0.5295116901397705
1282,0.484836220741272
1283,-0.03254407271742821
1284,0.42075783014297485
1285,0.5192050337791443
1286,-0.044279538094997406
1287,0.4367861747741699
1288,0.511702299118042
1289,-0.05028865486383438
1290,0.4521726965904236
1291,0.5107027888298035
1292,-0.05252433568239212
1293,0.46717363595962524
1294,0.5131403803825378
1295,-0.051075756549835205
1296,0.4761897623538971
1297,0.5171260237693787
1298,-0.046877264976501465
1299,0.5641577839851379
1300,0.4365040063858032
1301,0.028764542192220688
1302,0.46865925192832947
1303,0.536520779132843
1304,-0.039815496653318405
1305,0.41568753123283386
1306,0.7200934290885925
1307,-0.014821401797235012
1308,0.3932333290576935
1309,0.6908617615699768
1310,-0.043420810252428055
1311,0.37964722514152527
1312,0.7233706712722778
1313,-0.022873975336551666
1314,0.4869505763053894
1315,0.7829709053039551
1316,0.07614222168922424
1317,0.4652475416660309
1318,0.8068658709526062
1319,0.0731455460190773
1320,0.4134151339530945
1321,0.8476008176803589
1322,0.06300058215856552
1323,0.5354374647140503
1324,0.7188530564308167
1325,0.122112937271595
1326,0.40988078713417053
1327,0.5303872227668762
1328,-0.037980083376169205
1329,0.3745303153991699
1330,0.606027364730835
1331,-0.06036655232310295
1332,0.4419679641723633
1333,0.8394090533256531
1334,0.08636508136987686
1335,0.5568406581878662
1336,0.6304411292076111
1337,0.07401042431592941
1338,0.3989887833595276
1339,0.7646174430847168
1340,0.012514966540038586
1341,0.40160560607910156
1342,0.7694933414459229
1343,0.011296144686639309
1344,0.404834121465683
1345,0.7765821218490601
1346,0.010115941055119038
1347,0.4080120623111725
1348,0.7843430042266846
1349,0.013330336660146713
1350,0.4157004654407501
1351,0.7901774048805237
1352,0.02647107094526291
1353,0.4245511293411255
1354,0.7567340135574341
1355,0.012604638934135437
1356,0.4293134808540344
1357,0.7547446489334106
1358,0.011043419130146503
1359,0.43411752581596375
1360,0.7507244944572449
1361,0.009157324209809303
1362,0.44723954796791077
1363,0.7363150119781494
1364,0.0055450922809541225
1365,0.5109584331512451
1366,0.6646886467933655
1367,0.00776490056887269
1368,0.37671181559562683
1369,0.5770281553268433
1370,-0.05340803787112236
1371,0.3895171284675598
1372,0.5253896713256836
1373,-0.0428951121866703
1374,0.40199366211891174
1375,0.5243691205978394
1376,-0.04021555557847023
1377,0.4213213324546814
1378,0.7537750005722046
1379,0.0149626974016428
1380,0.5182883739471436
1381,0.7026888132095337
1382,0.046050991863012314
1383,0.3707124590873718
1384,0.5309330224990845
1385,-0.058558378368616104
1386,0.4263482987880707
1387,0.801209032535553
1388,0.03970802575349808
1389,0.358672171831131
1390,0.6004928350448608
1391,-0.07168227434158325
1392,0.3893430829048157
1393,0.6376097798347473
1394,-0.052161186933517456
1395,0.40110984444618225
1396,0.8144533038139343
1397,0.042205873876810074
1398,0.46336162090301514
1399,0.7650210857391357
1400,0.03739647567272186
1401,0.4312165677547455
1402,0.6759999990463257
1403,-0.01569896750152111
1404,0.4473990201950073
1405,0.7842081785202026
1406,0.03974848985671997
1407,0.46962445974349976
1408,0.6655755639076233
1409,-0.01766582950949669
1410,0.44771167635917664
1411,0.6941164135932922
1412,-0.010525896213948727
1413,0.4873881936073303
1414,0.6906895637512207
1415,0.0014300739858299494
1416,0.4078349173069
1417,0.8328300714492798
1418,0.049475058913230896
1419,0.4030815362930298
1420,0.6420068144798279
1421,-0.03962346166372299
1422,0.4792245626449585
1423,0.7716171741485596
1424,0.053811293095350266
1425,0.4581722021102905
1426,0.7943994998931885
1427,0.05646030604839325
1428,0.474506676197052
1429,0.7429192066192627
1430,0.02722051553428173
1431,0.5343159437179565
1432,0.6725072860717773
1433,0.0476539172232151
1434,0.49745768308639526
1435,0.7347156405448914
1436,0.03836081922054291
1437,0.5485334992408752
1438,0.6726087331771851
1439,0.08445543795824051
1440,0.4631885588169098
1441,0.7151806950569153
1442,0.0016704105073586106
1443,0.38958740234375
1444,0.6132864356040955
1445,-0.04777493700385094
1446,0.3846561014652252
1447,0.6922452449798584
1448,-0.06329134851694107
1449,0.40029236674308777
1450,0.688068687915802
1451,-0.045514266937971115
1452,0.37236693501472473
1453,0.684740424156189
1454,-0.07487935572862625
1455,0.4023745357990265
1456,0.5071797370910645
1457,-0.05532103404402733
1458,0.43053796887397766
1459,0.4936816692352295
1460,-0.06589522957801819
1461,0.45529261231422424
1462,0.4890446662902832
1463,-0.06936468183994293
1464,0.4761699140071869
1465,0.4891795516014099
1466,-0.06637072563171387
1467,0.49123185873031616
1468,0.494472473859787
1469,-0.058725155889987946
1470,0.5040966868400574
1471,0.5202838778495789
1472,-0.02937244065105915
1473,0.56241375207901
1474,0.5433849096298218
1475,0.04043196141719818
1476,0.48844173550605774
1477,0.5553579926490784
1478,-0.029993806034326553
1479,0.4693889021873474
1480,0.5655655860900879
1481,-0.03384494036436081
1482,0.4455585181713104
1483,0.5676842331886292
1484,-0.03479251638054848
1485,0.4243563115596771
1486,0.5639861226081848
1487,-0.034159451723098755
1488,0.40892326831817627
1489,0.5594252347946167
1490,-0.03278845548629761
1491,0.3976536691188812
1492,0.5557243227958679
1493,-0.03301068767905235
1494,0.5711292624473572
1495,0.5188208818435669
1496,0.09399554133415222
1497,0.4017581045627594
1498,0.6891939043998718
1499,-0.03681069239974022
1500,0.37192368507385254
1501,0.6318598389625549
1502,-0.0656309723854065
1503,0.3681856393814087
1504,0.6998191475868225
1505,-0.07111059129238129
1506,0.3626803755760193
1507,0.7059138417243958
1508,-0.05992956459522247
1509,0.3709098696708679
1510,0.6994474530220032
1511,-0.06343650072813034
1512,0.3987981379032135
1513,0.6932900547981262
1514,-0.028661811724305153
1515,0.35822978615760803
1516,0.7095825672149658
1517,-0.06282097101211548
1518,0.3602825403213501
1519,0.7087991833686829
1520,-0.04306294396519661
1521,0.39834171533584595
1522,0.5388785600662231
1523,-0.032033175230026245
1524,0.388333261013031
1525,0.5469681620597839
1526,-0.03689470514655113
1527,0.3811793923377991
1528,0.5552037358283997
1529,-0.044178180396556854
1530,0.4814640283584595
1531,0.5197759866714478
1532,-0.042197033762931824
1533,0.4903313219547272
1534,0.5087662935256958
1535,-0.04465360939502716
1536,0.0
1537,0.0
1538,0.0
1539,0.0
1540,0.0
1541,0.0
1542,0.0
1543,0.0
1544,0.0
1545,0.0
1546,0.0
1547,0.0
1548,0.0
1549,0.0
1550,0.0
1551,0.0
1552,0.0
1553,0.0
1554,0.0
1555,0.0
1556,0.0
1557,0.0
1558,0.0
1559,0.0
1560,0.0
1561,0.0
1562,0.0
1563,0.0
1564,0.0
1565,0.0
1566,0.0
1567,0.0
1568,0.0
1569,0.0
1570,0.0
1571,0.0
1572,0.0
1573,0.0
1574,0.0
1575,0.0
1576,0.0
1577,0.0
1578,0.0
1579,0.0
1580,0.0
1581,0.0
1582,0.0
1583,0.0
1584,0.0
1585,0.0
1586,0.0
1587,0.0
1588,0.0
1589,0.0
1590,0.0
1591,0.0
1592,0.0
1593,0.0
1594,0.0
1595,0.0
1596,0.0
1597,0.0
1598,0.0
1599,0.24278388917446136
1600,1.002432107925415
1601,9.379356669114713e-08
1602,0.23423752188682556
1603,0.8967108726501465
1604,0.028749359771609306
1605,0.24669678509235382
1606,0.8031876683235168
1607,0.023441335186362267
1608,0.25279876589775085
1609,0.7441020011901855
1610,0.010339051485061646
1611,0.2570682764053345
1612,0.7118496894836426
1613,-0.0056112948805093765
1614,0.3502056896686554
1615,0.7378389239311218
1616,-0.013287361711263657
1617,0.45699501037597656
1618,0.6966455578804016
1619,-0.013704255223274231
1620,0.5097416043281555
1621,0.6976849436759949
1622,-0.008137867785990238
1623,0.5402583479881287
1624,0.7060171365737915
1625,-0.004607003182172775
1626,0.3913491368293762
1627,0.7951948642730713
1628,-0.03843012452125549
1629,0.5012717247009277
1630,0.7568579316139221
1631,-0.03419249504804611
1632,0.49202418327331543
1633,0.7963288426399231
1634,-0.02048678696155548
1635,0.4616270959377289
1636,0.8280544877052307
1637,-0.01266365684568882
1638,0.42399582266807556
1639,0.8674848675727844
1640,-0.0583442747592926
1641,0.5203192234039307
1642,0.8305156230926514
1643,-0.04677639901638031
1644,0.5007792115211487
1645,0.867642879486084
1646,-0.022723419591784477
1647,0.46541717648506165
1648,0.8926610946655273
1649,-0.011103779077529907
1650,0.4459487795829773
1651,0.9443565011024475
1652,-0.07623911648988724
1653,0.5300785303115845
1654,0.9007877111434937
1655,-0.06177607923746109
1656,0.5156676173210144
1657,0.924584150314331
1658,-0.03616034984588623
1659,0.48622792959213257
1660,0.9427468180656433
1661,-0.01935749500989914
