,0
0,0.4205755591392517
1,0.35421767830848694
2,-0.7862228751182556
3,0.9999575018882751
4,0.4473336637020111
5,0.29527193307876587
6,-0.7353038191795349
7,0.9999206066131592
8,0.46174731850624084
9,0.2960249185562134
10,-0.7351866364479065
11,0.9999305009841919
12,0.4750277101993561
13,0.29685404896736145
14,-0.7352874279022217
15,0.9999074339866638
16,0.3933950960636139
17,0.29559487104415894
18,-0.7398142218589783
19,0.9999275207519531
20,0.3762523829936981
21,0.29591062664985657
22,-0.7391977906227112
23,0.9999366402626038
24,0.36063268780708313
25,0.29638993740081787
26,-0.7394262552261353
27,0.999929666519165
28,0.4944548010826111
29,0.32651397585868835
30,-0.3934504985809326
31,0.9999099373817444
32,0.33909672498703003
33,0.3275811970233917
34,-0.39430350065231323
35,0.9999489188194275
36,0.45409807562828064
37,0.4209994375705719
38,-0.6582318544387817
39,0.9999445080757141
40,0.38993892073631287
41,0.4192972481250763
42,-0.6584342122077942
43,0.9999561905860901
44,0.6355984807014465
45,0.6828556060791016
46,-0.21708910167217255
47,0.9993724822998047
48,0.20474092662334442
49,0.6838122010231018
50,-0.3006848096847534
51,0.9995148181915283
52,0.699844479560852
53,1.0044854879379272
54,-0.15467670559883118
55,0.5614116191864014
56,0.11819867789745331
57,0.9746147394180298
58,-0.22147846221923828
59,0.6861127018928528
60,0.6925151944160461
61,1.3989204168319702
62,-0.38929271697998047
63,0.535885214805603
64,0.1145181879401207
65,1.4008595943450928
66,-0.5275688767433167
67,0.56180340051651
68,0.702116847038269
69,1.5088615417480469
70,-0.4710756242275238
71,0.5306764245033264
72,0.08852621167898178
73,1.5081861019134521
74,-0.6201051473617554
75,0.5521672964096069
76,0.667827308177948
77,1.5061026811599731
78,-0.5287274122238159
79,0.5532705187797546
80,0.13252699375152588
81,1.515187382698059
82,-0.7002599835395813
83,0.5761422514915466
84,0.6585398316383362
85,1.4604460000991821
86,-0.4274524748325348
87,0.543620228767395
88,0.14831387996673584
89,1.4720433950424194
90,-0.5730617046356201
91,0.5715327858924866
92,0.555184543132782
93,1.448038935661316
94,-0.04341378062963486
95,0.004069816786795855
96,0.2799603343009949
97,1.4431729316711426
98,0.04850001260638237
99,0.004496841225773096
100,0.529940128326416
101,2.0584700107574463
102,-0.0322456881403923
103,0.001187554094940424
104,0.2814562916755676
105,2.057119846343994
106,0.05415661260485649
107,0.0005162026500329375
108,0.5058110952377319
109,2.607560873031616
110,0.5395432710647583
111,0.00013584257976617664
112,0.2630142271518707
113,2.6134355068206787
114,0.3681281507015228
115,1.93691230379045e-05
116,0.508622407913208
117,2.69109845161438
118,0.5722181797027588
119,0.00011458512744866312
120,0.25702881813049316
121,2.7055716514587402
122,0.3862564265727997
123,4.47939382866025e-05
124,0.45704013109207153
125,2.7888360023498535
126,0.06358136236667633
127,0.00014628711505793035
128,0.2834387719631195
129,2.781156063079834
130,-0.1386859118938446
131,9.018793207360432e-05
132,0.4105105698108673
133,0.4085063636302948
134,-0.021975884214043617
135,0.40777093172073364
136,0.3715707063674927
137,-0.04534218832850456
138,0.4089721441268921
139,0.3822370171546936
140,-0.023202424868941307
141,0.4001718759536743
142,0.3332248032093048
143,-0.03539961948990822
144,0.4073293209075928
145,0.35968121886253357
146,-0.04856576398015022
147,0.4070777893066406
148,0.344072550535202
149,-0.04580473154783249
150,0.40682747960090637
151,0.3066031336784363
152,-0.025450296700000763
153,0.35058045387268066
154,0.3036000430583954
155,0.00997243169695139
156,0.4064604938030243
157,0.2810399532318115
158,-0.021575698629021645
159,0.40620157122612
160,0.26614928245544434
161,-0.024172762408852577
162,0.40536195039749146
163,0.20609550178050995
164,-0.017775002866983414
165,0.410806804895401
166,0.41437894105911255
167,-0.02078932337462902
168,0.4110878109931946
169,0.4187649190425873
170,-0.018010219559073448
171,0.4113190174102783
172,0.42034074664115906
173,-0.014203070662915707
174,0.4117109775543213
175,0.4363272488117218
176,-0.009655182249844074
177,0.4118690490722656
178,0.4422188997268677
179,-0.010740532539784908
180,0.41207626461982727
181,0.4491538405418396
182,-0.011834750883281231
183,0.41233840584754944
184,0.4561522603034973
185,-0.009403725154697895
186,0.41266360878944397
187,0.4642617702484131
188,-4.9435970140621066e-05
189,0.40819722414016724
190,0.37729984521865845
191,-0.04087455943226814
192,0.4007008373737335
193,0.37627190351486206
194,-0.029042009264230728
195,0.32340121269226074
196,0.2623485326766968
197,0.04710541293025017
198,0.3738820552825928
199,0.3131057322025299
200,0.0012953387340530753
201,0.3660988211631775
202,0.3141784071922302
203,0.002021904569119215
204,0.3584456443786621
205,0.31405383348464966
206,0.004405261483043432
207,0.34782639145851135
208,0.3079342842102051
209,0.011432627215981483
210,0.380269855260849
211,0.31023383140563965
212,0.0015469882637262344
213,0.3620298504829407
214,0.2862253189086914
215,-0.0025984225794672966
216,0.370822548866272
217,0.2866838574409485
218,-0.0029529924504458904
219,0.35399502515792847
220,0.28806382417678833
221,0.00032962870318442583
222,0.34882962703704834
223,0.29178112745285034
224,0.003948139492422342
225,0.3419814705848694
226,0.31622371077537537
227,0.015947626903653145
228,0.3827003538608551
229,0.4748716354370117
230,0.011822598986327648
231,0.34752553701400757
232,0.3009530007839203
233,0.01259650755673647
234,0.3208301067352295
235,0.31147900223731995
236,0.05338403210043907
237,0.33326056599617004
238,0.3095284402370453
239,0.02408030815422535
240,0.36826813220977783
241,0.3615283668041229
242,-0.004296548198908567
243,0.3995547294616699
244,0.40689584612846375
245,-0.02049938775599003
246,0.4017927050590515
247,0.4188467264175415
248,-0.016333971172571182
249,0.38903453946113586
250,0.4107302129268646
251,-0.014815743081271648
252,0.38303688168525696
253,0.41565924882888794
254,-0.007184930611401796
255,0.39426639676094055
256,0.41974619030952454
257,-0.012158660218119621
258,0.3888237476348877
259,0.42127367854118347
260,-0.005207424983382225
261,0.37428709864616394
262,0.43648549914360046
263,0.009626608341932297
264,0.4009566009044647
265,0.371377557516098
266,-0.04445421323180199
267,0.3994547426700592
268,0.3600010275840759
269,-0.04742516949772835
270,0.3367219567298889
271,0.2823609709739685
272,0.005389651283621788
273,0.383695513010025
274,0.33223414421081543
275,-0.007767578586935997
276,0.38188448548316956
277,0.3675660490989685
278,-0.02320227026939392
279,0.3812360167503357
280,0.3613679111003876
281,-0.02075321413576603
282,0.3454700708389282
283,0.36068716645240784
284,0.006757166236639023
285,0.39969074726104736
286,0.3454650938510895
287,-0.042938292026519775
288,0.35495245456695557
289,0.2711942195892334
290,-0.010453511029481888
291,0.3439161479473114
292,0.2747592329978943
293,-0.0035612378269433975
294,0.329533189535141
295,0.24220961332321167
296,0.029398251324892044
297,0.38999566435813904
298,0.279583603143692
299,-0.01833590865135193
300,0.37842148542404175
301,0.289873868227005
302,-0.0005448663723655045
303,0.36822327971458435
304,0.42347264289855957
305,0.01035191398113966
306,0.3341958820819855
307,0.41637805104255676
308,0.08140461891889572
309,0.38820281624794006
310,0.3737017512321472
311,-0.019694983959197998
312,0.3952527344226837
313,0.3773154616355896
314,-0.020883476361632347
315,0.37604856491088867
316,0.4251299500465393
317,0.009376791305840015
318,0.3803706169128418
319,0.4247669577598572
320,0.006919239182025194
321,0.33952683210372925
322,0.26735779643058777
323,0.00032170803751796484
324,0.38187626004219055
325,0.37231725454330444
326,-0.018296265974640846
327,0.37007254362106323
328,0.272068589925766
329,-0.015611447393894196
330,0.36826425790786743
331,0.2626844644546509
332,-0.01790371909737587
333,0.35917413234710693
334,0.2141406387090683
335,-0.005032706540077925
336,0.3347780704498291
337,0.25422006845474243
338,0.01284943986684084
339,0.36452358961105347
340,0.23711755871772766
341,-0.01200985349714756
342,0.3322884440422058
343,0.277376264333725
344,0.012482388876378536
345,0.327869176864624
346,0.270261287689209
347,0.02887124940752983
348,0.40054839849472046
349,0.41386500000953674
350,-0.01930164359509945
351,0.3918929398059845
352,0.41621217131614685
353,-0.013788091018795967
354,0.3858708143234253
355,0.41865822672843933
356,-0.006843050476163626
357,0.3903675079345703
358,0.37567856907844543
359,-0.018268996849656105
360,0.3781641125679016
361,0.4252018928527832
362,0.007971378974616528
363,0.3815566599369049
364,0.43085551261901855
365,0.003774630604311824
366,0.3816421329975128
367,0.4239351451396942
368,0.006619214080274105
369,0.3922879099845886
370,0.3704586923122406
371,-0.03191190958023071
372,0.3907390534877777
373,0.42044708132743835
374,-0.004022457171231508
375,0.39623019099235535
376,0.42011040449142456
377,-0.008934435434639454
378,0.4031122922897339
379,0.42023470997810364
380,-0.012739088386297226
381,0.4006427824497223
382,0.4634835422039032
383,0.0007293075323104858
384,0.40068361163139343
385,0.4547705352306366
386,-0.008412599563598633
387,0.4011589288711548
388,0.44770118594169617
389,-0.010331780649721622
390,0.40188226103782654
391,0.4405827820301056
392,-0.00916305836290121
393,0.4027683138847351
394,0.4356849193572998
395,-0.008091899566352367
396,0.3896998167037964
397,0.43129315972328186
398,-0.0004697062831837684
399,0.3880840241909027
400,0.43317198753356934
401,-0.0015085521154105663
402,0.38579556345939636
403,0.43659481406211853
404,-0.002045059110969305
405,0.38397252559661865
406,0.4403296113014221
407,-0.00011069369065808132
408,0.375845730304718
409,0.4027371108531952
410,-0.005014403257519007
411,0.32411593198776245
412,0.36048510670661926
413,0.0905195102095604
414,0.40854042768478394
415,0.37921658158302307
416,-0.029483534395694733
417,0.3860676884651184
418,0.4288196563720703
419,0.004080574028193951
420,0.38384729623794556
421,0.42957431077957153
422,0.00347255845554173
423,0.3981954753398895
424,0.3824297785758972
425,-0.020644012838602066
426,0.38505253195762634
427,0.37907469272613525
428,-0.01184256561100483
429,0.39677324891090393
430,0.37996959686279297
431,-0.021107783541083336
432,0.37557077407836914
433,0.33886581659317017
434,-0.004160593263804913
435,0.36303097009658813
436,0.3468448519706726
437,-0.0011356751201674342
438,0.3801634907722473
439,0.3663019835948944
440,-0.01569640263915062
441,0.3407052159309387
442,0.2258109152317047
443,0.01111170370131731
444,0.3463152050971985
445,0.24269971251487732
446,-0.00032126184669323266
447,0.3519027531147003
448,0.26194465160369873
449,-0.009285363368690014
450,0.38087525963783264
451,0.4464946389198303
452,0.006373734679073095
453,0.3869526982307434
454,0.2647956609725952
455,-0.022510159760713577
456,0.38366979360580444
457,0.23529496788978577
458,-0.01897346042096615
459,0.38003644347190857
460,0.20815183222293854
461,-0.014589959755539894
462,0.35174962878227234
463,0.31208717823028564
464,0.00808314885944128
465,0.3339790403842926
466,0.32484275102615356
467,0.021274566650390625
468,0.38432249426841736
469,0.3072062134742737
470,0.0023724553175270557
471,0.34070536494255066
472,0.29560720920562744
473,0.011341452598571777
474,0.389150470495224
475,0.3248700797557831
476,-0.011379760690033436
477,0.38666242361068726
478,0.3635996878147125
479,-0.03182263299822807
480,0.32645004987716675
481,0.332767128944397
482,0.03116452880203724
483,0.33933186531066895
484,0.3325311243534088
485,0.01409408450126648
486,0.3494795262813568
487,0.33647939562797546
488,0.006446827203035355
489,0.3644748330116272
490,0.3341434597969055
491,0.001931963604874909
492,0.3753742575645447
493,0.3291218876838684
494,-0.0004456211463548243
495,0.3834412097930908
496,0.32361510396003723
497,-0.0034164574462920427
498,0.39919424057006836
499,0.30977800488471985
500,-0.021731704473495483
501,0.32816123962402344
502,0.35644903779029846
503,0.030040470883250237
504,0.33453455567359924
505,0.2947291135787964
506,0.015205605886876583
507,0.40404728055000305
508,0.37701138854026794
509,-0.04021770879626274
510,0.3841552138328552
511,0.3435536324977875
512,-0.010759384371340275
513,0.3202686905860901
514,0.3101711571216583
515,0.0810980424284935
516,0.389326274394989
517,0.3174690008163452
518,-0.005348915699869394
519,0.3796730935573578
520,0.36677807569503784
521,-0.006948409136384726
522,0.34499919414520264
523,0.3019500970840454
524,0.014260146766901016
525,0.3861722946166992
526,0.35601919889450073
527,-0.028841009363532066
528,0.32752326130867004
529,0.38759398460388184
530,0.08814551681280136
531,0.38412341475486755
532,0.3028867244720459
533,0.004387893248349428
534,0.3927369713783264
535,0.34963271021842957
536,-0.03746841475367546
537,0.3503207862377167
538,0.44495129585266113
539,0.04042067378759384
540,0.3520306944847107
541,0.4569368064403534
542,0.05505779758095741
543,0.3221808969974518
544,0.35925260186195374
545,0.060230743139982224
546,0.3404347896575928
547,0.4292362630367279
548,0.04913000017404556
549,0.3241691291332245
550,0.2890448570251465
551,0.04335586354136467
552,0.38192442059516907
553,0.48554956912994385
554,0.01702161505818367
555,0.4052464962005615
556,0.3788990378379822
557,-0.028886476531624794
558,0.3772994577884674
559,0.3520055115222931
560,-0.006936902645975351
561,0.3270820081233978
562,0.311763733625412
563,0.03271983936429024
564,0.35875678062438965
565,0.306856632232666
566,0.005014662630856037
567,0.3657160997390747
568,0.30757278203964233
569,0.0028067107778042555
570,0.37933802604675293
571,0.4325094223022461
572,0.0053080664947628975
573,0.3306923806667328
574,0.37940049171447754
575,0.034192465245723724
576,0.3968253433704376
577,0.5015223026275635
578,0.019385820254683495
579,0.3733419179916382
580,0.4838038682937622
581,0.03511706367135048
582,0.3635314106941223
583,0.4724815785884857
584,0.043964460492134094
585,0.40580272674560547
586,0.2348829209804535
587,-0.021503357216715813
588,0.4137226343154907
589,0.504032552242279
590,0.016610044986009598
591,0.37234771251678467
592,0.3067808151245117
593,0.0021547607611864805
594,0.3784548044204712
595,0.3050176799297333
596,0.0029504578560590744
597,0.3823263943195343
598,0.30393412709236145
599,0.004375637974590063
600,0.3293425142765045
601,0.2925211787223816
602,0.023625336587429047
603,0.37725114822387695
604,0.2956545054912567
605,0.0014272757107391953
606,0.37041962146759033
607,0.2928893566131592
608,-2.9245637051644735e-05
609,0.36341357231140137
610,0.2923890948295593
611,0.0006394910160452127
612,0.3563717305660248
613,0.29426485300064087
614,0.00292226648889482
615,0.35202059149742126
616,0.29715973138809204
617,0.005929889157414436
618,0.320528507232666
619,0.2835875153541565
620,0.06581048667430878
621,0.3539760708808899
622,0.30533385276794434
623,0.007659212686121464
624,0.4095323979854584
625,0.39065036177635193
626,-0.02057570219039917
627,0.38219112157821655
628,0.3956977128982544
629,-0.010758335702121258
630,0.3879091143608093
631,0.37209126353263855
632,-0.023258265107870102
633,0.39779576659202576
634,0.3919687867164612
635,-0.019285961985588074
636,0.40673184394836426
637,0.29324835538864136
638,-0.020144252106547356
639,0.3608403503894806
640,0.4604349136352539
641,0.033604662865400314
642,0.3709903657436371
643,0.4727369248867035
644,0.02594868652522564
645,0.3959331512451172
646,0.4948881268501282
647,0.009147677570581436
648,0.3427863121032715
649,0.4397737383842468
650,0.0688311830163002
651,0.3819429874420166
652,0.29997578263282776
653,0.0031275188084691763
654,0.39419102668762207
655,0.328182578086853
656,-0.023007754236459732
657,0.41342052817344666
658,0.49724170565605164
659,0.00683814799413085
660,0.3840002417564392
661,0.4941334128379822
662,0.02575344778597355
663,0.32570552825927734
664,0.38438084721565247
665,0.06050349026918411
666,0.39548009634017944
667,0.4337833821773529
668,-0.004610543139278889
669,0.3939652144908905
670,0.4373135566711426
671,-0.005676831118762493
672,0.3923114240169525
673,0.44273263216018677
674,-0.006235908251255751
675,0.39110496640205383
676,0.44894447922706604
677,-0.0043409052304923534
678,0.3892199695110321
679,0.4562942385673523
680,0.0027169326785951853
681,0.3838497996330261
682,0.42254775762557983
683,0.0011087737511843443
684,0.38096922636032104
685,0.4215691387653351
686,0.0012418781407177448
687,0.3784194588661194
688,0.4197603166103363
689,0.00112611532676965
690,0.3707660138607025
691,0.41207394003868103
692,0.002546204486861825
693,0.3409309685230255
694,0.3855592608451843
695,0.017485711723566055
696,0.3943100869655609
697,0.31660833954811096
698,-0.0159649346023798
699,0.39010465145111084
700,0.295708030462265
701,-0.0024562946055084467
702,0.3852674663066864
703,0.297064870595932
704,0.0010587484575808048
705,0.38600754737854004
706,0.42086297273635864
707,0.0019019241444766521
708,0.34210872650146484
709,0.4131986200809479
710,0.032322581857442856
711,0.39662817120552063
712,0.29536113142967224
713,-0.013716477900743484
714,0.38577044010162354
715,0.4645983874797821
716,0.007965841330587864
717,0.4069902002811432
718,0.33126574754714966
719,-0.03858192265033722
720,0.39955395460128784
721,0.3221495747566223
722,-0.029369128867983818
723,0.40694043040275574
724,0.3193777799606323
725,-0.03171402961015701
726,0.3886478543281555
727,0.3460696339607239
728,-0.021911369636654854
729,0.4131038784980774
730,0.4866864085197449
731,0.001923011732287705
732,0.4128393828868866
733,0.474284827709198
734,0.001224344945512712
735,0.3986421823501587
736,0.47292232513427734
737,0.003314328845590353
738,0.36774855852127075
739,0.43971219658851624
740,0.014928377233445644
741,0.37398821115493774
742,0.3763357400894165
743,-0.003918530885130167
744,0.37588590383529663
745,0.45349496603012085
746,0.012111840769648552
747,0.3569020926952362
748,0.37565380334854126
749,0.0005548567860387266
750,0.36783677339553833
751,0.38829612731933594
752,-0.0008393980679102242
753,0.35179442167282104
754,0.39411431550979614
755,0.009077901020646095
756,0.39653173089027405
757,0.4847167134284973
758,0.004542817361652851
759,0.38400697708129883
760,0.35233867168426514
761,-0.015320380218327045
762,0.36206984519958496
763,0.4481416344642639
764,0.02332266792654991
765,0.3723050653934479
766,0.46192893385887146
767,0.0188790000975132
768,0.36123791337013245
769,0.4244554042816162
770,0.014349049888551235
771,0.33413052558898926
772,0.39891597628593445
773,0.03852032870054245
774,0.35212886333465576
775,0.4262174367904663
776,0.022662006318569183
777,0.33132654428482056
778,0.4077267646789551
779,0.05846501141786575
780,0.36292755603790283
781,0.40316295623779297
782,0.004622710403054953
783,0.38930729031562805
784,0.3357506990432739
785,-0.016410354524850845
786,0.3895302712917328
787,0.36870887875556946
788,-0.033652130514383316
789,0.3845011293888092
790,0.37120577692985535
791,-0.024147916585206985
792,0.39266204833984375
793,0.361314982175827
794,-0.040113646537065506
795,0.3838651180267334
796,0.2872619032859802
797,-0.005168028641492128
798,0.3708406388759613
799,0.2818848490715027
800,-0.006711652502417564
801,0.3592657446861267
802,0.280958354473114
803,-0.005843004211783409
804,0.34977397322654724
805,0.28289252519607544
806,-0.0019255729857832193
807,0.34351712465286255
808,0.2875029444694519
809,0.0036458917893469334
810,0.34004732966423035
811,0.30578091740608215
812,0.017773142084479332
813,0.3204006552696228
814,0.3351491093635559
815,0.05738633871078491
816,0.3463134765625
817,0.320780485868454
818,0.01192525215446949
819,0.3545759618282318
820,0.32390347123146057
821,0.006773168221116066
822,0.3650720417499542
823,0.32344338297843933
824,0.0030349306762218475
825,0.37487244606018066
826,0.3205176293849945
827,0.001339748385362327
828,0.3823702335357666
829,0.31658774614334106
830,0.00014048049342818558
831,0.38747379183769226
832,0.31276735663414
833,-0.0006763350684195757
834,0.3221661150455475
835,0.3352053761482239
836,0.0886208638548851
837,0.38493773341178894
838,0.37404629588127136
839,-0.01984826847910881
840,0.3940662741661072
841,0.33862361311912537
842,-0.029040459543466568
843,0.3952467739582062
844,0.3696042597293854
845,-0.040310248732566833
846,0.40009284019470215
847,0.37492766976356506
848,-0.036825139075517654
849,0.39546915888786316
850,0.37119707465171814
851,-0.036134734749794006
852,0.3873976469039917
853,0.3773220181465149
854,-0.016853252425789833
855,0.4015361964702606
856,0.37613430619239807
857,-0.03904369845986366
858,0.40256696939468384
859,0.37810030579566956
860,-0.028919856995344162
861,0.3869107663631439
862,0.3037504255771637
863,0.002908887807279825
864,0.3913742005825043
865,0.30658116936683655
866,-0.002381745493039489
867,0.39371949434280396
868,0.3086278736591339
869,-0.008484174497425556
870,0.34948253631591797
871,0.2992710471153259
872,0.008846957236528397
873,0.34509655833244324
874,0.29595890641212463
875,0.009138757362961769
876,0.41418692469596863
877,0.3327762186527252
878,-0.03592045605182648
879,0.46616801619529724
880,0.30112224817276
881,0.005881291348487139
882,0.4163605570793152
883,0.3756732940673828
884,-0.02946401946246624
885,0.49533140659332275
886,0.2565912902355194
887,0.04084144905209541
888,0.4427223205566406
889,0.31164175271987915
890,-0.0014753183349967003
891,0.4508536458015442
892,0.3122405409812927
893,-0.0012193986913189292
894,0.4587786793708801
895,0.3114912211894989
896,0.000610480725299567
897,0.46937647461891174
898,0.30512213706970215
899,0.007082151249051094
900,0.435820072889328
901,0.30911746621131897
902,-0.0006159275071695447
903,0.4535175561904907
904,0.28426653146743774
905,-0.006016173399984837
906,0.4446816146373749
907,0.2850029468536377
908,-0.0056697530671954155
909,0.46168947219848633
910,0.2857600450515747
911,-0.0035497769713401794
912,0.46716463565826416
913,0.28926438093185425
914,-0.00023161691206041723
915,0.47607603669166565
916,0.31239861249923706
917,0.011186821386218071
918,0.44356459379196167
919,0.47358399629592896
920,0.009866740554571152
921,0.46916911005973816
922,0.298481285572052
923,0.008271831087768078
924,0.4996919333934784
925,0.3057945668697357
926,0.046995893120765686
927,0.4850277900695801
928,0.30496978759765625
929,0.018777912482619286
930,0.4507320821285248
931,0.3586186468601227
932,-0.007105350494384766
933,0.4215521216392517
934,0.40593022108078003
935,-0.021155498921871185
936,0.42068102955818176
937,0.417955219745636
938,-0.016983425244688988
939,0.4330403208732605
940,0.4087141156196594
941,-0.01613718457520008
942,0.4401019811630249
943,0.4128733277320862
944,-0.009090526029467583
945,0.4287739396095276
946,0.41807931661605835
947,-0.013517757877707481
948,0.43480542302131653
949,0.41890770196914673
950,-0.006941241677850485
951,0.450773149728775
952,0.43330883979797363
953,0.007021505385637283
954,0.41474294662475586
955,0.37084871530532837
956,-0.04480303078889847
957,0.41543352603912354
958,0.3594774305820465
959,-0.04780101776123047
960,0.47924962639808655
961,0.2787388563156128
962,0.0005045637371949852
963,0.43317198753356934
964,0.33066603541374207
965,-0.009564745239913464
966,0.435317724943161
967,0.36556339263916016
968,-0.024722006171941757
969,0.43590041995048523
970,0.3593633472919464
971,-0.02236856520175934
972,0.47464704513549805
973,0.3562639355659485
974,0.002175772562623024
975,0.41476261615753174
976,0.34499552845954895
977,-0.043427400290966034
978,0.4592072665691376
979,0.2687010169029236
980,-0.013989198952913284
981,0.47093507647514343
982,0.27165812253952026
983,-0.007973931729793549
984,0.48704078793525696
985,0.2368108630180359
986,0.023763420060276985
987,0.423478901386261
988,0.2788102626800537
989,-0.019523276016116142
990,0.43715542554855347
991,0.2885180115699768
992,-0.00274272751994431
993,0.4561268389225006
994,0.4197215437889099
995,0.007269970141351223
996,0.4928392469882965
997,0.4122997522354126
998,0.0757574588060379
999,0.42949187755584717
1000,0.37211233377456665
1001,-0.020990904420614243
1002,0.422590970993042
1003,0.37621721625328064
1004,-0.021502777934074402
1005,0.4485161304473877
1006,0.42148327827453613
1007,0.00666537182405591
1008,0.4442060589790344
1009,0.4213646650314331
1010,0.00462157279253006
1011,0.47533008456230164
1012,0.26392439007759094
1013,-0.004300773609429598
1014,0.4360683858394623
1015,0.37022900581359863
1016,-0.01983991079032421
1017,0.44360753893852234
1018,0.27034687995910645
1019,-0.01801862195134163
1020,0.444892555475235
1021,0.26066550612449646
1022,-0.020318390801548958
1023,0.45325446128845215
1024,0.21065251529216766
1025,-0.008218604139983654
1026,0.4808671474456787
1027,0.24970513582229614
1028,0.0078073712065815926
1029,0.448116272687912
1030,0.23445403575897217
1031,-0.01481677033007145
1032,0.48409396409988403
1033,0.27317699790000916
1034,0.007216763682663441
1035,0.4897089898586273
1036,0.2653237581253052
1037,0.023129824548959732
1038,0.42132648825645447
1039,0.4129035472869873
1040,-0.01998530514538288
1041,0.4307483732700348
1042,0.4143434762954712
1043,-0.015142195858061314
1044,0.43754491209983826
1045,0.416024774312973
1046,-0.008669006638228893
1047,0.42754465341567993
1048,0.3742457330226898
1049,-0.01923319324851036
1050,0.4464091658592224
1051,0.4216099977493286
1052,0.005492493510246277
1053,0.4431174099445343
1054,0.42783278226852417
1055,0.0017318192403763533
1056,0.4429280161857605
1057,0.42080625891685486
1058,0.004336072597652674
1059,0.4243561923503876
1060,0.36934328079223633
1061,-0.03294770047068596
1062,0.43306872248649597
1063,0.41820472478866577
1064,-0.005612063687294722
1065,0.427075058221817
1066,0.4186198115348816
1067,-0.010152583941817284
1068,0.4198307693004608
1069,0.4194111227989197
1070,-0.013414420187473297
1071,0.42478904128074646
1072,0.46274781227111816
1073,1.7803966329665855e-05
1074,0.42407944798469543
1075,0.45393630862236023
1076,-0.009159119799733162
1077,0.4231741428375244
1078,0.44686099886894226
1079,-0.011121125891804695
1080,0.42198818922042847
1081,0.4397854506969452
1082,-0.009842604398727417
1083,0.4208958148956299
1084,0.4349305033683777
1085,-0.008755536749958992
1086,0.4346892535686493
1087,0.42907920479774475
1088,-0.0019842798355966806
1089,0.43636420369148254
1090,0.4308359920978546
1091,-0.003099423833191395
1092,0.43885141611099243
1093,0.4341598451137543
1094,-0.003627360798418522
1095,0.4408763647079468
1096,0.4378071427345276
1097,-0.0018010558560490608
1098,0.4458822011947632
1099,0.3998296856880188
1100,-0.007162247318774462
1101,0.5007569193840027
1102,0.3552168309688568
1103,0.08392374962568283
1104,0.4384622275829315
1105,0.4261797070503235
1106,0.0021405916195362806
1107,0.4407222270965576
1108,0.4267553389072418
1109,0.0014641970628872514
1110,0.4200149476528168
1111,0.38146644830703735
1112,-0.02123996987938881
1113,0.43365195393562317
1114,0.377122163772583
1115,-0.01305851899087429
1116,0.42124128341674805
1117,0.3789542615413666
1118,-0.02169317565858364
1119,0.4420572817325592
1120,0.33666855096817017
1121,-0.006641486659646034
1122,0.45552101731300354
1123,0.3437049686908722
1124,-0.004484621807932854
1125,0.4376526474952698
1126,0.36413323879241943
1127,-0.017380479723215103
1128,0.4736730456352234
1129,0.22095879912376404
1130,0.006401970516890287
1131,0.4675951898097992
1132,0.2388731837272644
1133,-0.004397818818688393
1134,0.4618537425994873
1135,0.2591339349746704
1136,-0.012933068908751011
1137,0.44443947076797485
1138,0.4441835582256317
1139,0.004276510793715715
1140,0.4258834719657898
1141,0.26377129554748535
1142,-0.0237126462161541
1143,0.4283366799354553
1144,0.23380449414253235
1145,-0.02033872716128826
1146,0.4312644302845001
1147,0.2061513215303421
1148,-0.01625894196331501
1149,0.4655555486679077
1150,0.3092397451400757
1151,0.003925425000488758
1152,0.48487281799316406
1153,0.32004788517951965
1154,0.016015220433473587
1155,0.4314751923084259
1156,0.3064071834087372
1157,0.00046304138959385455
1158,0.476043701171875
1159,0.2922564148902893
1160,0.006600274704396725
1161,0.42697566747665405
1162,0.3236948847770691
1163,-0.012857867404818535
1164,0.429638534784317
1165,0.36211949586868286
1166,-0.03302907198667526
1167,0.4935149550437927
1168,0.3274100124835968
1169,0.025250442326068878
1170,0.4794136583805084
1171,0.32799476385116577
1172,0.009180232882499695
1173,0.4691137969493866
1174,0.33243969082832336
1175,0.0021373326890170574
1176,0.45353198051452637
1177,0.33126839995384216
1178,-0.00141951534897089
1179,0.4419161379337311
1180,0.32707491517066956
1181,-0.0029535088688135147
1182,0.4332590401172638
1183,0.3222280442714691
1184,-0.005342802498489618
1185,0.4150453507900238
1186,0.3093406856060028
1187,-0.02236805483698845
1188,0.492826908826828
1189,0.3511730432510376
1190,0.02424486353993416
1191,0.4827072024345398
1192,0.2905733585357666
1193,0.010022091679275036
1194,0.4124327301979065
1195,0.37665030360221863
1196,-0.040498510003089905
1197,0.432941734790802
1198,0.3419276475906372
1199,-0.012376131489872932
1200,0.5019640922546387
1201,0.3043564260005951
1202,0.07431447505950928
1203,0.42671316862106323
1204,0.31646841764450073
1205,-0.006827028002589941
1206,0.4386500418186188
1207,0.3645809292793274
1208,-0.008553068153560162
1209,0.47190508246421814
1210,0.299140989780426
1211,0.009699814952909946
1212,0.4300345480442047
1213,0.3545011878013611
1214,-0.0301199983805418
1215,0.4985051453113556
1216,0.38284966349601746
1217,0.0820191502571106
1218,0.4316316246986389
1219,0.30220645666122437
1220,0.0024341680109500885
1221,0.42243850231170654
1222,0.348583459854126
1223,-0.03844694420695305
1224,0.4760501980781555
1225,0.44197672605514526
1226,0.03604893386363983
1227,0.4757411777973175
1228,0.45447826385498047
1229,0.050745923072099686
1230,0.5005994439125061
1231,0.3538195788860321
1232,0.05390666425228119
1233,0.4855395555496216
1234,0.42559173703193665
1235,0.04415314644575119
1236,0.49489736557006836
1237,0.28366583585739136
1238,0.037277672439813614
1239,0.44512808322906494
1240,0.4844101071357727
1241,0.015059043653309345
1242,0.41187548637390137
1243,0.3786071538925171
1244,-0.029073750600218773
1245,0.440740704536438
1246,0.3497152328491211
1247,-0.009031333029270172
1248,0.49199697375297546
1249,0.3067009449005127
1250,0.02701687067747116
1251,0.4578581750392914
1252,0.3047260046005249
1253,0.001399728818796575
1254,0.4507303237915039
1255,0.3058474361896515
1256,-0.00043037463910877705
1257,0.4454580545425415
1258,0.42932605743408203
1259,0.003058762289583683
1260,0.49178600311279297
1261,0.3743371367454529
1262,0.02849571965634823
1263,0.4307556450366974
1264,0.50102698802948
1265,0.018250931054353714
1266,0.45449134707450867
1267,0.4825435280799866
1268,0.03236529603600502
1269,0.4643760323524475
1270,0.4707760214805603
1271,0.040499988943338394
1272,0.4438880383968353
1273,0.30548641085624695
1274,-0.0006671525188721716
1275,0.43745553493499756
1276,0.303923100233078
1277,0.0005315690068528056
1278,0.4334915578365326
1279,0.3031265139579773
1280,0.0021869842894375324
1281,0.4884940981864929
1282,0.2877143323421478
1283,0.018047332763671875
1284,0.4385034143924713
1285,0.29453450441360474
1286,-0.0011048292508348823
1287,0.44549497961997986
1288,0.2914890646934509
1289,-0.0029210366774350405
1290,0.45259159803390503
1291,0.29075589776039124
1292,-0.0027504588942974806
1293,0.45975399017333984
1294,0.29228347539901733
1295,-0.0008776952163316309
1296,0.46428850293159485
1297,0.2949102222919464
1298,0.0018977001309394836
1299,0.49993863701820374
1300,0.2777021527290344
1301,0.05929654836654663
1302,0.46270784735679626
1303,0.3029963970184326
1304,0.003752215998247266
1305,0.43824997544288635
1306,0.3934239447116852
1307,-0.012429432012140751
1308,0.42941245436668396
1309,0.3705151081085205
1310,-0.024340681731700897
1311,0.42168888449668884
1312,0.3909251391887665
1313,-0.019994718953967094
1314,0.46593713760375977
1315,0.4581253230571747
1316,0.030114535242319107
1317,0.4559389650821686
1318,0.4711531102657318
1319,0.023199502378702164
1320,0.4309055507183075
1321,0.4942668676376343
1322,0.008034965954720974
1323,0.4847342073917389
1324,0.4365238547325134
1325,0.06370089948177338
1326,0.43370741605758667
1327,0.2991092801094055
1328,0.000913575931917876
1329,0.4210311770439148
1330,0.3273821175098419
1331,-0.02394845336675644
1332,0.4436643421649933
1333,0.49320101737976074
1334,0.02371807023882866
1335,0.49834635853767395
1336,0.3793838620185852
1337,0.054484572261571884
1338,0.4284835755825043
1339,0.43228989839553833
1340,-0.0058793420903384686
1341,0.4302256107330322
1342,0.43574509024620056
1343,-0.006884855683892965
1344,0.43217018246650696
1345,0.4410460591316223
1346,-0.007522345520555973
1347,0.4337289035320282
1348,0.4472672641277313
1349,-0.005672893021255732
1350,0.4361591637134552
1351,0.45473867654800415
1352,0.0011734867002815008
1353,0.4404056668281555
1354,0.41960588097572327
1355,-0.0010525977704674006
1356,0.443104088306427
1357,0.4184209406375885
1358,-0.0011284849606454372
1359,0.44554683566093445
1360,0.41641390323638916
1361,-0.0012579136528074741
1362,0.4523389935493469
1363,0.40857481956481934
1364,-0.00022444587375503033
1365,0.4811784327030182
1366,0.38102826476097107
1367,0.01250059437006712
1368,0.420845627784729
1369,0.3158121109008789
1370,-0.017078332602977753
1371,0.42489710450172424
1372,0.2950380742549896
1373,-0.0037506904918700457
1374,0.43012577295303345
1375,0.29621556401252747
1376,-0.0007358996663242579
1377,0.4382392466068268
1378,0.41817957162857056
1379,-0.00014159371494315565
1380,0.4822615683078766
1381,0.4090568423271179
1382,0.027424221858382225
1383,0.4175463616847992
1384,0.29487740993499756
1385,-0.014467708766460419
1386,0.44002169370651245
1387,0.46312591433525085
1388,0.006296856328845024
1389,0.4147419333457947
1390,0.3216649293899536
1391,-0.02988041192293167
1392,0.4275856912136078
1393,0.3447471261024475
1394,-0.023098114877939224
1395,0.42713454365730286
1396,0.47220900654792786
1397,0.002468578517436981
1398,0.4573519825935364
1399,0.4367985129356384
1400,0.011983990669250488
1401,0.44553443789482117
1402,0.3736463189125061
1403,-0.006159486249089241
1404,0.44978639483451843
1405,0.4512555003166199
1406,0.009798431769013405
1407,0.4635705053806305
1408,0.37200072407722473
1409,-0.003139867912977934
1410,0.4530937075614929
1411,0.38519740104675293
1412,-0.0036208934616297483
1413,0.4704124927520752
1414,0.3901831805706024
1415,0.004941004794090986
1416,0.4297106862068176
1417,0.48402655124664307
1418,0.003423162503167987
1419,0.43309852480888367
1420,0.3506213426589966
1421,-0.016824129968881607
1422,0.4636486768722534
1423,0.4453669786453247
1424,0.019991302862763405
1425,0.4538993239402771
1426,0.4599992334842682
1427,0.01634218543767929
1428,0.4630415737628937
1429,0.42082518339157104
1430,0.010723660700023174
1431,0.48968732357025146
1432,0.3943083882331848
1433,0.033144235610961914
1434,0.4725557267665863
1435,0.4226298928260803
1436,0.018439820036292076
1437,0.4939063787460327
1438,0.4032990336418152
1439,0.052812010049819946
1440,0.45961689949035645
1441,0.39955198764801025
1442,0.001207835623063147
1443,0.4268360137939453
1444,0.33451467752456665
1445,-0.01775614731013775
1446,0.4269568622112274
1447,0.367405503988266
1448,-0.0347614549100399
1449,0.4328681230545044
1450,0.3694736063480377
1451,-0.02545144595205784
1452,0.42284539341926575
1453,0.3603469133377075
1454,-0.0411485955119133
1455,0.43098345398902893
1456,0.28623101115226746
1457,-0.00690519018098712
1458,0.44401925802230835
1459,0.2802464962005615
1460,-0.009226123802363873
1461,0.4556131660938263
1462,0.2788308262825012
1463,-0.009167613461613655
1464,0.46540185809135437
1465,0.2801826298236847
1466,-0.006033001001924276
1467,0.47235429286956787
1468,0.2844286561012268
1469,-0.0007979178335517645
1470,0.477569043636322
1471,0.30213212966918945
1472,0.012856828048825264
1473,0.5012103319168091
1474,0.32950127124786377
1475,0.05088678002357483
1476,0.4716777205467224
1477,0.3171427845954895
1478,0.007486369926482439
1479,0.46327269077301025
1480,0.32064440846443176
1481,0.0028008632361888885
1482,0.452438622713089
1483,0.32100236415863037
1484,-0.00023615118698216975
1485,0.4420795440673828
1486,0.3187442421913147
1487,-0.0012305881828069687
1488,0.43409156799316406
1489,0.31531640887260437
1490,-0.0018087119096890092
1491,0.4285678267478943
1492,0.31187674403190613
1493,-0.0022515407763421535
1494,0.501495361328125
1495,0.3295424282550812
1496,0.08185773342847824
1497,0.4329301118850708
1498,0.3721911907196045
1499,-0.02113058604300022
1500,0.42105531692504883
1501,0.33767813444137573
1502,-0.030019178986549377
1503,0.420748770236969
1504,0.3687455654144287
1505,-0.041023705154657364
1506,0.41658687591552734
1507,0.3742618262767792
1508,-0.03724640607833862
1509,0.42098483443260193
1510,0.3702877163887024
1511,-0.03686792775988579
1512,0.4308657646179199
1513,0.3756888210773468
1514,-0.017961911857128143
1515,0.41503673791885376
1516,0.37560853362083435
1517,-0.039337001740932465
1518,0.41455894708633423
1519,0.3775944113731384
1520,-0.029217474162578583
1521,0.42866790294647217
1522,0.3030632436275482
1523,0.0012002579169347882
1524,0.4241395592689514
1525,0.30596697330474854
1526,-0.0036213435232639313
1527,0.4216112792491913
1528,0.3079773783683777
1529,-0.009521343745291233
1530,0.4670180082321167
1531,0.29693153500556946
1532,0.00464314129203558
1533,0.4713231921195984
1534,0.29311469197273254
1535,0.004659547936171293
1536,0.0
1537,0.0
1538,0.0
1539,0.0
1540,0.0
1541,0.0
1542,0.0
1543,0.0
1544,0.0
1545,0.0
1546,0.0
1547,0.0
1548,0.0
1549,0.0
1550,0.0
1551,0.0
1552,0.0
1553,0.0
1554,0.0
1555,0.0
1556,0.0
1557,0.0
1558,0.0
1559,0.0
1560,0.0
1561,0.0
1562,0.0
1563,0.0
1564,0.0
1565,0.0
1566,0.0
1567,0.0
1568,0.0
1569,0.0
1570,0.0
1571,0.0
1572,0.0
1573,0.0
1574,0.0
1575,0.0
1576,0.0
1577,0.0
1578,0.0
1579,0.0
1580,0.0
1581,0.0
1582,0.0
1583,0.0
1584,0.0
1585,0.0
1586,0.0
1587,0.0
1588,0.0
1589,0.0
1590,0.0
1591,0.0
1592,0.0
1593,0.0
1594,0.0
1595,0.0
1596,0.0
1597,0.0
1598,0.0
1599,0.0
1600,0.0
1601,0.0
1602,0.0
1603,0.0
1604,0.0
1605,0.0
1606,0.0
1607,0.0
1608,0.0
1609,0.0
1610,0.0
1611,0.0
1612,0.0
1613,0.0
1614,0.0
1615,0.0
1616,0.0
1617,0.0
1618,0.0
1619,0.0
1620,0.0
1621,0.0
1622,0.0
1623,0.0
1624,0.0
1625,0.0
1626,0.0
1627,0.0
1628,0.0
1629,0.0
1630,0.0
1631,0.0
1632,0.0
1633,0.0
1634,0.0
1635,0.0
1636,0.0
1637,0.0
1638,0.0
1639,0.0
1640,0.0
1641,0.0
1642,0.0
1643,0.0
1644,0.0
1645,0.0
1646,0.0
1647,0.0
1648,0.0
1649,0.0
1650,0.0
1651,0.0
1652,0.0
1653,0.0
1654,0.0
1655,0.0
1656,0.0
1657,0.0
1658,0.0
1659,0.0
1660,0.0
1661,0.0
