,0
0,0.4154566824436188
1,0.3097469210624695
2,-0.9356046915054321
3,0.9999396800994873
4,0.4388100504875183
5,0.2567460238933563
6,-0.8595610857009888
7,0.9998753070831299
8,0.4536578059196472
9,0.2582325339317322
10,-0.8595377206802368
11,0.999896764755249
12,0.46646279096603394
13,0.2592602074146271
14,-0.8588792085647583
15,0.9998525381088257
16,0.3867592215538025
17,0.25895199179649353
18,-0.867205798625946
19,0.9998910427093506
20,0.36932000517845154
21,0.2615470588207245
22,-0.8666011691093445
23,0.9999123811721802
24,0.3537018597126007
25,0.26376017928123474
26,-0.8669306039810181
27,0.999901294708252
28,0.4856942594051361
29,0.2931516766548157
30,-0.4233371317386627
31,0.9998500347137451
32,0.3324066996574402
33,0.29728761315345764
34,-0.44931069016456604
35,0.9999234676361084
36,0.44786208868026733
37,0.37512680888175964
38,-0.7793227434158325
39,0.9998481869697571
40,0.38701075315475464
41,0.37725383043289185
42,-0.7863930463790894
43,0.9998826384544373
44,0.629351019859314
45,0.6736581921577454
46,-0.14897969365119934
47,0.9985820055007935
48,0.20099246501922607
49,0.6776556372642517
50,-0.2772216200828552
51,0.9989703297615051
52,0.7333379983901978
53,1.1480249166488647
54,-0.4468234181404114
55,0.6986673474311829
56,0.09197302162647247
57,1.1779862642288208
58,-0.6706920862197876
59,0.8895551562309265
60,0.572888970375061
61,0.9967948198318481
62,-1.1469666957855225
63,0.8366100788116455
64,0.23821401596069336
65,0.9675180912017822
66,-1.5350667238235474
67,0.9515885710716248
68,0.5405934453010559
69,0.9423254132270813
70,-1.283681869506836
71,0.8208403587341309
72,0.2824878394603729
73,0.8821824789047241
74,-1.7015008926391602
75,0.9265424013137817
76,0.5204804539680481
77,0.8764448165893555
78,-1.2400933504104614
79,0.851168692111969
80,0.2843121886253357
81,0.8213196992874146
82,-1.6656774282455444
83,0.9382835030555725
84,0.5235406756401062
85,0.8891645669937134
86,-1.1488261222839355
87,0.8296294212341309
88,0.28372907638549805
89,0.8416622281074524
90,-1.539337158203125
91,0.9280980229377747
92,0.5611386895179749
93,1.4042298793792725
94,-0.016828397288918495
95,0.004513507708907127
96,0.2726455330848694
97,1.4081380367279053
98,0.021091744303703308
99,0.004685484804213047
100,0.5404250621795654
101,2.0135817527770996
102,0.079434335231781
103,0.0011646454222500324
104,0.27115222811698914
105,2.021897315979004
106,0.050576549023389816
107,0.0006498967413790524
108,0.5404109358787537
109,2.5491507053375244
110,0.7409368753433228
111,0.00011895567877218127
112,0.2843913435935974
113,2.5501997470855713
114,0.4991014897823334
115,1.3229198884801008e-05
116,0.5487797856330872
117,2.630465507507324
118,0.7684668898582458
119,8.303148206323385e-05
120,0.27601927518844604
121,2.624220371246338
122,0.523838996887207
123,2.597987804620061e-05
124,0.5089315176010132
125,2.7132866382598877
126,0.16345234215259552
127,0.00012487381172832102
128,0.33278733491897583
129,2.72585391998291
130,-0.1313020884990692
131,6.964564818190411e-05
132,0.4016698896884918
133,0.3426175117492676
134,-0.03595409542322159
135,0.3983182907104492
136,0.299698144197464
137,-0.04710197448730469
138,0.4002031683921814
139,0.3174454867839813
140,-0.03049148991703987
141,0.3915514647960663
142,0.2684478759765625
143,-0.027554495260119438
144,0.39789143204689026
145,0.2876616418361664
146,-0.04750382900238037
147,0.3979898691177368
148,0.27496108412742615
149,-0.04103058576583862
150,0.3990647792816162
151,0.2481861412525177
152,-0.009836584329605103
153,0.34396612644195557
154,0.2609296441078186
155,0.025130417197942734
156,0.39931720495224
157,0.22645634412765503
158,0.0021520545706152916
159,0.3991067111492157
160,0.21235617995262146
161,0.004787984769791365
162,0.39848577976226807
163,0.16557297110557556
164,0.02868187241256237
165,0.4020092189311981
166,0.34861642122268677
167,-0.036228474229574203
168,0.4024450480937958
169,0.35447221994400024
170,-0.03462078049778938
171,0.402840256690979
172,0.3579792380332947
173,-0.03185727074742317
174,0.4040147662162781
175,0.3901982307434082
176,-0.025924155488610268
177,0.40409794449806213
178,0.3959387242794037
179,-0.028085997328162193
180,0.40431448817253113
181,0.4031485915184021
182,-0.030518606305122375
183,0.40463611483573914
184,0.4110075533390045
185,-0.029291385784745216
186,0.4052610993385315
187,0.4218613803386688
188,-0.023038238286972046
189,0.3988705277442932
190,0.307510644197464
191,-0.0442429818212986
192,0.3916935920715332
193,0.3100349009037018
194,-0.03360147029161453
195,0.3206382095813751
196,0.23545290529727936
197,0.07648418843746185
198,0.3661053776741028
199,0.2667909264564514
200,0.014460699632763863
201,0.35836657881736755
202,0.26869484782218933
203,0.014956416562199593
204,0.35096901655197144
205,0.2691684365272522
206,0.017393607646226883
207,0.34094899892807007
208,0.26576733589172363
209,0.02525436505675316
210,0.37261685729026794
211,0.26285308599472046
212,0.015359972603619099
213,0.35541290044784546
214,0.23753494024276733
215,0.016643991693854332
216,0.3639128804206848
217,0.23771119117736816
218,0.01685344986617565
219,0.34749898314476013
220,0.24020229279994965
221,0.01892690919339657
222,0.3422878384590149
223,0.2454024851322174
224,0.02194380573928356
225,0.33524182438850403
226,0.2742655277252197
227,0.027721695601940155
228,0.37296682596206665
229,0.43442678451538086
230,-0.017830928787589073
231,0.34143364429473877
232,0.2591196596622467
233,0.028374990448355675
234,0.31613361835479736
235,0.2814215421676636
236,0.06587797403335571
237,0.32745757699012756
238,0.2699349522590637
239,0.03810582309961319
240,0.3597315847873688
241,0.3076058030128479
242,-0.005673873238265514
243,0.38978907465934753
244,0.3421064019203186
245,-0.033979788422584534
246,0.3926747739315033
247,0.3560059666633606
248,-0.032831285148859024
249,0.3786465525627136
250,0.3495941758155823
251,-0.029154058545827866
252,0.3729265630245209
253,0.3588566780090332
254,-0.02222364954650402
255,0.38483643531799316
256,0.35968706011772156
257,-0.02857264131307602
258,0.3796434998512268
259,0.3648035526275635
260,-0.021967904642224312
261,0.36511939764022827
262,0.39066728949546814
263,-0.010997708886861801
264,0.3914092183113098
265,0.30027344822883606
266,-0.04612458497285843
267,0.39002102613449097
268,0.2890976369380951
269,-0.046337004750967026
270,0.331298291683197
271,0.23732011020183563
272,0.028142517432570457
273,0.3753862679004669
274,0.2789042294025421
275,-0.0004317316343076527
276,0.37208041548728943
277,0.30489227175712585
278,-0.0254402756690979
279,0.37162041664123535
280,0.30039793252944946
281,-0.02169615775346756
282,0.3371889591217041
283,0.31219038367271423
284,0.005652084946632385
285,0.3905572295188904
286,0.2772490084171295
287,-0.03829548880457878
288,0.3488014042377472
289,0.22023724019527435
290,0.015628404915332794
291,0.33821263909339905
292,0.22638869285583496
293,0.02163764089345932
294,0.3269427716732025
295,0.2115074247121811
296,0.06562269479036331
297,0.38287827372550964
298,0.22569063305854797
299,0.005704888142645359
300,0.3714182674884796
301,0.24092066287994385
302,0.018418852239847183
303,0.3595340847969055
304,0.3759174048900604
305,-0.007792387157678604
306,0.3266267478466034
307,0.3929469883441925
308,0.057056766003370285
309,0.3787980079650879
310,0.3107978403568268
311,-0.023690642789006233
312,0.38621896505355835
313,0.31430017948150635
314,-0.02652188017964363
315,0.3673182427883148
316,0.37756115198135376
317,-0.008687932044267654
318,0.3721270263195038
319,0.37719255685806274
320,-0.010858017019927502
321,0.33435261249542236
322,0.22116324305534363
323,0.028076978400349617
324,0.37242206931114197
325,0.31161966919898987
326,-0.0222313329577446
327,0.3634340763092041
328,0.21930459141731262
329,0.010185214690864086
330,0.36188003420829773
331,0.2107563316822052
332,0.010995196178555489
333,0.3550150990486145
334,0.17646975815296173
335,0.03935631364583969
336,0.3308235704898834
337,0.21570296585559845
338,0.04486788809299469
339,0.35910820960998535
340,0.19194073975086212
341,0.025259308516979218
342,0.32747137546539307
343,0.23535136878490448
344,0.037087857723236084
345,0.32416605949401855
346,0.23571787774562836
347,0.056320298463106155
348,0.39102107286453247
349,0.34959831833839417
350,-0.03425513952970505
351,0.3818426728248596
352,0.35520440340042114
353,-0.029286114498972893
354,0.37612155079841614
355,0.36176127195358276
356,-0.02281792461872101
357,0.38117146492004395
358,0.3133569359779358
359,-0.022829458117485046
360,0.36965033411979675
361,0.37765395641326904
362,-0.00992678478360176
363,0.37278544902801514
364,0.38473206758499146
365,-0.014404547400772572
366,0.37371826171875
367,0.3765195608139038
368,-0.01108307670801878
369,0.3827183246612549
370,0.3038029968738556
371,-0.03377629444003105
372,0.38193243741989136
373,0.36475858092308044
374,-0.021202677860856056
375,0.3872058689594269
376,0.36102136969566345
377,-0.026228172704577446
378,0.3942979574203491
379,0.3589578866958618
380,-0.03018421307206154
381,0.3920266032218933
382,0.42054852843284607
383,-0.02236165851354599
384,0.39183253049850464
385,0.40951958298683167
386,-0.027990633621811867
387,0.39240342378616333
388,0.40186139941215515
389,-0.02850545197725296
390,0.3934277594089508
391,0.39442670345306396
392,-0.025980278849601746
393,0.3945308327674866
394,0.389700710773468
395,-0.024071192368865013
396,0.38160574436187744
397,0.3857041597366333
398,-0.016669129952788353
399,0.37966302037239075
400,0.38752442598342896
401,-0.01828654296696186
402,0.3768550753593445
403,0.390895277261734
404,-0.01992412656545639
405,0.3745565414428711
406,0.3947644829750061
407,-0.01899636909365654
408,0.3666684627532959
409,0.3476305902004242
410,-0.017498072236776352
411,0.31789830327033997
412,0.33825790882110596
413,0.08402499556541443
414,0.3994833528995514
415,0.31209614872932434
416,-0.03502786159515381
417,0.37818074226379395
418,0.3831104040145874
419,-0.012961550615727901
420,0.375431627035141
421,0.3835257887840271
422,-0.014068960212171078
423,0.38905927538871765
424,0.3193121552467346
425,-0.028156839311122894
426,0.3758499026298523
427,0.3197224736213684
428,-0.018147611990571022
429,0.38768240809440613
430,0.3168979585170746
431,-0.02749602310359478
432,0.3669411540031433
433,0.28673073649406433
434,0.0007610988686792552
435,0.3545565605163574
436,0.29546210169792175
437,0.0017664444167166948
438,0.3706745505332947
439,0.30699169635772705
440,-0.018259156495332718
441,0.3375241756439209
442,0.19144809246063232
443,0.05197305604815483
444,0.34165191650390625
445,0.20063403248786926
446,0.03476462513208389
447,0.34613117575645447
448,0.21264800429344177
449,0.019998593255877495
450,0.3713838756084442
451,0.4016708731651306
452,-0.015326695516705513
453,0.38012564182281494
454,0.21151414513587952
455,0.0062629724852740765
456,0.3774583637714386
457,0.18880045413970947
458,0.019067658111453056
459,0.37461423873901367
460,0.16874924302101135
461,0.031229829415678978
462,0.344585120677948
463,0.26854249835014343
464,0.02132626250386238
465,0.3273802399635315
466,0.28362181782722473
467,0.030719226226210594
468,0.3768582046031952
469,0.25896066427230835
470,0.016975000500679016
471,0.3346139192581177
472,0.2523917257785797
473,0.029409261420369148
474,0.38120749592781067
475,0.27044469118118286
476,-0.0020309032406657934
477,0.37699487805366516
478,0.2979012131690979
479,-0.03235628083348274
480,0.31983059644699097
481,0.2945622205734253
482,0.03742934763431549
483,0.33197537064552307
484,0.28826484084129333
485,0.021209251135587692
486,0.3414382338523865
487,0.28903454542160034
488,0.012645945884287357
489,0.35617390275001526
490,0.28514784574508667
491,0.008557315915822983
492,0.36708691716194153
493,0.2793894410133362
494,0.00751754455268383
495,0.37560439109802246
496,0.2728157639503479
497,0.006291053723543882
498,0.391548752784729
499,0.2523554861545563
500,-0.0069026043638587
501,0.32033246755599976
502,0.316544771194458
503,0.029135258868336678
504,0.32904309034347534
505,0.25300848484039307
506,0.03420122712850571
507,0.3947644829750061
508,0.3075398802757263
509,-0.043595921248197556
510,0.3752712607383728
511,0.28746989369392395
512,-0.007079246453940868
513,0.3161602318286896
514,0.2882961332798004
515,0.0925372913479805
516,0.3817542493343353
517,0.26545482873916626
518,0.006449639797210693
519,0.3704201281070709
520,0.3097279965877533
521,-0.010050066746771336
522,0.3383271098136902
523,0.259992390871048
524,0.029823366552591324
525,0.3766983449459076
526,0.2924889028072357
527,-0.027730001136660576
528,0.3202468752861023
529,0.3647131621837616
530,0.07269374281167984
531,0.3770248293876648
532,0.25537800788879395
533,0.02047079987823963
534,0.38363397121429443
535,0.2836094796657562
536,-0.0342530757188797
537,0.3408176600933075
538,0.4103926420211792
539,0.01349805947393179
540,0.3420152962207794
541,0.42931053042411804
542,0.022137243300676346
543,0.31485915184020996
544,0.3278537094593048
545,0.05670638009905815
546,0.33211076259613037
547,0.3964288830757141
548,0.02491810731589794
549,0.320157915353775
550,0.257325142621994
551,0.0638856291770935
552,0.3714754581451416
553,0.4494384825229645
554,-0.01699318364262581
555,0.39617642760276794
556,0.31197017431259155
557,-0.03441472724080086
558,0.3684488832950592
559,0.29731595516204834
560,-0.005920347757637501
561,0.3217032849788666
562,0.2749093472957611
563,0.04615166038274765
564,0.3514437675476074
565,0.26256999373435974
566,0.019524158909916878
567,0.3582233488559723
568,0.2625524699687958
569,0.017226023599505424
570,0.370268315076828
571,0.3862817883491516
572,-0.01364088337868452
573,0.32239994406700134
574,0.34007373452186584
575,0.025428535416722298
576,0.38742101192474365
577,0.47043463587760925
578,-0.01977432705461979
579,0.3616630733013153
580,0.45366114377975464
581,-0.0008676788420416415
582,0.3521057367324829
583,0.44325047731399536
584,0.009422346018254757
585,0.39869242906570435
586,0.1876204013824463
587,0.016646865755319595
588,0.40710747241973877
589,0.4728718400001526
590,-0.022944878786802292
591,0.3647629916667938
592,0.26118841767311096
593,0.01695452257990837
594,0.37085723876953125
595,0.25880274176597595
596,0.0181606262922287
597,0.37487074732780457
598,0.2569696307182312
599,0.020168032497167587
600,0.3245094120502472
601,0.2539728581905365
602,0.043278876692056656
603,0.37063026428222656
604,0.2508375346660614
605,0.019015787169337273
606,0.364108681678772
607,0.24989378452301025
608,0.01805051602423191
609,0.3578339219093323
610,0.24991849064826965
611,0.018587319180369377
612,0.3512237071990967
613,0.2519056499004364
614,0.020409369841217995
615,0.34669309854507446
616,0.25478315353393555
617,0.02280326932668686
618,0.31725800037384033
619,0.25945916771888733
620,0.08704328536987305
621,0.34699028730392456
622,0.26187852025032043
623,0.022446153685450554
624,0.4008671045303345
625,0.3261350095272064
626,-0.030194224789738655
627,0.37272897362709045
628,0.3375403881072998
629,-0.021646389737725258
630,0.3782946765422821
631,0.3080686330795288
632,-0.025906261056661606
633,0.38842350244522095
634,0.32891902327537537
635,-0.02903091534972191
636,0.39942988753318787
637,0.23846660554409027
638,-0.0005599012365564704
639,0.3501337766647339
640,0.42527449131011963
641,0.003538647200912237
642,0.36017221212387085
643,0.4370936155319214
644,-0.006400955840945244
645,0.3869141638278961
646,0.4580006003379822
647,-0.026119684800505638
648,0.3343818783760071
649,0.41451889276504517
650,0.03881053999066353
651,0.3750462532043457
652,0.2532382607460022
653,0.020001934841275215
654,0.38592618703842163
655,0.26856696605682373
656,-0.013780742883682251
657,0.4065663516521454
658,0.4608488082885742
659,-0.028751090168952942
660,0.37292587757110596
661,0.46319514513015747
662,-0.011832054704427719
663,0.3177454471588135
664,0.35329049825668335
665,0.04883382096886635
666,0.3871901333332062
667,0.3879225254058838
668,-0.02056114748120308
669,0.38531678915023804
670,0.39137449860572815
671,-0.022216828539967537
672,0.3831740617752075
673,0.3969794809818268
674,-0.023924553766846657
675,0.38163959980010986
676,0.4036654829978943
677,-0.02344249188899994
678,0.37972086668014526
679,0.412554532289505
680,-0.01965593919157982
681,0.3752484917640686
682,0.37045422196388245
683,-0.015982363373041153
684,0.3719292879104614
685,0.36927926540374756
686,-0.015550334006547928
687,0.3690662086009979
688,0.3675064742565155
689,-0.015126663260161877
690,0.3621114492416382
691,0.36043500900268555
692,-0.011816618964076042
693,0.3327683210372925
694,0.3405887484550476
695,0.008486033417284489
696,0.3865934908390045
697,0.2606552541255951
698,-0.003768741386011243
699,0.3831084966659546
700,0.24534514546394348
701,0.015777213498950005
702,0.3784233629703522
703,0.24807801842689514
704,0.019122419878840446
705,0.3777262568473816
706,0.36896637082099915
707,-0.015565360896289349
708,0.33384305238723755
709,0.3734743595123291
710,0.014508368447422981
711,0.3894538879394531
712,0.24212506413459778
713,0.005055112298578024
714,0.3763163387775421
715,0.4218251407146454
716,-0.017996544018387794
717,0.3983667492866516
718,0.26563334465026855
719,-0.030196281149983406
720,0.3914092481136322
721,0.26074135303497314
722,-0.0175781287252903
723,0.3986988365650177
724,0.25714126229286194
725,-0.019401339814066887
726,0.3796505630016327
727,0.2855601906776428
728,-0.017979612573981285
729,0.40599390864372253
730,0.44607898592948914
731,-0.029116077348589897
732,0.4056021571159363
733,0.4319841265678406
734,-0.025640014559030533
735,0.39010074734687805
736,0.4301663041114807
737,-0.02361205220222473
738,0.358282208442688
739,0.3955668807029724
740,-0.007226374465972185
741,0.3652177155017853
742,0.3210163414478302
743,-0.009289692156016827
744,0.3660169541835785
745,0.41022253036499023
746,-0.012557389214634895
747,0.34878069162368774
748,0.3238212466239929
749,-0.004679726902395487
750,0.3594841957092285
751,0.3347519040107727
752,-0.009445508942008018
753,0.343837171792984
754,0.345554918050766
755,-0.0013765222392976284
756,0.3878859877586365
757,0.44354987144470215
758,-0.026411650702357292
759,0.37466174364089966
760,0.29394638538360596
761,-0.013886339031159878
762,0.35196924209594727
763,0.4078894853591919
764,-0.0021694120950996876
765,0.3621026873588562
766,0.4217400550842285
767,-0.009496082551777363
768,0.3525245189666748
769,0.3785991370677948
770,-0.004292715806514025
771,0.32571959495544434
772,0.3611234426498413
773,0.023678449913859367
774,0.34312036633491516
775,0.3842836618423462
776,0.0029635268729180098
777,0.32332372665405273
778,0.3766478896141052
779,0.03929160535335541
780,0.3549664616584778
781,0.3526926040649414
782,-0.007548466790467501
783,0.38077789545059204
784,0.27795884013175964
785,-0.010071123018860817
786,0.37979739904403687
787,0.30195969343185425
788,-0.03480647876858711
789,0.37472665309906006
790,0.3076867163181305
791,-0.027279436588287354
792,0.383124440908432
793,0.29267215728759766
794,-0.03967013582587242
795,0.376865953207016
796,0.23612719774246216
797,0.01580039970576763
798,0.3639020323753357
799,0.23054897785186768
800,0.015645785257220268
801,0.35265761613845825
802,0.23021824657917023
803,0.016221672296524048
804,0.34347400069236755
805,0.23396393656730652
806,0.019383041188120842
807,0.3373053967952728
808,0.2412574589252472
809,0.024006139487028122
810,0.3337897062301636
811,0.26469945907592773
812,0.03275397792458534
813,0.31438082456588745
814,0.3042755126953125
815,0.06173466518521309
816,0.3389832675457001
817,0.27712199091911316
818,0.02250334993004799
819,0.3467542827129364
820,0.27804696559906006
821,0.016763417050242424
822,0.3569454252719879
823,0.2765447497367859
824,0.01292110700160265
825,0.36682432889938354
826,0.27284544706344604
827,0.011839976534247398
828,0.3746890127658844
829,0.267854779958725
830,0.011938091367483139
831,0.38003090023994446
832,0.2630077302455902
833,0.01209178101271391
834,0.3170929551124573
835,0.31372007727622986
836,0.09130441397428513
837,0.375478595495224
838,0.31206145882606506
839,-0.02391786128282547
840,0.3853764832019806
841,0.27575239539146423
842,-0.02291145548224449
843,0.38572293519973755
844,0.30014854669570923
845,-0.04154584929347038
846,0.39101073145866394
847,0.3071238398551941
848,-0.04004174470901489
849,0.3860989511013031
850,0.3032446801662445
851,-0.03803091123700142
852,0.37819716334342957
853,0.3163885474205017
854,-0.022117434069514275
855,0.39227065443992615
856,0.30737990140914917
857,-0.042428430169820786
858,0.3935008645057678
859,0.3116048276424408
860,-0.034005068242549896
861,0.3799206614494324
862,0.25470492243766785
863,0.018644507974386215
864,0.38414832949638367
865,0.25600382685661316
866,0.012681049294769764
867,0.3863237500190735
868,0.25598809123039246
869,0.005898857023566961
870,0.3438056409358978
871,0.2569877505302429
872,0.025208519771695137
873,0.33856886625289917
874,0.2519463896751404
875,0.02617000788450241
876,0.405741810798645
877,0.2676745057106018
878,-0.02805599384009838
879,0.460288941860199
880,0.25486546754837036
881,0.02106480859220028
882,0.40754443407058716
883,0.30917495489120483
884,-0.034028060734272
885,0.4871435761451721
886,0.22589939832687378
887,0.0705748125910759
888,0.4371601641178131
889,0.26293429732322693
890,0.011783364228904247
891,0.44522783160209656
892,0.2640608251094818
893,0.011745685711503029
894,0.4530315399169922
895,0.2637598514556885
896,0.013686468824744225
897,0.4638206660747528
898,0.2592358887195587
899,0.020943064242601395
900,0.4302975833415985
901,0.2598343789577484
902,0.013272355310618877
903,0.4464525580406189
904,0.23285406827926636
905,0.013455809094011784
906,0.43784821033477783
907,0.23401790857315063
908,0.01433185301721096
909,0.454929381608963
910,0.23447394371032715
911,0.015362902544438839
912,0.46089738607406616
913,0.2391168475151062
914,0.0179341621696949
915,0.47013059258461
916,0.2670195400714874
917,0.023029785603284836
918,0.44012197852134705
919,0.43147170543670654
920,-0.019767602905631065
921,0.4630371630191803
922,0.2527134418487549
923,0.024182500317692757
924,0.4936426877975464
925,0.2717176675796509
926,0.05971953645348549
927,0.4786767363548279
928,0.26175346970558167
929,0.032995134592056274
930,0.44396206736564636
931,0.302819162607193
932,-0.008500793017446995
933,0.41402390599250793
934,0.34058651328086853
935,-0.03478870168328285
936,0.41296476125717163
937,0.3546496033668518
938,-0.03369084373116493
939,0.4269633889198303
940,0.34651803970336914
941,-0.03077152743935585
942,0.4346138536930084
943,0.35481134057044983
944,-0.024440862238407135
945,0.42192643880844116
946,0.3572089970111847
947,-0.03021477535367012
948,0.4284573495388031
949,0.3614109754562378
950,-0.024033237248659134
951,0.44632190465927124
952,0.3858036994934082
953,-0.013797279447317123
954,0.40554967522621155
955,0.29952892661094666
956,-0.04650034382939339
957,0.40632954239845276
958,0.2882094979286194
959,-0.04669132083654404
960,0.4721655547618866
961,0.22972509264945984
962,0.023461077362298965
963,0.4263749122619629
964,0.2761715054512024
965,-0.0022257345262914896
966,0.42814555764198303
967,0.30173957347869873
968,-0.027034103870391846
969,0.42886388301849365
970,0.29715609550476074
971,-0.023361412808299065
972,0.4685847759246826
973,0.30479738116264343
974,0.0010107492562383413
975,0.4059540331363678
976,0.27645576000213623
977,-0.038849178701639175
978,0.4519515037536621
979,0.2150839865207672
980,0.012230783700942993
981,0.4637336730957031
982,0.21987110376358032
983,0.0174401942640543
984,0.4781666398048401
985,0.2028338611125946
986,0.0602564662694931
987,0.4165143072605133
988,0.22428226470947266
989,0.004703293554484844
990,0.4305441677570343
991,0.23808720707893372
992,0.016416599974036217
993,0.4511617422103882
994,0.37028610706329346
995,-0.011054374277591705
996,0.4908197522163391
997,0.38491612672805786
998,0.05148020759224892
999,0.4218371510505676
1000,0.30842500925064087
1001,-0.025043442845344543
1002,0.41443827748298645
1003,0.31270256638526917
1004,-0.027160074561834335
1005,0.4433753490447998
1006,0.37244296073913574
1007,-0.011608938686549664
1008,0.43848055601119995
1009,0.3725779056549072
1010,-0.013393865898251534
1011,0.46788209676742554
1012,0.21407607197761536
1013,0.02367226406931877
1014,0.4289016127586365
1015,0.30843356251716614
1016,-0.02388729341328144
1017,0.4364269971847534
1018,0.21589304506778717
1019,0.007892093621194363
1020,0.43748947978019714
1021,0.20700043439865112
1022,0.00876004807651043
1023,0.4444572329521179
1024,0.17126017808914185
1025,0.03635190799832344
1026,0.47265660762786865
1027,0.20781558752059937
1028,0.04009479284286499
1029,0.440064936876297
1030,0.1875411868095398
1031,0.02260805107653141
1032,0.47660672664642334
1033,0.22711245715618134
1034,0.03202303126454353
1035,0.48169028759002686
1036,0.22692623734474182
1037,0.05081125721335411
1038,0.4137430191040039
1039,0.34811633825302124
1040,-0.035177864134311676
1041,0.4243863523006439
1042,0.35239377617836
1043,-0.030935663729906082
1044,0.43166622519493103
1045,0.3580094873905182
1046,-0.02499888464808464
1047,0.41977307200431824
1048,0.31119871139526367
1049,-0.023844899609684944
1050,0.44100213050842285
1051,0.37267985939979553
1052,-0.012655172497034073
1053,0.43779847025871277
1054,0.38034841418266296
1055,-0.016722194850444794
1056,0.4369827210903168
1057,0.37223488092422485
1058,-0.013638731092214584
1059,0.41616809368133545
1060,0.3019556701183319
1061,-0.03491883724927902
1062,0.4265000522136688
1063,0.36162450909614563
1064,-0.023134298622608185
1065,0.42001211643218994
1066,0.358810693025589
1067,-0.02769840881228447
1068,0.41206371784210205
1069,0.357699990272522
1070,-0.031065400689840317
1071,0.41887393593788147
1072,0.4191279113292694
1073,-0.023186001926660538
1074,0.41787853837013245
1075,0.4080244302749634
1076,-0.028974952176213264
1077,0.41668468713760376
1078,0.40054211020469666
1079,-0.029577119275927544
1080,0.4152653217315674
1081,0.39319658279418945
1082,-0.026965700089931488
1083,0.4139937162399292
1084,0.38853850960731506
1085,-0.025008194148540497
1086,0.42834213376045227
1087,0.38253846764564514
1088,-0.018571127206087112
1089,0.43032100796699524
1090,0.3841027319431305
1091,-0.020193662494421005
1092,0.4333619475364685
1093,0.3871650695800781
1094,-0.021863717585802078
1095,0.4359945058822632
1096,0.390871524810791
1097,-0.02104734256863594
1098,0.4399004578590393
1099,0.34311121702194214
1100,-0.019932197406888008
1101,0.4975395202636719
1102,0.3287786543369293
1103,0.07764735817909241
1104,0.43231770396232605
1105,0.3794234097003937
1106,-0.015131793916225433
1107,0.4350062608718872
1108,0.3795611560344696
1109,-0.016352824866771698
1110,0.41192740201950073
1111,0.31798622012138367
1112,-0.02877894602715969
1113,0.42649132013320923
1114,0.31679949164390564
1115,-0.019500818103551865
1116,0.41306570172309875
1117,0.31545108556747437
1118,-0.028059348464012146
1119,0.43564626574516296
1120,0.2829078435897827
1121,-0.0016772756353020668
1122,0.44912394881248474
1123,0.2901485860347748
1124,-0.0015914004761725664
1125,0.43069690465927124
1126,0.30352774262428284
1127,-0.020121974870562553
1128,0.46466442942619324
1129,0.18399284780025482
1130,0.04760723561048508
1131,0.4596135914325714
1132,0.19409099221229553
1133,0.030908551067113876
1134,0.4544432461261749
1135,0.20704545080661774
1136,0.016483521088957787
1137,0.4401152431964874
1138,0.3977718949317932
1139,-0.017666438594460487
1140,0.41864079236984253
1141,0.20973625779151917
1142,0.005114387255162001
1143,0.42058059573173523
1144,0.18649233877658844
1145,0.017837760969996452
1146,0.42314398288726807
1147,0.16586485505104065
1148,0.029691632837057114
1149,0.45989689230918884
1150,0.2624359130859375
1151,0.01713261380791664
1152,0.4788418412208557
1153,0.27532100677490234
1154,0.02553221769630909
1155,0.42581069469451904
1156,0.25653743743896484
1157,0.01518662553280592
1158,0.46970948576927185
1159,0.2451142966747284
1160,0.024815555661916733
1161,0.41975724697113037
1162,0.26838022470474243
1163,-0.0034928990062326193
1164,0.42180392146110535
1165,0.29548028111457825
1166,-0.0336240716278553
1167,0.4879341125488281
1168,0.2854457199573517
1169,0.03168780729174614
1170,0.47348952293395996
1171,0.2804405093193054
1172,0.016365375369787216
1173,0.4630790054798126
1174,0.2821773290634155
1175,0.008284617215394974
1176,0.44750115275382996
1177,0.28002607822418213
1178,0.005246362648904324
1179,0.43582403659820557
1180,0.27563393115997314
1181,0.004983040504157543
1182,0.42667025327682495
1183,0.27013492584228516
1184,0.0043678428046405315
1185,0.4073607921600342
1186,0.25159212946891785
1187,-0.007487052120268345
1188,0.48786669969558716
1189,0.30739015340805054
1190,0.023417513817548752
1191,0.47588789463043213
1192,0.24502211809158325
1193,0.02920427918434143
1194,0.40319252014160156
1195,0.3070123493671417
1196,-0.04387206211686134
1197,0.42609089612960815
1198,0.284705251455307
1199,-0.008718001656234264
1200,0.4964359998703003
1201,0.2784155607223511
1202,0.08601493388414383
1203,0.41984909772872925
1204,0.26352471113204956
1205,0.004987969528883696
1206,0.4318781793117523
1207,0.30616939067840576
1208,-0.011835867539048195
1209,0.4664088487625122
1210,0.25312578678131104
1211,0.02539984881877899
1212,0.42243507504463196
1213,0.2899894714355469
1214,-0.029060084372758865
1215,0.49624744057655334
1216,0.3557804822921753
1217,0.06676088273525238
1218,0.42580801248550415
1219,0.2530638575553894
1220,0.018611036241054535
1221,0.41406935453414917
1222,0.2819770872592926
1223,-0.035236239433288574
1224,0.47413700819015503
1225,0.40423744916915894
1226,0.009264816530048847
1227,0.475375771522522
1228,0.42358750104904175
1229,0.017939520999789238
1230,0.496798038482666
1231,0.31825271248817444
1232,0.05044857785105705
1233,0.482679545879364
1234,0.3891173005104065
1235,0.02007720060646534
1236,0.48765647411346436
1237,0.2480722963809967
1238,0.05809427797794342
1239,0.4427453577518463
1240,0.44655483961105347
1241,-0.018988359719514847
1242,0.4028293490409851
1243,0.31152579188346863
1244,-0.0345742404460907
1245,0.43404728174209595
1246,0.29353082180023193
1247,-0.00792753230780363
1248,0.4856220781803131
1249,0.26607322692871094
1250,0.04056999832391739
1251,0.45220309495925903
1252,0.2573784291744232
1253,0.015987040475010872
1254,0.44510939717292786
1255,0.25793376564979553
1256,0.01409886870533228
1257,0.4405471980571747
1258,0.3816480338573456
1259,-0.016068244352936745
1260,0.487470805644989
1261,0.3311837613582611
1262,0.019854100421071053
1263,0.427301824092865
1264,0.46904703974723816
1265,-0.0210147462785244
1266,0.45453861355781555
1267,0.4501343071460724
1268,-0.003686018055304885
1269,0.4647464454174042
1270,0.438767671585083
1271,0.005993199534714222
1272,0.43832874298095703
1273,0.2572830617427826
1274,0.014188230969011784
1275,0.43209773302078247
1276,0.2554965615272522
1277,0.01579814963042736
1278,0.42806845903396606
1279,0.2543407678604126
1280,0.018055714666843414
1281,0.4813135862350464
1282,0.24528548121452332
1283,0.03786676377058029
1284,0.4322510361671448
1285,0.24797329306602478
1286,0.016631092876195908
1287,0.43880942463874817
1288,0.24632613360881805
1289,0.015229982323944569
1290,0.44514286518096924
1291,0.24566328525543213
1292,0.015311860479414463
1293,0.45203834772109985
1294,0.2468220591545105
1295,0.016723496839404106
1296,0.4569963812828064
1297,0.24904000759124756
1298,0.0188759695738554
1299,0.492938369512558
1300,0.2496672123670578
1301,0.0807473435997963
1302,0.45698070526123047
1303,0.2562106251716614
1304,0.01855374313890934
1305,0.4318488836288452
1306,0.3339954912662506
1307,-0.023557446897029877
1308,0.42175278067588806
1309,0.30566373467445374
1310,-0.02705574780702591
1311,0.4140307307243347
1312,0.3273804187774658
1313,-0.029874704778194427
1314,0.4648387134075165
1315,0.42018264532089233
1316,0.00014852361346129328
1317,0.45463794469833374
1318,0.4332680404186249
1319,-0.009183290414512157
1320,0.4265679121017456
1321,0.4564046263694763
1322,-0.027241336181759834
1323,0.48319822549819946
1324,0.40768691897392273
1325,0.03381112962961197
1326,0.42765623331069946
1327,0.2507658898830414
1328,0.017906643450260162
1329,0.4131797254085541
1330,0.2671540677547455
1331,-0.014688683673739433
1332,0.4423614740371704
1333,0.46060454845428467
1334,-0.01393068302422762
1335,0.49530094861984253
1336,0.34409019351005554
1337,0.04292694106698036
1338,0.42200174927711487
1339,0.3856954276561737
1340,-0.022161448374390602
1341,0.42399072647094727
1342,0.38897019624710083
1343,-0.023740550503134727
1344,0.4263840913772583
1345,0.3942824602127075
1346,-0.025589292868971825
1347,0.42845749855041504
1348,0.40086424350738525
1349,-0.025040121749043465
1350,0.4315260648727417
1351,0.4097449779510498
1352,-0.021521206945180893
1353,0.43429505825042725
1354,0.36636558175086975
1355,-0.01838115230202675
1356,0.43742403388023376
1357,0.36485281586647034
1358,-0.018212024122476578
1359,0.44016599655151367
1360,0.36276260018348694
1361,-0.01778317615389824
1362,0.4466339945793152
1363,0.3552083373069763
1364,-0.014823270961642265
1365,0.47578543424606323
1366,0.33266761898994446
1367,0.0034781424328684807
1368,0.4133129417896271
1369,0.2593037486076355
1370,-0.00488880043849349
1371,0.41829633712768555
1372,0.24379226565361023
1373,0.014654155820608139
1374,0.42365097999572754
1375,0.24595364928245544
1376,0.017465779557824135
1377,0.43192216753959656
1378,0.3652271330356598
1379,-0.017894595861434937
1380,0.47810429334640503
1381,0.36589500308036804
1382,0.00970140565186739
1383,0.41040605306625366
1384,0.24124252796173096
1385,0.004368313122540712
1386,0.4359452426433563
1387,0.4189186990261078
1388,-0.019854245707392693
1389,0.40663233399391174
1390,0.2599791884422302
1391,-0.01806511916220188
1392,0.42005956172943115
1393,0.28338152170181274
1394,-0.019107457250356674
1395,0.4215291440486908
1396,0.4287499189376831
1397,-0.024499379098415375
1398,0.4537561535835266
1399,0.3904610872268677
1400,-0.010275611653923988
1401,0.43868327140808105
1402,0.3167881667613983
1403,-0.0115971053019166
1404,0.44642889499664307
1405,0.4061514139175415
1406,-0.015035513788461685
1407,0.45687517523765564
1408,0.31765127182006836
1409,-0.008402221836149693
1410,0.44644594192504883
1411,0.32973966002464294
1412,-0.012353187426924706
1413,0.4642404615879059
1414,0.3388986885547638
1415,-0.005449865013360977
1416,0.42456936836242676
1417,0.4419560432434082
1418,-0.027505313977599144
1419,0.4262084364891052
1420,0.2911215126514435
1421,-0.015415064990520477
1422,0.46122312545776367
1423,0.4025232791900635
1424,-0.005511413794010878
1425,0.45136165618896484
1426,0.41768890619277954
1427,-0.012100135907530785
1428,0.4585246443748474
1429,0.37261494994163513
1430,-0.008100402541458607
1431,0.4858478009700775
1432,0.3526800870895386
1433,0.018241750076413155
1434,0.4688592553138733
1435,0.3777940273284912
1436,-0.0012724623084068298
1437,0.4909237027168274
1438,0.3680917024612427
1439,0.0337417870759964
1440,0.45340022444725037
1441,0.34691691398620605
1442,-0.011154466308653355
1443,0.4194738268852234
1444,0.275858074426651
1445,-0.011317604221403599
1446,0.41893115639686584
1447,0.2997879981994629
1448,-0.035960353910923004
1449,0.4254893660545349
1450,0.30493417382240295
1451,-0.028658807277679443
1452,0.414250910282135
1453,0.2910401523113251
1454,-0.040636610239744186
1455,0.4242747724056244
1456,0.23400826752185822
1457,0.014183694496750832
1458,0.43707966804504395
1459,0.22696734964847565
1460,0.013288537971675396
1461,0.448629766702652
1462,0.2253284454345703
1463,0.01309413742274046
1464,0.45861780643463135
1465,0.22786301374435425
1466,0.015401353128254414
1467,0.46584516763687134
1468,0.2343800812959671
1469,0.019727353006601334
1470,0.4716048240661621
1471,0.2572726011276245
1472,0.027967916801571846
1473,0.4962696433067322
1474,0.2945531904697418
1475,0.055437684059143066
1476,0.4659869968891144
1477,0.27020588517189026
1478,0.018079033121466637
1479,0.4574674665927887
1480,0.2720153033733368
1481,0.01284044235944748
1482,0.4467584788799286
1483,0.27168554067611694
1484,0.009663144126534462
1485,0.4363274574279785
1486,0.2690231502056122
1487,0.009253247641026974
1488,0.4280700981616974
1489,0.2650165259838104
1490,0.010024528950452805
1491,0.4222836494445801
1492,0.26083338260650635
1493,0.010494775138795376
1494,0.49719178676605225
1495,0.30399104952812195
1496,0.0847252756357193
1497,0.4254903495311737
1498,0.30921125411987305
1499,-0.02529311552643776
1500,0.4129234850406647
1501,0.2742559611797333
1502,-0.023902634158730507
1503,0.41191890835762024
1504,0.29871177673339844
1505,-0.042357731610536575
1506,0.4075986444950104
1507,0.30614981055259705
1508,-0.040469564497470856
1509,0.4123346507549286
1510,0.3017657995223999
1511,-0.038818344473838806
1512,0.42341136932373047
1513,0.3138449192047119
1514,-0.02332160994410515
1515,0.4059216380119324
1516,0.3065952658653259
1517,-0.04277535900473595
1518,0.40562668442726135
1519,0.3109110891819
1520,-0.034264590591192245
1521,0.4225030541419983
1522,0.2526637613773346
1523,0.01703244261443615
1524,0.41760313510894775
1525,0.2544320821762085
1526,0.011456257663667202
1527,0.4145956337451935
1528,0.254614919424057
1529,0.004923224914819002
1530,0.46024981141090393
1531,0.251018762588501
1532,0.02111993357539177
1533,0.46540895104408264
1534,0.245136559009552
1535,0.021875891834497452
1536,0.51390141248703
1537,0.9546766877174377
1538,2.53639420577656e-09
1539,0.5424928069114685
1540,0.8982130289077759
1541,-0.0188941340893507
1542,0.5609086751937866
1543,0.8270849585533142
1544,-0.04243414103984833
1545,0.5595864653587341
1546,0.7649640440940857
1547,-0.059471625834703445
1548,0.5396695137023926
1549,0.7158377170562744
1550,-0.07977955788373947
1551,0.5533472895622253
1552,0.8615845441818237
1553,-0.09400676190853119
1554,0.502701997756958
1555,0.7676404714584351
1556,-0.12526161968708038
1557,0.4697205424308777
1558,0.7154466509819031
1559,-0.13775573670864105
1560,0.4456947147846222
1561,0.6770492792129517
1562,-0.14424873888492584
1563,0.5202341079711914
1564,0.9003400206565857
1565,-0.09669545292854309
1566,0.4670041501522064
1567,0.7860552668571472
1568,-0.12723277509212494
1569,0.4342297315597534
1570,0.7226337790489197
1571,-0.13556604087352753
1572,0.41242411732673645
1573,0.6802864670753479
1574,-0.14272832870483398
1575,0.48491889238357544
1576,0.9227738976478577
1577,-0.0960998386144638
1578,0.4370832145214081
1579,0.8145393133163452
1580,-0.1212623119354248
1581,0.40656572580337524
1582,0.7504558563232422
1583,-0.1243136003613472
1584,0.3852132260799408
1585,0.7043670415878296
1586,-0.12619322538375854
1587,0.45106077194213867
1588,0.930088460445404
1589,-0.09470106661319733
1590,0.41509854793548584
1591,0.8448541164398193
1592,-0.11551821231842041
1593,0.39460378885269165
1594,0.7953763604164124
1595,-0.11847876012325287
1596,0.37851327657699585
1597,0.7591520547866821
1598,-0.11975639313459396
1599,0.23357483744621277
1600,1.0071579217910767
1601,7.127259777917061e-07
1602,0.19945693016052246
1603,0.9397991299629211
1604,-0.012770366854965687
1605,0.18786859512329102
1606,0.852082371711731
1607,-0.029823189601302147
1608,0.19631418585777283
1609,0.7825081944465637
1610,-0.04354802146553993
1611,0.20804032683372498
1612,0.726628303527832
1613,-0.057935282588005066
1614,0.1935097873210907
1615,0.8591044545173645
1616,-0.061854179948568344
1617,0.24618911743164062
1618,0.7646819353103638
1619,-0.08855019509792328
1620,0.2814174294471741
1621,0.7122559547424316
1622,-0.09960060566663742
1623,0.3119587302207947
1624,0.6741726398468018
1625,-0.10381210595369339
1626,0.23031795024871826
1627,0.8933548927307129
1628,-0.06741711497306824
1629,0.285487562417984
1630,0.7817751169204712
1631,-0.09084866940975189
1632,0.3236236572265625
1633,0.7166014909744263
1634,-0.09787961095571518
1635,0.35447371006011963
1636,0.6711449027061462
1637,-0.10174325853586197
1638,0.26795127987861633
1639,0.9235596060752869
1640,-0.07110127806663513
1641,0.3149721622467041
1642,0.817922830581665
1643,-0.08970356732606888
1644,0.347839891910553
1645,0.7568540573120117
1646,-0.09301932901144028
1647,0.37124794721603394
1648,0.7127373218536377
1649,-0.09407487511634827
1650,0.3032635748386383
1651,0.9460997581481934
1652,-0.07447449117898941
1653,0.33507823944091797
1654,0.860379159450531
1655,-0.08753079921007156
1656,0.35566338896751404
1657,0.8144301176071167
1658,-0.08732475340366364
1659,0.3715353310108185
1660,0.7797217965126038
1661,-0.08590728044509888
