,0
0,0.41762858629226685
1,0.3106372058391571
2,-0.7826703786849976
3,0.9999397993087769
4,0.43977421522140503
5,0.25516390800476074
6,-0.717642068862915
7,0.9998871684074402
8,0.45302289724349976
9,0.25640541315078735
10,-0.7176713347434998
11,0.9999076724052429
12,0.46557480096817017
13,0.2581592798233032
14,-0.7171883583068848
15,0.9998740553855896
16,0.39216598868370056
17,0.25652065873146057
18,-0.7316591739654541
19,0.9998962879180908
20,0.3735025227069855
21,0.2578287422657013
22,-0.731113851070404
23,0.9999136924743652
24,0.3585541844367981
25,0.25863078236579895
26,-0.7314633131027222
27,0.9999022483825684
28,0.48363909125328064
29,0.29311278462409973
30,-0.3193185031414032
31,0.9998773336410522
32,0.3336453437805176
33,0.2883888781070709
34,-0.375466912984848
35,0.9999228119850159
36,0.4446037709712982
37,0.3707456588745117
38,-0.6360547542572021
39,0.9998838305473328
40,0.38756078481674194
41,0.3702598512172699
42,-0.654182493686676
43,0.9999035596847534
44,0.6090774536132812
45,0.6147116422653198
46,-0.06725059449672699
47,0.9991142153739929
48,0.22621086239814758
49,0.6131851077079773
50,-0.2139902561903
51,0.9991368651390076
52,0.712044894695282
53,0.9504830837249756
54,-0.5023573637008667
55,0.7407776713371277
56,0.11353670060634613
57,1.0097697973251343
58,-0.6657150983810425
59,0.8517753481864929
60,0.5520364046096802
61,0.8452586531639099
62,-1.2293767929077148
63,0.8267050385475159
64,0.2704868018627167
65,0.7733213901519775
66,-1.4551602602005005
67,0.8904538154602051
68,0.5222641825675964
69,0.71872878074646
70,-1.3697354793548584
71,0.8119986653327942
72,0.30196771025657654
73,0.6676811575889587
74,-1.6090567111968994
75,0.8672361969947815
76,0.5293528437614441
77,0.6565234661102295
78,-1.3002821207046509
79,0.8361795544624329
80,0.3013922870159149
81,0.6214123368263245
82,-1.5602343082427979
83,0.8822161555290222
84,0.5230300426483154
85,0.70790696144104
86,-1.2237621545791626
87,0.8170586228370667
88,0.30128127336502075
89,0.6583662629127502
90,-1.4523258209228516
91,0.8708781599998474
92,0.5381113290786743
93,1.3062586784362793
94,0.01213325746357441
95,0.011264873668551445
96,0.26417070627212524
97,1.3110142946243286
98,-0.007572395261377096
99,0.011179205030202866
100,0.5195757746696472
101,1.8864840269088745
102,0.01528079528361559
103,0.0016221007099375129
104,0.2622181475162506
105,1.8803406953811646
106,-0.13201743364334106
107,0.0008547264151275158
108,0.521076500415802
109,2.398192882537842
110,0.4516226649284363
111,0.00014431943418458104
112,0.2677616477012634
113,2.3907175064086914
114,0.1330154687166214
115,1.9789749785559252e-05
116,0.5293682813644409
117,2.467294454574585
118,0.4616474509239197
119,0.00012351378973107785
120,0.25828438997268677
121,2.459503173828125
122,0.14037415385246277
123,3.827022374025546e-05
124,0.4842281937599182
125,2.558645725250244
126,-0.07986189424991608
127,0.00015126142534427345
128,0.3059839606285095
129,2.5554771423339844
130,-0.4461089074611664
131,9.11866663955152e-05
132,0.4015641510486603
133,0.3312530517578125
134,-0.03710275888442993
135,0.4000794291496277
136,0.29058191180229187
137,-0.04660678282380104
138,0.40097978711128235
139,0.3076584041118622
140,-0.031139517202973366
141,0.3930912911891937
142,0.2624298632144928
143,-0.02663007192313671
144,0.39983493089675903
145,0.2795628607273102
146,-0.046762336045503616
147,0.39986923336982727
148,0.2682986557483673
149,-0.040040720254182816
150,0.40030956268310547
151,0.2439270317554474
152,-0.007994694635272026
153,0.34461137652397156
154,0.2554307281970978
155,0.024460282176733017
156,0.4004676043987274
157,0.2214149683713913
158,0.004721651319414377
159,0.4003913104534149
160,0.20737804472446442
161,0.007951034232974052
162,0.40034666657447815
163,0.16316364705562592
164,0.033007580786943436
165,0.40165162086486816
166,0.3370859622955322
167,-0.03730674088001251
168,0.4018153250217438
169,0.3429466784000397
170,-0.03576074540615082
171,0.40191465616226196
172,0.3464944064617157
173,-0.033152930438518524
174,0.40201377868652344
175,0.3785669803619385
176,-0.02624264732003212
177,0.4020557999610901
178,0.38407060503959656
179,-0.0285846758633852
180,0.4021173417568207
181,0.39078691601753235
182,-0.031186148524284363
183,0.4021812081336975
184,0.3976825177669525
185,-0.030487490817904472
186,0.402523398399353
187,0.40470826625823975
188,-0.02550596185028553
189,0.400338351726532
190,0.29793989658355713
191,-0.04404149577021599
192,0.39272230863571167
193,0.300709992647171
194,-0.03392520919442177
195,0.3203449845314026
196,0.22760282456874847
197,0.07586360722780228
198,0.3661840260028839
199,0.26162225008010864
200,0.014336070977151394
201,0.35860109329223633
202,0.2630637586116791
203,0.014728127047419548
204,0.35128575563430786
205,0.26308566331863403
206,0.016949363052845
207,0.3414247930049896
208,0.2594805061817169
209,0.024410855025053024
210,0.37265270948410034
211,0.2581523060798645
212,0.015535186044871807
213,0.3561878800392151
214,0.23144026100635529
215,0.016688715666532516
216,0.3646654188632965
217,0.23205646872520447
218,0.017305629327893257
219,0.348092645406723
220,0.23384952545166016
221,0.018809286877512932
222,0.3428054451942444
223,0.23897972702980042
224,0.02162068709731102
225,0.33542966842651367
226,0.26672428846359253
227,0.026632370427250862
228,0.3706205487251282
229,0.41153228282928467
230,-0.02142409421503544
231,0.34210002422332764
232,0.25369080901145935
233,0.027684427797794342
234,0.3157725930213928
235,0.2713720500469208
236,0.0637516975402832
237,0.3275620639324188
238,0.2617051601409912
239,0.036961596459150314
240,0.35973095893859863
241,0.298542857170105
242,-0.006999270990490913
243,0.3891811668872833
244,0.3306216299533844
245,-0.03550771251320839
246,0.39136481285095215
247,0.34424108266830444
248,-0.034415021538734436
249,0.37701255083084106
250,0.338299423456192
251,-0.030947990715503693
252,0.3703058063983917
253,0.3475825786590576
254,-0.02419990859925747
255,0.38278529047966003
256,0.34806278347969055
257,-0.03039691038429737
258,0.37680473923683167
259,0.3532879054546356
260,-0.023992108181118965
261,0.3612663149833679
262,0.3771570026874542
263,-0.013621563091874123
264,0.3932146430015564
265,0.29104045033454895
266,-0.04580743983387947
267,0.3918572962284088
268,0.2808530628681183
269,-0.0457114540040493
270,0.33208826184272766
271,0.23031382262706757
272,0.028141196817159653
273,0.37572091817855835
274,0.2724999785423279
275,-0.00037368209450505674
276,0.37282443046569824
277,0.29616621136665344
278,-0.02610963024199009
279,0.37218740582466125
280,0.29213884472846985
281,-0.02232608012855053
282,0.33725589513778687
283,0.3018221855163574
284,0.0038458388298749924
285,0.39234989881515503
286,0.2702483534812927
287,-0.03760145604610443
288,0.34971773624420166
289,0.21422317624092102
290,0.01705843210220337
291,0.33921000361442566
292,0.22005906701087952
293,0.02259998396039009
294,0.32688578963279724
295,0.2051261067390442
296,0.06611229479312897
297,0.38347968459129333
298,0.21999821066856384
299,0.007805556058883667
300,0.3720032274723053
301,0.2358340322971344
302,0.01890837587416172
303,0.35607147216796875
304,0.36349812150001526
305,-0.010238350369036198
306,0.32576167583465576
307,0.3743476867675781
308,0.052055176347494125
309,0.3793847858905792
310,0.30184242129325867
311,-0.02449568547308445
312,0.3866916298866272
313,0.30521172285079956
314,-0.027132702991366386
315,0.36303630471229553
316,0.3661320209503174
317,-0.011077466420829296
318,0.3677908480167389
319,0.36585116386413574
320,-0.01318584568798542
321,0.3353530764579773
322,0.2147200107574463
323,0.028982816264033318
324,0.3726942241191864
325,0.3027490973472595
326,-0.023161157965660095
327,0.364009290933609
328,0.213316410779953
329,0.012027610093355179
330,0.36270758509635925
331,0.20507633686065674
332,0.013146589510142803
333,0.3558957278728485
334,0.1721874326467514
335,0.04203910753130913
336,0.3312718868255615
337,0.2093638777732849
338,0.0456831231713295
339,0.3601076602935791
340,0.18726122379302979
341,0.02791213057935238
342,0.32812178134918213
343,0.227970153093338
344,0.036881253123283386
345,0.324323832988739
346,0.2281309962272644
347,0.05600530281662941
348,0.3900197148323059
349,0.3377680778503418
350,-0.035754017531871796
351,0.3799552321434021
352,0.34367427229881287
353,-0.03114231862127781
354,0.3733498752117157
355,0.3502782881259918
356,-0.024882256984710693
357,0.38160908222198486
358,0.30440211296081543
359,-0.02354557253420353
360,0.36535006761550903
361,0.36628973484039307
362,-0.012237707152962685
363,0.36846691370010376
364,0.3732130825519562
365,-0.016644909977912903
366,0.3694174587726593
367,0.365153044462204
368,-0.013397134840488434
369,0.3838939368724823
370,0.2946173846721649
371,-0.0340140163898468
372,0.3790515065193176
373,0.353382408618927
374,-0.023246198892593384
375,0.38508301973342896
376,0.3494168221950531
377,-0.02814486064016819
378,0.3927796185016632
379,0.34724706411361694
380,-0.03185570612549782
381,0.3890756666660309
382,0.40379947423934937
383,-0.02523323893547058
384,0.3887586295604706
385,0.3962949216365814
386,-0.02973930723965168
387,0.3895157277584076
388,0.3894766569137573
389,-0.02986409328877926
390,0.39069321751594543
391,0.38249555230140686
392,-0.027038173750042915
393,0.39194464683532715
394,0.37794849276542664
395,-0.024990493431687355
396,0.37786316871643066
397,0.3741838037967682
398,-0.01849351078271866
399,0.3758659064769745
400,0.375869482755661
401,-0.020214872434735298
402,0.3727767765522003
403,0.378976970911026
404,-0.02213199809193611
405,0.3702915906906128
406,0.3822941184043884
407,-0.02136548049747944
408,0.3649623990058899
409,0.33642131090164185
410,-0.019552476704120636
411,0.317205011844635
412,0.3240642547607422
413,0.08010569214820862
414,0.40063419938087463
415,0.30241653323173523
416,-0.0352480411529541
417,0.37415093183517456
418,0.3716181814670563
419,-0.01513009611517191
420,0.37129220366477966
421,0.3721050024032593
422,-0.016268286854028702
423,0.3892989158630371
424,0.3096136450767517
425,-0.029085885733366013
426,0.375669926404953
427,0.3104065954685211
428,-0.019427409395575523
429,0.38808494806289673
430,0.3075120449066162
431,-0.028146805241703987
432,0.3671712279319763
433,0.2795603573322296
434,0.0003113070852123201
435,0.3547236919403076
436,0.2871066629886627
437,0.0008712269482202828
438,0.37096062302589417
439,0.2984820306301117
440,-0.01915588229894638
441,0.33788493275642395
442,0.1861770749092102
443,0.05361781641840935
444,0.34241989254951477
445,0.19533531367778778
446,0.0365539975464344
447,0.3470724821090698
448,0.2067612111568451
449,0.021622275933623314
450,0.3679022789001465
451,0.38654401898384094
452,-0.01824169233441353
453,0.38101422786712646
454,0.2060917615890503
455,0.008950459770858288
456,0.37872129678726196
457,0.184860497713089
458,0.02246754989027977
459,0.3760145306587219
460,0.16532501578330994
461,0.03478260338306427
462,0.34496012330055237
463,0.26223617792129517
464,0.020621255040168762
465,0.32742148637771606
466,0.27479714155197144
467,0.029199903830885887
468,0.37699779868125916
469,0.2546083331108093
470,0.017252584919333458
471,0.3351376950740814
472,0.24551290273666382
473,0.028811391443014145
474,0.38169729709625244
475,0.264641672372818
476,-0.0015798803651705384
477,0.3781363368034363
478,0.2891978919506073
479,-0.03251781687140465
480,0.3198370635509491
481,0.2844458222389221
482,0.03538041561841965
483,0.33198410272598267
484,0.2795785963535309
485,0.01964901015162468
486,0.3414364457130432
487,0.2806766629219055
488,0.011339249089360237
489,0.35619810223579407
490,0.2777484953403473
491,0.007854570634663105
492,0.367095410823822
493,0.2728879153728485
494,0.007223477121442556
495,0.37568214535713196
496,0.2669909596443176
497,0.006457235664129257
498,0.3926127851009369
499,0.24765467643737793
500,-0.0053853667341172695
501,0.3203520178794861
502,0.3049585223197937
503,0.026645774021744728
504,0.3294784128665924
505,0.24542635679244995
506,0.033538661897182465
507,0.39624813199043274
508,0.2979876697063446
509,-0.04348945617675781
510,0.37571221590042114
511,0.2803362309932709
512,-0.007357010152190924
513,0.3154284656047821
514,0.27731746435165405
515,0.08977815508842468
516,0.3819783329963684
517,0.26015356183052063
518,0.006996495649218559
519,0.3704644739627838
520,0.3010629415512085
521,-0.011285016313195229
522,0.33876222372055054
523,0.25366950035095215
524,0.02907419018447399
525,0.3776129186153412
526,0.2844372093677521
527,-0.027822168543934822
528,0.3196587562561035
529,0.34832286834716797
530,0.0683230608701706
531,0.37725210189819336
532,0.2513543963432312
533,0.020737377926707268
534,0.3849712610244751
535,0.27609437704086304
536,-0.033891983330249786
537,0.3400231599807739
538,0.39036935567855835
539,0.00924673955887556
540,0.34115996956825256
541,0.4067581295967102
542,0.017201393842697144
543,0.3147367537021637
544,0.3147917687892914
545,0.05339362472295761
546,0.3312770426273346
547,0.37798070907592773
548,0.020655499771237373
549,0.32002830505371094
550,0.2487289309501648
551,0.06265844404697418
552,0.36959144473075867
553,0.422909140586853
554,-0.020925140008330345
555,0.3973150849342346
556,0.3022747337818146
557,-0.03472959250211716
558,0.36866647005081177
559,0.28939488530158997
560,-0.006689178757369518
561,0.3216018080711365
562,0.26583343744277954
563,0.0446041040122509
564,0.35198652744293213
565,0.25729674100875854
566,0.01908818632364273
567,0.3586234152317047
568,0.25751006603240967
569,0.01699642837047577
570,0.3658374547958374
571,0.37447354197502136
572,-0.015987176448106766
573,0.3222794234752655
574,0.32677528262138367
575,0.022372925654053688
576,0.38477498292922974
577,0.44032150506973267
578,-0.02384893223643303
579,0.36051350831985474
580,0.42653095722198486
581,-0.005410046316683292
582,0.35128098726272583
583,0.4182164669036865
584,0.004739276599138975
585,0.4003695845603943
586,0.18447470664978027
587,0.02050214819610119
588,0.4030391275882721
589,0.44265270233154297
590,-0.02651049755513668
591,0.3650321960449219
592,0.25649991631507874
593,0.016877969726920128
594,0.37100160121917725
595,0.2544289827346802
596,0.018231146037578583
597,0.37500888109207153
598,0.252819687128067
599,0.020399974659085274
600,0.32471349835395813
601,0.24578344821929932
602,0.04226711392402649
603,0.3711576461791992
604,0.2476806491613388
605,0.019195372238755226
606,0.36474522948265076
607,0.24701637029647827
608,0.0180805753916502
609,0.35872983932495117
610,0.24700140953063965
611,0.018501613289117813
612,0.3522934913635254
613,0.24841825664043427
614,0.020108677446842194
615,0.3476647138595581
616,0.25049734115600586
617,0.02229432761669159
618,0.3167363703250885
619,0.2503032982349396
620,0.08534464240074158
621,0.34761929512023926
622,0.25642168521881104
623,0.021803513169288635
624,0.401193231344223
625,0.31600648164749146
626,-0.031241824850440025
627,0.37167203426361084
628,0.32703548669815063
629,-0.023573143407702446
630,0.3791263699531555
631,0.29908624291419983
632,-0.02638753317296505
633,0.38819313049316406
634,0.31874412298202515
635,-0.03045148402452469
636,0.40053293108940125
637,0.23402607440948486
638,0.00149389891885221
639,0.3491617441177368
640,0.4031223952770233
641,-0.0005873959162272513
642,0.3588123619556427
643,0.41263753175735474
644,-0.010574884712696075
645,0.38419309258461
646,0.43070971965789795
647,-0.02981886826455593
648,0.333270400762558
649,0.394034743309021
650,0.03375318646430969
651,0.3753572106361389
652,0.2496139258146286
653,0.020242072641849518
654,0.38694190979003906
655,0.26267898082733154
656,-0.01295180432498455
657,0.40274783968925476
658,0.43304020166397095
659,-0.03203406557440758
660,0.37123408913612366
661,0.4341862201690674
662,-0.01615053415298462
663,0.3174048662185669
664,0.3382740318775177
665,0.04497344419360161
666,0.3840102255344391
667,0.37631723284721375
668,-0.022069545462727547
669,0.38199666142463684
670,0.3795889914035797
671,-0.023726558312773705
672,0.37964507937431335
673,0.38474130630493164
674,-0.02584124356508255
675,0.3779335618019104
676,0.3905407190322876
677,-0.025713393464684486
678,0.37645047903060913
679,0.396301805973053
680,-0.02272457256913185
681,0.371532142162323
682,0.359195739030838
683,-0.0181169044226408
684,0.36827531456947327
685,0.35804274678230286
686,-0.017716925591230392
687,0.3654803931713104
688,0.3563455641269684
689,-0.017232954502105713
690,0.35959047079086304
691,0.3488248586654663
692,-0.01397712156176567
693,0.33253660798072815
694,0.3277808725833893
695,0.005813633091747761
696,0.38729017972946167
697,0.255450963973999
698,-0.00282355141825974
699,0.38330012559890747
700,0.24071559309959412
701,0.01681126095354557
702,0.3787647783756256
703,0.24352633953094482
704,0.019692596048116684
705,0.37404438853263855
706,0.35782334208488464
707,-0.017817236483097076
708,0.3331640362739563
709,0.3577379882335663
710,0.011116611771285534
711,0.3901037871837616
712,0.23730716109275818
713,0.006496594753116369
714,0.3734086751937866
715,0.4024450182914734
716,-0.021468769758939743
717,0.40000835061073303
718,0.2599444091320038
719,-0.029023148119449615
720,0.3927235007286072
721,0.25544843077659607
722,-0.016260836273431778
723,0.4001770317554474
724,0.2523254156112671
725,-0.017820362001657486
726,0.38038280606269836
727,0.2783243656158447
728,-0.01783880591392517
729,0.4025513231754303
730,0.4217451810836792
731,-0.031962376087903976
732,0.4024915397167206
733,0.41156908869743347
734,-0.028327852487564087
735,0.3871038556098938
736,0.41030293703079224
737,-0.026675457134842873
738,0.3556155562400818
739,0.37985074520111084
740,-0.010248673148453236
741,0.36477863788604736
742,0.31144601106643677
743,-0.010871522128582
744,0.3631911277770996
745,0.3923152685165405
746,-0.01590660959482193
747,0.3486156761646271
748,0.31311050057411194
749,-0.006591764744371176
750,0.35857531428337097
751,0.32401955127716064
752,-0.01143481396138668
753,0.3433195650577545
754,0.3331097960472107
755,-0.003872153116390109
756,0.384983628988266
757,0.4199756979942322
758,-0.029657533392310143
759,0.3751523792743683
760,0.2862400710582733
761,-0.014283888041973114
762,0.35033541917800903
763,0.38890352845191956
764,-0.005716341082006693
765,0.35999441146850586
766,0.4004776179790497
767,-0.013168384321033955
768,0.35015690326690674
769,0.3645404577255249
770,-0.007076852489262819
771,0.3252473473548889
772,0.3461877107620239
773,0.020149284973740578
774,0.3418594002723694
775,0.3681419789791107
776,-0.00023705066996626556
777,0.322592556476593
778,0.35984089970588684
779,0.03500314801931381
780,0.3534247875213623
781,0.3408316969871521
782,-0.009804139845073223
783,0.3814370334148407
784,0.27147790789604187
785,-0.00983492936939001
786,0.3810388743877411
787,0.29284003376960754
788,-0.03496427461504936
789,0.3754989802837372
790,0.2987395226955414
791,-0.027938656508922577
792,0.3847362697124481
793,0.28412801027297974
794,-0.03936284780502319
795,0.37720787525177
796,0.2308480441570282
797,0.016950493678450584
798,0.3644752502441406
799,0.22453144192695618
800,0.01680794544517994
801,0.35337287187576294
802,0.22401168942451477
803,0.017139382660388947
804,0.344209760427475
805,0.2276279330253601
806,0.019763557240366936
807,0.3379696011543274
808,0.23474326729774475
809,0.024119939655065536
810,0.33407795429229736
811,0.2574178874492645
812,0.03185536339879036
813,0.3142003118991852
814,0.2928163707256317
815,0.058951545506715775
816,0.33908218145370483
817,0.2697082459926605
818,0.02136463113129139
819,0.346801221370697
820,0.2708314061164856
821,0.015992043539881706
822,0.3569425344467163
823,0.27003636956214905
824,0.012442096136510372
825,0.36679983139038086
826,0.26698970794677734
827,0.011589087545871735
828,0.3746444284915924
829,0.2625963091850281
830,0.012143990956246853
831,0.3800431489944458
832,0.2580932080745697
833,0.012452904134988785
834,0.3162892758846283
835,0.301093727350235
836,0.0878826156258583
837,0.3759388029575348
838,0.30307143926620483
839,-0.02477135695517063
840,0.3865812420845032
841,0.26910242438316345
842,-0.022405726835131645
843,0.3873492181301117
844,0.29098889231681824
845,-0.041454315185546875
846,0.3922472298145294
847,0.2977246642112732
848,-0.04005918279290199
849,0.38743191957473755
850,0.29401734471321106
851,-0.03806322067975998
852,0.37832045555114746
853,0.3072618246078491
854,-0.023046528920531273
855,0.3937317430973053
856,0.29791170358657837
857,-0.04235352948307991
858,0.39456334710121155
859,0.3020695149898529
860,-0.03431105241179466
861,0.38016724586486816
862,0.25037530064582825
863,0.01912250742316246
864,0.3842880427837372
865,0.2513575553894043
866,0.013435096479952335
867,0.386717289686203
868,0.25111961364746094
869,0.006916149985045195
870,0.3446248769760132
871,0.2520960569381714
872,0.024550754576921463
873,0.3390742540359497
874,0.2455378919839859
875,0.025611137971282005
876,0.40721601247787476
877,0.2622047960758209
878,-0.026760250329971313
879,0.45924869179725647
880,0.2534358501434326
881,0.023387517780065536
882,0.4085499942302704
883,0.30035799741744995
884,-0.03397662937641144
885,0.4861307442188263
886,0.22434887290000916
887,0.07450302690267563
888,0.4370001554489136
889,0.26020896434783936
890,0.013618960045278072
891,0.4448198676109314
892,0.2613791227340698
893,0.013866271823644638
894,0.45242470502853394
895,0.2611747086048126
896,0.015967445448040962
897,0.4628446400165558
898,0.257301926612854
899,0.02332315221428871
900,0.43030691146850586
901,0.2571503221988678
902,0.014997362159192562
903,0.44648462533950806
904,0.22988775372505188
905,0.015891097486019135
906,0.437957227230072
907,0.23084715008735657
908,0.016692696139216423
909,0.4548946022987366
910,0.23191514611244202
911,0.01793256588280201
912,0.4606107175350189
913,0.23694542050361633
914,0.020546207204461098
915,0.46929484605789185
916,0.2642911374568939
917,0.025389965623617172
918,0.4348866939544678
919,0.41040974855422974
920,-0.021804071962833405
921,0.46188071370124817
922,0.25162267684936523
923,0.026625199243426323
924,0.4914274513721466
925,0.2679607570171356
926,0.06216702610254288
927,0.4776161015033722
928,0.2589370608329773
929,0.03556365519762039
930,0.4436282217502594
931,0.2966812551021576
932,-0.007631857413798571
933,0.4138384163379669
934,0.3297775387763977
935,-0.03547608107328415
936,0.41226518154144287
937,0.3434675633907318
938,-0.034392669796943665
939,0.4264949858188629
940,0.33653420209884644
941,-0.03101705014705658
942,0.43356457352638245
943,0.3451598286628723
944,-0.02430417388677597
945,0.42113855481147766
946,0.34658336639404297
947,-0.030496157705783844
948,0.4272729456424713
949,0.35126155614852905
950,-0.02406233921647072
951,0.44346117973327637
952,0.3745439648628235
953,-0.013907731510698795
954,0.40702635049819946
955,0.29072362184524536
956,-0.04593764245510101
957,0.4080328643321991
958,0.280557781457901
959,-0.04580859839916229
960,0.47165364027023315
961,0.22785760462284088
962,0.02698892168700695
963,0.42676806449890137
964,0.271528035402298
965,-0.0008140114950947464
966,0.42903658747673035
967,0.2949211895465851
968,-0.026366516947746277
969,0.4298311471939087
970,0.2908833622932434
971,-0.02260575257241726
972,0.46726125478744507
973,0.29918184876441956
974,0.0026524350978434086
975,0.4076499938964844
976,0.2699905037879944
977,-0.03775366023182869
978,0.4525485038757324
979,0.21246708929538727
980,0.016196763142943382
981,0.46368780732154846
982,0.21786952018737793
983,0.021448465064167976
984,0.47821348905563354
985,0.2021135687828064
986,0.06484123319387436
987,0.4178351163864136
988,0.21965152025222778
989,0.007599777076393366
990,0.4306560456752777
991,0.23496930301189423
992,0.018449505791068077
993,0.44842731952667236
994,0.36044198274612427
995,-0.010658268816769123
996,0.4838027060031891
997,0.3714972138404846
998,0.0506906621158123
999,0.4226001799106598
1000,0.30085650086402893
1001,-0.024799207225441933
1002,0.41530293226242065
1003,0.30451062321662903
1004,-0.02725018560886383
1005,0.44127777218818665
1006,0.36301812529563904
1007,-0.01128583773970604
1008,0.4364478886127472
1009,0.3630271852016449
1010,-0.01322920247912407
1011,0.46780145168304443
1012,0.21240904927253723
1013,0.0279114730656147
1014,0.429620623588562
1015,0.3014172315597534
1016,-0.023496365174651146
1017,0.43763467669487
1018,0.21223367750644684
1019,0.01140583772212267
1020,0.43881872296333313
1021,0.2037954330444336
1022,0.012571513652801514
1023,0.44626110792160034
1024,0.17050553858280182
1025,0.04135353863239288
1026,0.47277915477752686
1027,0.20674172043800354
1028,0.04457526654005051
1029,0.4416572153568268
1030,0.1858469545841217
1031,0.027198441326618195
1032,0.47604992985725403
1033,0.2252417951822281
1034,0.03556838631629944
1035,0.48104527592658997
1036,0.2251737117767334
1037,0.05462430417537689
1038,0.41335901618003845
1039,0.33693939447402954
1040,-0.035840634256601334
1041,0.42374956607818604
1042,0.3420344591140747
1043,-0.0312037393450737
1044,0.43061843514442444
1045,0.34806257486343384
1046,-0.02498086914420128
1047,0.4205586612224579
1048,0.3034820556640625
1049,-0.02373020350933075
1050,0.43896937370300293
1051,0.3632374107837677
1052,-0.012403291650116444
1053,0.43579286336898804
1054,0.37064123153686523
1055,-0.016658062115311623
1056,0.43486762046813965
1057,0.3625410199165344
1058,-0.013419825583696365
1059,0.417239248752594
1060,0.2938748598098755
1061,-0.034296683967113495
1062,0.42516693472862244
1063,0.3514358103275299
1064,-0.02326105535030365
1065,0.4189727306365967
1066,0.3481192886829376
1067,-0.028107140213251114
1068,0.4110834002494812
1069,0.346610426902771
1070,-0.03186938166618347
1071,0.41589996218681335
1072,0.40322741866111755
1073,-0.0252136941999197
1074,0.4155542254447937
1075,0.3956085443496704
1076,-0.02967037819325924
1077,0.4146648645401001
1078,0.38879886269569397
1079,-0.02976621501147747
1080,0.41337254643440247
1081,0.38178950548171997
1082,-0.026954766362905502
1083,0.4121113419532776
1084,0.377216100692749
1085,-0.024863136932253838
1086,0.42635953426361084
1087,0.37226173281669617
1088,-0.01834592968225479
1089,0.42834097146987915
1090,0.3738618493080139
1091,-0.020101744681596756
1092,0.4314747750759125
1093,0.37682339549064636
1094,-0.02195812202990055
1095,0.4339904189109802
1096,0.3801833391189575
1097,-0.021337248384952545
1098,0.4386058449745178
1099,0.33425480127334595
1100,-0.019667934626340866
1101,0.4923720061779022
1102,0.3208659291267395
1103,0.07842974364757538
1104,0.43014994263648987
1105,0.36940184235572815
1106,-0.015006866306066513
1107,0.43296656012535095
1108,0.3697417974472046
1109,-0.01623205654323101
1110,0.412759006023407
1111,0.30899661779403687
1112,-0.029248861595988274
1113,0.42703762650489807
1114,0.3091224133968353
1115,-0.019654760137200356
1116,0.4138880670070648
1117,0.306804895401001
1118,-0.02830720692873001
1119,0.43584853410720825
1120,0.2781444787979126
1121,-0.00028495429432950914
1122,0.4487709403038025
1123,0.28518638014793396
1124,3.0489254640997387e-05
1125,0.4313998520374298
1126,0.2970752418041229
1127,-0.01954517513513565
1128,0.4656978249549866
1129,0.18365302681922913
1130,0.0525805689394474
1131,0.460552841424942
1132,0.1931673288345337
1133,0.035536833107471466
1134,0.45514488220214844
1135,0.20493069291114807
1136,0.020753532648086548
1137,0.4368600845336914
1138,0.3846116065979004
1139,-0.018316201865673065
1140,0.42015334963798523
1141,0.2054809033870697
1142,0.008571538142859936
1143,0.42239290475845337
1144,0.18411442637443542
1145,0.02208080142736435
1146,0.42520612478256226
1147,0.16443684697151184
1148,0.034341614693403244
1149,0.4590507447719574
1150,0.26009905338287354
1151,0.019538888707756996
1152,0.477850079536438
1153,0.2719658613204956
1154,0.027786705642938614
1155,0.4259091317653656
1156,0.25385794043540955
1157,0.01679842919111252
1158,0.4689899682998657
1159,0.24313800036907196
1160,0.02765773795545101
1161,0.4203731119632721
1162,0.2639492154121399
1163,-0.001981702633202076
1164,0.42296522855758667
1165,0.2882838249206543
1166,-0.03280869871377945
1167,0.4862194359302521
1168,0.28129228949546814
1169,0.03384730964899063
1170,0.47266849875450134
1171,0.27681490778923035
1172,0.01840709149837494
1173,0.4626077711582184
1174,0.278243750333786
1175,0.01020618062466383
1176,0.4472997188568115
1177,0.2758884131908417
1178,0.007054314482957125
1179,0.4359864592552185
1180,0.2715258300304413
1181,0.006590335164219141
1182,0.4270261824131012
1183,0.26609599590301514
1184,0.005977702792733908
1185,0.40842708945274353
1186,0.24741804599761963
1187,-0.0055441358126699924
1188,0.4856559932231903
1189,0.3017151653766632
1190,0.025149961933493614
1191,0.47505438327789307
1192,0.24284356832504272
1193,0.032261524349451065
1194,0.40444812178611755
1195,0.29776453971862793
1196,-0.0436115600168705
1197,0.42662984132766724
1198,0.27930647134780884
1199,-0.007659866940230131
1200,0.49322763085365295
1201,0.273902952671051
1202,0.08823762089014053
1203,0.42036762833595276
1204,0.25956812500953674
1205,0.0065841954201459885
1206,0.4323030412197113
1207,0.2996174395084381
1208,-0.0114973746240139
1209,0.46544086933135986
1210,0.2514229118824005
1211,0.02785763517022133
1212,0.42371606826782227
1213,0.2834826111793518
1214,-0.028107235208153725
1215,0.49007779359817505
1216,0.34524720907211304
1217,0.06678429991006851
1218,0.425716757774353
1219,0.250697523355484
1220,0.020288052037358284
1221,0.4155130982398987
1222,0.2754826545715332
1223,-0.034134816378355026
1224,0.4667602479457855
1225,0.3877274990081787
1226,0.00815875455737114
1227,0.46690550446510315
1228,0.4043189585208893
1229,0.016122225672006607
1230,0.49314427375793457
1231,0.3114900290966034
1232,0.051839690655469894
1233,0.4760633409023285
1234,0.37510445713996887
1235,0.01951088011264801
1236,0.48630690574645996
1237,0.24548378586769104
1238,0.06120292469859123
1239,0.4364023804664612
1240,0.4217796325683594
1241,-0.021458687260746956
1242,0.4039248526096344
1243,0.3021170198917389
1244,-0.03475826233625412
1245,0.43428072333335876
1246,0.28791379928588867
1247,-0.007052586413919926
1248,0.4842469096183777
1249,0.262808233499527
1250,0.04313820227980614
1251,0.45151716470718384
1252,0.2554425895214081
1253,0.018144311383366585
1254,0.44465383887290955
1255,0.2558082938194275
1256,0.01618565060198307
1257,0.4384550452232361
1258,0.37182822823524475
1259,-0.016057658940553665
1260,0.4841962456703186
1261,0.32353073358535767
1262,0.021037599071860313
1263,0.42153704166412354
1264,0.43976891040802
1265,-0.024143541231751442
1266,0.44654354453086853
1267,0.42511558532714844
1268,-0.006155507173389196
1269,0.45610788464546204
1270,0.41632866859436035
1271,0.00381910870783031
1272,0.438069611787796
1273,0.2550991475582123
1274,0.016147589311003685
1275,0.4320370852947235
1276,0.2533126771450043
1277,0.017595816403627396
1278,0.42804962396621704
1279,0.25199976563453674
1280,0.019832748919725418
1281,0.4803990423679352
1282,0.24286048114299774
1283,0.04095596820116043
1284,0.4318302869796753
1285,0.2469121366739273
1286,0.018510878086090088
1287,0.4382404685020447
1288,0.24603226780891418
1289,0.017344892024993896
1290,0.44440776109695435
1291,0.24578958749771118
1292,0.0176705215126276
1293,0.45104023814201355
1294,0.24692294001579285
1295,0.01921437680721283
1296,0.4559042453765869
1297,0.2487223744392395
1298,0.021268028765916824
1299,0.49085909128189087
1300,0.2469421923160553
1301,0.08383994549512863
1302,0.4560575783252716
1303,0.2544826567173004
1304,0.020860761404037476
1305,0.4315178394317627
1306,0.3253277838230133
1307,-0.023752577602863312
1308,0.4225841760635376
1309,0.2981131076812744
1310,-0.026632526889443398
1311,0.41426900029182434
1312,0.3179534673690796
1313,-0.030595460906624794
1314,0.4573655426502228
1315,0.4009142518043518
1316,-0.0015053822426125407
1317,0.4474678933620453
1318,0.41098737716674805
1319,-0.011207531206309795
1320,0.42146897315979004
1321,0.4302081763744354
1322,-0.03007962740957737
1323,0.4755048155784607
1324,0.3914111852645874
1325,0.03251561149954796
1326,0.4275314211845398
1327,0.2489374577999115
1328,0.019713088870048523
1329,0.4142182469367981
1330,0.26223617792129517
1331,-0.013217627070844173
1332,0.43536490201950073
1333,0.4330957531929016
1334,-0.016723791137337685
1335,0.4907001554965973
1336,0.3351026177406311
1337,0.0435141995549202
1338,0.4200828969478607
1339,0.374939501285553
1340,-0.02189776487648487
1341,0.4220926761627197
1342,0.37821316719055176
1343,-0.023607641458511353
1344,0.4244784712791443
1345,0.3833158314228058
1346,-0.025738529860973358
1347,0.4263137876987457
1348,0.3891380727291107
1349,-0.025481831282377243
1350,0.42833220958709717
1351,0.395050585269928
1352,-0.02272363007068634
1353,0.43268007040023804
1354,0.35668376088142395
1355,-0.01820637844502926
1356,0.4359332323074341
1357,0.35530298948287964
1358,-0.01785661093890667
1359,0.4386782646179199
1360,0.35340380668640137
1361,-0.01742820255458355
1362,0.444460928440094
1363,0.34612032771110535
1364,-0.014300236478447914
1365,0.47298896312713623
1366,0.32480356097221375
1367,0.0046754274517297745
1368,0.41416457295417786
1369,0.255019873380661
1370,-0.0031343302689492702
1371,0.4189780354499817
1372,0.24030160903930664
1373,0.016540443524718285
1374,0.4238623380661011
1375,0.24299301207065582
1376,0.019392792135477066
1377,0.4301578104496002
1378,0.35553959012031555
1379,-0.017822926864027977
1380,0.47298961877822876
1381,0.3548559844493866
1382,0.009978808462619781
1383,0.41142094135284424
1384,0.23710408806800842
1385,0.006402944214642048
1386,0.4316665530204773
1387,0.40118592977523804
1388,-0.02164587937295437
1389,0.40790310502052307
1390,0.2552169859409332
1391,-0.016409877687692642
1392,0.42109447717666626
1393,0.2775413990020752
1394,-0.018094809725880623
1395,0.41790884733200073
1396,0.40975165367126465
1397,-0.02686997875571251
1398,0.4495060443878174
1399,0.37743961811065674
1400,-0.010603551752865314
1401,0.4384509325027466
1402,0.30968642234802246
1403,-0.01121483463793993
1404,0.44201162457466125
1405,0.39044415950775146
1406,-0.01622050255537033
1407,0.45539408922195435
1408,0.31078335642814636
1409,-0.007456017658114433
1410,0.4450319707393646
1411,0.3219600021839142
1412,-0.01189538836479187
1413,0.46148166060447693
1414,0.3304714262485504
1415,-0.004705760627985001
1416,0.4202418029308319
1417,0.4194223880767822
1418,-0.02997707389295101
1419,0.4270050823688507
1420,0.28510385751724243
1421,-0.014574751257896423
1422,0.45534777641296387
1423,0.38662466406822205
1424,-0.006350629962980747
1425,0.44562312960624695
1426,0.3987720310688019
1427,-0.013608820736408234
1428,0.4547244906425476
1429,0.36172211170196533
1430,-0.007665300276130438
1431,0.4813479781150818
1432,0.3430289030075073
1433,0.01887410506606102
1434,0.4637666642665863
1435,0.36532682180404663
1436,-0.0011413986794650555
1437,0.4853551983833313
1438,0.3567199110984802
1439,0.033722613006830215
1440,0.4507226049900055
1441,0.33829984068870544
1442,-0.01038571260869503
1443,0.4202614426612854
1444,0.27072036266326904
1445,-0.010097965598106384
1446,0.4199948012828827
1447,0.2919897437095642
1448,-0.0352415032684803
1449,0.4262762665748596
1450,0.29768285155296326
1451,-0.02820684388279915
1452,0.41565531492233276
1453,0.2835603654384613
1454,-0.03968382626771927
1455,0.4249913692474365
1456,0.23022539913654327
1457,0.01663237437605858
1458,0.43775808811187744
1459,0.22333121299743652
1460,0.016229894012212753
1461,0.449106901884079
1462,0.2223222404718399
1463,0.016287151724100113
1464,0.458729088306427
1465,0.2255936712026596
1466,0.01870267651975155
1467,0.46554917097091675
1468,0.2324778288602829
1469,0.022999851033091545
1470,0.470636248588562
1471,0.2549949586391449
1472,0.030514078214764595
1473,0.49337393045425415
1474,0.2894318401813507
1475,0.05735929682850838
1476,0.4652646780014038
1477,0.2672690153121948
1478,0.020267874002456665
1479,0.457012802362442
1480,0.2687217593193054
1481,0.01494613103568554
1482,0.44650864601135254
1483,0.26830241084098816
1484,0.011604619212448597
1485,0.4363481104373932
1486,0.26562434434890747
1487,0.010931231081485748
1488,0.4282507598400116
1489,0.26164159178733826
1490,0.011669931001961231
1491,0.4226120412349701
1492,0.25744515657424927
1493,0.012055110186338425
1494,0.4929437041282654
1495,0.2977776527404785
1496,0.08625108748674393
1497,0.42622387409210205
1498,0.3018917441368103
1499,-0.025012383237481117
1500,0.4141685664653778
1501,0.2685745656490326
1502,-0.022618606686592102
1503,0.41318368911743164
1504,0.2904418408870697
1505,-0.04167019948363304
1506,0.4086701273918152
1507,0.29733291268348694
1508,-0.040134742856025696
1509,0.4134142994880676
1510,0.2934349477291107
1511,-0.03830302879214287
1512,0.42411449551582336
1513,0.3061808943748474
1514,-0.023286543786525726
1515,0.4070741534233093
1516,0.2975665330886841
1517,-0.042457468807697296
1518,0.4066627025604248
1519,0.3017551302909851
1520,-0.03432811051607132
1521,0.4226047694683075
1522,0.24981695413589478
1523,0.018665144219994545
1524,0.41807857155799866
1525,0.2509036958217621
1526,0.013116643764078617
1527,0.4152846038341522
1528,0.2507583200931549
1529,0.006611458491533995
1530,0.4591408967971802
1531,0.2502504289150238
1532,0.02347993105649948
1533,0.4647533595561981
1534,0.24329645931720734
1535,0.02445429190993309
1536,0.5177373886108398
1537,0.8083791732788086
1538,1.9404201623274275e-07
1539,0.5509741902351379
1540,0.7473219633102417
1541,-0.0136993657797575
1542,0.5656321048736572
1543,0.6663479804992676
1544,-0.028824908658862114
1545,0.556579053401947
1546,0.5987170338630676
1547,-0.039740584790706635
1548,0.5362900495529175
1549,0.5496101975440979
1550,-0.052381809800863266
1551,0.5411291122436523
1552,0.6575092077255249
1553,-0.060776565223932266
1554,0.4972379505634308
1555,0.5537598729133606
1556,-0.08225748687982559
1557,0.4732348620891571
1558,0.5022678971290588
1559,-0.09005787968635559
1560,0.45392662286758423
1561,0.4624375104904175
1562,-0.09264808893203735
1563,0.5058304667472839
1564,0.6849939823150635
1565,-0.06357592344284058
1566,0.4640119969844818
1567,0.5682708621025085
1568,-0.08506262302398682
1569,0.437311589717865
1570,0.5018600225448608
1571,-0.0928037092089653
1572,0.4174349904060364
1573,0.4547315239906311
1574,-0.09710703790187836
1575,0.47318926453590393
1576,0.7080816030502319
1577,-0.06422790139913559
1578,0.43787476420402527
1579,0.6005028486251831
1580,-0.07961580157279968
1581,0.41463184356689453
1582,0.5355647206306458
1583,-0.08522818237543106
1584,0.398723304271698
1585,0.48939162492752075
1586,-0.08792684972286224
1587,0.4432491660118103
1588,0.7273043990135193
1589,-0.06449711322784424
1590,0.4176906943321228
1591,0.6368880867958069
1592,-0.0759321078658104
1593,0.40551987290382385
1594,0.585178792476654
1595,-0.07844968140125275
1596,0.39747482538223267
1597,0.546047568321228
1598,-0.07883604615926743
1599,0.2423400580883026
1600,0.7841703295707703
1601,4.437590916950285e-07
1602,0.20944592356681824
1603,0.7241779565811157
1604,-0.008571977727115154
1605,0.2046220302581787
1606,0.6411207318305969
1607,-0.02268945425748825
1608,0.21669140458106995
1609,0.5751571655273438
1610,-0.03444964066147804
1611,0.22535575926303864
1612,0.5243121385574341
1613,-0.047434911131858826
1614,0.22482138872146606
1615,0.6308295130729675
1616,-0.05753671005368233
1617,0.26744896173477173
1618,0.5298134684562683
1619,-0.08046833425760269
1620,0.29689329862594604
1621,0.4803295433521271
1622,-0.08764412254095078
1623,0.3197248578071594
1624,0.44548627734184265
1625,-0.08864092826843262
1626,0.25552284717559814
1627,0.6550244688987732
1628,-0.06313330680131912
1629,0.30385398864746094
1630,0.5391968488693237
1631,-0.08277345448732376
1632,0.33519235253334045
1633,0.47645050287246704
1634,-0.08673132956027985
1635,0.35849088430404663
1636,0.43291300535202026
1637,-0.08784481883049011
1638,0.2879357933998108
1639,0.681442379951477
1640,-0.06649916619062424
1641,0.3309159576892853
1642,0.5733361840248108
1643,-0.08038470149040222
1644,0.3565952777862549
1645,0.510704517364502
1646,-0.08239080756902695
1647,0.3758445382118225
1648,0.46642106771469116
1649,-0.08247608691453934
1650,0.3181530833244324
1651,0.7072298526763916
1652,-0.06935560703277588
1653,0.34660205245018005
1654,0.6179383993148804
1655,-0.07897061854600906
1656,0.3644670844078064
1657,0.5659945607185364
1658,-0.07877863943576813
1659,0.3798367977142334
1660,0.5261549949645996
1661,-0.07706920802593231
