,0
0,0.41806355118751526
1,0.3104659616947174
2,-0.7870420217514038
3,0.9999383687973022
4,0.44040313363075256
5,0.25521090626716614
6,-0.7207768559455872
7,0.9998853206634521
8,0.4537133574485779
9,0.2564936876296997
10,-0.7207696437835693
11,0.9999064207077026
12,0.4666260778903961
13,0.2582762837409973
14,-0.7201200723648071
15,0.999870777130127
16,0.3922877013683319
17,0.25619709491729736
18,-0.7355162501335144
19,0.9998959898948669
20,0.37354159355163574
21,0.2574302554130554
22,-0.7350004315376282
23,0.9999138712882996
24,0.3585776686668396
25,0.2582680284976959
26,-0.7354320883750916
27,0.9999023675918579
28,0.48416537046432495
29,0.2930993139743805
30,-0.3197445273399353
31,0.9998742938041687
32,0.33362558484077454
33,0.2884627878665924
34,-0.3755972385406494
35,0.9999244213104248
36,0.4454719126224518
37,0.3707226514816284
38,-0.6394056081771851
39,0.9998844265937805
40,0.38754990696907043
41,0.3703194260597229
42,-0.6561132669448853
43,0.9999063014984131
44,0.6165642738342285
45,0.6263652443885803
46,-0.06444205343723297
47,0.9991336464881897
48,0.21982863545417786
49,0.6201117038726807
50,-0.22423067688941956
51,0.9991651177406311
52,0.712834358215332
53,0.9592835307121277
54,-0.47663742303848267
55,0.7472860217094421
56,0.11349739879369736
57,1.0340133905410767
58,-0.6629127860069275
59,0.8602229952812195
60,0.5532835721969604
61,0.8707164525985718
62,-1.2216572761535645
63,0.8377094268798828
64,0.26733747124671936
65,0.8231464624404907
66,-1.430664300918579
67,0.8991832733154297
68,0.5224866271018982
69,0.7594871520996094
70,-1.35890531539917
71,0.8208302855491638
72,0.29716822504997253
73,0.7099457383155823
74,-1.5755255222320557
75,0.8760752081871033
76,0.5331092476844788
77,0.6866343021392822
78,-1.2837162017822266
79,0.8440365195274353
80,0.292741984128952
81,0.6588963866233826
82,-1.5262497663497925
83,0.8900889754295349
84,0.5273218750953674
85,0.7339712381362915
86,-1.213816523551941
87,0.8248456716537476
88,0.29572993516921997
89,0.6993407607078552
90,-1.4260354042053223
91,0.8790287375450134
92,0.5442285537719727
93,1.318701148033142
94,0.023472115397453308
95,0.011551816947758198
96,0.2643033564090729
97,1.3257852792739868
98,-0.018964089453220367
99,0.011654622852802277
100,0.5246204137802124
101,1.8891856670379639
102,0.03586164116859436
103,0.0017714852001518011
104,0.2629786431789398
105,1.8867019414901733
106,-0.12408316135406494
107,0.0009101046016439795
108,0.5258855223655701
109,2.4021759033203125
110,0.5215367078781128
111,0.00015130802057683468
112,0.27071812748908997
113,2.392279624938965
114,0.14420205354690552
115,2.0984760340070352e-05
116,0.5338814854621887
117,2.4713313579559326
118,0.5350843071937561
119,0.00013081057113595307
120,0.26173296570777893
121,2.459890604019165
122,0.1456148624420166
123,3.964041388826445e-05
124,0.48959746956825256
125,2.5600035190582275
126,-0.018355809152126312
127,0.0001628158934181556
128,0.3076210916042328
129,2.5590999126434326
130,-0.412001371383667
131,9.656866313889623e-05
132,0.3997097313404083
133,0.33788949251174927
134,-0.03488188982009888
135,0.39760756492614746
136,0.29502934217453003
137,-0.046503666788339615
138,0.3989984393119812
139,0.31204718351364136
140,-0.02966463193297386
141,0.3907873034477234
142,0.26494431495666504
143,-0.027866918593645096
144,0.39728549122810364
145,0.2835717797279358
146,-0.04717930406332016
147,0.39741042256355286
148,0.2714148163795471
149,-0.04107564687728882
150,0.3983490765094757
151,0.2452491968870163
152,-0.01076575368642807
153,0.34313279390335083
154,0.25622349977493286
155,0.023969627916812897
156,0.3986741900444031
157,0.2226082682609558
158,0.00045748616685159504
159,0.3985947072505951
160,0.20848484337329865
161,0.0026840593200176954
162,0.39879462122917175
163,0.1631263941526413
164,0.025035979226231575
165,0.39986392855644226
166,0.3438352346420288
167,-0.034908492118120193
168,0.40012603998184204
169,0.34959813952445984
170,-0.03307092934846878
171,0.4003726541996002
172,0.35298699140548706
173,-0.030176592990756035
174,0.40071335434913635
175,0.38015085458755493
176,-0.02476520836353302
177,0.40070512890815735
178,0.38582631945610046
179,-0.026920581236481667
180,0.4007861912250519
181,0.39278918504714966
182,-0.029258670285344124
183,0.4009426534175873
184,0.40013331174850464
185,-0.028160937130451202
186,0.40139803290367126
187,0.4089869260787964
188,-0.021863630041480064
189,0.39803510904312134
190,0.3022885024547577
191,-0.04354468360543251
192,0.39089176058769226
193,0.3046136498451233
194,-0.03288234397768974
195,0.31996142864227295
196,0.22821161150932312
197,0.07459893822669983
198,0.3648073971271515
199,0.26247385144233704
200,0.013439567759633064
201,0.35710397362709045
202,0.2641083598136902
203,0.014063379727303982
204,0.3497757315635681
205,0.26424896717071533
206,0.016555309295654297
207,0.3401408791542053
208,0.2606089115142822
209,0.02429923415184021
210,0.37142056226730347
211,0.2587595283985138
212,0.014315605163574219
213,0.35474729537963867
214,0.23372429609298706
215,0.014909240417182446
216,0.3631337285041809
217,0.23407834768295288
218,0.015075773932039738
219,0.34688544273376465
220,0.2360769808292389
221,0.017373941838741302
222,0.341727077960968
223,0.2409503310918808
224,0.020504599437117577
225,0.3341938853263855
226,0.268279492855072
227,0.027064476162195206
228,0.36947566270828247
229,0.4191162586212158
230,-0.01599716953933239
231,0.3407212197780609
232,0.2544519901275635
233,0.027203237637877464
234,0.3150748312473297
235,0.27278679609298706
236,0.0654042586684227
237,0.3264111280441284
238,0.2631162703037262
239,0.03737768530845642
240,0.3585210144519806
241,0.30184996128082275
242,-0.00531109981238842
243,0.3881644904613495
244,0.33720818161964417
245,-0.03300817683339119
246,0.3905399739742279
247,0.3508293330669403
248,-0.031431667506694794
249,0.3770132064819336
250,0.3442416787147522
251,-0.02814105898141861
252,0.3708983063697815
253,0.353020042181015
254,-0.02141381986439228
255,0.3827328085899353
256,0.35419949889183044
257,-0.027363425120711327
258,0.3772630989551544
259,0.3587924838066101
260,-0.021014858037233353
261,0.36191827058792114
262,0.3813825845718384
263,-0.01023000106215477
264,0.3907298147678375
265,0.2954130172729492
266,-0.045566171407699585
267,0.3893316984176636
268,0.2848207652568817
269,-0.045960165560245514
270,0.330501914024353
271,0.23149077594280243
272,0.026688512414693832
273,0.37424901127815247
274,0.2744602560997009
275,-0.0007414328865706921
276,0.3714548349380493
277,0.29982990026474
278,-0.02488655038177967
279,0.3708958625793457
280,0.295501172542572
281,-0.021307824179530144
282,0.33597105741500854
283,0.30547529458999634
284,0.006287033669650555
285,0.38990241289138794
286,0.27344831824302673
287,-0.0383160226047039
288,0.34777453541755676
289,0.21534976363182068
290,0.014002432115375996
291,0.3373928666114807
292,0.2211514413356781
293,0.02021920680999756
294,0.3261888027191162
295,0.20554223656654358
296,0.06307677924633026
297,0.381790429353714
298,0.2213040143251419
299,0.004033141303807497
300,0.3705518841743469
301,0.23736301064491272
302,0.016683781519532204
303,0.3566342890262604
304,0.3679426908493042
305,-0.0068897963501513
306,0.32483354210853577
307,0.3783087134361267
308,0.06019048020243645
309,0.37807002663612366
310,0.30554670095443726
311,-0.023097747936844826
312,0.38540515303611755
313,0.308994859457016
314,-0.025720685720443726
315,0.36449337005615234
316,0.37006768584251404
317,-0.008065946400165558
318,0.3691291809082031
319,0.36964669823646545
320,-0.010366445407271385
321,0.33352771401405334
322,0.21556682884693146
323,0.026368852704763412
324,0.37169238924980164
325,0.30642274022102356
326,-0.021604813635349274
327,0.36219632625579834
328,0.21465158462524414
329,0.008451263420283794
330,0.36079707741737366
331,0.20608624815940857
332,0.009025873616337776
333,0.3545686900615692
334,0.17257104814052582
335,0.035909026861190796
336,0.32995548844337463
337,0.20990437269210815
338,0.042706385254859924
339,0.35840821266174316
340,0.18793264031410217
341,0.02257470414042473
342,0.3266679644584656
343,0.2290104776620865
344,0.03548509255051613
345,0.3233755826950073
346,0.22891290485858917
347,0.05444759503006935
348,0.3891132175922394
349,0.34451785683631897
350,-0.03309858217835426
351,0.3799578547477722
352,0.3497679829597473
353,-0.02823469787836075
354,0.37387600541114807
355,0.35580939054489136
356,-0.021962901577353477
357,0.38046497106552124
358,0.30808863043785095
359,-0.022101959213614464
360,0.36674001812934875
361,0.37014222145080566
362,-0.00936675351113081
363,0.3696348965167999
364,0.37600716948509216
365,-0.014054954051971436
366,0.37060460448265076
367,0.36885908246040344
368,-0.010594307444989681
369,0.38201484084129333
370,0.29849833250045776
371,-0.033216603100299835
372,0.37949925661087036
373,0.3587683141231537
374,-0.020182866603136063
375,0.3850265443325043
376,0.3555142283439636
377,-0.024896126240491867
378,0.3920389413833618
379,0.3537065386772156
380,-0.028653601184487343
381,0.3885301947593689
382,0.40791094303131104
383,-0.021312430500984192
384,0.3883207142353058
385,0.3987080752849579
386,-0.02708955481648445
387,0.3890252709388733
388,0.3914555013179779
389,-0.027621570974588394
390,0.39013880491256714
391,0.3842620551586151
392,-0.025103578343987465
393,0.3913141191005707
394,0.3796226680278778
395,-0.023215562105178833
396,0.37828966975212097
397,0.3762834966182709
398,-0.016293557360768318
399,0.37639856338500977
400,0.3780366778373718
401,-0.017916692420840263
402,0.3735596835613251
403,0.3812570571899414
404,-0.01961989887058735
405,0.3712061047554016
406,0.3849142789840698
407,-0.018643224611878395
408,0.3649085760116577
409,0.3410396873950958
410,-0.01684892550110817
411,0.3168000280857086
412,0.32629233598709106
413,0.08572923392057419
414,0.39850687980651855
415,0.30661311745643616
416,-0.034234970808029175
417,0.374897837638855
418,0.37419986724853516
419,-0.012657245621085167
420,0.3722808361053467
421,0.3747573792934418
422,-0.013750859536230564
423,0.3880591094493866
424,0.3138406574726105
425,-0.027296248823404312
426,0.3750343918800354
427,0.31428828835487366
428,-0.017424821853637695
429,0.3868202865123749
430,0.3115229904651642
431,-0.02661474235355854
432,0.3657887279987335
433,0.28188595175743103
434,0.0006712494068779051
435,0.353315532207489
436,0.2900693118572235
437,0.0020216614939272404
438,0.3699415326118469
439,0.3018924593925476
440,-0.017759306356310844
441,0.3368435800075531
442,0.18653887510299683
443,0.04893825203180313
444,0.34082257747650146
445,0.19578242301940918
446,0.03234429657459259
447,0.34512919187545776
448,0.20758157968521118
449,0.01811063103377819
450,0.3682146370410919
451,0.3908277153968811
452,-0.014651204459369183
453,0.3792022168636322
454,0.20718106627464294
455,0.004244573414325714
456,0.3770255446434021
457,0.1855282187461853
458,0.016298022121191025
459,0.3745325207710266
460,0.16561450064182281
461,0.02758350782096386
462,0.34359049797058105
463,0.2634201645851135
464,0.02043224312365055
465,0.3262054920196533
466,0.276856392621994
467,0.030342116951942444
468,0.3757645785808563
469,0.2551119327545166
470,0.01582612283527851
471,0.3338923454284668
472,0.2467905879020691
473,0.02815266326069832
474,0.3800883889198303
475,0.26632702350616455
476,-0.0025047429371625185
477,0.37630870938301086
478,0.292951762676239
479,-0.03188784420490265
480,0.31875771284103394
481,0.28666695952415466
482,0.03748910874128342
483,0.3306763470172882
484,0.282012403011322
485,0.02095578983426094
486,0.3400275409221649
487,0.28335005044937134
488,0.012379864230751991
489,0.3547702133655548
490,0.2800305187702179
491,0.008324915543198586
492,0.3657180070877075
493,0.2746846675872803
494,0.00708146532997489
495,0.37431424856185913
496,0.2684800624847412
497,0.005727279465645552
498,0.390688955783844
499,0.24910056591033936
500,-0.0077349040657281876
501,0.3193334937095642
502,0.3081340193748474
503,0.02987409010529518
504,0.328152596950531
505,0.24665167927742004
506,0.03300020471215248
507,0.39397525787353516
508,0.30229613184928894
509,-0.042881086468696594
510,0.3743334412574768
511,0.2827978730201721
512,-0.007082406897097826
513,0.3152804970741272
514,0.2785446345806122
515,0.09237886965274811
516,0.3805865943431854
517,0.2614491581916809
518,0.0057195327244699
519,0.36963918805122375
520,0.3044428527355194
521,-0.009634744375944138
522,0.33761727809906006
523,0.25485068559646606
524,0.02875765971839428
525,0.37592631578445435
526,0.28780660033226013
527,-0.02744188718497753
528,0.3189508318901062
529,0.3514430522918701
530,0.07521722465753555
531,0.3760554790496826
532,0.25161412358283997
533,0.01908828690648079
534,0.3828197419643402
535,0.2793630361557007
536,-0.03413156047463417
537,0.33835381269454956
538,0.39627575874328613
539,0.015828648582100868
540,0.3395634889602661
541,0.41286638379096985
542,0.025431636720895767
543,0.31397032737731934
544,0.31744614243507385
545,0.057838283479213715
546,0.32991302013397217
547,0.38287368416786194
548,0.027505263686180115
549,0.3192843794822693
550,0.24972476065158844
551,0.06269069015979767
552,0.3680665194988251
553,0.4318678677082062
554,-0.014510384760797024
555,0.395285964012146
556,0.30646035075187683
557,-0.033608220517635345
558,0.3674570322036743
559,0.2922254800796509
560,-0.005704279523342848
561,0.32054948806762695
562,0.2673409581184387
563,0.045536670833826065
564,0.3503819704055786
565,0.2580702304840088
566,0.018401511013507843
567,0.3570570945739746
568,0.25826314091682434
569,0.016103379428386688
570,0.3671218454837799
571,0.3775070309638977
572,-0.01316074188798666
573,0.3213289678096771
574,0.3304922580718994
575,0.026849796995520592
576,0.383446604013443
577,0.4505602717399597
578,-0.01671263761818409
579,0.3587871193885803
580,0.43514877557754517
581,0.0021160654723644257
582,0.3494885563850403
583,0.4257187843322754
584,0.012453950941562653
585,0.39866122603416443
586,0.18494677543640137
587,0.013708275742828846
588,0.4022931754589081
589,0.45303747057914734
590,-0.019873274490237236
591,0.36360928416252136
592,0.2570841908454895
593,0.01571906916797161
594,0.36972516775131226
595,0.2548232078552246
596,0.016901850700378418
597,0.3738023340702057
598,0.2531329393386841
599,0.018876520916819572
600,0.3235424757003784
601,0.24699118733406067
602,0.041996147483587265
603,0.369712769985199
604,0.24768878519535065
605,0.017345568165183067
606,0.3631707727909088
607,0.24701304733753204
608,0.016273297369480133
609,0.35696887969970703
610,0.24706989526748657
611,0.016916772350668907
612,0.35050901770591736
613,0.24871762096881866
614,0.018854651600122452
615,0.34599271416664124
616,0.25103530287742615
617,0.021348251029849052
618,0.3165317475795746
619,0.2511187493801117
620,0.08598992973566055
621,0.3460398316383362
622,0.2571892738342285
623,0.021284716203808784
624,0.3993239998817444
625,0.3209364116191864
626,-0.02936355397105217
627,0.37142419815063477
628,0.3315543532371521
629,-0.020944887772202492
630,0.37762314081192017
631,0.30284154415130615
632,-0.02533414587378502
633,0.3870689272880554
634,0.3235855996608734
635,-0.02830394357442856
636,0.3987017571926117
637,0.23502638936042786
638,-0.0019166823476552963
639,0.3474174439907074
640,0.4100356996059418
641,0.005813132040202618
642,0.35713329911231995
643,0.42066606879234314
644,-0.004075522534549236
645,0.3828691840171814
646,0.4400336742401123
647,-0.023627152666449547
648,0.3320668339729309
649,0.39891546964645386
650,0.04225993901491165
651,0.37409326434135437
652,0.249713733792305
653,0.01847357675433159
654,0.3849972188472748
655,0.26474079489707947
656,-0.014203580096364021
657,0.4018336236476898
658,0.4426671266555786
659,-0.026306120678782463
660,0.36964133381843567
661,0.4438031315803528
662,-0.008818051777780056
663,0.31662261486053467
664,0.3416004478931427
665,0.050662294030189514
666,0.3839583396911621
667,0.3781161904335022
668,-0.019990554079413414
669,0.38204455375671387
670,0.3814694285392761
671,-0.021632704883813858
672,0.3798523247241974
673,0.3868057131767273
674,-0.023483585566282272
675,0.3782229423522949
676,0.39305365085601807
677,-0.022996138781309128
678,0.3764612674713135
679,0.40051183104515076
680,-0.018951289355754852
681,0.3725432753562927
682,0.36383745074272156
683,-0.015282552689313889
684,0.36932769417762756
685,0.3627074956893921
686,-0.014897892251610756
687,0.3665711581707001
688,0.3609943985939026
689,-0.014467758126556873
690,0.35977181792259216
691,0.35338476300239563
692,-0.011161034926772118
693,0.3314388394355774
694,0.3319489657878876
695,0.009691347368061543
696,0.38554829359054565
697,0.2569623589515686
698,-0.004482862539589405
699,0.38205233216285706
700,0.2415984869003296
701,0.014311694540083408
702,0.3775103986263275
703,0.24441607296466827
704,0.017563045024871826
705,0.37496140599250793
706,0.3624107837677002
707,-0.01484061311930418
708,0.3319856524467468
709,0.3623923063278198
710,0.016405241563916206
711,0.38850608468055725
712,0.23839786648750305
713,0.003644440555945039
714,0.3728654682636261
715,0.4084509611129761
716,-0.016794977709650993
717,0.39772167801856995
718,0.2623782753944397
719,-0.03063577227294445
720,0.390580952167511
721,0.25741517543792725
722,-0.018222307786345482
723,0.39803987741470337
724,0.2541327178478241
725,-0.020090723410248756
726,0.37872451543807983
727,0.2810879647731781
728,-0.017975350841879845
729,0.40150633454322815
730,0.42999428510665894
731,-0.027188580483198166
732,0.40142935514450073
733,0.417802095413208
734,-0.024158714339137077
735,0.38630539178848267
736,0.41624781489372253
737,-0.0221392922103405
738,0.35517364740371704
739,0.3850187063217163
740,-0.006145447958260775
741,0.3640303909778595
742,0.3150811195373535
743,-0.008745633065700531
744,0.36276745796203613
745,0.3980391025543213
746,-0.011443727649748325
747,0.34731584787368774
748,0.3169596493244171
749,-0.003990451339632273
750,0.35774314403533936
751,0.32799994945526123
752,-0.008841023780405521
753,0.34208884835243225
754,0.3374320864677429
755,-0.0004433040739968419
756,0.38387346267700195
757,0.42780789732933044
758,-0.02443031407892704
759,0.3738440275192261
760,0.2891494929790497
761,-0.013711199164390564
762,0.3490896224975586
763,0.39502665400505066
764,-0.0005097138928249478
765,0.35887059569358826
766,0.40754517912864685
767,-0.007733948063105345
768,0.34965983033180237
769,0.3694317638874054
770,-0.0031695086508989334
771,0.3242977261543274
772,0.35030466318130493
773,0.025522520765662193
774,0.34075796604156494
775,0.373317688703537
776,0.004483435302972794
777,0.3216358721256256
778,0.3638468384742737
779,0.041708752512931824
780,0.35270825028419495
781,0.34526747465133667
782,-0.006771034561097622
783,0.3797887861728668
784,0.27368372678756714
785,-0.010289589874446392
786,0.3791272044181824
787,0.2967410683631897
788,-0.034267958253622055
789,0.3740837574005127
790,0.30250146985054016
791,-0.02669082209467888
792,0.3824709355831146
793,0.28798407316207886
794,-0.03922535851597786
795,0.37579017877578735
796,0.23225480318069458
797,0.01405666396021843
798,0.36287960410118103
799,0.22646206617355347
800,0.013938088901340961
801,0.3518039584159851
802,0.22600872814655304
803,0.014689414761960506
804,0.3427465856075287
805,0.22943279147148132
806,0.017902156338095665
807,0.3366561233997345
808,0.23622751235961914
809,0.022723238915205002
810,0.332878440618515
811,0.25870051980018616
812,0.03183174878358841
813,0.3134233355522156
814,0.29478076100349426
815,0.06208431348204613
816,0.33779895305633545
817,0.27145856618881226
818,0.021861886605620384
819,0.3454058766365051
820,0.2726631760597229
821,0.01620924472808838
822,0.3555510938167572
823,0.2716437578201294
824,0.012308549135923386
825,0.3654732406139374
826,0.2682764530181885
827,0.011071880348026752
828,0.3734104335308075
829,0.26360851526260376
830,0.011143187992274761
831,0.37883812189102173
832,0.2589946687221527
833,0.011159278452396393
834,0.3161042332649231
835,0.30278050899505615
836,0.09203065931797028
837,0.37478259205818176
838,0.3068055510520935
839,-0.023285692557692528
840,0.38449639081954956
841,0.27171462774276733
842,-0.023100003600120544
843,0.38505440950393677
844,0.2950891852378845
845,-0.04100768640637398
846,0.3902240991592407
847,0.3017566204071045
848,-0.03936357423663139
849,0.38535428047180176
850,0.29797857999801636
851,-0.037463679909706116
852,0.37743958830833435
853,0.31103095412254333
854,-0.021400785073637962
855,0.39152777194976807
856,0.30208680033683777
857,-0.04171578213572502
858,0.39266711473464966
859,0.3061111271381378
860,-0.033234838396310806
861,0.378914475440979
862,0.25094830989837646
863,0.017367606982588768
864,0.3830696642398834
865,0.2522243857383728
866,0.011535330675542355
867,0.3853009343147278
868,0.252250999212265
869,0.004963748622685671
870,0.34307706356048584
871,0.25278186798095703
872,0.02387521043419838
873,0.33793896436691284
874,0.24699664115905762
875,0.02488975040614605
876,0.4050653874874115
877,0.2645196318626404
878,-0.02846580184996128
879,0.45879581570625305
880,0.25297024846076965
881,0.019562724977731705
882,0.40639516711235046
883,0.3040276765823364
884,-0.03330957144498825
885,0.48682641983032227
886,0.22293323278427124
887,0.06812788546085358
888,0.43604373931884766
889,0.2602718472480774
890,0.010532291606068611
891,0.4440978765487671
892,0.261482298374176
893,0.010624774731695652
894,0.4518417418003082
895,0.2612876892089844
896,0.012537608854472637
897,0.4623219966888428
898,0.2571573257446289
899,0.019684597849845886
900,0.4291411340236664
901,0.2570543587207794
902,0.012026578187942505
903,0.4456160366535187
904,0.23119810223579407
905,0.011369409039616585
906,0.4370599091053009
907,0.23200654983520508
908,0.012313442304730415
909,0.4539530873298645
910,0.2330435812473297
911,0.013361434452235699
912,0.4596717357635498
913,0.23770534992218018
914,0.01609823666512966
915,0.46895498037338257
916,0.26442450284957886
917,0.021995846182107925
918,0.43476802110671997
919,0.4177200496196747
920,-0.017981918528676033
921,0.46143051981925964
922,0.2511020302772522
923,0.02266594208776951
924,0.49226653575897217
925,0.26752570271492004
926,0.05858100205659866
927,0.47760945558547974
928,0.2587955892086029
929,0.031714264303445816
930,0.44217240810394287
931,0.2990877330303192
932,-0.008165919221937656
933,0.411429226398468
934,0.3360697627067566
935,-0.0336589552462101
936,0.4099963307380676
937,0.34985554218292236
938,-0.03207428380846977
939,0.42360126972198486
940,0.3419507145881653
941,-0.029516076669096947
942,0.4307044744491577
943,0.34995168447494507
944,-0.023319987580180168
945,0.41847938299179077
946,0.35232001543045044
947,-0.028674399480223656
948,0.4246264100074768
949,0.35624709725379944
950,-0.022666148841381073
951,0.44166022539138794
952,0.37803521752357483
953,-0.012695557437837124
954,0.4047137498855591
955,0.2948971688747406
956,-0.04595295712351799
957,0.4056095480918884
958,0.28430110216140747
959,-0.046402934938669205
960,0.471560001373291
961,0.22773905098438263
962,0.021538982167840004
963,0.42530080676078796
964,0.2728968858718872
965,-0.002626875415444374
966,0.42676517367362976
967,0.29779890179634094
968,-0.026557402685284615
969,0.42756974697113037
970,0.2934871315956116
971,-0.02301408164203167
972,0.46657317876815796
973,0.3014206290245056
974,0.0013933539157733321
975,0.4053068161010742
976,0.2730022072792053
977,-0.03893154487013817
978,0.4519532024860382
979,0.21276754140853882
980,0.010248947888612747
981,0.46340951323509216
982,0.21790742874145508
983,0.01552267000079155
984,0.47842973470687866
985,0.20057770609855652
986,0.0571727454662323
987,0.4162757992744446
988,0.22067102789878845
989,0.0028413941618055105
990,0.42962899804115295
991,0.23576712608337402
992,0.014452585019171238
993,0.4466685652732849
994,0.36405783891677856
995,-0.009928343817591667
996,0.48630282282829285
997,0.3742435872554779
998,0.05396600067615509
999,0.4203961193561554
1000,0.30392003059387207
1001,-0.024404913187026978
1002,0.41301748156547546
1003,0.30789971351623535
1004,-0.026340000331401825
1005,0.4385671019554138
1006,0.3661207854747772
1007,-0.010599436238408089
1008,0.433908611536026
1009,0.3660861551761627
1010,-0.012463714927434921
1011,0.46772414445877075
1012,0.2120993435382843
1013,0.021547958254814148
1014,0.4272797703742981
1015,0.3043261170387268
1016,-0.0232975073158741
1017,0.4365483522415161
1018,0.21291255950927734
1019,0.005878327414393425
1020,0.4377918243408203
1021,0.20416733622550964
1022,0.006474653258919716
1023,0.44536709785461426
1024,0.1695847362279892
1025,0.03258053958415985
1026,0.47284555435180664
1027,0.20573821663856506
1028,0.03749318793416023
1029,0.4406922459602356
1030,0.18554264307022095
1031,0.019573062658309937
1032,0.4761849343776703
1033,0.22486048936843872
1034,0.029869910329580307
1035,0.4813863933086395
1036,0.22427721321582794
1037,0.04840656369924545
1038,0.41094568371772766
1039,0.3434038460254669
1040,-0.03383185341954231
1041,0.4209436774253845
1042,0.34768036007881165
1043,-0.029560493305325508
1044,0.4277820885181427
1045,0.3529791831970215
1046,-0.023787526413798332
1047,0.41825324296951294
1048,0.30662381649017334
1049,-0.023134924471378326
1050,0.43625542521476746
1051,0.36633607745170593
1052,-0.011659527197480202
1053,0.4331941604614258
1054,0.37272578477859497
1055,-0.01590929552912712
1056,0.4325176477432251
1057,0.3655671775341034
1058,-0.012654813006520271
1059,0.41511043906211853
1060,0.2972143590450287
1061,-0.0344272218644619
1062,0.4226473271846771
1063,0.35635167360305786
1064,-0.021681735292077065
1065,0.41651004552841187
1066,0.35384708642959595
1067,-0.02603992074728012
1068,0.40896305441856384
1069,0.35283493995666504
1070,-0.029308408498764038
1071,0.41445013880729675
1072,0.40715187788009644
1073,-0.02193046733736992
1074,0.4137302339076996
1075,0.39779484272003174
1076,-0.027739910408854485
1077,0.41272687911987305
1078,0.39060306549072266
1079,-0.028304528445005417
1080,0.41147297620773315
1081,0.3834088146686554
1082,-0.025748685002326965
1083,0.41029560565948486
1084,0.3787361979484558
1085,-0.02381397783756256
1086,0.4242315888404846
1087,0.37390443682670593
1088,-0.017680583521723747
1089,0.4260825216770172
1090,0.3755125403404236
1091,-0.01934640482068062
1092,0.42897695302963257
1093,0.3785855174064636
1094,-0.021043622866272926
1095,0.43144679069519043
1096,0.38218218088150024
1097,-0.02024596743285656
1098,0.4364381432533264
1099,0.3381476402282715
1100,-0.01898183673620224
1101,0.494485467672348
1102,0.32140424847602844
1103,0.07869695127010345
1104,0.4279792308807373
1105,0.37144196033477783
1106,-0.014326104894280434
1107,0.4305271506309509
1108,0.3717864751815796
1109,-0.01553393341600895
1110,0.41041234135627747
1111,0.3129294812679291
1112,-0.0279428418725729
1113,0.424590140581131
1114,0.31237277388572693
1115,-0.01876937970519066
1116,0.41159117221832275
1117,0.31049254536628723
1118,-0.02722560428082943
1119,0.43446335196495056
1120,0.2797077000141144
1121,-0.0018448415212333202
1122,0.447666734457016
1123,0.2871144115924835
1124,-0.0014475657371804118
1125,0.42911601066589355
1126,0.2997003197669983
1127,-0.01961788721382618
1128,0.4653899371623993
1129,0.18226569890975952
1130,0.0441376268863678
1131,0.4601835608482361
1132,0.1922803819179535
1133,0.028043989092111588
1134,0.45463982224464417
1135,0.20481351017951965
1136,0.01421868335455656
1137,0.43521666526794434
1138,0.38837116956710815
1139,-0.01659090630710125
1140,0.41865378618240356
1141,0.20626644790172577
1142,0.0028757143300026655
1143,0.4209844172000885
1144,0.18422767519950867
1145,0.014756396412849426
1146,0.42386892437934875
1147,0.16396886110305786
1148,0.02586602419614792
1149,0.45855438709259033
1150,0.26010066270828247
1151,0.016023581847548485
1152,0.47771042585372925
1153,0.27238762378692627
1154,0.024665500968694687
1155,0.42464739084243774
1156,0.2537432312965393
1157,0.013849985785782337
1158,0.46861082315444946
1159,0.24309992790222168
1160,0.023091478273272514
1161,0.4188275933265686
1162,0.2651855945587158
1163,-0.004056601785123348
1164,0.420738160610199
1165,0.29143092036247253
1166,-0.03326220065355301
1167,0.4864538609981537
1168,0.2817842960357666
1169,0.031112780794501305
1170,0.4723108112812042
1171,0.27775633335113525
1172,0.01570747420191765
1173,0.4619204103946686
1174,0.27955326437950134
1175,0.007818551734089851
1176,0.4463474452495575
1177,0.27715879678726196
1178,0.0048799337819218636
1179,0.4347818195819855
1180,0.27254483103752136
1181,0.00444913050159812
1182,0.4256870448589325
1183,0.2669931948184967
1184,0.0037515985313802958
1185,0.4065753221511841
1186,0.2486760914325714
1187,-0.00840477179735899
1188,0.48576948046684265
1189,0.30323153734207153
1190,0.023595193400979042
1191,0.47501087188720703
1192,0.24256587028503418
1193,0.02747078612446785
1194,0.4022257328033447
1195,0.3019423484802246
1196,-0.043194446712732315
1197,0.4248534142971039
1198,0.2812025845050812
1199,-0.008798223920166492
1200,0.4946679174900055
1201,0.2731687128543854
1202,0.0852825939655304
1203,0.4188814163208008
1204,0.2603852152824402
1205,0.0041333469562232494
1206,0.4301218092441559
1207,0.3022201359272003
1208,-0.011388768441975117
1209,0.4648655951023102
1210,0.2512684464454651
1211,0.02391766384243965
1212,0.42146217823028564
1213,0.2862592935562134
1214,-0.028854243457317352
1215,0.4924735426902771
1216,0.3468652069568634
1217,0.06860432028770447
1218,0.4245210289955139
1219,0.2503582537174225
1220,0.01703806407749653
1221,0.4132755696773529
1222,0.2783699333667755
1223,-0.035190753638744354
1224,0.4685993194580078
1225,0.3929690420627594
1226,0.011166867800056934
1227,0.4693365693092346
1228,0.40999606251716614
1229,0.020714381709694862
1230,0.494162380695343
1231,0.31246453523635864
1232,0.051015835255384445
1233,0.4778144061565399
1234,0.3790028989315033
1235,0.02216622792184353
1236,0.4868631660938263
1237,0.24470198154449463
1238,0.056257348507642746
1239,0.4368864893913269
1240,0.43058568239212036
1241,-0.016732677817344666
1242,0.4017977714538574
1243,0.3061888813972473
1244,-0.03379162400960922
1245,0.432548463344574
1246,0.28999724984169006
1247,-0.00780342286452651
1248,0.4845167398452759
1249,0.26263225078582764
1250,0.03934594616293907
1251,0.45097804069519043
1252,0.25515538454055786
1253,0.014513523317873478
1254,0.44397246837615967
1255,0.25564008951187134
1256,0.012698444537818432
1257,0.43582454323768616
1258,0.3741156756877899
1259,-0.015187437646090984
1260,0.4844743609428406
1261,0.3256971836090088
1262,0.020823506638407707
1263,0.42156875133514404
1264,0.44997936487197876
1265,-0.01799507439136505
1266,0.4480522572994232
1267,0.43362075090408325
1268,-0.0010132213355973363
1269,0.4582282304763794
1270,0.42360997200012207
1271,0.00860351137816906
1272,0.43718692660331726
1273,0.25486135482788086
1274,0.01276739127933979
1275,0.4309265613555908
1276,0.2529480457305908
1277,0.01433731522411108
1278,0.4268532991409302
1279,0.25164490938186646
1280,0.0165900569409132
1281,0.480591356754303
1282,0.2424359768629074
1283,0.03606579080224037
1284,0.43094852566719055
1285,0.24615870416164398
1286,0.014741490595042706
1287,0.43757787346839905
1288,0.24517279863357544
1289,0.0132789621129632
1290,0.4439348876476288
1291,0.24490416049957275
1292,0.013430839404463768
1293,0.45066750049591064
1294,0.24616649746894836
1295,0.014924333430826664
1296,0.4555237591266632
1297,0.2481011003255844
1298,0.017105519771575928
1299,0.49193480610847473
1300,0.24574320018291473
1301,0.07905320823192596
1302,0.45558470487594604
1303,0.25408682227134705
1304,0.017124593257904053
1305,0.4290035367012024
1306,0.3292340040206909
1307,-0.022618092596530914
1308,0.4204317033290863
1309,0.30116546154022217
1310,-0.026530856266617775
1311,0.41198042035102844
1312,0.32254350185394287
1313,-0.029054436832666397
1314,0.4589332938194275
1315,0.40740808844566345
1316,0.002074220683425665
1317,0.44862428307533264
1318,0.4188157021999359
1319,-0.00703559210523963
1320,0.42118754982948303
1321,0.43939781188964844
1322,-0.02484114095568657
1323,0.4780008792877197
1324,0.39547818899154663
1325,0.036756426095962524
1326,0.4264107346534729
1327,0.2483762949705124
1328,0.016210606321692467
1329,0.4123666286468506
1330,0.26399147510528564
1331,-0.015214485116302967
1332,0.43614888191223145
1333,0.4426797926425934
1334,-0.011123593896627426
1335,0.491899698972702
1336,0.3368668556213379
1337,0.04416842386126518
1338,0.4180516302585602
1339,0.3764108717441559
1340,-0.02107168547809124
1341,0.4199390411376953
1342,0.3797207474708557
1343,-0.022750409319996834
1344,0.42219895124435425
1345,0.3849691152572632
1346,-0.024659158661961555
1347,0.42408299446105957
1348,0.3912217319011688
1349,-0.024136412888765335
1350,0.4266904294490814
1351,0.39886021614074707
1352,-0.0203692689538002
1353,0.4300342798233032
1354,0.36068791151046753
1355,-0.01723708212375641
1356,0.4331127405166626
1357,0.3593009412288666
1358,-0.017068559303879738
1359,0.43585461378097534
1360,0.35731473565101624
1361,-0.016737498342990875
1362,0.442582368850708
1363,0.349872887134552
1364,-0.013921219855546951
1365,0.472775936126709
1366,0.3275887072086334
1367,0.004545391071587801
1368,0.412509024143219
1369,0.25621476769447327
1370,-0.005609909538179636
1371,0.4174751937389374
1372,0.24078859388828278
1373,0.013022501021623611
1374,0.42262205481529236
1375,0.24328669905662537
1376,0.015718478709459305
1377,0.4277060925960541
1378,0.359552264213562
1379,-0.01666995696723461
1380,0.47378599643707275
1381,0.35830241441726685
1382,0.011265814304351807
1383,0.4097038805484772
1384,0.23797941207885742
1385,0.002903615590184927
1386,0.43087008595466614
1387,0.40688031911849976
1388,-0.01844959706068039
1389,0.40591689944267273
1390,0.25698184967041016
1391,-0.01877806894481182
1392,0.4190720319747925
1393,0.2798381447792053
1394,-0.019227219745516777
1395,0.4168609380722046
1396,0.41555190086364746
1397,-0.023045681416988373
1398,0.4489995241165161
1399,0.3819551467895508
1400,-0.008997309021651745
1401,0.43657612800598145
1402,0.3125251233577728
1403,-0.010991791263222694
1404,0.4413887858390808
1405,0.3956950902938843
1406,-0.013719998300075531
1407,0.45446300506591797
1408,0.3134955167770386
1409,-0.007749155629426241
1410,0.4437141716480255
1411,0.32505443692207336
1412,-0.011624358594417572
1413,0.4610985815525055
1414,0.33366602659225464
1415,-0.004550198558717966
1416,0.41957998275756836
1417,0.42708820104599
1418,-0.02560799941420555
1419,0.4249713122844696
1420,0.28740349411964417
1421,-0.015277160331606865
1422,0.45599767565727234
1423,0.3921207785606384
1424,-0.003933425527065992
1425,0.4459414780139923
1426,0.4054340124130249
1427,-0.010359030216932297
1428,0.4542105197906494
1429,0.36575087904930115
1430,-0.006756212096661329
1431,0.48204314708709717
1432,0.3457338511943817
1433,0.01976691372692585
1434,0.4642191529273987
1435,0.36958152055740356
1436,0.00017963428399525583
1437,0.48687100410461426
1438,0.35933220386505127
1439,0.03561100736260414
1440,0.44983693957328796
1441,0.3417774438858032
1442,-0.01015531923621893
1443,0.41846880316734314
1444,0.2725104093551636
1445,-0.011656567454338074
1446,0.41784220933914185
1447,0.2952921390533447
1448,-0.035547006875276566
1449,0.4240676164627075
1450,0.3007128834724426
1451,-0.028112709522247314
1452,0.4133884310722351
1453,0.2869891822338104
1454,-0.04027253016829491
1455,0.4237093925476074
1456,0.2310965359210968
1457,0.012328834272921085
1458,0.4367569088935852
1459,0.2245505154132843
1460,0.011320698074996471
1461,0.44821059703826904
1462,0.22346778213977814
1463,0.011158660985529423
1464,0.4579538106918335
1465,0.22629673779010773
1466,0.013550962321460247
1467,0.4649381637573242
1468,0.232743039727211
1469,0.01798715814948082
1470,0.47038352489471436
1471,0.2548408806324005
1472,0.02655032090842724
1473,0.4943268299102783
1474,0.2896391749382019
1475,0.05510133504867554
1476,0.4647846519947052
1477,0.26766714453697205
1478,0.017136938869953156
1479,0.4564058780670166
1480,0.2693769335746765
1481,0.012025118805468082
1482,0.4456827640533447
1483,0.2688964903354645
1484,0.00888078473508358
1485,0.4352836310863495
1486,0.2661029100418091
1487,0.008321036584675312
1488,0.4269881844520569
1489,0.26198768615722656
1490,0.009103219024837017
1491,0.42123058438301086
1492,0.2577807307243347
1493,0.009446448646485806
1494,0.49473267793655396
1495,0.29764142632484436
1496,0.08488314598798752
1497,0.42393410205841064
1498,0.3049285411834717
1499,-0.02466767467558384
1500,0.41213199496269226
1501,0.27088630199432373
1502,-0.024124626070261
1503,0.4109813868999481
1504,0.29415062069892883
1505,-0.04188302531838417
1506,0.40651965141296387
1507,0.3010864853858948
1508,-0.03978544473648071
1509,0.4112999439239502
1510,0.296963095664978
1511,-0.03831037878990173
1512,0.42170384526252747
1513,0.30935364961624146
1514,-0.022612594068050385
1515,0.4048914909362793
1516,0.30152884125709534
1517,-0.042096808552742004
1518,0.4045180380344391
1519,0.3055969178676605
1520,-0.033505093306303024
1521,0.4213288724422455
1522,0.2498258650302887
1523,0.015564117580652237
1524,0.41657599806785583
1525,0.25133398175239563
1526,0.010219399817287922
1527,0.41368308663368225
1528,0.25149738788604736
1529,0.0038627497851848602
1530,0.45872488617897034
1531,0.24970726668834686
1532,0.019430723041296005
1533,0.46404555439949036
1534,0.24349090456962585
1535,0.02018408477306366
1536,0.5233521461486816
1537,0.8475568294525146
1538,2.431511916256568e-07
1539,0.552972137928009
1540,0.7826203107833862
1541,-0.015538180246949196
1542,0.5683091878890991
1543,0.6969078183174133
1544,-0.031745895743370056
1545,0.5616455674171448
1546,0.6256030201911926
1547,-0.043626878410577774
1548,0.5429295897483826
1549,0.5730464458465576
1550,-0.05730164051055908
1551,0.5468168258666992
1552,0.6945159435272217
1553,-0.06604363024234772
1554,0.5062071681022644
1555,0.5915439128875732
1556,-0.09150976687669754
1557,0.47930920124053955
1558,0.5339624285697937
1559,-0.10229306668043137
1560,0.45581522583961487
1561,0.48957177996635437
1562,-0.10701476037502289
1563,0.5104036927223206
1564,0.7198580503463745
1565,-0.06965790688991547
1566,0.46889981627464294
1567,0.6003475189208984
1568,-0.09489280730485916
1569,0.4397750794887543
1570,0.527479887008667
1571,-0.10527671873569489
1572,0.4162876605987549
1573,0.4761866629123688
1574,-0.11141619831323624
1575,0.4756564199924469
1576,0.7397243976593018
1577,-0.07119504362344742
1578,0.43956005573272705
1579,0.626943826675415
1580,-0.09041928499937057
1581,0.4144318401813507
1582,0.5564132332801819
1583,-0.09835608303546906
1584,0.3956870138645172
1585,0.5067905187606812
1586,-0.10250189155340195
1587,0.44345903396606445
1588,0.755469024181366
1589,-0.07243108749389648
1590,0.4168798327445984
1591,0.6631261110305786
1592,-0.08836594969034195
1593,0.4015581011772156
1594,0.6084308624267578
1595,-0.09356560558080673
1596,0.3888239860534668
1597,0.5668877363204956
1598,-0.09549221396446228
1599,0.22966431081295013
1600,0.8371244072914124
1601,5.309716470947023e-07
1602,0.20153918862342834
1603,0.7698277831077576
1604,-0.008974787779152393
1605,0.19764596223831177
1606,0.6804215312004089
1607,-0.022030336782336235
1608,0.20983581244945526
1609,0.6083632111549377
1610,-0.03326902538537979
1611,0.21475009620189667
1612,0.5514733791351318
1613,-0.045572441071271896
1614,0.21137651801109314
1615,0.6720672249794006
1616,-0.052891019731760025
1617,0.25309666991233826
1618,0.5670973658561707
1619,-0.07721464335918427
1620,0.2848864793777466
1621,0.5117617845535278
1622,-0.08664269000291824
1623,0.3119255602359772
1624,0.4718148410320282
1625,-0.0892253890633583
1626,0.24507944285869598
1627,0.697410523891449
1628,-0.059574250131845474
1629,0.2911851108074188
1630,0.5807453393936157
1631,-0.07989136129617691
1632,0.32510900497436523
1633,0.5135927796363831
1634,-0.08668555319309235
1635,0.35233137011528015
1636,0.4661974012851715
1637,-0.0899154469370842
1638,0.28115448355674744
1639,0.7244212031364441
1640,-0.06458434462547302
1641,0.32214003801345825
1642,0.6162715554237366
1643,-0.07946682721376419
1644,0.3511345684528351
1645,0.5483331084251404
1646,-0.08489565551280975
1647,0.3729710578918457
1648,0.4993177354335785
1649,-0.08728878200054169
1650,0.31568506360054016
1651,0.7497801184654236
1652,-0.06931768357753754
1653,0.3433738350868225
1654,0.6568002700805664
1655,-0.07959497720003128
1656,0.36059844493865967
1657,0.5990360379219055
1658,-0.08137986063957214
1659,0.37549033761024475
1660,0.553447425365448
1661,-0.08117303997278214
