,0
0,0.15610241889953613
1,0.6675334572792053
2,-1.500685453414917
3,0.9856970310211182
4,0.18944372236728668
5,0.5386009812355042
6,-1.5641663074493408
7,0.9884334802627563
8,0.21569085121154785
9,0.5260506272315979
10,-1.5644328594207764
11,0.9911372661590576
12,0.24241702258586884
13,0.5147197246551514
14,-1.5648300647735596
15,0.9911159873008728
16,0.1387961059808731
17,0.5601584315299988
18,-1.4506663084030151
19,0.9819297194480896
20,0.12994536757469177
21,0.56147301197052
22,-1.4497960805892944
23,0.9784790873527527
24,0.12187504768371582
25,0.5623756647109985
26,-1.450291395187378
27,0.9733381867408752
28,0.3280823230743408
29,0.5055262446403503
30,-1.3468658924102783
31,0.9959139823913574
32,0.1897697150707245
33,0.5293046236038208
34,-0.8044881820678711
35,0.9797149300575256
36,0.2396354228258133
37,0.7259796261787415
38,-1.382219672203064
39,0.988013744354248
40,0.17555977404117584
41,0.743233859539032
42,-1.228947401046753
43,0.9720720052719116
44,0.6363755464553833
45,0.831464409828186
46,-1.1649929285049438
47,0.9745591282844543
48,0.11464276164770126
49,0.8670070767402649
50,-0.22976310551166534
51,0.9142476320266724
52,0.6739501953125
53,1.340530514717102
54,-1.9076532125473022
55,0.48394033312797546
56,0.01403625775128603
57,1.3172985315322876
58,-0.4073279798030853
59,0.05781709402799606
60,0.35360246896743774
61,0.9140689373016357
62,-2.2735016345977783
63,0.846337616443634
64,0.04476317763328552
65,1.0379259586334229
66,-1.2217743396759033
67,0.3052152991294861
68,0.2972586452960968
69,0.8087817430496216
70,-2.3959708213806152
71,0.8132079243659973
72,0.03929261118173599
73,0.9275141954421997
74,-1.324688196182251
75,0.2844751179218292
76,0.2685737609863281
77,0.7197512984275818
78,-2.249485492706299
79,0.8463914394378662
80,0.060560159385204315
81,0.8779098987579346
82,-1.2473036050796509
83,0.34619149565696716
84,0.3058467507362366
85,0.7709280252456665
86,-2.218569278717041
87,0.769054651260376
88,0.0886383131146431
89,0.8693259358406067
90,-1.228711485862732
91,0.3044707775115967
92,0.5944948792457581
93,1.871360182762146
94,-0.2764973044395447
95,0.001529306755401194
96,0.21444416046142578
97,1.8774845600128174
98,0.28270140290260315
99,0.0016533492598682642
100,0.60475754737854
101,2.6736366748809814
102,-0.08109698444604874
103,0.007553704548627138
104,0.2593148350715637
105,2.6433918476104736
106,0.4846676290035248
107,0.002752892207354307
108,0.6311173439025879
109,3.3812079429626465
110,0.7498380541801453
111,0.00029187218751758337
112,0.289489209651947
113,3.371943473815918
114,1.1875886917114258
115,7.03580371919088e-05
116,0.6571822762489319
117,3.4921507835388184
118,0.7937523722648621
119,0.00020493361807893962
120,0.29621437191963196
121,3.4899089336395264
122,1.2436611652374268
123,0.00010068983829114586
124,0.5376142263412476
125,3.6209216117858887
126,-0.012361975386738777
127,0.00040519205504097044
128,0.3013090491294861
129,3.603626251220703
130,0.4589136242866516
131,0.0007317697163671255
132,0.08587132394313812
133,0.6635030508041382
134,-0.027209525927901268
135,0.050058647990226746
136,0.6047487854957581
137,-0.03995652496814728
138,0.08131910860538483
139,0.6204835176467896
140,-0.02459917776286602
141,0.056005313992500305
142,0.5473937392234802
143,-0.013164962641894817
144,0.04665493965148926
145,0.5870905518531799
146,-0.04073335975408554
147,0.05246853828430176
148,0.5633108019828796
149,-0.03578701615333557
150,0.0738890990614891
151,0.5005852580070496
152,-0.010614068247377872
153,0.05957591533660889
154,0.5102580189704895
155,0.09878533333539963
156,0.07617016136646271
157,0.4613885283470154
158,-0.0009936444694176316
159,0.07140819728374481
160,0.43975600600242615
161,0.0007676603854633868
162,0.07023114711046219
163,0.3439968228340149
164,0.01788303628563881
165,0.08894729614257812
166,0.67219078540802
167,-0.02663007751107216
168,0.09380064904689789
169,0.6784216165542603
170,-0.025092756375670433
171,0.09986373782157898
172,0.6803573966026306
173,-0.02282039448618889
174,0.10400301218032837
175,0.704417884349823
176,-0.01888217031955719
177,0.10235165804624557
178,0.7118145227432251
179,-0.02072455920279026
180,0.10241227596998215
181,0.7207295894622803
182,-0.023058118298649788
183,0.1053515374660492
184,0.7310561537742615
185,-0.02342832274734974
186,0.11687355488538742
187,0.7504509687423706
188,-0.02043612115085125
189,0.059858620166778564
190,0.6140241622924805
191,-0.037021610885858536
192,0.06463342905044556
193,0.6146736145019531
194,-0.01904396153986454
195,0.0706494078040123
196,0.4455903470516205
197,0.1824837327003479
198,0.07591252774000168
199,0.5139865279197693
200,0.06251731514930725
201,0.07025572657585144
202,0.5192534327507019
203,0.07288052886724472
204,0.06546200811862946
205,0.522605836391449
206,0.08415799587965012
207,0.06285957992076874
208,0.5166397094726562
209,0.10318266600370407
210,0.0790131613612175
211,0.5072373747825623
212,0.051968589425086975
213,0.057909876108169556
214,0.48398369550704956
215,0.07630688697099686
216,0.0646410584449768
217,0.48107314109802246
218,0.06301707774400711
219,0.05394229292869568
220,0.4885120391845703
221,0.08802657574415207
222,0.0537533164024353
223,0.49453890323638916
224,0.0962960422039032
225,0.06263379752635956
226,0.5308131575584412
227,0.11145086586475372
228,0.10427787899971008
229,0.7799715995788574
230,0.023842575028538704
231,0.05916769802570343
232,0.507642924785614
233,0.10454007238149643
234,0.07939871400594711
235,0.5198978781700134
236,0.17925859987735748
237,0.06304830312728882
238,0.5205789804458618
239,0.13090898096561432
240,0.06454804539680481
241,0.5970694422721863
242,0.04696350544691086
243,0.07759851217269897
244,0.6647486090660095
245,-0.01228050235658884
246,0.08809357136487961
247,0.6810948848724365
248,-0.01123270858079195
249,0.07546787708997726
250,0.6722682118415833
251,0.006631189491599798
252,0.07816615700721741
253,0.6809079647064209
254,0.023517725989222527
255,0.08624586462974548
256,0.6837082505226135
257,0.004474608693271875
258,0.0862455740571022
259,0.6872698664665222
260,0.018382469192147255
261,0.08832257986068726
262,0.7158387303352356
263,0.04446849972009659
264,0.04635210335254669
265,0.6072259545326233
266,-0.03196389228105545
267,0.042337700724601746
268,0.5903822183609009
269,-0.03143753856420517
270,0.049347057938575745
271,0.4847702980041504
272,0.11318960785865784
273,0.07255326211452484
274,0.5440277457237244
275,0.03237582743167877
276,0.054516151547431946
277,0.6037827134132385
278,0.011359349824488163
279,0.05714288353919983
280,0.5935171842575073
281,0.015314007177948952
282,0.05832682549953461
283,0.6026278734207153
284,0.0891786590218544
285,0.0482044517993927
286,0.5677810907363892
287,-0.0224720798432827
288,0.04806433618068695
289,0.46698272228240967
290,0.07355044782161713
291,0.045748889446258545
292,0.4743335247039795
293,0.09541185945272446
294,0.05753645300865173
295,0.4185987710952759
296,0.159387469291687
297,0.06664931774139404
298,0.4676448702812195
299,0.022853314876556396
300,0.07154959440231323
301,0.4815087914466858
302,0.05546000972390175
303,0.08167798072099686
304,0.6985821723937988
305,0.057852622121572495
306,0.12736938893795013
307,0.6917363405227661
308,0.1655886322259903
309,0.06304633617401123
310,0.611804723739624
311,0.005047525744885206
312,0.06972808390855789
313,0.6161984205245972
314,-0.009441690519452095
315,0.08635623753070831
316,0.6967357397079468
317,0.049108076840639114
318,0.08986610919237137
319,0.694679856300354
320,0.04098894074559212
321,0.04562731087207794
322,0.4641197919845581
323,0.10623504221439362
324,0.061648204922676086
325,0.6105261445045471
326,0.014105280861258507
327,0.05465908348560333
328,0.4640626907348633
329,0.04943786561489105
330,0.0504583865404129
331,0.45068633556365967
332,0.051667820662260056
333,0.05001923441886902
334,0.37531977891921997
335,0.08967922627925873
336,0.0501151978969574
337,0.44015249609947205
338,0.1298069804906845
339,0.04835905134677887
340,0.4102720022201538
341,0.07031425833702087
342,0.05077490210533142
343,0.4770053029060364
344,0.1277981847524643
345,0.058987557888031006
346,0.46234679222106934
347,0.153780996799469
348,0.08211498707532883
349,0.6751489043235779
350,-0.012050987221300602
351,0.08028827607631683
352,0.6795921921730042
353,0.005455751437693834
354,0.08158881217241287
355,0.6845945119857788
356,0.01983824372291565
357,0.06701895594596863
358,0.6143831014633179
359,0.0013695015804842114
360,0.0878128707408905
361,0.6962769627571106
362,0.04428485780954361
363,0.0885712131857872
364,0.7021788358688354
365,0.03193466737866402
366,0.0913834497332573
367,0.6931436061859131
368,0.03924790024757385
369,0.05410654842853546
370,0.6073378920555115
371,-0.006124338135123253
372,0.09062691777944565
373,0.6848605275154114
374,0.01729826256632805
375,0.09150636196136475
376,0.6831550598144531
377,0.005072845611721277
378,0.09440383315086365
379,0.6822695136070251
380,-0.008321469649672508
381,0.10648109763860703
382,0.7507350444793701
383,-0.006799837574362755
384,0.09613505005836487
385,0.7313989400863647
386,-0.008127549663186073
387,0.0941084772348404
388,0.7214034795761108
389,-0.007450043689459562
390,0.0950281098484993
391,0.7122948169708252
392,-0.005019091535359621
393,0.09747888892889023
394,0.7057881951332092
395,-0.00422717584297061
396,0.09341169148683548
397,0.7017619609832764
398,0.02010626718401909
399,0.09135270118713379
400,0.7044185400009155
401,0.018625319004058838
402,0.0891934186220169
403,0.7089639902114868
404,0.01813674345612526
405,0.08843903988599777
406,0.7153826355934143
407,0.021477624773979187
408,0.0716233029961586
409,0.6631349921226501
410,0.03248431161046028
411,0.12087409943342209
412,0.5940424203872681
413,0.2003934681415558
414,0.07044868171215057
415,0.6166504621505737
416,-0.028882967308163643
417,0.09302450716495514
418,0.6988428235054016
419,0.031124625355005264
420,0.09034443646669388
421,0.7000819444656372
422,0.030556241050362587
423,0.07365094125270844
424,0.6237150430679321
425,-0.011019171215593815
426,0.06982200592756271
427,0.6198570132255554
428,0.011504339054226875
429,0.07165862619876862
430,0.6204076409339905
431,-0.01068264152854681
432,0.07071208208799362
433,0.5567458868026733
434,0.04470323771238327
435,0.06355109810829163
436,0.5744740962982178
437,0.061089999973773956
438,0.062346383929252625
439,0.6005093455314636
440,0.019675787538290024
441,0.05135512351989746
442,0.395040899515152
443,0.12699538469314575
444,0.04807355999946594
445,0.42246609926223755
446,0.10231688618659973
447,0.04553966224193573
448,0.4542006254196167
449,0.08138474076986313
450,0.09287486970424652
451,0.7297054529190063
452,0.030695687979459763
453,0.05934712290763855
454,0.44809749722480774
455,0.02516268938779831
456,0.05497308075428009
457,0.40042734146118164
458,0.03949299454689026
459,0.05502556264400482
460,0.35997965931892395
461,0.051839105784893036
462,0.06344684958457947
463,0.5219751596450806
464,0.09524010121822357
465,0.06227855384349823
466,0.5452653765678406
467,0.12439963221549988
468,0.0803583413362503
469,0.5020821690559387
470,0.04926114156842232
471,0.05609796941280365
472,0.5012404918670654
473,0.1126469299197197
474,0.07245519757270813
475,0.5314559936523438
476,0.023945603519678116
477,0.04879450798034668
478,0.5979093313217163
479,-0.0011859429068863392
480,0.06486962735652924
481,0.5591481924057007
482,0.14423894882202148
483,0.05952233076095581
484,0.5578385591506958
485,0.11081593483686447
486,0.0598536878824234
487,0.5619123578071594
488,0.08902295678853989
489,0.06734344363212585
490,0.5524770021438599
491,0.06692356616258621
492,0.07399322837591171
493,0.5397223830223083
494,0.051810842007398605
495,0.07675538957118988
496,0.5288930535316467
497,0.03908953070640564
498,0.06988446414470673
499,0.5080502033233643
500,0.0034344831947237253
501,0.06441394984722137
502,0.598660945892334
503,0.13827179372310638
504,0.05652867257595062
505,0.500443696975708
506,0.12509553134441376
507,0.05698062479496002
508,0.6148597002029419
509,-0.031034942716360092
510,0.06908024102449417
511,0.563143253326416
512,0.0264054574072361
513,0.10463355481624603
514,0.511376142501831
515,0.20920702815055847
516,0.07799150049686432
517,0.5185925364494324
518,0.03149193525314331
519,0.06885720044374466
520,0.6007985472679138
521,0.02675115317106247
522,0.06075769662857056
523,0.5084049105644226
524,0.10939768701791763
525,0.05298133194446564
526,0.5849908590316772
527,0.003190007759258151
528,0.12419376522302628
529,0.6411917209625244
530,0.18595221638679504
531,0.08040622621774673
532,0.49663493037223816
533,0.05399737507104874
534,0.04925741255283356
535,0.5746107697486877
536,-0.010259958915412426
537,0.099884994328022
538,0.7417596578598022
539,0.09868557006120682
540,0.11981234699487686
541,0.7625167369842529
542,0.10739684104919434
543,0.08623813092708588
544,0.6006659865379333
545,0.17345894873142242
546,0.09959246963262558
547,0.7164969444274902
548,0.12347417324781418
549,0.06949696689844131
550,0.4875134527683258
551,0.1703643947839737
552,0.1083744540810585
553,0.8033103942871094
554,0.0272971298545599
555,0.06793248653411865
556,0.6172819137573242
557,-0.02464473247528076
558,0.06917821615934372
559,0.5782536864280701
560,0.03548742085695267
561,0.06685031950473785
562,0.5238087773323059
563,0.14877401292324066
564,0.06278721988201141
565,0.5118308663368225
566,0.0848582461476326
567,0.06768696010112762
568,0.5098212957382202
569,0.07527466863393784
570,0.08777161687612534
571,0.7051358819007874
572,0.036113761365413666
573,0.07067954540252686
574,0.6356696486473083
575,0.13220636546611786
576,0.12536755204200745
577,0.8356235027313232
578,0.0073621938936412334
579,0.1173466295003891
580,0.8058390617370605
581,0.05754099041223526
582,0.11765307933092117
583,0.7878991961479187
584,0.08082818239927292
585,0.06800580024719238
586,0.3892759382724762
587,0.009332425892353058
588,0.14291144907474518
589,0.8391280770301819
590,-0.01820574887096882
591,0.0724310576915741
592,0.5053704977035522
593,0.06579907983541489
594,0.07661742717027664
595,0.5000272989273071
596,0.059256892651319504
597,0.07943636924028397
598,0.49734145402908325
599,0.05626450479030609
600,0.0595228374004364
601,0.49660396575927734
602,0.140963613986969
603,0.07276372611522675
604,0.4913010597229004
605,0.06169002875685692
606,0.06641462445259094
607,0.4920044541358948
608,0.06814025342464447
609,0.06063501536846161
610,0.4944531321525574
611,0.0771547481417656
612,0.05680708587169647
613,0.49874162673950195
614,0.08680788427591324
615,0.056508868932724
616,0.502726137638092
617,0.0935550183057785
618,0.08602123707532883
619,0.4742571711540222
620,0.1998921036720276
621,0.06058880686759949
622,0.5113613605499268
623,0.09300177544355392
624,0.08380445092916489
625,0.6331894993782043
626,-0.02422226406633854
627,0.07010375708341599
628,0.6493265628814697
629,0.01729155331850052
630,0.058941975235939026
631,0.6099324822425842
632,0.001439238665625453
633,0.07526823878288269
634,0.6394858360290527
635,-0.009501298889517784
636,0.07919733226299286
637,0.4785139560699463
638,-0.0029580574482679367
639,0.10269617289304733
640,0.7652186155319214
641,0.07430389523506165
642,0.10657285898923874
643,0.7836163640022278
644,0.05087672546505928
645,0.11461631953716278
646,0.8180168867111206
647,0.0005519113037735224
648,0.12542328238487244
649,0.7326526641845703
650,0.13771504163742065
651,0.07741010189056396
652,0.4940831959247589
653,0.05728751793503761
654,0.06385160982608795
655,0.5385710000991821
656,0.005417098291218281
657,0.12999257445335388
658,0.8220197558403015
659,-0.024001164361834526
660,0.11834397912025452
661,0.822669267654419
662,0.03323020413517952
663,0.09207195043563843
664,0.6425715088844299
665,0.1625359207391739
666,0.09434953331947327
667,0.7046586275100708
668,0.008958986960351467
669,0.09227487444877625
670,0.7090811133384705
671,0.00831835437566042
672,0.09079401940107346
673,0.716162919998169
674,0.007408066652715206
675,0.09100564569234848
676,0.7257211208343506
677,0.00893656350672245
678,0.098240427672863
679,0.7423369288444519
680,0.014433326199650764
681,0.08772861212491989
682,0.6905550956726074
683,0.03150981292128563
684,0.08440085500478745
685,0.6900345087051392
686,0.0358654260635376
687,0.08215557038784027
688,0.6883589625358582
689,0.03920333459973335
690,0.07549730688333511
691,0.6797786355018616
692,0.049219608306884766
693,0.06642280519008636
694,0.6438470482826233
695,0.10066554695367813
696,0.07164324820041656
697,0.5185778737068176
698,0.014314474537968636
699,0.07963573187589645
700,0.4848123788833618
701,0.036180637776851654
702,0.07852090895175934
703,0.48780399560928345
704,0.04967425763607025
705,0.09074091911315918
706,0.68734210729599
707,0.03026656247675419
708,0.08197145164012909
709,0.6893385648727417
710,0.10839907079935074
711,0.0762040913105011
712,0.48529666662216187
713,0.016371017321944237
714,0.10342442989349365
715,0.7588286995887756
716,0.018133800476789474
717,0.06039661169052124
718,0.5423285365104675
719,-0.02692916989326477
720,0.06261633336544037
721,0.5288984775543213
722,-0.006683689076453447
723,0.06730946898460388
724,0.5221648216247559
725,-0.01824243739247322
726,0.06122204661369324
727,0.5677299499511719
728,0.008804449811577797
729,0.12292487919330597
730,0.7977254390716553
731,-0.02494930848479271
732,0.1203308179974556
733,0.7709769606590271
734,-0.02220023423433304
735,0.10980483889579773
736,0.7695181965827942
737,-0.00437815161421895
738,0.08912685513496399
739,0.7252627015113831
740,0.054862137883901596
741,0.06869563460350037
742,0.6184844374656677
743,0.036055076867341995
744,0.09674938023090363
745,0.7441310882568359
746,0.036843422800302505
747,0.061606451869010925
748,0.6236472129821777
749,0.06249213218688965
750,0.06824715435504913
751,0.6406073570251465
752,0.046794358640909195
753,0.06690962612628937
754,0.6554585099220276
755,0.07626838237047195
756,0.11024469137191772
757,0.7943336963653564
758,-0.0012151474365964532
759,0.06532736122608185
760,0.5776544809341431
761,0.018898414447903633
762,0.09295288473367691
763,0.7421296834945679
764,0.06657829880714417
765,0.10020320862531662
766,0.761468231678009
767,0.04462915658950806
768,0.08054859936237335
769,0.7034146785736084
770,0.06892719119787216
771,0.07950878888368607
772,0.667384147644043
773,0.1270483136177063
774,0.08261089771986008
775,0.7092803716659546
776,0.08449952304363251
777,0.09750151634216309
778,0.6813716888427734
779,0.1487591713666916
780,0.0717533528804779
781,0.6681472063064575
782,0.05943572148680687
783,0.06688453257083893
784,0.5502712726593018
785,0.016590379178524017
786,0.050404638051986694
787,0.6053623557090759
788,-0.005762758664786816
789,0.056061238050460815
790,0.609637975692749
791,0.005066659767180681
792,0.04407699406147003
793,0.5934617519378662
794,-0.014455149881541729
795,0.07246546447277069
796,0.47590601444244385
797,0.04478750750422478
798,0.06204529106616974
799,0.47457125782966614
800,0.058442261070013046
801,0.05413438379764557
802,0.47726723551750183
803,0.07326150685548782
804,0.049473837018013
805,0.48245933651924133
806,0.08904623240232468
807,0.05069050192832947
808,0.4901614189147949
809,0.10213350504636765
810,0.06216704845428467
811,0.5147570371627808
812,0.11761528253555298
813,0.08218634128570557
814,0.5597988367080688
815,0.18019478023052216
816,0.06214800477027893
817,0.5373648405075073
818,0.10173751413822174
819,0.06399773061275482
820,0.5400435328483582
821,0.08646368980407715
822,0.07002020627260208
823,0.5345602035522461
824,0.07062480598688126
825,0.07609739154577255
826,0.5255036950111389
827,0.05706452205777168
828,0.07961259037256241
829,0.5171933174133301
830,0.0456506609916687
831,0.08128274232149124
832,0.5104443430900574
833,0.03882582113146782
834,0.11588625609874725
835,0.5508949160575867
836,0.20938871800899506
837,0.06176917254924774
838,0.6129444241523743
839,0.007720109075307846
840,0.05716627836227417
841,0.5565528273582458
842,-0.0012694812612608075
843,0.04649233818054199
844,0.6058886051177979
845,-0.02006673440337181
846,0.05789446830749512
847,0.6127161383628845
848,-0.024509673938155174
849,0.052617549896240234
850,0.6080360412597656
851,-0.01644742116332054
852,0.06787504255771637
853,0.6167759299278259
854,0.004879679996520281
855,0.05673247575759888
856,0.614392876625061
857,-0.02852495014667511
858,0.0660783052444458
859,0.6170871257781982
860,-0.02193780243396759
861,0.0813218206167221
862,0.4968293011188507
863,0.04614671319723129
864,0.08214601129293442
865,0.500312089920044
866,0.03250677138566971
867,0.07851506024599075
868,0.5045762658119202
869,0.022797534242272377
870,0.057369619607925415
871,0.5058436989784241
872,0.09890961647033691
873,0.05648379027843475
874,0.5008603930473328
875,0.10437546670436859
876,0.06942486763000488
877,0.5406032800674438
878,-0.035936713218688965
879,0.17167970538139343
880,0.4483051896095276
881,-0.06367046386003494
882,0.0801878347992897
883,0.607606053352356
884,-0.036365725100040436
885,0.26287904381752014
886,0.33391696214675903
887,-0.0655190497636795
888,0.13923828303813934
889,0.47916921973228455
890,-0.04295123741030693
891,0.1497313380241394
892,0.47528356313705444
893,-0.053199492394924164
894,0.16252028942108154
895,0.46944862604141235
896,-0.061288271099328995
897,0.18382278084754944
898,0.4508622884750366
899,-0.06871651858091354
900,0.13071441650390625
901,0.4791153371334076
902,-0.030748067423701286
903,0.1419781744480133
904,0.4269189238548279
905,-0.05488639697432518
906,0.1317809820175171
907,0.43339625000953674
908,-0.04055733606219292
909,0.1557329297065735
910,0.42317891120910645
911,-0.06388632953166962
912,0.16794325411319733
913,0.4244530498981476
914,-0.06781350076198578
915,0.20080715417861938
916,0.45738184452056885
917,-0.07271554321050644
918,0.17744019627571106
919,0.7643053531646729
920,-0.05328094959259033
921,0.17854556441307068
922,0.4411224126815796
923,-0.06535953283309937
924,0.2818155288696289
925,0.41984283924102783
926,-0.07460777461528778
927,0.2224145084619522
928,0.43606579303741455
929,-0.07606333494186401
930,0.14956486225128174
931,0.5572744011878967
932,-0.059264253824949265
933,0.10027297586202621
934,0.6550677418708801
935,-0.03975721448659897
936,0.10750006884336472
937,0.6739150285720825
938,-0.0365179218351841
939,0.12285050749778748
940,0.6546933650970459
941,-0.05017591640353203
942,0.14192332327365875
943,0.6567916870117188
944,-0.055117372423410416
945,0.12454337626695633
946,0.6703768968582153
947,-0.045264966785907745
948,0.13971176743507385
949,0.6677058339118958
950,-0.048178937286138535
951,0.1795361191034317
952,0.6840190887451172
953,-0.057320717722177505
954,0.0593445748090744
955,0.6009246110916138
956,-0.046498995274305344
957,0.056976646184921265
958,0.5833781361579895
959,-0.04861293360590935
960,0.1887165904045105
961,0.39913392066955566
962,-0.08075865358114243
963,0.12174012511968613
964,0.5190985202789307
965,-0.03647967055439949
966,0.10927999764680862
967,0.5807625651359558
968,-0.053306322544813156
969,0.11300495266914368
970,0.5691695213317871
971,-0.051321838051080704
972,0.19740749895572662
973,0.5388728976249695
974,-0.0854339674115181
975,0.062318265438079834
976,0.5607643723487854
977,-0.044666215777397156
978,0.13982686400413513
979,0.4002792537212372
980,-0.061405736953020096
981,0.1644427627325058
982,0.3956707715988159
983,-0.07399841398000717
984,0.22330686450004578
985,0.31207478046417236
986,-0.06366114318370819
987,0.09359558671712875
988,0.4441426992416382
989,-0.021391697227954865
990,0.12500393390655518
991,0.44318222999572754
992,-0.028934568166732788
993,0.18529416620731354
994,0.6594048738479614
995,-0.06490830332040787
996,0.3410012722015381
997,0.6227424144744873
998,-0.06708890199661255
999,0.10485456883907318
1000,0.5948873162269592
1001,-0.04330676421523094
1002,0.09707009047269821
1003,0.6051108241081238
1004,-0.03345092013478279
1005,0.1712852418422699
1006,0.6654685139656067
1007,-0.05692615360021591
1008,0.16728997230529785
1009,0.6670251488685608
1010,-0.05257664620876312
1011,0.17353279888629913
1012,0.37891003489494324
1013,-0.074588343501091
1014,0.11770419031381607
1015,0.5879096388816833
1016,-0.049515821039676666
1017,0.11545845121145248
1018,0.4156704246997833
1019,-0.043670445680618286
1020,0.11375188827514648
1021,0.39943113923072815
1022,-0.04439329728484154
1023,0.13416065275669098
1024,0.30905961990356445
1025,-0.03868161514401436
1026,0.19581007957458496
1027,0.3456073999404907
1028,-0.07001163810491562
1029,0.12040789425373077
1030,0.3531428575515747
1031,-0.04104640334844589
1032,0.20331384241580963
1033,0.3849477171897888
1034,-0.08032658696174622
1035,0.23141099512577057
1036,0.3610486388206482
1037,-0.07215310633182526
1038,0.10353602468967438
1039,0.6663869023323059
1040,-0.03912360593676567
1041,0.12234004586935043
1042,0.6641107797622681
1043,-0.04802803322672844
1044,0.1396608054637909
1045,0.6629053950309753
1046,-0.051780298352241516
1047,0.1053059920668602
1048,0.5994051098823547
1049,-0.037885457277297974
1050,0.16860565543174744
1051,0.6666487455368042
1052,-0.0540604405105114
1053,0.16048288345336914
1054,0.6763318777084351
1055,-0.05108645185828209
1056,0.16698244214057922
1057,0.6666366457939148
1058,-0.05181969702243805
1059,0.08572107553482056
1060,0.5937291383743286
1061,-0.05040876939892769
1062,0.14257772266864777
1063,0.6663035154342651
1064,-0.04568832367658615
1065,0.1276054084300995
1066,0.6704890727996826
1067,-0.04108332842588425
1068,0.11239314079284668
1069,0.6750195026397705
1070,-0.034305818378925323
1071,0.13463030755519867
1072,0.7421002984046936
1073,-0.03300967067480087
1074,0.12215237319469452
1075,0.7222433090209961
1076,-0.03675750270485878
1077,0.11821964383125305
1078,0.7123543620109558
1079,-0.036827269941568375
1080,0.11680645495653152
1081,0.7040076851844788
1082,-0.03422541543841362
1083,0.11750662326812744
1084,0.697946310043335
1085,-0.031841352581977844
1086,0.14710450172424316
1087,0.6820678114891052
1088,-0.04420577362179756
1089,0.14769235253334045
1090,0.6835172176361084
1091,-0.04556494951248169
1092,0.14998923242092133
1093,0.6869937777519226
1094,-0.04843194782733917
1095,0.15357539057731628
1096,0.6918272376060486
1097,-0.04985678941011429
1098,0.14919158816337585
1099,0.6316483020782471
1100,-0.05800991505384445
1101,0.34059572219848633
1102,0.5038780570030212
1103,-0.058903858065605164
1104,0.15756449103355408
1105,0.6759181618690491
1106,-0.04849763959646225
1107,0.1581927239894867
1108,0.675762951374054
1109,-0.0496269054710865
1110,0.0952083170413971
1111,0.615215539932251
1112,-0.034441620111465454
1113,0.12108031660318375
1114,0.6002823710441589
1115,-0.03950957953929901
1116,0.09584270417690277
1117,0.6105011105537415
1118,-0.03393713757395744
1119,0.13638974726200104
1120,0.5242003202438354
1121,-0.047261081635951996
1122,0.15689510107040405
1123,0.5287241339683533
1124,-0.06344623863697052
1125,0.12127669900655746
1126,0.575719952583313
1127,-0.04925909638404846
1128,0.18001173436641693
1129,0.3032307028770447
1130,-0.05537983030080795
1131,0.15884427726268768
1132,0.3424168527126312
1133,-0.05905294045805931
1134,0.14270445704460144
1135,0.3829538822174072
1136,-0.06203814595937729
1137,0.16836251318454742
1138,0.7054678797721863
1139,-0.05363265424966812
1140,0.09030322730541229
1141,0.41981592774391174
1142,-0.023389741778373718
1143,0.09213104099035263
1144,0.3696054220199585
1145,-0.018582941964268684
1146,0.09937920421361923
1147,0.32301121950149536
1148,-0.012594068422913551
1149,0.1759704351425171
1150,0.46080443263053894
1151,-0.06665132939815521
1152,0.22163458168506622
1153,0.464354544878006
1154,-0.08043897897005081
1155,0.12513631582260132
1156,0.47733622789382935
1157,-0.024563852697610855
1158,0.1917683482170105
1159,0.42315930128097534
1160,-0.07507448643445969
1161,0.10987164825201035
1162,0.5119925737380981
1163,-0.031174900010228157
1164,0.09161905944347382
1165,0.5788257122039795
1166,-0.05349723994731903
1167,0.24999970197677612
1168,0.469560831785202
1169,-0.08813352137804031
1170,0.20591768622398376
1171,0.4839406907558441
1172,-0.08217966556549072
1173,0.1825513392686844
1174,0.5001112222671509
1175,-0.07439407706260681
1176,0.15528859198093414
1177,0.5075633525848389
1178,-0.05786822363734245
1179,0.13816778361797333
1180,0.5066694617271423
1181,-0.04300440847873688
1182,0.1253116875886917
1183,0.5035984516143799
1184,-0.03212521970272064
1185,0.08496291190385818
1186,0.4992246627807617
1187,-0.019891969859600067
1188,0.25328952074050903
1189,0.5149217247962952
1190,-0.09358387440443039
1191,0.20754750072956085
1192,0.4144858121871948
1193,-0.08012653887271881
1194,0.06476646661758423
1195,0.6108714938163757
1196,-0.042557768523693085
1197,0.11844269931316376
1198,0.5394200086593628
1199,-0.04019114375114441
1200,0.3189834952354431
1201,0.4083606004714966
1202,-0.05812622606754303
1203,0.11415700614452362
1204,0.4988600015640259
1205,-0.02403387427330017
1206,0.12983174622058868
1207,0.5753033757209778
1208,-0.04256241396069527
1209,0.18736179172992706
1210,0.4381493031978607
1211,-0.06843510270118713
1212,0.09656012058258057
1213,0.565308690071106
1214,-0.05012988671660423
1215,0.3461105227470398
1216,0.5590802431106567
1217,-0.06263282150030136
1218,0.12730947136878967
1219,0.4706767201423645
1220,-0.023844841867685318
1221,0.07750016450881958
1222,0.5612688660621643
1223,-0.0495741069316864
1224,0.2670687437057495
1225,0.6961615681648254
1226,-0.07520048320293427
1227,0.2920975089073181
1228,0.7217109203338623
1229,-0.06901142746210098
1230,0.3020573854446411
1231,0.5082777142524719
1232,-0.07962225377559662
1233,0.2917329967021942
1234,0.6581675410270691
1235,-0.0809190571308136
1236,0.2581951320171356
1237,0.385783314704895
1238,-0.07220136374235153
1239,0.18887832760810852
1240,0.7895531058311462
1241,-0.05530733987689018
1242,0.07413827627897263
1243,0.6143270134925842
1244,-0.03183966130018234
1245,0.13354229927062988
1246,0.5480571985244751
1247,-0.04699382558465004
1248,0.24438953399658203
1249,0.4325297474861145
1250,-0.07955975830554962
1251,0.1561373621225357
1252,0.45978599786758423
1253,-0.05798588693141937
1254,0.14572761952877045
1255,0.4657866358757019
1256,-0.051635585725307465
1257,0.16488125920295715
1258,0.6774778962135315
1259,-0.053161632269620895
1260,0.26411333680152893
1261,0.5577129125595093
1262,-0.09164193272590637
1263,0.17091530561447144
1264,0.8300724625587463
1265,-0.03916750103235245
1266,0.22929468750953674
1267,0.7867950201034546
1268,-0.05672745406627655
1269,0.25826704502105713
1270,0.7597403526306152
1271,-0.06277543306350708
1272,0.13831555843353271
1273,0.46860402822494507
1274,-0.04253173619508743
1275,0.13210172951221466
1276,0.4697139263153076
1277,-0.03345682471990585
1278,0.12865397334098816
1279,0.4706449806690216
1280,-0.02714698202908039
1281,0.22645407915115356
1282,0.40357673168182373
1283,-0.08023017644882202
1284,0.1307450234889984
1285,0.45500174164772034
1286,-0.033665675669908524
1287,0.1364281177520752
1288,0.44661158323287964
1289,-0.042411550879478455
1290,0.14429904520511627
1291,0.441756933927536
1292,-0.051217637956142426
1293,0.15571734309196472
1294,0.43907448649406433
1295,-0.05899152532219887
1296,0.16496188938617706
1297,0.4395864009857178
1298,-0.06255899369716644
1299,0.29347169399261475
1300,0.3637513220310211
1301,-0.061072468757629395
1302,0.16458600759506226
1303,0.4540121555328369
1304,-0.061891570687294006
1305,0.13192056119441986
1306,0.6254101991653442
1307,-0.05147092789411545
1308,0.10052245110273361
1309,0.5924317836761475
1310,-0.04388068616390228
1311,0.09945327788591385
1312,0.6295597553253174
1313,-0.03755468875169754
1314,0.24151219427585602
1315,0.7318435311317444
1316,-0.06638220697641373
1317,0.2173978090286255
1318,0.7613527178764343
1319,-0.060129668563604355
1320,0.15784978866577148
1321,0.8112074136734009
1322,-0.0444900281727314
1323,0.32083433866500854
1324,0.6784855723381042
1325,-0.07018710672855377
1326,0.12805664539337158
1327,0.46531593799591064
1328,-0.028048813343048096
1329,0.08974555134773254
1330,0.5250242352485657
1331,-0.03173414245247841
1332,0.1994716376066208
1333,0.8111552000045776
1334,-0.05147257074713707
1335,0.3098755180835724
1336,0.5581589341163635
1337,-0.0802178829908371
1338,0.13220109045505524
1339,0.690065860748291
1340,-0.039641883224248886
1341,0.13288749754428864
1342,0.6936267614364624
1343,-0.04162945970892906
1344,0.13474388420581818
1345,0.6995217800140381
1346,-0.0447271503508091
1347,0.1384010910987854
1348,0.7084898948669434
1349,-0.04611649736762047
1350,0.15323273837566376
1351,0.7252658605575562
1352,-0.04727374389767647
1353,0.15629112720489502
1354,0.6657912135124207
1355,-0.05159346014261246
1356,0.15699808299541473
1357,0.6634588837623596
1358,-0.05498770251870155
1359,0.15947258472442627
1360,0.6590020656585693
1361,-0.0574452243745327
1362,0.1679029017686844
1363,0.6433029174804688
1364,-0.06407400965690613
1365,0.2290705144405365
1366,0.5780850648880005
1367,-0.08918838948011398
1368,0.09690867364406586
1369,0.504633903503418
1370,-0.024552589282393456
1371,0.11138299852609634
1372,0.4635900855064392
1373,-0.013324294239282608
1374,0.12110042572021484
1375,0.4605256915092468
1376,-0.021406909450888634
1377,0.15650302171707153
1378,0.6642869710922241
1379,-0.04933229461312294
1380,0.257252037525177
1381,0.6284871101379395
1382,-0.08445964753627777
1383,0.09522446990013123
1384,0.4716772437095642
1385,-0.012622909620404243
1386,0.16754278540611267
1387,0.742916464805603
1388,-0.04905666038393974
1389,0.0772852823138237
1390,0.5210211873054504
1391,-0.02676338702440262
1392,0.0998786985874176
1393,0.5492860674858093
1394,-0.040026672184467316
1395,0.14231404662132263
1396,0.761883020401001
1397,-0.03638923913240433
1398,0.198324054479599
1399,0.6901114583015442
1400,-0.06270530074834824
1401,0.144372820854187
1402,0.586204469203949
1403,-0.051400378346443176
1404,0.18625928461551666
1405,0.7190523147583008
1406,-0.05630645900964737
1407,0.17578886449337006
1408,0.5732967257499695
1409,-0.0741754025220871
1410,0.15986211597919464
1411,0.6020586490631104
1412,-0.06253501027822495
1413,0.20194606482982635
1414,0.6013885140419006
1415,-0.07989092171192169
1416,0.1484983265399933
1417,0.786649763584137
1418,-0.043717142194509506
1419,0.11519050598144531
1420,0.5548460483551025
1421,-0.04252409189939499
1422,0.22061565518379211
1423,0.7058852910995483
1424,-0.06727887690067291
1425,0.20125357806682587
1426,0.7370854020118713
1427,-0.05849095806479454
1428,0.20328906178474426
1429,0.6590534448623657
1430,-0.07192352414131165
1431,0.273216187953949
1432,0.5959159135818481
1433,-0.08808377385139465
1434,0.2330184280872345
1435,0.6596096158027649
1436,-0.07777584344148636
1437,0.3093716502189636
1438,0.6080651879310608
1439,-0.08197621256113052
1440,0.1803731471300125
1441,0.6242637038230896
1442,-0.0700424388051033
1443,0.10420869290828705
1444,0.5318393707275391
1445,-0.03617991879582405
1446,0.08755809813737869
1447,0.5894858241081238
1448,-0.05310904607176781
1449,0.10527905821800232
1450,0.5887957215309143
1451,-0.049556147307157516
1452,0.07267173379659653
1453,0.5806472301483154
1454,-0.053415969014167786
1455,0.11301012337207794
1456,0.4449542760848999
1457,-0.02365165576338768
1458,0.12580733001232147
1459,0.4272932708263397
1460,-0.04122394323348999
1461,0.1402793675661087
1462,0.4170191287994385
1463,-0.05681268870830536
1464,0.15773211419582367
1465,0.4116853177547455
1466,-0.06848685443401337
1467,0.17547069489955902
1468,0.4135832190513611
1469,-0.07445842027664185
1470,0.20288003981113434
1471,0.4378925561904907
1472,-0.07213490456342697
1473,0.29295381903648376
1474,0.46256524324417114
1475,-0.07945088297128677
1476,0.1900884360074997
1477,0.4698500633239746
1478,-0.07125511020421982
1479,0.17296947538852692
1480,0.48199546337127686
1481,-0.06508754938840866
1482,0.15441125631332397
1483,0.489646852016449
1484,-0.054055988788604736
1485,0.13934986293315887
1486,0.4918484389781952
1487,-0.04124055802822113
1488,0.1289157271385193
1489,0.4908084273338318
1490,-0.028857329860329628
1491,0.12067559361457825
1492,0.4889676570892334
1493,-0.021678825840353966
1494,0.33199775218963623
1495,0.45455923676490784
1496,-0.05734401196241379
1497,0.11110518127679825
1498,0.5932693481445312
1499,-0.04600165784358978
1500,0.08300022035837173
1501,0.543417751789093
1502,-0.03977053239941597
1503,0.07086896896362305
1504,0.5954068899154663
1505,-0.05056539177894592
1506,0.07399008423089981
1507,0.605833888053894
1508,-0.04245217144489288
1509,0.07702378928661346
1510,0.5977349281311035
1511,-0.047651562839746475
1512,0.11291676014661789
1513,0.5996394157409668
1514,-0.04007447138428688
1515,0.0693572461605072
1516,0.6087839603424072
1517,-0.042774803936481476
1518,0.07766085863113403
1519,0.6119007468223572
1520,-0.03385443985462189
1521,0.12163615971803665
1522,0.47358497977256775
1523,-0.01832743175327778
1524,0.11327915638685226
1525,0.48221033811569214
1526,-0.014353585429489613
1527,0.10493640601634979
1528,0.48877573013305664
1529,-0.016633378341794014
1530,0.1715906262397766
1531,0.4406065344810486
1532,-0.06428670138120651
1533,0.18088595569133759
1534,0.42838627099990845
1535,-0.06980195641517639
1536,0.0
1537,0.0
1538,0.0
1539,0.0
1540,0.0
1541,0.0
1542,0.0
1543,0.0
1544,0.0
1545,0.0
1546,0.0
1547,0.0
1548,0.0
1549,0.0
1550,0.0
1551,0.0
1552,0.0
1553,0.0
1554,0.0
1555,0.0
1556,0.0
1557,0.0
1558,0.0
1559,0.0
1560,0.0
1561,0.0
1562,0.0
1563,0.0
1564,0.0
1565,0.0
1566,0.0
1567,0.0
1568,0.0
1569,0.0
1570,0.0
1571,0.0
1572,0.0
1573,0.0
1574,0.0
1575,0.0
1576,0.0
1577,0.0
1578,0.0
1579,0.0
1580,0.0
1581,0.0
1582,0.0
1583,0.0
1584,0.0
1585,0.0
1586,0.0
1587,0.0
1588,0.0
1589,0.0
1590,0.0
1591,0.0
1592,0.0
1593,0.0
1594,0.0
1595,0.0
1596,0.0
1597,0.0
1598,0.0
1599,0.0
1600,0.0
1601,0.0
1602,0.0
1603,0.0
1604,0.0
1605,0.0
1606,0.0
1607,0.0
1608,0.0
1609,0.0
1610,0.0
1611,0.0
1612,0.0
1613,0.0
1614,0.0
1615,0.0
1616,0.0
1617,0.0
1618,0.0
1619,0.0
1620,0.0
1621,0.0
1622,0.0
1623,0.0
1624,0.0
1625,0.0
1626,0.0
1627,0.0
1628,0.0
1629,0.0
1630,0.0
1631,0.0
1632,0.0
1633,0.0
1634,0.0
1635,0.0
1636,0.0
1637,0.0
1638,0.0
1639,0.0
1640,0.0
1641,0.0
1642,0.0
1643,0.0
1644,0.0
1645,0.0
1646,0.0
1647,0.0
1648,0.0
1649,0.0
1650,0.0
1651,0.0
1652,0.0
1653,0.0
1654,0.0
1655,0.0
1656,0.0
1657,0.0
1658,0.0
1659,0.0
1660,0.0
1661,0.0
