,0
0,0.40109577775001526
1,0.34335553646087646
2,-0.636387825012207
3,0.9999953508377075
4,0.42945176362991333
5,0.2884080708026886
6,-0.5861470699310303
7,0.999991774559021
8,0.44676709175109863
9,0.28845706582069397
10,-0.5857858657836914
11,0.9999925494194031
12,0.46070247888565063
13,0.2896415591239929
14,-0.5853362083435059
15,0.9999922513961792
16,0.37643781304359436
17,0.2938096225261688
18,-0.5826480388641357
19,0.9999910593032837
20,0.35955241322517395
21,0.29647937417030334
22,-0.5815881490707397
23,0.9999899864196777
24,0.34444719552993774
25,0.2997543215751648
26,-0.5817059874534607
27,0.9999886751174927
28,0.4805391728878021
29,0.32469233870506287
30,-0.2704944610595703
31,0.9999925494194031
32,0.3306198716163635
33,0.335610032081604
34,-0.24420830607414246
35,0.9999920725822449
36,0.44220834970474243
37,0.4101632833480835
38,-0.5234114527702332
39,0.9999944567680359
40,0.37417706847190857
41,0.4112779498100281
42,-0.5173860788345337
43,0.9999938607215881
44,0.618503212928772
45,0.6620463728904724
46,-0.15803048014640808
47,0.9998984932899475
48,0.2105129063129425
49,0.6903092265129089
50,-0.11304248869419098
51,0.9996190667152405
52,0.7342898845672607
53,1.0260342359542847
54,-0.5348581075668335
55,0.821956992149353
56,0.11547817289829254
57,1.0111535787582397
58,-0.17003455758094788
59,0.36598142981529236
60,0.7318851351737976
61,0.6906912326812744
62,-0.9166150093078613
63,0.9165231585502625
64,0.11574648320674896
65,1.456551194190979
66,-0.5503129959106445
67,0.1971554160118103
68,0.6924046277999878
69,0.5541298389434814
70,-1.0221728086471558
71,0.9008628129959106
72,0.09019298106431961
73,1.571887731552124
74,-0.6096070408821106
75,0.2322244495153427
76,0.6676508188247681
77,0.5070551037788391
78,-0.9076641201972961
79,0.9108636379241943
80,0.11889854818582535
81,1.5593458414077759
82,-0.6883715987205505
83,0.3276541829109192
84,0.6632934808731079
85,0.5634248852729797
86,-0.8899572491645813
87,0.905937671661377
88,0.13905106484889984
89,1.5209764242172241
90,-0.6010574698448181
91,0.34545573592185974
92,0.5743097066879272
93,1.4552348852157593
94,-0.07558044791221619
95,0.003192176343873143
96,0.2912493348121643
97,1.4612072706222534
98,0.0813731700181961
99,0.002062529558315873
100,0.5697441697120667
101,2.1163651943206787
102,-0.20155557990074158
103,0.0003488674701657146
104,0.31012967228889465
105,2.113987445831299
106,0.1379493623971939
107,0.00012470163346733898
108,0.5699886083602905
109,2.695526599884033
110,0.21572920680046082
111,1.7645799744059332e-05
112,0.32523077726364136
113,2.6895365715026855
114,0.46702852845191956
115,2.390942881902447e-06
116,0.5785180330276489
117,2.774439811706543
118,0.22677388787269592
119,1.6122210581670515e-05
120,0.32060474157333374
121,2.772292137145996
122,0.4886792302131653
123,8.171989975380711e-06
124,0.5279028415679932
125,2.8764710426330566
126,-0.31843847036361694
127,4.401226760819554e-05
128,0.3654607832431793
129,2.86889910697937
130,-0.06445061415433884
131,2.457773734931834e-05
132,0.3987739086151123
133,0.3996201157569885
134,-0.025224940851330757
135,0.39112716913223267
136,0.35596567392349243
137,-0.04587192088365555
138,0.39471668004989624
139,0.3697361350059509
140,-0.025183431804180145
141,0.3823698163032532
142,0.3205036520957947
143,-0.03328193724155426
144,0.38984841108322144
145,0.3438875675201416
146,-0.04843781888484955
147,0.38913169503211975
148,0.3290899693965912
149,-0.04480063542723656
150,0.38852471113204956
151,0.29503315687179565
152,-0.022068927064538002
153,0.33586040139198303
154,0.30443674325942993
155,0.016439616680145264
156,0.38742542266845703
157,0.2719694674015045
158,-0.016429895535111427
159,0.3862609267234802
160,0.25752440094947815
161,-0.017771529033780098
162,0.38292816281318665
163,0.20125536620616913
164,-0.007027015555649996
165,0.39965617656707764
166,0.4058898687362671
167,-0.024324622005224228
168,0.40049922466278076
169,0.410827100276947
170,-0.021786661818623543
171,0.40113547444343567
172,0.4129231572151184
173,-0.018178187310695648
174,0.4031481146812439
175,0.4323616921901703
176,-0.01303315069526434
177,0.4035760760307312
178,0.43836039304733276
179,-0.014428410679101944
180,0.4041849374771118
181,0.44565266370773315
182,-0.01595388725399971
183,0.4049798846244812
184,0.45333221554756165
185,-0.014020135626196861
186,0.40620288252830505
187,0.4633379876613617
188,-0.0057111638598144054
189,0.39235565066337585
190,0.36248311400413513
191,-0.041819751262664795
192,0.3855057954788208
193,0.3636034429073334
194,-0.029976829886436462
195,0.3114883005619049
196,0.2720956802368164
197,0.058295801281929016
198,0.35866448283195496
199,0.31016695499420166
200,0.006440000142902136
201,0.3511068820953369
202,0.3125603199005127
203,0.007447962649166584
204,0.3437076807022095
205,0.31359025835990906
206,0.010141149163246155
207,0.3336310088634491
208,0.3093731701374054
209,0.017763888463377953
210,0.3647606074810028
211,0.30591344833374023
212,0.006265076342970133
213,0.3454844653606415
214,0.28451040387153625
215,0.004159926436841488
216,0.3539937138557434
217,0.2838316857814789
218,0.003487068461254239
219,0.3379235565662384
220,0.28735437989234924
221,0.007267124950885773
222,0.33331483602523804
223,0.29195088148117065
224,0.011010602116584778
225,0.32877829670906067
226,0.3187274932861328
227,0.022039106115698814
228,0.37680888175964355
229,0.4792861342430115
230,0.00645917234942317
231,0.3330652415752411
232,0.3023926019668579
233,0.01928451471030712
234,0.3113038241863251
235,0.3207385241985321
236,0.06082041561603546
237,0.32078802585601807
238,0.3138124942779541
239,0.031047837808728218
240,0.3548923134803772
241,0.3578462600708008
242,-0.0024166391231119633
243,0.38772666454315186
244,0.3996396064758301
245,-0.02306085266172886
246,0.39139339327812195
247,0.4125688374042511
248,-0.019420770928263664
249,0.37787342071533203
250,0.40582820773124695
251,-0.016883788630366325
252,0.37287968397140503
253,0.4129888713359833
254,-0.008780274540185928
255,0.3842528164386749
256,0.415133535861969
257,-0.014617248438298702
258,0.3794158697128296
259,0.4183172583580017
260,-0.007291791494935751
261,0.366513729095459
262,0.43843963742256165
263,0.007266172673553228
264,0.38438624143600464
265,0.35681748390197754
266,-0.044708002358675
267,0.38210153579711914
268,0.3456435203552246
269,-0.04697728157043457
270,0.3213043808937073
271,0.28384146094322205
272,0.013860026374459267
273,0.36814719438552856
274,0.32592663168907166
275,-0.004740734584629536
276,0.3664155900478363
277,0.35868871212005615
278,-0.022639235481619835
279,0.36566001176834106
280,0.3531494438648224
281,-0.019793681800365448
282,0.3336609899997711
283,0.36176538467407227
284,0.01013905555009842
285,0.38197505474090576
286,0.33175742626190186
287,-0.04157078266143799
288,0.3371292054653168
289,0.26889339089393616
290,-0.0023484870325773954
291,0.32710742950439453
292,0.27436965703964233
293,0.00491288723424077
294,0.31533825397491455
295,0.2498602420091629
296,0.04169703647494316
297,0.3714331090450287
298,0.2728339731693268
299,-0.0123578617349267
300,0.3616701364517212
301,0.28581690788269043
302,0.005360689014196396
303,0.35986199975013733
304,0.4252437651157379
305,0.009087521582841873
306,0.3306032121181488
307,0.42885416746139526
308,0.07994338124990463
309,0.3733288049697876
310,0.3639512062072754
311,-0.01981733925640583
312,0.3806707262992859
313,0.36689263582229614
314,-0.02197456732392311
315,0.3679051399230957
316,0.42624908685684204
317,0.007862384431064129
318,0.37232115864753723
319,0.4252167344093323
320,0.005261344835162163
321,0.3228091299533844
322,0.26801207661628723
323,0.009626739658415318
324,0.3672454357147217
325,0.36443018913269043
326,-0.01814120262861252
327,0.35166141390800476
328,0.2678591012954712
329,-0.008332629688084126
330,0.3493354320526123
331,0.25878652930259705
332,-0.009875545278191566
333,0.3401138186454773
334,0.21589964628219604
335,0.007541332393884659
336,0.3191865086555481
337,0.25823575258255005
338,0.023644663393497467
339,0.34519073367118835
340,0.2356460988521576
341,-0.0015481837326660752
342,0.31742793321609497
343,0.28040891885757446
344,0.021610314026474953
345,0.31450220942497253
346,0.2766494154930115
347,0.039197757840156555
348,0.3894612491130829
349,0.4071350693702698
350,-0.022109726443886757
351,0.38132917881011963
352,0.41136059165000916
353,-0.01606893353164196
354,0.37604936957359314
355,0.41579627990722656
356,-0.008687291294336319
357,0.37579575181007385
358,0.36602887511253357
359,-0.018777592107653618
360,0.37006863951683044
361,0.4260160028934479
362,0.006351392716169357
363,0.37355297803878784
364,0.43137219548225403
365,0.0017684607300907373
366,0.3736559748649597
367,0.424163818359375
368,0.0049059404991567135
369,0.3765013515949249
370,0.3583475947380066
371,-0.031656570732593536
372,0.38152533769607544
373,0.41741883754730225
374,-0.006209095474332571
375,0.3865364193916321
376,0.41553303599357605
377,-0.011616754345595837
378,0.3931015729904175
379,0.41418352723121643
380,-0.015996333211660385
381,0.39388638734817505
382,0.4637286365032196
383,-0.0043001240119338036
384,0.39305785298347473
385,0.45326143503189087
386,-0.01226190198212862
387,0.39312222599983215
388,0.4455365836620331
389,-0.013659199699759483
390,0.3935133218765259
391,0.43793785572052
392,-0.012045681476593018
393,0.39424750208854675
394,0.4328410029411316
395,-0.0107759740203619
396,0.3816002309322357
397,0.430515319108963
398,-0.00241658091545105
399,0.38000884652137756
400,0.4326655864715576
401,-0.003628178033977747
402,0.37776222825050354
403,0.436515748500824
404,-0.004375890828669071
405,0.3760487139225006
406,0.44074660539627075
407,-0.0026282980106770992
408,0.3649877607822418
409,0.40000250935554504
410,-0.005995901767164469
411,0.31868836283683777
412,0.37312886118888855
413,0.09362395852804184
414,0.393387109041214
415,0.36545416712760925
416,-0.030994217842817307
417,0.3781694769859314
418,0.4286571741104126
419,0.002218616660684347
420,0.3758447468280792
421,0.42967963218688965
422,0.0015328985173255205
423,0.3840161859989166
424,0.3719886243343353
425,-0.02218528464436531
426,0.371332049369812
427,0.371683269739151
428,-0.012506239116191864
429,0.3823949098587036
430,0.36951562762260437
431,-0.02239963226020336
432,0.36072784662246704
433,0.33425480127334595
434,-0.0011662855977192521
435,0.34925490617752075
436,0.3443761169910431
437,0.002070337999612093
438,0.3653307259082794
439,0.35906267166137695
440,-0.015042115934193134
441,0.3240901827812195
442,0.23082631826400757
443,0.02371542900800705
444,0.3286973834037781
445,0.2441243678331375
446,0.01045092660933733
447,0.3338353931903839
448,0.2603450417518616
449,-0.00024332826433237642
450,0.37345778942108154
451,0.4480336904525757
452,0.0032877251505851746
453,0.3674740195274353
454,0.258629709482193
455,-0.015307801775634289
456,0.36319875717163086
457,0.23117420077323914
458,-0.009190510958433151
459,0.3591310977935791
460,0.20684616267681122
461,-0.0028423452749848366
462,0.33739596605300903
463,0.3127291798591614
464,0.014143623411655426
465,0.32196688652038574
466,0.3287835419178009
467,0.02725723758339882
468,0.3685232102870941
469,0.3019416928291321
470,0.0070627047680318356
471,0.3261628746986389
472,0.29745247960090637
473,0.01881963014602661
474,0.3729861080646515
475,0.317282497882843
476,-0.008199349977076054
477,0.3704552948474884
478,0.35269495844841003
479,-0.031080691143870354
480,0.3157593011856079
481,0.33888372778892517
482,0.03695471212267876
483,0.3268694579601288
484,0.3349936902523041
485,0.01940164342522621
486,0.3361963629722595
487,0.3368242383003235
488,0.011168815195560455
489,0.35023096203804016
490,0.3320390582084656
491,0.005956266075372696
492,0.3604547679424286
493,0.3251643180847168
494,0.0032992889173328876
495,0.36802342534065247
496,0.31804749369621277
497,0.0001944964606082067
498,0.3814409673213959
499,0.29960015416145325
500,-0.0180622860789299
501,0.3181036710739136
502,0.36237427592277527
503,0.034305963665246964
504,0.32070672512054443
505,0.29782888293266296
506,0.023200783878564835
507,0.38825640082359314
508,0.36282509565353394
509,-0.04095637798309326
510,0.36857566237449646
511,0.33643242716789246
512,-0.008584339171648026
513,0.3125612139701843
514,0.3225421905517578
515,0.08852400630712509
516,0.3733638823032379
517,0.3105907142162323
518,-0.0016126185655593872
519,0.36541277170181274
520,0.3605349361896515
521,-0.006327303126454353
522,0.3306681215763092
523,0.30373626947402954
524,0.021045392379164696
525,0.36984604597091675
526,0.34595751762390137
527,-0.0276934877038002
528,0.3228558301925659
529,0.4002787470817566
530,0.08896240592002869
531,0.36823272705078125
532,0.2978352904319763
533,0.009493251331150532
534,0.3756721317768097
535,0.3377145528793335
536,-0.036109160631895065
537,0.3447141647338867
538,0.45311278104782104
539,0.03772536292672157
540,0.3478754460811615
541,0.46767112612724304
542,0.050676845014095306
543,0.31436043977737427
544,0.3688792586326599
545,0.06406795233488083
546,0.33531078696250916
547,0.4381783604621887
548,0.04753274843096733
549,0.3128090500831604
550,0.29703274369239807
551,0.052426520735025406
552,0.37642914056777954
553,0.4925013780593872
554,0.010661536827683449
555,0.3901125192642212
556,0.36555883288383484
557,-0.030281079933047295
558,0.36271145939826965
559,0.3465827703475952
560,-0.005020941141992807
561,0.31576308608055115
562,0.31778720021247864
563,0.039964620023965836
564,0.34353524446487427
565,0.3063414394855499
566,0.0110570527613163
567,0.35036543011665344
568,0.30602383613586426
569,0.008554412983357906
570,0.37138989567756653
571,0.43338531255722046
572,0.0031780998688191175
573,0.3219582736492157
574,0.3857876658439636
575,0.036645323038101196
576,0.39267754554748535
577,0.5098822116851807
578,0.01106384489685297
579,0.36814090609550476
580,0.49363595247268677
581,0.028816526755690575
582,0.3585582673549652
583,0.48266303539276123
584,0.03860284760594368
585,0.38439738750457764
586,0.2276994287967682
587,-0.012700268067419529
588,0.4108715057373047
589,0.5106347799301147
590,0.007243117317557335
591,0.3568624258041382
592,0.30415332317352295
593,0.007598376367241144
594,0.3627340793609619
595,0.30125176906585693
596,0.008175584487617016
597,0.3664577007293701
598,0.2993243336677551
599,0.0095363799482584
600,0.31645217537879944
601,0.2973770797252655
602,0.03204011917114258
603,0.36131352186203003
604,0.2928624153137207
605,0.00724364398047328
606,0.3545823097229004
607,0.2919086217880249
608,0.006104895379394293
609,0.3478430509567261
610,0.2924017906188965
611,0.007060372270643711
612,0.3412000834941864
613,0.29499387741088867
614,0.009566844440996647
615,0.3371504843235016
616,0.29818058013916016
617,0.012635942548513412
618,0.31070205569267273
619,0.2947697639465332
620,0.07538531720638275
621,0.33898788690567017
622,0.30556368827819824
623,0.013938996009528637
624,0.3962642550468445
625,0.37966015934944153
626,-0.023060880601406097
627,0.3700699210166931
628,0.39055898785591125
629,-0.012074470520019531
630,0.37267276644706726
631,0.3617871403694153
632,-0.023161202669143677
633,0.38466301560401917
634,0.3830719590187073
635,-0.021218856796622276
636,0.3883240222930908
637,0.28344741463661194
638,-0.015879767015576363
639,0.3548867702484131
640,0.46828514337539673
641,0.02945549413561821
642,0.36520805954933167
643,0.48021799325942993
644,0.020597578957676888
645,0.3911232650279999
646,0.500457763671875
647,0.0016992115415632725
648,0.33934256434440613
649,0.4513934552669525
650,0.06562167406082153
651,0.365970253944397
652,0.2955494523048401
653,0.008572286926209927
654,0.37707680463790894
655,0.31803199648857117
656,-0.02025182917714119
657,0.4095296859741211
658,0.5012422800064087
659,-0.0015970788663253188
660,0.3790684938430786
661,0.5034091472625732
662,0.018503451719880104
663,0.3191244304180145
664,0.39429008960723877
665,0.0623348169028759
666,0.3871229290962219
667,0.4319831132888794
668,-0.006844550836831331
669,0.38569507002830505
670,0.4358420968055725
671,-0.008040954358875751
672,0.38416945934295654
673,0.4417383372783661
674,-0.008876679465174675
675,0.3832233250141144
676,0.4485820531845093
677,-0.007364887278527021
678,0.38203245401382446
679,0.45740020275115967
680,-0.0011653496185317636
681,0.375165730714798
682,0.4212985038757324
683,-0.0006694443873129785
684,0.3720647394657135
685,0.42059922218322754
686,-0.0003207351255696267
687,0.36930230259895325
688,0.41907232999801636
689,-0.00024118916189763695
690,0.3612590432167053
691,0.4116842448711395
692,0.00185991614125669
693,0.3314109742641449
694,0.3890727162361145
695,0.019396845251321793
696,0.3773494064807892
697,0.30765414237976074
698,-0.012496751733124256
699,0.3733263611793518
700,0.2893640697002411
701,0.0025592732708901167
702,0.3689647614955902
703,0.2916211187839508
704,0.0064684138633310795
705,0.3774494528770447
706,0.41927677392959595
707,-2.041783773165662e-05
708,0.33493831753730774
709,0.4192136228084564
710,0.03222835063934326
711,0.37897369265556335
712,0.28741297125816345
713,-0.009041854180395603
714,0.3793826401233673
715,0.46704140305519104
716,0.0032613168004900217
717,0.38894376158714294
718,0.31727102398872375
719,-0.036758024245500565
720,0.3817221224308014
721,0.3105214834213257
722,-0.026404380798339844
723,0.388733834028244
724,0.3064524531364441
725,-0.029014836996793747
726,0.3723752498626709
727,0.3366850018501282
728,-0.02010132372379303
729,0.4081827998161316
730,0.4882442355155945
731,-0.005548540037125349
732,0.40702712535858154
733,0.47418487071990967
734,-0.0053559462539851665
735,0.3925914764404297
736,0.47409558296203613
737,-0.0025241998955607414
738,0.3601597249507904
739,0.44299012422561646
740,0.012471497990190983
741,0.36109352111816406
742,0.371883749961853
743,-0.00348088750615716
744,0.3689254820346832
745,0.456549733877182
746,0.008395100012421608
747,0.3452206254005432
748,0.37462118268013
749,0.002259536413475871
750,0.3564651906490326
751,0.38587671518325806
752,-0.000545686692930758
753,0.3419528901576996
754,0.3955533802509308
755,0.010148206725716591
756,0.39110952615737915
757,0.4877054691314697
758,-0.0020019905641674995
759,0.3684234917163849
760,0.3445529341697693
761,-0.01384135615080595
762,0.35509100556373596
763,0.45360293984413147
764,0.02033044770359993
765,0.3659074604511261
766,0.4670026898384094
767,0.014458471909165382
768,0.3530368506908417
769,0.4273431897163391
770,0.013302886858582497
771,0.3266901969909668
772,0.40597087144851685
773,0.03944675624370575
774,0.34456688165664673
775,0.43117448687553406
776,0.02169952727854252
777,0.32585886120796204
778,0.4175627529621124
779,0.05842716619372368
780,0.35324397683143616
781,0.40334877371788025
782,0.004702473059296608
783,0.37298086285591125
784,0.32708197832107544
785,-0.013937355950474739
786,0.37352022528648376
787,0.35693344473838806
788,-0.03316294401884079
789,0.3691977858543396
790,0.3616402745246887
791,-0.023968756198883057
792,0.3758085370063782
793,0.3484859764575958
794,-0.039486393332481384
795,0.3666156828403473
796,0.28177815675735474
797,0.0008146141772158444
798,0.3533921241760254
799,0.2780052423477173
800,0.00010910314449574798
801,0.3421555459499359
802,0.2784757614135742
803,0.001396181876771152
804,0.33326175808906555
805,0.28188246488571167
806,0.005614724941551685
807,0.32785555720329285
808,0.2879875600337982
809,0.011358789168298244
810,0.32653573155403137
811,0.308590829372406
812,0.024618009105324745
813,0.31170210242271423
814,0.3446304500102997
815,0.0631086677312851
816,0.33276814222335815
817,0.32233959436416626
818,0.017636824399232864
819,0.34048929810523987
820,0.3238513767719269
821,0.011944819241762161
822,0.35043951869010925
823,0.3217240869998932
824,0.007714507635682821
825,0.35984212160110474
826,0.31716516613960266
827,0.00574589753523469
828,0.3670191466808319
829,0.31170931458473206
830,0.004290085751563311
831,0.37176403403282166
832,0.3067629635334015
833,0.0034220980014652014
834,0.31584814190864563
835,0.3479121923446655
836,0.09401220828294754
837,0.37021270394325256
838,0.36520111560821533
839,-0.019929079338908195
840,0.37694790959358215
841,0.32749396562576294
842,-0.02697332575917244
843,0.37883448600769043
844,0.3561134934425354
845,-0.04014281928539276
846,0.3845379054546356
847,0.3616653382778168
848,-0.037419892847537994
849,0.3795241713523865
850,0.35823854804039
851,-0.036128610372543335
852,0.37322714924812317
853,0.3688212037086487
854,-0.017370065674185753
855,0.38581329584121704
856,0.362449586391449
857,-0.039732370525598526
858,0.387437641620636
859,0.36520206928253174
860,-0.03008609637618065
861,0.37093111872673035
862,0.2978765070438385
863,0.007639055140316486
864,0.3751858174800873
865,0.2998197674751282
866,0.0018858978291973472
867,0.3770858347415924
868,0.3009694516658783
869,-0.004546370357275009
870,0.3348133862018585
871,0.30047959089279175
872,0.0155781339854002
873,0.3301687240600586
874,0.297091543674469
875,0.016154561191797256
876,0.3963668942451477
877,0.3182511329650879
878,-0.03461024537682533
879,0.4494519829750061
880,0.28733575344085693
881,0.006350332405418158
882,0.40133506059646606
883,0.361032098531723
884,-0.03100082464516163
885,0.4784715175628662
886,0.2444353848695755
887,0.042857300490140915
888,0.42647430300712585
889,0.299693763256073
890,-0.0002363357343710959
891,0.43469977378845215
892,0.2996199429035187
893,-0.0004589590826071799
894,0.4426800608634949
895,0.29811668395996094
896,0.0009709394653327763
897,0.4532647132873535
898,0.29114049673080444
899,0.007079248316586018
900,0.41937315464019775
901,0.29753321409225464
902,0.001085996744222939
903,0.43507441878318787
904,0.2709410786628723
905,-0.004050153773277998
906,0.42641717195510864
907,0.2726963758468628
908,-0.0029755739960819483
909,0.44344907999038696
910,0.27139776945114136
911,-0.002103517297655344
912,0.4493875503540039
913,0.27444368600845337
914,0.0008482433040626347
915,0.46045804023742676
916,0.29789042472839355
917,0.010391785763204098
918,0.43988603353500366
919,0.4705668091773987
920,0.0014721270417794585
921,0.45235130190849304
922,0.2846061587333679
923,0.008699300698935986
924,0.4861759841442108
925,0.2927255630493164
926,0.04505515098571777
927,0.46943747997283936
928,0.2901901304721832
929,0.01807568408548832
930,0.4366680681705475
931,0.34423282742500305
932,-0.009375549852848053
933,0.41017642617225647
934,0.39551806449890137
935,-0.02494676038622856
936,0.41053900122642517
937,0.4090045988559723
938,-0.021281138062477112
939,0.42285293340682983
940,0.3975645899772644
941,-0.020598987117409706
942,0.43121522665023804
943,0.4019883871078491
944,-0.01394085306674242
945,0.41938677430152893
946,0.4085210859775543
947,-0.018199250102043152
948,0.42632898688316345
949,0.4092367887496948
950,-0.011951346881687641
951,0.44488823413848877
952,0.4247314929962158
953,0.0005591488443315029
954,0.39827489852905273
955,0.3545139729976654
956,-0.04559330269694328
957,0.39821866154670715
958,0.34300634264945984
959,-0.04793928563594818
960,0.4612337052822113
961,0.26240187883377075
962,0.0018644408555701375
963,0.41727516055107117
964,0.3179275095462799
965,-0.009101304225623608
966,0.42077165842056274
967,0.3494335114955902
968,-0.026518352329730988
969,0.42118462920188904
970,0.34370309114456177
971,-0.023834051564335823
972,0.4610235393047333
973,0.34077638387680054
974,-0.0014007200952619314
975,0.39711934328079224
976,0.32932907342910767
977,-0.04287339746952057
978,0.43961918354034424
979,0.25336506962776184
980,-0.010908694006502628
981,0.45197781920433044
982,0.2553862929344177
983,-0.005762727465480566
984,0.4676531255245209
985,0.22423255443572998
986,0.027911333367228508
987,0.4041556715965271
988,0.26791122555732727
989,-0.015128291212022305
990,0.4192293882369995
991,0.2769160866737366
992,0.00014871398161631078
993,0.4492971897125244
994,0.40934857726097107
995,0.0011055624345317483
996,0.4899907410144806
997,0.40566733479499817
998,0.06549517065286636
999,0.415353000164032
1000,0.35677871108055115
1001,-0.022885525599122047
1002,0.4084843695163727
1003,0.3621155023574829
1004,-0.023499436676502228
1005,0.441864550113678
1006,0.41212186217308044
1007,0.0008885993156582117
1008,0.4374538064002991
1009,0.4124352037906647
1010,-0.0008695240248925984
1011,0.45621511340141296
1012,0.2475626915693283
1013,-0.001638292451389134
1014,0.4222554862499237
1015,0.3549988865852356
1016,-0.02205871418118477
1017,0.42372816801071167
1018,0.25693434476852417
1019,-0.014141473919153214
1020,0.42441433668136597
1021,0.24710136651992798
1022,-0.01572141982614994
1023,0.4304117262363434
1024,0.2002355307340622
1025,-0.00026112314662896097
1026,0.46144628524780273
1027,0.23514193296432495
1028,0.011374188587069511
1029,0.42629724740982056
1030,0.22223512828350067
1031,-0.008285963907837868
1032,0.4661312699317932
1033,0.2571372091770172
1034,0.008711245842278004
1035,0.47217005491256714
1036,0.25128164887428284
1037,0.025153957307338715
1038,0.41061723232269287
1039,0.4032139480113983
1040,-0.024076350033283234
1041,0.42101937532424927
1042,0.4039846658706665
1043,-0.01976095885038376
1044,0.42881765961647034
1045,0.4057217836380005
1046,-0.01362267043441534
1047,0.413575142621994
1048,0.35956573486328125
1049,-0.02118188701570034
1050,0.4397118091583252
1051,0.41247251629829407
1052,-0.00016571824380662292
1053,0.436478853225708
1054,0.41953080892562866
1055,-0.0037578900810331106
1056,0.43615445494651794
1057,0.41210752725601196
1058,-0.0010883999057114124
1059,0.4089997112751007
1060,0.35296985507011414
1061,-0.03431464731693268
1062,0.4246562719345093
1063,0.40894925594329834
1064,-0.010619290173053741
1065,0.41787201166152954
1066,0.40958553552627563
1067,-0.014948997646570206
1068,0.41002634167671204
1069,0.4109507203102112
1070,-0.01793363131582737
1071,0.41885659098625183
1072,0.4598175883293152
1073,-0.0062565584667027
1074,0.4172695577144623
1075,0.4492747187614441
1076,-0.014396541751921177
1077,0.41570302844047546
1078,0.4418168067932129
1079,-0.01594088040292263
1080,0.41400080919265747
1081,0.4344588816165924
1082,-0.014177839271724224
1083,0.4126739799976349
1084,0.4297069311141968
1085,-0.012813164852559566
1086,0.4273146092891693
1087,0.42199695110321045
1088,-0.006744062062352896
1089,0.4291209876537323
1090,0.4235715866088867
1091,-0.008017309010028839
1092,0.43195992708206177
1093,0.4266894459724426
1094,-0.008883723057806492
1095,0.43445542454719543
1096,0.4303041696548462
1097,-0.007411197759211063
1098,0.4356337785720825
1099,0.38749709725379944
1100,-0.011695463210344315
1101,0.49370405077934265
1102,0.346188485622406
1103,0.07736954092979431
1104,0.4314809739589691
1105,0.41854166984558105
1106,-0.0030081868171691895
1107,0.433843195438385
1108,0.4187414050102234
1109,-0.00379599304869771
1110,0.4062877297401428
1111,0.36813798546791077
1112,-0.023699980229139328
1113,0.420516699552536
1114,0.3631429076194763
1115,-0.0156449843198061
1116,0.40729862451553345
1117,0.36522579193115234
1118,-0.023853521794080734
1119,0.42672213912010193
1120,0.3233938217163086
1121,-0.007170755881816149
1122,0.44059938192367554
1123,0.329270601272583
1124,-0.00622117705643177
1125,0.42358195781707764
1126,0.34906673431396484
1127,-0.0193683672696352
1128,0.4522162675857544
1129,0.20884425938129425
1130,0.012463546358048916
1131,0.44681432843208313
1132,0.22472317516803741
1133,0.0006128099630586803
1134,0.44178444147109985
1135,0.2436833679676056
1136,-0.009173219092190266
1137,0.43876463174819946
1138,0.4372260272502899
1139,-0.0022585138212889433
1140,0.40548810362815857
1141,0.25268685817718506
1142,-0.01828616112470627
1143,0.4064182639122009
1144,0.2239638715982437
1145,-0.012576865032315254
1146,0.4081322252750397
1147,0.19821111857891083
1148,-0.006795084569603205
1149,0.44948631525039673
1150,0.2953953444957733
1151,0.003942538984119892
1152,0.46989864110946655
1153,0.3049039840698242
1154,0.014309994876384735
1155,0.41478607058525085
1156,0.2950437068939209
1157,0.002505427924916148
1158,0.4590732157230377
1159,0.277085542678833
1160,0.007175483740866184
1161,0.4103294610977173
1162,0.31123417615890503
1163,-0.011724027805030346
1164,0.4139762818813324
1165,0.3454621136188507
1166,-0.034194763749837875
1167,0.4798892140388489
1168,0.31254154443740845
1169,0.02235472947359085
1170,0.4644131362438202
1171,0.312582790851593
1172,0.007275053299963474
1173,0.4539150893688202
1174,0.3173888921737671
1175,0.000539229076821357
1176,0.43816450238227844
1177,0.3176397979259491
1178,-0.00223528896458447
1179,0.42626330256462097
1180,0.31451693177223206
1181,-0.0028608988504856825
1182,0.41707414388656616
1183,0.310255765914917
1184,-0.004426054190844297
1185,0.39699751138687134
1186,0.29714488983154297
1187,-0.019588030874729156
1188,0.480707049369812
1189,0.3363020122051239
1190,0.019724544137716293
1191,0.4658831059932709
1192,0.275084912776947
1193,0.010474278591573238
1194,0.3966386318206787
1195,0.36139675974845886
1196,-0.04162805154919624
1197,0.41759490966796875
1198,0.3283347189426422
1199,-0.012713014148175716
1200,0.4903407096862793
1201,0.2940184772014618
1202,0.07163821160793304
1203,0.4099739193916321
1204,0.3048305809497833
1205,-0.005162396002560854
1206,0.4250161647796631
1207,0.35027438402175903
1208,-0.010582550428807735
1209,0.45550644397735596
1210,0.2848290801048279
1211,0.00991430040448904
1212,0.4142933487892151
1213,0.33855077624320984
1214,-0.030906321480870247
1215,0.4938003420829773
1216,0.37469860911369324
1217,0.07358962297439575
1218,0.41480132937431335
1219,0.29107823967933655
1220,0.004764290526509285
1221,0.40551018714904785
1222,0.33277562260627747
1223,-0.0384964719414711
1224,0.4730380177497864
1225,0.43490612506866455
1226,0.026780176907777786
1227,0.47511860728263855
1228,0.45070502161979675
1229,0.03976285830140114
1230,0.4910479187965393
1231,0.34133511781692505
1232,0.048286233097314835
1233,0.4812915623188019
1234,0.41698580980300903
1235,0.03484494611620903
1236,0.47923654317855835
1237,0.2701992988586426
1238,0.03742927312850952
1239,0.44311484694480896
1240,0.48382940888404846
1241,0.005506772082298994
1242,0.3967512249946594
1243,0.36442115902900696
1244,-0.030711980536580086
1245,0.426098108291626
1246,0.3359047770500183
1247,-0.010259917937219143
1248,0.4770466983318329
1249,0.2921242415904999
1250,0.025769712403416634
1251,0.4412294626235962
1252,0.29146572947502136
1253,0.0022011944092810154
1254,0.43406400084495544
1255,0.29324567317962646
1256,0.0006485505145974457
1257,0.43908625841140747
1258,0.4208330512046814
1259,-0.002660159720107913
1260,0.4818546772003174
1261,0.3605644404888153
1262,0.022335490211844444
1263,0.4293259382247925
1264,0.5053398013114929
1265,0.008014249615371227
1266,0.4546394944190979
1267,0.48279327154159546
1268,0.02169475145637989
1269,0.46455252170562744
1270,0.46909070014953613
1271,0.02976997196674347
1272,0.4271903336048126
1273,0.29348480701446533
1274,0.0008251930703409016
1275,0.42075762152671814
1276,0.29239407181739807
1277,0.002346913330256939
1278,0.41681405901908875
1279,0.291870653629303
1280,0.004300195258110762
1281,0.47193294763565063
1282,0.27266478538513184
1283,0.018303891643881798
1284,0.4211609959602356
1285,0.2840917408466339
1286,0.001303161378018558
1287,0.42787063121795654
1288,0.2812044620513916
1289,-0.0008594756363891065
1290,0.4346025288105011
1291,0.2798389792442322
1292,-0.0010455131996423006
1293,0.4417576491832733
1294,0.28032124042510986
1295,0.0004349539231043309
1296,0.446649432182312
1297,0.28203099966049194
1298,0.0028744530864059925
1299,0.4855361878871918
1300,0.266263872385025
1301,0.05907444655895233
1302,0.4460310637950897
1303,0.28939950466156006
1304,0.004294147714972496
1305,0.42680296301841736
1306,0.38065341114997864
1307,-0.016431288793683052
1308,0.4149068295955658
1309,0.3546299636363983
1310,-0.02591243013739586
1311,0.4089682102203369
1312,0.378789484500885
1313,-0.023084096610546112
1314,0.4639776051044464
1315,0.4531998038291931
1316,0.02065919153392315
1317,0.4542337656021118
1318,0.46849098801612854
1319,0.013652685098350048
1320,0.4280356168746948
1321,0.4956885278224945
1322,-0.001232138485647738
1323,0.48309943079948425
1324,0.4313344359397888
1325,0.05262947082519531
1326,0.41661337018013
1327,0.28818175196647644
1328,0.0033002952113747597
1329,0.4037691652774811
1330,0.31378141045570374
1331,-0.02253546006977558
1332,0.44319969415664673
1333,0.49541497230529785
1334,0.013212139718234539
1335,0.4909992814064026
1336,0.3680744767189026
1337,0.0471893809735775
1338,0.4206409156322479
1339,0.42598870396614075
1340,-0.010325605049729347
1341,0.4226006269454956
1342,0.4293014705181122
1343,-0.01151792611926794
1344,0.42499205470085144
1345,0.43457305431365967
1346,-0.012586282566189766
1347,0.4272215664386749
1348,0.44106364250183105
1349,-0.0111722806468606
1350,0.4305820167064667
1351,0.44961678981781006
1352,-0.005421886220574379
1353,0.43285071849823
1354,0.4100806713104248
1355,-0.006315938197076321
1356,0.4354914128780365
1357,0.4084363281726837
1358,-0.006483952980488539
1359,0.43782714009284973
1360,0.40601104497909546
1361,-0.006527377292513847
1362,0.4436534643173218
1363,0.3969578146934509
1364,-0.005362983327358961
1365,0.47037577629089355
1366,0.3667241036891937
1367,0.006904579233378172
1368,0.4034402370452881
1369,0.30350276827812195
1370,-0.015107466839253902
1371,0.40715011954307556
1372,0.284331351518631
1373,-0.0003812367212958634
1374,0.4126235246658325
1375,0.2851179540157318
1376,0.002160253468900919
1377,0.430641770362854
1378,0.4089362323284149
1379,-0.005428023636341095
1380,0.47523003816604614
1381,0.39759203791618347
1382,0.01985570415854454
1383,0.39937299489974976
1384,0.2843346893787384
1385,-0.0107998326420784
1386,0.435194194316864
1387,0.45874935388565063
1388,-0.0012383305002003908
1389,0.39680325984954834
1390,0.30811139941215515
1391,-0.02765851467847824
1392,0.4115424156188965
1393,0.3302208185195923
1394,-0.02307572402060032
1395,0.42183950543403625
1396,0.46992141008377075
1397,-0.004769282415509224
1398,0.4520440399646759
1399,0.42830681800842285
1400,0.0048715341836214066
1401,0.4327987730503082
1402,0.3597138524055481
1403,-0.009093564003705978
1404,0.44509023427963257
1405,0.4448521137237549
1406,0.0023454029578715563
1407,0.4507032632827759
1408,0.3572045564651489
1409,-0.006888329051434994
1410,0.4415050446987152
1411,0.37161293625831604
1412,-0.007600314449518919
1413,0.4598149061203003
1414,0.3764335513114929
1415,-0.00020373410370666534
1416,0.4254431426525116
1417,0.4829830229282379
1418,-0.004810704849660397
1419,0.4181095063686371
1420,0.33621323108673096
1421,-0.01761682517826557
1422,0.4596780240535736
1423,0.4380651116371155
1424,0.011791849508881569
1425,0.4503974914550781
1426,0.45502665638923645
1427,0.007915234193205833
1428,0.45633652806282043
1429,0.41025349497795105
1430,0.004009144846349955
1431,0.4818578362464905
1432,0.3819933533668518
1433,0.025724759325385094
1434,0.46649110317230225
1435,0.4123303294181824
1436,0.011128325015306473
1437,0.4882829785346985
1438,0.3932722210884094
1439,0.04403700679540634
1440,0.4499654173851013
1441,0.3868992030620575
1442,-0.003894735360518098
1443,0.41051772236824036
1444,0.320944607257843
1445,-0.01719588041305542
1446,0.4114735722541809
1447,0.35061129927635193
1448,-0.035992495715618134
1449,0.41844305396080017
1450,0.35335949063301086
1451,-0.027314702048897743
1452,0.4062650501728058
1453,0.3435252904891968
1454,-0.04189971834421158
1455,0.41253551840782166
1456,0.27483606338500977
1457,-0.0032684863545000553
1458,0.42513081431388855
1459,0.26711025834083557
1460,-0.005969235673546791
1461,0.4366438090801239
1462,0.26416006684303284
1463,-0.006686905864626169
1464,0.4467772841453552
1465,0.26461511850357056
1466,-0.00425474438816309
1467,0.4544290602207184
1468,0.2687445282936096
1469,0.0005163528257980943
1470,0.4615488648414612
1471,0.28760018944740295
1472,0.012669075280427933
1473,0.4896419942378998
1474,0.3165361285209656
1475,0.04695096239447594
1476,0.4561433792114258
1477,0.30270522832870483
1478,0.006656723562628031
1479,0.44767963886260986
1480,0.30660325288772583
1481,0.002264375565573573
1482,0.4367824196815491
1483,0.3079698383808136
1484,-0.00026897958014160395
1485,0.42617982625961304
1486,0.30661582946777344
1487,-0.0005013026529923081
1488,0.4178178906440735
1489,0.3037426769733429
1490,-0.00044249434722587466
1491,0.411926805973053
1492,0.3005756139755249
1493,-0.0003873092355206609
1494,0.49221479892730713
1495,0.3200737535953522
1496,0.07720325887203217
1497,0.4189586043357849
1498,0.35683760046958923
1499,-0.023213397711515427
1500,0.4039403796195984
1501,0.3230639696121216
1502,-0.029352234676480293
1503,0.40457606315612793
1504,0.35193920135498047
1505,-0.04198577627539635
1506,0.4010576903820038
1507,0.3589332699775696
1508,-0.03844504430890083
1509,0.40527352690696716
1510,0.3540031909942627
1511,-0.037997473031282425
1512,0.417283296585083
1513,0.36125448346138
1514,-0.02018899656832218
1515,0.39932355284690857
1516,0.36020034551620483
1517,-0.0405375175178051
1518,0.3995174169540405
1519,0.36317840218544006
1520,-0.03080560639500618
1521,0.411630243062973
1522,0.2918644845485687
1523,0.0036322197411209345
1524,0.40704265236854553
1525,0.29500073194503784
1526,-0.0010109689319506288
1527,0.4042605757713318
1528,0.29674097895622253
1529,-0.007031749933958054
1530,0.449748694896698
1531,0.28351840376853943
1532,0.005334028508514166
1533,0.45420268177986145
1534,0.2783155143260956
1535,0.005357526708394289
1536,0.7152429223060608
1537,0.7034857273101807
1538,5.497978250446067e-08
1539,0.6608720421791077
1540,0.6589891314506531
1541,-0.006954585667699575
1542,0.6408737301826477
1543,0.5933696031570435
1544,-0.012706113047897816
1545,0.6304018497467041
1546,0.5404231548309326
1547,-0.02239108644425869
1548,0.6322816014289856
1549,0.49713048338890076
1550,-0.03158651664853096
1551,0.6807878613471985
1552,0.5056653618812561
1553,-0.0002917229139711708
1554,0.6808810234069824
1555,0.43012380599975586
1556,-0.019531412050127983
1557,0.6843991279602051
1558,0.3771898150444031
1559,-0.030985720455646515
1560,0.691183865070343
1561,0.33446699380874634
1562,-0.03667015954852104
1563,0.6964619159698486
1564,0.5039755702018738
1565,-0.008234987035393715
1566,0.6389662027359009
1567,0.4664318561553955
1568,-0.03626320883631706
1569,0.593594491481781
1570,0.44963109493255615
1571,-0.050704605877399445
1572,0.561377763748169
1573,0.4374920129776001
1574,-0.05442458763718605
1575,0.709672749042511
1576,0.5146571397781372
1577,-0.017894860357046127
1578,0.6385718584060669
1579,0.5343219041824341
1580,-0.05117521062493324
1581,0.6364161372184753
1582,0.5910696387290955
1583,-0.05213969573378563
1584,0.6468268632888794
1585,0.6324295997619629
1586,-0.041334714740514755
1587,0.7179864048957825
1588,0.5358450412750244
1589,-0.028319045901298523
1590,0.65361487865448
1591,0.5519452691078186
1592,-0.05064884200692177
1593,0.6496334671974182
1594,0.5978538393974304
1595,-0.0460825078189373
1596,0.6590698957443237
1597,0.6329848766326904
1598,-0.03439890220761299
1599,0.0
1600,0.0
1601,0.0
1602,0.0
1603,0.0
1604,0.0
1605,0.0
1606,0.0
1607,0.0
1608,0.0
1609,0.0
1610,0.0
1611,0.0
1612,0.0
1613,0.0
1614,0.0
1615,0.0
1616,0.0
1617,0.0
1618,0.0
1619,0.0
1620,0.0
1621,0.0
1622,0.0
1623,0.0
1624,0.0
1625,0.0
1626,0.0
1627,0.0
1628,0.0
1629,0.0
1630,0.0
1631,0.0
1632,0.0
1633,0.0
1634,0.0
1635,0.0
1636,0.0
1637,0.0
1638,0.0
1639,0.0
1640,0.0
1641,0.0
1642,0.0
1643,0.0
1644,0.0
1645,0.0
1646,0.0
1647,0.0
1648,0.0
1649,0.0
1650,0.0
1651,0.0
1652,0.0
1653,0.0
1654,0.0
1655,0.0
1656,0.0
1657,0.0
1658,0.0
1659,0.0
1660,0.0
1661,0.0
