,0
0,0.40103381872177124
1,0.3459424376487732
2,-0.6397610306739807
3,0.9999969005584717
4,0.4292876124382019
5,0.29034778475761414
6,-0.588245153427124
7,0.9999945759773254
8,0.4465748369693756
9,0.29041093587875366
10,-0.5878071784973145
11,0.9999949932098389
12,0.46041879057884216
13,0.29145756363868713
14,-0.5873264670372009
15,0.9999948740005493
16,0.37620753049850464
17,0.2955687642097473
18,-0.5847248435020447
19,0.9999939799308777
20,0.3593333065509796
21,0.29751521348953247
22,-0.5836005210876465
23,0.999992847442627
24,0.3441428542137146
25,0.300738662481308
26,-0.5837160348892212
27,0.9999919533729553
28,0.4801306128501892
29,0.3247448801994324
30,-0.26712316274642944
31,0.9999951124191284
32,0.3303070664405823
33,0.3371247947216034
34,-0.24394170939922333
35,0.9999944567680359
36,0.44233590364456177
37,0.41123276948928833
38,-0.5260312557220459
39,0.9999958872795105
40,0.37412282824516296
41,0.41337135434150696
42,-0.5196267366409302
43,0.9999954700469971
44,0.6165432929992676
45,0.6613236665725708
46,-0.14981552958488464
47,0.9999174475669861
48,0.2098660171031952
49,0.6901167631149292
50,-0.11574961245059967
51,0.9996470808982849
52,0.7348052859306335
53,1.0246018171310425
54,-0.5674557089805603
55,0.8462564945220947
56,0.11628209054470062
57,1.0026445388793945
58,-0.17832598090171814
59,0.35111549496650696
60,0.7140539884567261
61,0.6859921813011169
62,-1.0639877319335938
63,0.9473681449890137
64,0.10815644264221191
65,1.440743327140808
66,-0.5778322815895081
67,0.19407249987125397
68,0.6817198395729065
69,0.5497415065765381
70,-1.1829288005828857
71,0.9315441846847534
72,0.08000721037387848
73,1.555040955543518
74,-0.6399730443954468
75,0.23437893390655518
76,0.6608428359031677
77,0.5054896473884583
78,-1.0592304468154907
79,0.9401871562004089
80,0.11056575924158096
81,1.5454716682434082
82,-0.7150698304176331
83,0.33083757758140564
84,0.6535979509353638
85,0.5601878762245178
86,-1.0382378101348877
87,0.9352237582206726
88,0.13115562498569489
89,1.5064176321029663
90,-0.6294933557510376
91,0.3493868112564087
92,0.5734506845474243
93,1.454203486442566
94,-0.0706818476319313
95,0.0029649354983121157
96,0.28844502568244934
97,1.4599952697753906
98,0.07683165371417999
99,0.001903341617435217
100,0.565963864326477
101,2.117997407913208
102,-0.16612599790096283
103,0.00033046354656107724
104,0.3058067262172699
105,2.1108624935150146
106,0.11030374467372894
107,0.00011473218910396099
108,0.5623927116394043
109,2.694232702255249
110,0.28056949377059937
111,1.3817390026815701e-05
112,0.31216245889663696
113,2.6862828731536865
114,0.42403000593185425
115,1.7670608940534294e-06
116,0.5702701807022095
117,2.773139715194702
118,0.29443299770355225
119,1.270991015189793e-05
120,0.30673712491989136
121,2.7699296474456787
122,0.4416176378726959
123,6.291537829383742e-06
124,0.5169611573219299
125,2.8744075298309326
126,-0.2485128939151764
127,4.128857108298689e-05
128,0.3491184115409851
129,2.8666656017303467
130,-0.1301170289516449
131,2.134756687155459e-05
132,0.3959256112575531
133,0.39955976605415344
134,-0.02428365871310234
135,0.3894704282283783
136,0.3578112721443176
137,-0.04444853216409683
138,0.392868310213089
139,0.3706471920013428
140,-0.02379264310002327
141,0.3814607858657837
142,0.3222373425960541
143,-0.03232350945472717
144,0.38833725452423096
145,0.34592172503471375
146,-0.0471445769071579
147,0.38784798979759216
148,0.331118643283844
149,-0.043695177882909775
150,0.3878835141658783
151,0.2967665195465088
152,-0.021762855350971222
153,0.3361973166465759
154,0.30407440662384033
155,0.01752319745719433
156,0.38703200221061707
157,0.2731102705001831
158,-0.0164505448192358
159,0.38593512773513794
160,0.25866368412971497
161,-0.018040822818875313
162,0.3826882243156433
163,0.20123028755187988
164,-0.008041372522711754
165,0.39666423201560974
166,0.40568995475769043
167,-0.0233943909406662
168,0.39743855595588684
169,0.41057878732681274
170,-0.02073998935520649
171,0.39813512563705444
172,0.4127439856529236
173,-0.017090242356061935
174,0.3992689251899719
175,0.4247872829437256
176,-0.014264333993196487
177,0.39959463477134705
178,0.4305947422981262
179,-0.015577602200210094
180,0.4001142382621765
181,0.43780946731567383
182,-0.01705128885805607
183,0.40092822909355164
184,0.44533878564834595
185,-0.015199790708720684
186,0.40248873829841614
187,0.4559849202632904
188,-0.006536930333822966
189,0.3906487226486206
190,0.3640233874320984
191,-0.04035097360610962
192,0.3843744397163391
193,0.3647555112838745
194,-0.028447536751627922
195,0.3124994933605194
196,0.2694350481033325
197,0.05938255786895752
198,0.35849833488464355
199,0.3102434277534485
200,0.007027550600469112
201,0.3510163128376007
202,0.31239596009254456
203,0.008266967721283436
204,0.3437764346599579
205,0.31322288513183594
206,0.011175692081451416
207,0.3340555429458618
208,0.30884456634521484
209,0.018944019451737404
210,0.36454445123672485
211,0.3062443137168884
212,0.006793446373194456
213,0.34598127007484436
214,0.2849947512149811
215,0.005010110791772604
216,0.35426658391952515
217,0.28438815474510193
218,0.003988318145275116
219,0.3386462926864624
220,0.2877064049243927
221,0.008308612741529942
222,0.3341146409511566
223,0.29208076000213623
224,0.012133223004639149
225,0.32912153005599976
226,0.3177695572376251
227,0.023344406858086586
228,0.37474873661994934
229,0.47338706254959106
230,0.006081423722207546
231,0.333519846200943
232,0.30199751257896423
233,0.02041477896273136
234,0.3120841681957245
235,0.3179396390914917
236,0.062349557876586914
237,0.3214167356491089
238,0.31252798438072205
239,0.03245795890688896
240,0.3545115888118744
241,0.35754847526550293
242,-0.0011635011760517955
243,0.3858014643192291
244,0.39915525913238525
245,-0.02198893018066883
246,0.38911572098731995
247,0.41186901926994324
248,-0.01838327758014202
249,0.37666335701942444
250,0.40462586283683777
251,-0.015897328034043312
252,0.37186092138290405
253,0.4111281931400299
254,-0.008431940339505672
255,0.38254955410957336
256,0.4138635993003845
257,-0.013839156366884708
258,0.3779650330543518
259,0.4164794087409973
260,-0.0070416126400232315
261,0.3654285967350006
262,0.4338614344596863
263,0.006504666060209274
264,0.3830001652240753
265,0.35849395394325256
266,-0.04320736974477768
267,0.3808390498161316
268,0.347422331571579
269,-0.04553986340761185
270,0.3224763870239258
271,0.2840176224708557
272,0.015214627608656883
273,0.3678334951400757
274,0.32640978693962097
275,-0.0039442433044314384
276,0.3664470613002777
277,0.359356164932251
278,-0.02091948315501213
279,0.36576172709465027
280,0.353774756193161
281,-0.018202416598796844
282,0.3333904445171356
283,0.36082103848457336
284,0.011681466363370419
285,0.38089296221733093
286,0.3335303068161011
287,-0.0403229221701622
288,0.338087797164917
289,0.2701058089733124
290,-0.0015865556197240949
291,0.3282633423805237
292,0.2751513719558716
293,0.006016046740114689
294,0.31636491417884827
295,0.2479163110256195
296,0.04244854673743248
297,0.37136030197143555
298,0.2740146219730377
299,-0.012089376337826252
300,0.3617253601551056
301,0.28640297055244446
302,0.005709901452064514
303,0.35897910594940186
304,0.421878844499588
305,0.008646918460726738
306,0.33007723093032837
307,0.423892617225647
308,0.0824546068906784
309,0.37308773398399353
310,0.3646644651889801
311,-0.018244292587041855
312,0.3800179958343506
313,0.3675435185432434
314,-0.02043299935758114
315,0.3670797049999237
316,0.42228779196739197
317,0.007173636462539434
318,0.37132295966148376
319,0.421209454536438
320,0.004458170849829912
321,0.32417193055152893
322,0.2686362564563751
323,0.010666429065167904
324,0.3673282265663147
325,0.3647858798503876
326,-0.016452113166451454
327,0.3521881401538849
328,0.2691154479980469
329,-0.007808591239154339
330,0.3499523103237152
331,0.26009097695350647
332,-0.009367932565510273
333,0.3404812514781952
334,0.21523575484752655
335,0.007468198426067829
336,0.32031822204589844
337,0.2575024962425232
338,0.0244680754840374
339,0.34570783376693726
340,0.2360299527645111
341,-0.0014441658277064562
342,0.3186178505420685
343,0.2801736891269684
344,0.02293555624783039
345,0.3155101239681244
346,0.27511829137802124
347,0.04021602123975754
348,0.3873259425163269
349,0.40645381808280945
350,-0.021094661206007004
351,0.3798282742500305
352,0.4101165533065796
353,-0.01522604376077652
354,0.3748086988925934
355,0.41393929719924927
356,-0.008401737548410892
357,0.3754883408546448
358,0.36664879322052
359,-0.017238061875104904
360,0.36915910243988037
361,0.42202627658843994
362,0.005617305636405945
363,0.372222363948822
364,0.42577871680259705
365,0.0005918591050431132
366,0.37255120277404785
367,0.4201939105987549
368,0.0040670218877494335
369,0.3758005201816559
370,0.3596014380455017
371,-0.030002513900399208
372,0.3800501227378845
373,0.4157024621963501
374,-0.0059359073638916016
375,0.38478702306747437
376,0.414468377828598
377,-0.010848000645637512
378,0.39083078503608704
379,0.4135932922363281
380,-0.01496540941298008
381,0.3912191689014435
382,0.45627015829086304
383,-0.005141861736774445
384,0.3901885151863098
385,0.44520583748817444
386,-0.013405539095401764
387,0.3900899589061737
388,0.4375104606151581
389,-0.014816702343523502
390,0.39043328166007996
391,0.4300677180290222
392,-0.013250673189759254
393,0.3911533057689667
394,0.4251701831817627
395,-0.011999128386378288
396,0.3795456290245056
397,0.4239148795604706
398,-0.003664892865344882
399,0.37806153297424316
400,0.42598655819892883
401,-0.004905825015157461
402,0.37601667642593384
403,0.42982912063598633
404,-0.00569593021646142
405,0.3744894564151764
406,0.43418535590171814
407,-0.0039111110381782055
408,0.3641214966773987
409,0.39840245246887207
410,-0.005334331188350916
411,0.31894180178642273
412,0.36886993050575256
413,0.0956978052854538
414,0.3916659355163574
415,0.3666541874408722
416,-0.029564442113041878
417,0.3764745593070984
418,0.4229552745819092
419,0.0011235382407903671
420,0.3743746280670166
421,0.4239925742149353
422,0.00037362484727054834
423,0.38300755620002747
424,0.3724786937236786
425,-0.02066582441329956
426,0.3711904287338257
427,0.37178629636764526
428,-0.010998138226568699
429,0.38157856464385986
430,0.37011831998825073
431,-0.020840829238295555
432,0.360479474067688
433,0.3344227373600006
434,-0.00019853017874993384
435,0.34895917773246765
436,0.34416067600250244
437,0.0033230811823159456
438,0.36547473073005676
439,0.3593820035457611
440,-0.01346537098288536
441,0.3249257504940033
442,0.22960039973258972
443,0.024098971858620644
444,0.3297465145587921
445,0.2441067099571228
446,0.010975525714457035
447,0.3349493741989136
448,0.26147696375846863
449,0.00045284864609129727
450,0.37198495864868164
451,0.4424853026866913
452,0.0023608379997313023
453,0.3675333857536316
454,0.2599216103553772
455,-0.015248187817633152
456,0.3632168173789978
457,0.23166634142398834
458,-0.009499323554337025
459,0.359108030796051
460,0.20652014017105103
461,-0.00336914649233222
462,0.3376455307006836
463,0.31224173307418823
464,0.015304039232432842
465,0.32232531905174255
466,0.3274277150630951
467,0.02877095714211464
468,0.36831220984458923
469,0.30245882272720337
470,0.007546931970864534
471,0.32696402072906494
472,0.29710981249809265
473,0.020023982971906662
474,0.3725784122943878
475,0.31804341077804565
476,-0.0075349872931838036
477,0.37007343769073486
478,0.3538379967212677
479,-0.02942844294011593
480,0.31619444489479065
481,0.3369170129299164
482,0.03868664428591728
483,0.3269672393798828
484,0.33399826288223267
485,0.020922908559441566
486,0.3360784947872162
487,0.3362673819065094
488,0.012411439791321754
489,0.3499928116798401
490,0.3318505883216858
491,0.006958290934562683
492,0.36016732454299927
493,0.3252677321434021
494,0.004041515290737152
495,0.36765986680984497
496,0.31847554445266724
497,0.0007998935761861503
498,0.3808577358722687
499,0.3010905086994171
500,-0.017611078917980194
501,0.31828275322914124
502,0.36034461855888367
503,0.03622128441929817
504,0.321552574634552
505,0.2971990406513214
506,0.02454684115946293
507,0.3867689371109009
508,0.3642328977584839
509,-0.03940435126423836
510,0.36840859055519104
511,0.3369957208633423
512,-0.0075068846344947815
513,0.3133614659309387
514,0.31878992915153503
515,0.0900983065366745
516,0.3729265332221985
517,0.31129688024520874
518,-0.0011131499195471406
519,0.36551907658576965
520,0.3606623411178589
521,-0.005020766984671354
522,0.3313075006008148
523,0.3033120334148407
524,0.022222302854061127
525,0.369581401348114
526,0.3470412790775299
527,-0.02618144452571869
528,0.3229125738143921
529,0.3958144783973694
530,0.09134598076343536
531,0.36812636256217957
532,0.29830053448677063
533,0.009887032210826874
534,0.3749234676361084
535,0.33914273977279663
536,-0.034704115241765976
537,0.3434494435787201
538,0.4485536813735962
539,0.03863627836108208
540,0.3466992676258087
541,0.4621743857860565
542,0.05243447422981262
543,0.3147428035736084
544,0.36564508080482483
545,0.06613478064537048
546,0.33418625593185425
547,0.4339602589607239
548,0.04920589178800583
549,0.3136298954486847
550,0.2948644757270813
551,0.053715988993644714
552,0.3744468688964844
553,0.4859822988510132
554,0.010703220032155514
555,0.3885723054409027
556,0.36671432852745056
557,-0.02877127379179001
558,0.36259031295776367
559,0.34673649072647095
560,-0.0038166337180882692
561,0.31645312905311584
562,0.31600600481033325
563,0.041470691561698914
564,0.343649685382843
565,0.30609503388404846
566,0.01197244692593813
567,0.3503333628177643
568,0.30592530965805054
569,0.009343292564153671
570,0.3702048063278198
571,0.42800846695899963
572,0.0021477541886270046
573,0.3218764662742615
574,0.3832821846008301
575,0.03854877129197121
576,0.39019063115119934
577,0.5022013783454895
578,0.011157886125147343
579,0.3668424189090729
580,0.4868769347667694
581,0.029528450220823288
582,0.35742056369781494
583,0.4765593111515045
584,0.03968386352062225
585,0.38408273458480835
586,0.2283868044614792
587,-0.013476185500621796
588,0.40750929713249207
589,0.5031311511993408
590,0.007020785007625818
591,0.3567672371864319
592,0.30425742268562317
593,0.008225744590163231
594,0.36261796951293945
595,0.30153894424438477
596,0.008707992732524872
597,0.3663432002067566
598,0.29971933364868164
599,0.009980756789445877
600,0.317297101020813
601,0.29626965522766113
602,0.0334194041788578
603,0.36134031414985657
604,0.29277941584587097
605,0.007695774082094431
606,0.3547266125679016
607,0.29143884778022766
608,0.006763175129890442
609,0.34799841046333313
610,0.2918125092983246
611,0.007879995740950108
612,0.3414161801338196
613,0.29440537095069885
614,0.010539527982473373
615,0.3374707102775574
616,0.2976885437965393
617,0.013662688434123993
618,0.3116394877433777
619,0.2915889620780945
620,0.07670408487319946
621,0.3392252027988434
622,0.3052423596382141
623,0.014986120164394379
624,0.39408859610557556
625,0.38013672828674316
626,-0.021798498928546906
627,0.3694193959236145
628,0.38970857858657837
629,-0.010846104472875595
630,0.3723926544189453
631,0.3626658022403717
632,-0.021588614210486412
633,0.38327375054359436
634,0.3830467462539673
635,-0.019888805225491524
636,0.38785117864608765
637,0.28467926383018494
638,-0.015757966786623
639,0.35364148020744324
640,0.4630104899406433
641,0.029828423634171486
642,0.3636341094970703
643,0.47439074516296387
644,0.02076835185289383
645,0.38846293091773987
646,0.4935309886932373
647,0.0014565130695700645
648,0.33833491802215576
649,0.4461289048194885
650,0.06805989891290665
651,0.36593499779701233
652,0.2958405911922455
653,0.008992788381874561
654,0.3765057325363159
655,0.31933215260505676
656,-0.019498659297823906
657,0.40601080656051636
658,0.494454562664032
659,-0.002164647914469242
660,0.37731465697288513
661,0.49603551626205444
662,0.018939528614282608
663,0.31912142038345337
664,0.390633761882782
665,0.06453456729650497
666,0.3846038579940796
667,0.42467233538627625
668,-0.008059103973209858
669,0.38328883051872253
670,0.428376168012619
671,-0.00933495070785284
672,0.3819591999053955
673,0.43416035175323486
674,-0.010203410871326923
675,0.38116466999053955
676,0.44106778502464294
677,-0.008666924200952053
678,0.38020625710487366
679,0.4507402181625366
680,-0.002086176071316004
681,0.3740057647228241
682,0.41859814524650574
683,-0.0009253360331058502
684,0.37102967500686646
685,0.41791853308677673
686,-0.0006099707679823041
687,0.36840417981147766
688,0.41639143228530884
689,-0.0004344794142525643
690,0.36025524139404297
691,0.40927356481552124
692,0.0018429543124511838
693,0.33089739084243774
694,0.38714599609375
695,0.020931396633386612
696,0.3768352270126343
697,0.30880165100097656
698,-0.011963408440351486
699,0.37309953570365906
700,0.2901833951473236
701,0.002815301064401865
702,0.36883628368377686
703,0.29229819774627686
704,0.00682992534711957
705,0.3761790096759796
706,0.41676947474479675
707,-0.0002771136933006346
708,0.33408865332603455
709,0.4159976541996002
710,0.033505648374557495
711,0.37860584259033203
712,0.2884711027145386
713,-0.008785785175859928
714,0.3773646354675293
715,0.46122416853904724
716,0.0026521850377321243
717,0.38788682222366333
718,0.3192492425441742
719,-0.03597346693277359
720,0.3810047507286072
721,0.31217965483665466
722,-0.025775503367185593
723,0.3878883421421051
724,0.30832454562187195
725,-0.028525160625576973
726,0.3719855546951294
727,0.3376631438732147
728,-0.018915653228759766
729,0.4046348035335541
730,0.4819919466972351
731,-0.00640881760045886
732,0.40346428751945496
733,0.46770918369293213
734,-0.00628066947683692
735,0.3898630738258362
736,0.4675864577293396
737,-0.003332549938932061
738,0.3590238690376282
739,0.43883058428764343
740,0.011923976242542267
741,0.36080119013786316
742,0.37143221497535706
743,-0.0022411691024899483
744,0.3674595057964325
745,0.4515838623046875
746,0.007759504485875368
747,0.3445398509502411
748,0.37361204624176025
749,0.003494348842650652
750,0.35560327768325806
751,0.3847140371799469
752,0.00039216267759911716
753,0.3410400152206421
754,0.39372020959854126
755,0.011053958907723427
756,0.3883962333202362
757,0.48135870695114136
758,-0.002568919211626053
759,0.36834630370140076
760,0.34517112374305725
761,-0.012575531378388405
762,0.3539097309112549
763,0.4490680992603302
764,0.020250588655471802
765,0.364277720451355
766,0.4618600308895111
767,0.01417477335780859
768,0.35199007391929626
769,0.42409560084342957
770,0.013158039189875126
771,0.32627278566360474
772,0.4028923213481903
773,0.04122133553028107
774,0.3435719311237335
775,0.4276629090309143
776,0.022095737978816032
777,0.3252992033958435
778,0.413534015417099
779,0.060577839612960815
780,0.35210442543029785
781,0.4013819694519043
782,0.005166380666196346
783,0.37259411811828613
784,0.3279772698879242
785,-0.013018958270549774
786,0.3729718327522278
787,0.35819125175476074
788,-0.03148583322763443
789,0.36908456683158875
790,0.36239829659461975
791,-0.022280139848589897
792,0.37496334314346313
793,0.3500154912471771
794,-0.03783099725842476
795,0.36651891469955444
796,0.28266409039497375
797,0.0010797332506626844
798,0.3537317216396332
799,0.2789476215839386
800,0.0005671103135682642
801,0.3427853286266327
802,0.27937060594558716
803,0.002123781945556402
804,0.33412814140319824
805,0.28247711062431335
806,0.006585063878446817
807,0.3287745416164398
808,0.288210391998291
809,0.012476285919547081
810,0.3271457850933075
811,0.3077564835548401
812,0.025864416733384132
813,0.312336802482605
814,0.34163886308670044
815,0.06495395302772522
816,0.33296746015548706
817,0.3215683102607727
818,0.018887151032686234
819,0.34048470854759216
820,0.3233300745487213
821,0.01304289698600769
822,0.35028591752052307
823,0.32149413228034973
824,0.008625367656350136
825,0.35960277915000916
826,0.31721436977386475
827,0.006351024843752384
828,0.36670809984207153
829,0.31206509470939636
830,0.004831136204302311
831,0.3713948726654053
832,0.3073340058326721
833,0.003847971558570862
834,0.31637802720069885
835,0.3438020348548889
836,0.0958162471652031
837,0.37013059854507446
838,0.36572471261024475
839,-0.018259115517139435
840,0.3762288987636566
841,0.32887744903564453
842,-0.02589692547917366
843,0.37783724069595337
844,0.3576507568359375
845,-0.038555048406124115
846,0.3833228349685669
847,0.3629327118396759
848,-0.03585644066333771
849,0.37856435775756836
850,0.35961461067199707
851,-0.03453955799341202
852,0.37304428219795227
853,0.36917009949684143
854,-0.015793051570653915
855,0.38449040055274963
856,0.36376678943634033
857,-0.03816891089081764
858,0.38611796498298645
859,0.36631113290786743
860,-0.028585126623511314
861,0.3706980049610138
862,0.2985422611236572
863,0.008049420081079006
864,0.3748137354850769
865,0.3005794286727905
866,0.002227960852906108
867,0.37664318084716797
868,0.30189359188079834
869,-0.004149134270846844
870,0.3352232277393341
871,0.3000609278678894
872,0.016614677384495735
873,0.33092382550239563
874,0.29696935415267944
875,0.01730502024292946
876,0.39523983001708984
877,0.3202413320541382
878,-0.03399805724620819
879,0.4495667815208435
880,0.28763577342033386
881,0.0051060332916677
882,0.39923229813575745
883,0.3626072108745575
884,-0.029776260256767273
885,0.478481262922287
886,0.24373859167099
887,0.0402585007250309
888,0.42647409439086914
889,0.30025118589401245
890,-0.0010693875374272466
891,0.43466097116470337
892,0.3001812994480133
893,-0.0013716897228732705
894,0.44258707761764526
895,0.298797070980072
896,-5.9693957155104727e-05
897,0.45327290892601013
898,0.2915041148662567
899,0.005781205836683512
900,0.4194011688232422
901,0.29817527532577515
902,0.0004458306357264519
903,0.435024231672287
904,0.27135422825813293
905,-0.00509702879935503
906,0.42631739377975464
907,0.273214191198349
908,-0.003958007786422968
909,0.44346171617507935
910,0.27178287506103516
911,-0.003323065582662821
912,0.4494513273239136
913,0.27478283643722534
914,-0.00046416750410571694
915,0.46038639545440674
916,0.29851752519607544
917,0.00914603378623724
918,0.4359360635280609
919,0.4661310017108917
920,0.00020606626640073955
921,0.4525052607059479
922,0.284629225730896
923,0.0073879072442650795
924,0.4861566424369812
925,0.2921917736530304
926,0.04288444295525551
927,0.4694007337093353
928,0.290544718503952
929,0.016499686986207962
930,0.4351096749305725
931,0.34580692648887634
932,-0.009332905523478985
933,0.40651458501815796
934,0.3959917426109314
935,-0.02420162968337536
936,0.4067442715167999
937,0.4091361165046692
938,-0.020457075908780098
939,0.4183553159236908
940,0.3983951210975647
941,-0.020351432263851166
942,0.42623937129974365
943,0.4027450382709503
944,-0.01456799078732729
945,0.41500651836395264
946,0.40888044238090515
947,-0.01792481355369091
948,0.4215312898159027
949,0.40957969427108765
950,-0.012338226661086082
951,0.4396129250526428
952,0.42303261160850525
953,-0.001323719508945942
954,0.39642900228500366
955,0.35649505257606506
956,-0.04431035742163658
957,0.3965080678462982
958,0.3451352119445801
959,-0.04680433124303818
960,0.46116629242897034
961,0.26274508237838745
962,0.0003281022363808006
963,0.4164331555366516
964,0.3193018436431885
965,-0.009260275401175022
966,0.4181848466396332
967,0.3516819477081299
968,-0.025870010256767273
969,0.41883403062820435
970,0.3459203839302063
971,-0.023347696289420128
972,0.4601341485977173
973,0.34241536259651184
974,-0.001825612736865878
975,0.3956908583641052
976,0.33142706751823425
977,-0.04193891957402229
978,0.43928393721580505
979,0.25407615303993225
980,-0.011891107074916363
981,0.45181208848953247
982,0.25589632987976074
983,-0.00697816489264369
984,0.46762967109680176
985,0.22393958270549774
986,0.025295903906226158
987,0.4037623703479767
988,0.2688906192779541
989,-0.015419893898069859
990,0.419167697429657
991,0.2775806784629822
992,-0.0007564063998870552
993,0.44436225295066833
994,0.4092544913291931
995,-0.000667241052724421
996,0.48916199803352356
997,0.4031227231025696
998,0.06461410224437714
999,0.4126964211463928
1000,0.35880371928215027
1001,-0.02210092358291149
1002,0.4059503376483917
1003,0.3637162744998932
1004,-0.022344304248690605
1005,0.43587440252304077
1006,0.41143327951431274
1007,-0.0009422797593288124
1008,0.4316200911998749
1009,0.4114287793636322
1010,-0.002669855486601591
1011,0.4559831917285919
1012,0.2480057030916214
1013,-0.003160049207508564
1014,0.4194594621658325
1015,0.3570532202720642
1016,-0.021367935463786125
1017,0.423360139131546
1018,0.25779250264167786
1019,-0.014866947196424007
1020,0.42398202419281006
1021,0.24810607731342316
1022,-0.016609329730272293
1023,0.4302385747432709
1024,0.2005026936531067
1025,-0.0023087672889232635
1026,0.4612914025783539
1027,0.2353295385837555
1028,0.009197499603033066
1029,0.4259282052516937
1030,0.22299808263778687
1031,-0.00988364964723587
1032,0.4660739302635193
1033,0.25739505887031555
1034,0.006953911390155554
1035,0.4721240997314453
1036,0.25104475021362305
1037,0.022809773683547974
1038,0.4068099856376648
1039,0.403474897146225
1040,-0.023311838507652283
1041,0.41651567816734314
1042,0.4045802354812622
1043,-0.019544895738363266
1044,0.4238775074481964
1045,0.40626421570777893
1046,-0.01413143053650856
1047,0.41089484095573425
1048,0.3614117503166199
1049,-0.020271804183721542
1050,0.43370816111564636
1051,0.41164684295654297
1052,-0.0019341532606631517
1053,0.4304863214492798
1054,0.41662082076072693
1055,-0.005801863968372345
1056,0.4305393695831299
1057,0.41098111867904663
1058,-0.0028746058233082294
1059,0.40684184432029724
1060,0.3550863564014435
1061,-0.033422451466321945
1062,0.4200117290019989
1063,0.40926650166511536
1064,-0.010950596071779728
1065,0.41366443037986755
1066,0.4099630117416382
1067,-0.014593774452805519
1068,0.4063361585140228
1069,0.4111303687095642
1070,-0.01707850955426693
1071,0.41436251997947693
1072,0.45316198468208313
1073,-0.007196853403002024
1074,0.4122399687767029
1075,0.44208183884620667
1076,-0.015704579651355743
1077,0.41071489453315735
1078,0.43460845947265625
1079,-0.01723574660718441
1080,0.40918827056884766
1081,0.4273648262023926
1082,-0.01557072438299656
1083,0.4080658257007599
1084,0.42275500297546387
1085,-0.014207764528691769
1086,0.42202627658843994
1087,0.4173029363155365
1088,-0.008625275455415249
1089,0.42363548278808594
1090,0.4189099669456482
1091,-0.009934606961905956
1092,0.42618364095687866
1093,0.4221363365650177
1094,-0.010843625292181969
1095,0.4285411834716797
1096,0.4259715676307678
1097,-0.009361792355775833
1098,0.43182817101478577
1099,0.3883747160434723
1100,-0.012260200455784798
1101,0.493545264005661
1102,0.34423020482063293
1103,0.07574121654033661
1104,0.42605751752853394
1105,0.4151161313056946
1106,-0.004983280319720507
1107,0.42805007100105286
1108,0.4155559539794922
1109,-0.005820134654641151
1110,0.4036802053451538
1111,0.3693813979625702
1112,-0.022552117705345154
1113,0.41761067509651184
1114,0.36493179202079773
1115,-0.014893784187734127
1116,0.4047412574291229
1117,0.36664700508117676
1118,-0.022682009264826775
1119,0.42579200863838196
1120,0.32484471797943115
1121,-0.00733649916946888
1122,0.4396735727787018
1123,0.3309074938297272
1124,-0.006333428900688887
1125,0.42105239629745483
1126,0.3511384129524231
1127,-0.01884370855987072
1128,0.4521171748638153
1129,0.2089298516511917
1130,0.010046767070889473
1131,0.44650307297706604
1132,0.2252638190984726
1133,-0.0012954688863828778
1134,0.4413943886756897
1135,0.24444580078125
1136,-0.010474612936377525
1137,0.4336146116256714
1138,0.4338880181312561
1139,-0.004048988688737154
1140,0.4051103889942169
1141,0.25372225046157837
1142,-0.018847094848752022
1143,0.40600842237472534
1144,0.22475269436836243
1145,-0.013802936300635338
1146,0.4078792631626129
1147,0.19841304421424866
1148,-0.00833541713654995
1149,0.44947242736816406
1150,0.2959819436073303
1151,0.0028118935879319906
1152,0.4698086678981781
1153,0.30574777722358704
1154,0.012958839535713196
1155,0.41483092308044434
1156,0.29572466015815735
1157,0.001933857100084424
1158,0.4590863585472107
1159,0.27734747529029846
1160,0.005600092466920614
1161,0.4096367359161377
1162,0.31261134147644043
1163,-0.011816899292171001
1164,0.41182321310043335
1165,0.34774914383888245
1166,-0.03342717885971069
1167,0.47975099086761475
1168,0.3130495846271515
1169,0.020812779664993286
1170,0.46423274278640747
1171,0.31386369466781616
1172,0.00613822415471077
1173,0.4535060226917267
1174,0.31893759965896606
1175,-0.0003061451716348529
1176,0.4376066029071808
1177,0.31894081830978394
1178,-0.0027509110514074564
1179,0.4257298707962036
1180,0.31564047932624817
1181,-0.0033270521089434624
1182,0.4166182279586792
1183,0.3113635182380676
1184,-0.004774438217282295
1185,0.3963400423526764
1186,0.29878315329551697
1187,-0.01943809539079666
1188,0.48027151823043823
1189,0.3370780050754547
1190,0.018475254997611046
1191,0.4658370614051819
1192,0.27543333172798157
1193,0.008747031912207603
1194,0.39481064677238464
1195,0.36301204562187195
1196,-0.04028907045722008
1197,0.41620388627052307
1198,0.3300137519836426
1199,-0.012625145725905895
1200,0.4904092848300934
1201,0.29258018732070923
1202,0.06944972276687622
1203,0.4095790684223175
1204,0.3059385120868683
1205,-0.005424644332379103
1206,0.42255905270576477
1207,0.35219788551330566
1208,-0.010241645388305187
1209,0.4555645287036896
1210,0.2850145697593689
1211,0.00852715503424406
1212,0.4123275578022003
1213,0.34077560901641846
1214,-0.030259817838668823
1215,0.49325135350227356
1216,0.3725883960723877
1217,0.0723150447010994
1218,0.41481783986091614
1219,0.29160282015800476
1220,0.004081510007381439
1221,0.4039280414581299
1222,0.33487141132354736
1223,-0.037717629224061966
1224,0.470708429813385
1225,0.4328308701515198
1226,0.025321098044514656
1227,0.47296440601348877
1228,0.4472891688346863
1229,0.038957782089710236
1230,0.4906792640686035
1231,0.3407147526741028
1232,0.04671473428606987
1233,0.47987350821495056
1234,0.4152805507183075
1235,0.033660516142845154
1236,0.47920873761177063
1237,0.2698460817337036
1238,0.035097505897283554
1239,0.43911218643188477
1240,0.4786933362483978
1241,0.004423835314810276
1242,0.3948744237422943
1243,0.36574408411979675
1244,-0.029330842196941376
1245,0.42452472448349
1246,0.3375869691371918
1247,-0.010175656527280807
1248,0.4770009517669678
1249,0.29225975275039673
1250,0.023956919088959694
1251,0.4412856996059418
1252,0.29197579622268677
1253,0.0010868654353544116
1254,0.4341718852519989
1255,0.2937034070491791
1256,-0.0003229762951377779
1257,0.4330294728279114
1258,0.4182620644569397
1259,-0.004667583853006363
1260,0.480983167886734
1261,0.36097264289855957
1262,0.021306900307536125
1263,0.4253694415092468
1264,0.4984514117240906
1265,0.007599232718348503
1266,0.45086485147476196
1267,0.4776928424835205
1268,0.020786583423614502
1269,0.4613726735115051
1270,0.46491727232933044
1271,0.028764570131897926
1272,0.42733561992645264
1273,0.2939318120479584
1274,1.5092558669493883e-06
1275,0.4208793342113495
1276,0.29291075468063354
1277,0.001635520369745791
1278,0.41687557101249695
1279,0.29239749908447266
1280,0.003623702796176076
1281,0.4719245135784149
1282,0.272808313369751
1283,0.016397448256611824
1284,0.42118850350379944
1285,0.2840380370616913
1286,0.000412387540563941
1287,0.42788010835647583
1288,0.2806912660598755
1289,-0.001740743755362928
1290,0.4346961975097656
1291,0.279175728559494
1292,-0.0020166817121207714
1293,0.44196346402168274
1294,0.27973175048828125
1295,-0.0006755260983482003
1296,0.44684529304504395
1297,0.28169283270835876
1298,0.001682676374912262
1299,0.4855651557445526
1300,0.2652655839920044
1301,0.05663177743554115
1302,0.4461154341697693
1303,0.28983110189437866
1304,0.0031403503380715847
1305,0.42326387763023376
1306,0.3818311393260956
1307,-0.01614508032798767
1308,0.41235750913619995
1309,0.3567231297492981
1310,-0.02508907951414585
1311,0.4060211777687073
1312,0.3796669840812683
1313,-0.022150108590722084
1314,0.4607817828655243
1315,0.4502258896827698
1316,0.019090475514531136
1317,0.450570285320282
1318,0.46451133489608765
1319,0.012279611080884933
1320,0.42414963245391846
1321,0.4895669221878052
1322,-0.0020007253624498844
1323,0.48180562257766724
1324,0.42831429839134216
1325,0.052011631429195404
1326,0.4166472554206848
1327,0.2885357141494751
1328,0.0025187230203300714
1329,0.4028085172176361
1330,0.315504789352417
1331,-0.02234696038067341
1332,0.43913793563842773
1333,0.48936790227890015
1334,0.012472997419536114
1335,0.49030187726020813
1336,0.3670954406261444
1337,0.04589371383190155
1338,0.41561180353164673
1339,0.4200192093849182
1340,-0.011966065503656864
1341,0.4173632264137268
1342,0.42326104640960693
1343,-0.013250326737761497
1344,0.41949746012687683
1345,0.42853763699531555
1346,-0.014319296926259995
1347,0.4215557873249054
1348,0.4351454973220825
1349,-0.012954309582710266
1350,0.4255160093307495
1351,0.4445338845252991
1352,-0.006826405413448811
1353,0.42747294902801514
1354,0.41006970405578613
1355,-0.007459298707544804
1356,0.429993599653244
1357,0.4086315333843231
1358,-0.007750533986836672
1359,0.4323650002479553
1360,0.40637004375457764
1361,-0.007889327593147755
1362,0.4393380582332611
1363,0.39750608801841736
1364,-0.006772804073989391
1365,0.4691648781299591
1366,0.3676564693450928
1367,0.0062643494457006454
1368,0.40280595421791077
1369,0.30496615171432495
1370,-0.015066498890519142
1371,0.4070141613483429
1372,0.28517618775367737
1373,-0.001008099876344204
1374,0.4126281440258026
1375,0.2858603298664093
1376,0.001405286486260593
1377,0.4254763722419739
1378,0.4089064300060272
1379,-0.0064795976504683495
1380,0.47349610924720764
1381,0.3972325921058655
1382,0.01875310391187668
1383,0.3989444673061371
1384,0.28543150424957275
1385,-0.011005722917616367
1386,0.430955171585083
1387,0.45443782210350037
1388,-0.002521961461752653
1389,0.3958958089351654
1390,0.30998310446739197
1391,-0.027318473905324936
1392,0.41008323431015015
1393,0.3321094810962677
1394,-0.02269911952316761
1395,0.41782888770103455
1396,0.46417611837387085
1397,-0.005832574795931578
1398,0.4478524327278137
1399,0.42687976360321045
1400,0.0030139947775751352
1401,0.43031105399131775
1402,0.3612622916698456
1403,-0.008992424234747887
1404,0.44076094031333923
1405,0.44206398725509644
1406,0.0007423718343488872
1407,0.44915130734443665
1408,0.35856524109840393
1409,-0.007100507151335478
1410,0.4389537274837494
1411,0.37274521589279175
1412,-0.008009525947272778
1413,0.4579765796661377
1414,0.3772839903831482
1415,-0.0010055635357275605
1416,0.4215910732746124
1417,0.4774194359779358
1418,-0.005847855471074581
1419,0.4163062870502472
1420,0.3381291925907135
1421,-0.01730404421687126
1422,0.45614948868751526
1423,0.4360789954662323
1424,0.010058874264359474
1425,0.44653281569480896
1426,0.4519122242927551
1427,0.006344927009195089
1428,0.4526183307170868
1429,0.4100598692893982
1430,0.0023808737751096487
1431,0.4806623160839081
1432,0.3818504214286804
1433,0.024724820628762245
1434,0.4636975824832916
1435,0.41168540716171265
1436,0.00962097942829132
1437,0.48740455508232117
1438,0.3919037878513336
1439,0.0428914874792099
1440,0.44697079062461853
1441,0.38770997524261475
1442,-0.004882867448031902
1443,0.4093889594078064
1444,0.3226090669631958
1445,-0.017095986753702164
1446,0.40926119685173035
1447,0.35285839438438416
1448,-0.03514307364821434
1449,0.41580724716186523
1450,0.35555610060691833
1451,-0.026539433747529984
1452,0.40436214208602905
1453,0.34579089283943176
1454,-0.04089472070336342
1455,0.4124166667461395
1456,0.2756935656070709
1457,-0.0041326978243887424
1458,0.42493441700935364
1459,0.2679109275341034
1460,-0.006987080443650484
1461,0.4364718794822693
1462,0.2649177014827728
1463,-0.007745795417577028
1464,0.4466627538204193
1465,0.2652258574962616
1466,-0.005498115438967943
1467,0.454411119222641
1468,0.26913291215896606
1469,-0.0009761180263012648
1470,0.46156948804855347
1471,0.2878466844558716
1472,0.011210273019969463
1473,0.4895475506782532
1474,0.3159753978252411
1475,0.045006878674030304
1476,0.45603665709495544
1477,0.30351781845092773
1478,0.005510768853127956
1479,0.4474257826805115
1480,0.30761903524398804
1481,0.0013430375838652253
1482,0.4364762306213379
1483,0.3088586628437042
1484,-0.001021784613840282
1485,0.42594286799430847
1486,0.30741387605667114
1487,-0.0012242239899933338
1488,0.41763558983802795
1489,0.30457115173339844
1490,-0.0009190562996082008
1491,0.41175946593284607
1492,0.3014569878578186
1493,-0.000823838054202497
1494,0.49223214387893677
1495,0.318271279335022
1496,0.0752420499920845
1497,0.4161892235279083
1498,0.3588910698890686
1499,-0.022419719025492668
1500,0.4027175307273865
1501,0.32496559619903564
1502,-0.02887316793203354
1503,0.4025900959968567
1504,0.35408514738082886
1505,-0.04089944809675217
1506,0.39909449219703674
1507,0.36062389612197876
1508,-0.03718631714582443
1509,0.40324610471725464
1510,0.3560143709182739
1511,-0.03693862631917
1512,0.4144589602947235
1513,0.3631061017513275
1514,-0.019321847707033157
1515,0.3974159061908722
1516,0.36187174916267395
1517,-0.03923805430531502
1518,0.39752334356307983
1519,0.3646177053451538
1520,-0.029506318271160126
1521,0.4116823971271515
1522,0.29258206486701965
1523,0.0030837575905025005
1524,0.406875878572464
1525,0.2959108054637909
1526,-0.0014022019458934665
1527,0.40387827157974243
1528,0.2978716492652893
1529,-0.007180514745414257
1530,0.44990620017051697
1531,0.28335270285606384
1532,0.004109357018023729
1533,0.4542750120162964
1534,0.27855852246284485
1535,0.003939278889447451
1536,0.712431013584137
1537,0.7136361002922058
1538,3.2683558970347804e-08
1539,0.6607253551483154
1540,0.6675462126731873
1541,-0.004788987338542938
1542,0.6402400732040405
1543,0.6041812896728516
1544,-0.01087786816060543
1545,0.6274881362915039
1546,0.5556778311729431
1547,-0.021577049046754837
1548,0.6235157251358032
1549,0.5151110291481018
1550,-0.03175497427582741
1551,0.6804163455963135
1552,0.5150447487831116
1553,0.0003164216468576342
1554,0.677724301815033
1555,0.43638163805007935
1556,-0.019703568890690804
1557,0.6804888844490051
1558,0.38254955410957336
1559,-0.031130438670516014
1560,0.6867944002151489
1561,0.33967888355255127
1562,-0.036316029727458954
1563,0.697717010974884
1564,0.5148274302482605
1565,-0.009329035878181458
1566,0.6373720169067383
1567,0.47533780336380005
1568,-0.0405958890914917
1569,0.5907887816429138
1570,0.45939505100250244
1571,-0.05535651743412018
1572,0.5583480000495911
1573,0.44906917214393616
1574,-0.057964812964200974
1575,0.7113131880760193
1576,0.526314377784729
1577,-0.020451387390494347
1578,0.6388002038002014
1579,0.5471957325935364
1580,-0.05529483035206795
1581,0.6363705396652222
1582,0.6076672077178955
1583,-0.05500347912311554
1584,0.6472151279449463
1585,0.6518592834472656
1586,-0.04237373173236847
1587,0.7196211218833923
1588,0.5467957854270935
1589,-0.03220798447728157
1590,0.6560367345809937
1591,0.5630519986152649
1592,-0.05416056513786316
1593,0.6504412293434143
1594,0.6120733022689819
1595,-0.0479545034468174
1596,0.6583590507507324
1597,0.6494103670120239
1598,-0.03467955440282822
1599,0.0
1600,0.0
1601,0.0
1602,0.0
1603,0.0
1604,0.0
1605,0.0
1606,0.0
1607,0.0
1608,0.0
1609,0.0
1610,0.0
1611,0.0
1612,0.0
1613,0.0
1614,0.0
1615,0.0
1616,0.0
1617,0.0
1618,0.0
1619,0.0
1620,0.0
1621,0.0
1622,0.0
1623,0.0
1624,0.0
1625,0.0
1626,0.0
1627,0.0
1628,0.0
1629,0.0
1630,0.0
1631,0.0
1632,0.0
1633,0.0
1634,0.0
1635,0.0
1636,0.0
1637,0.0
1638,0.0
1639,0.0
1640,0.0
1641,0.0
1642,0.0
1643,0.0
1644,0.0
1645,0.0
1646,0.0
1647,0.0
1648,0.0
1649,0.0
1650,0.0
1651,0.0
1652,0.0
1653,0.0
1654,0.0
1655,0.0
1656,0.0
1657,0.0
1658,0.0
1659,0.0
1660,0.0
1661,0.0
