,0
0,0.40083742141723633
1,0.3448808789253235
2,-0.6407293677330017
3,0.9999972581863403
4,0.4292030930519104
5,0.28991904854774475
6,-0.5888900756835938
7,0.999995231628418
8,0.4464738368988037
9,0.2900015413761139
10,-0.5884177088737488
11,0.9999955892562866
12,0.46034127473831177
13,0.29107552766799927
14,-0.5879237055778503
15,0.9999954700469971
16,0.3760979175567627
17,0.29502004384994507
18,-0.585983395576477
19,0.9999946355819702
20,0.3591599464416504
21,0.29703864455223083
22,-0.5848609209060669
23,0.9999935626983643
24,0.34401121735572815
25,0.3002273142337799
26,-0.5849635004997253
27,0.9999927282333374
28,0.4798279404640198
29,0.3243499994277954
30,-0.2679097056388855
31,0.9999957084655762
32,0.33022207021713257
33,0.33629509806632996
34,-0.25428155064582825
35,0.9999950528144836
36,0.44221848249435425
37,0.41025254130363464
38,-0.5272982716560364
39,0.9999961853027344
40,0.3740972876548767
41,0.4121605455875397
42,-0.5235922932624817
43,0.9999958276748657
44,0.6147030591964722
45,0.6611801981925964
46,-0.1490202248096466
47,0.9999218583106995
48,0.20912453532218933
49,0.6901758909225464
50,-0.13313499093055725
51,0.9996539354324341
52,0.7347995042800903
53,1.0249136686325073
54,-0.5486053824424744
55,0.8457043766975403
56,0.11661366373300552
57,1.003354787826538
58,-0.2047022581100464
59,0.33861616253852844
60,0.7105059027671814
61,0.7168139815330505
62,-1.0405595302581787
63,0.9534097909927368
64,0.1135065108537674
65,1.43876314163208
66,-0.6206890344619751
67,0.19085997343063354
68,0.6852232217788696
69,0.5831546187400818
70,-1.158400297164917
71,0.9377882480621338
72,0.08816838264465332
73,1.5530074834823608
74,-0.6826040148735046
75,0.23323628306388855
76,0.6615279912948608
77,0.5298789739608765
78,-1.0368399620056152
79,0.9463892579078674
80,0.12001768499612808
81,1.5439436435699463
82,-0.7544971704483032
83,0.32926493883132935
84,0.653705358505249
85,0.5828793048858643
86,-1.0173884630203247
87,0.9413211941719055
88,0.1387101113796234
89,1.5044745206832886
90,-0.6691398024559021
91,0.3475567698478699
92,0.5735701322555542
93,1.454387903213501
94,-0.063957080245018
95,0.00285220961086452
96,0.2879313826560974
97,1.4604734182357788
98,0.0701427087187767
99,0.0018292863387614489
100,0.5682942867279053
101,2.117938280105591
102,-0.14560836553573608
103,0.0003170427225995809
104,0.3058653175830841
105,2.111388683319092
106,0.11832722276449203
107,0.00010718371049733832
108,0.5691293478012085
109,2.694171667098999
110,0.2988438010215759
111,1.2876193068223074e-05
112,0.31737497448921204
113,2.6864945888519287
114,0.4822347164154053
115,1.580708840265288e-06
116,0.5777576565742493
117,2.773298740386963
118,0.31322258710861206
119,1.1888827430084348e-05
120,0.31206971406936646
121,2.7705769538879395
122,0.5062626600265503
123,5.615612280962523e-06
124,0.5262733697891235
125,2.874333620071411
126,-0.21656827628612518
127,4.0496197470929474e-05
128,0.36142420768737793
129,2.866060495376587
130,-0.05352070927619934
131,1.9791961676673964e-05
132,0.3957338035106659
133,0.39747756719589233
134,-0.024127738550305367
135,0.39010944962501526
136,0.3562895357608795
137,-0.04393823444843292
138,0.39323335886001587
139,0.3689035177230835
140,-0.023632297292351723
141,0.3822309374809265
142,0.32110151648521423
143,-0.03200947120785713
144,0.3891105353832245
145,0.34456270933151245
146,-0.04661688581109047
147,0.3887074887752533
148,0.32989659905433655
149,-0.04324350506067276
150,0.3889653980731964
151,0.2959572374820709
152,-0.021565165370702744
153,0.3375786542892456
154,0.3048587143421173
155,0.01732497848570347
156,0.3884052634239197
157,0.2729627788066864
158,-0.016447599977254868
159,0.3874729573726654
160,0.2586386799812317
161,-0.017915716394782066
162,0.38466647267341614
163,0.20233769714832306
164,-0.00785783026367426
165,0.3963650166988373
166,0.40363314747810364
167,-0.023150959983468056
168,0.3970816433429718
169,0.4086157977581024
170,-0.020398491993546486
171,0.39778557419776917
172,0.4108928442001343
173,-0.01670794188976288
174,0.3987996578216553
175,0.42061126232147217
176,-0.013881213963031769
177,0.3990916907787323
178,0.4263058304786682
179,-0.015207501128315926
180,0.3995538651943207
181,0.43345382809638977
182,-0.016760313883423805
183,0.4003024399280548
184,0.4409753978252411
185,-0.015126907266676426
186,0.4018338620662689
187,0.4518030285835266
188,-0.006917431019246578
189,0.39122018218040466
190,0.36242997646331787
191,-0.03991851210594177
192,0.38454800844192505
193,0.3631681799888611
194,-0.02816799096763134
195,0.31317010521888733
196,0.26962971687316895
197,0.0589531771838665
198,0.359529584646225
199,0.3095736503601074
200,0.007108659017831087
201,0.3521554470062256
202,0.3118981122970581
203,0.008363948203623295
204,0.3449094295501709
205,0.31287169456481934
206,0.011267821304500103
207,0.33506590127944946
208,0.3093109130859375
209,0.01881840080022812
210,0.3654248118400574
211,0.30546554923057556
212,0.006857232190668583
213,0.34723684191703796
214,0.2869236469268799
215,0.004522096831351519
216,0.355144739151001
217,0.2860093414783478
218,0.0037315296940505505
219,0.34008729457855225
220,0.28944170475006104
221,0.007897552102804184
222,0.3356407880783081
223,0.2934752106666565
224,0.011796949431300163
225,0.32985761761665344
226,0.31746119260787964
227,0.02311547100543976
228,0.3737402558326721
229,0.4700070321559906
230,0.005575769580900669
231,0.33492526412010193
232,0.3034002184867859
233,0.020159590989351273
234,0.31244581937789917
235,0.31734129786491394
236,0.06182992085814476
237,0.3219403624534607
238,0.31220144033432007
239,0.03215117007493973
240,0.35481852293014526
241,0.35585716366767883
242,-0.0007374631240963936
243,0.38558924198150635
244,0.39705899357795715
245,-0.021858474239706993
246,0.38882115483283997
247,0.4098822772502899
248,-0.018105043098330498
249,0.3763420283794403
250,0.40276038646698
251,-0.015792973339557648
252,0.37150338292121887
253,0.4095347821712494
254,-0.00850171223282814
255,0.3822135627269745
256,0.4119643270969391
257,-0.013669059611856937
258,0.3776141405105591
259,0.41478434205055237
260,-0.007061803247779608
261,0.3648819029331207
262,0.4317319393157959
263,0.0059209163300693035
264,0.38345691561698914
265,0.3569941520690918
266,-0.04271480068564415
267,0.3813855051994324
268,0.3460818827152252
269,-0.04503053426742554
270,0.3232836127281189
271,0.28430816531181335
272,0.014935225248336792
273,0.36834844946861267
274,0.32524773478507996
275,-0.0036677010357379913
276,0.36614304780960083
277,0.35779687762260437
278,-0.02059856243431568
279,0.36552077531814575
280,0.35225188732147217
281,-0.017910918220877647
282,0.3339731693267822
283,0.3590215742588043
284,0.011975813657045364
285,0.3815542459487915
286,0.3323240876197815
287,-0.03991951793432236
288,0.33899733424186707
289,0.27048230171203613
290,-0.0018230900168418884
291,0.3291708827018738
292,0.27564388513565063
293,0.00580065231770277
294,0.31712546944618225
295,0.248488187789917
296,0.042141884565353394
297,0.37250974774360657
298,0.2738811671733856
299,-0.012235227972269058
300,0.36238232254981995
301,0.28736570477485657
302,0.005515757482498884
303,0.3584294319152832
304,0.4204206168651581
305,0.008284471929073334
306,0.32962706685066223
307,0.42155012488365173
308,0.08205534517765045
309,0.3728307783603668
310,0.3630579113960266
311,-0.018041517585515976
312,0.37991851568222046
313,0.3658589720726013
314,-0.020186271518468857
315,0.3668992817401886
316,0.42074793577194214
317,0.006752262823283672
318,0.3711550831794739
319,0.4195038676261902
320,0.004029083997011185
321,0.32493138313293457
322,0.2689518332481384
323,0.010469741187989712
324,0.3669447600841522
325,0.36310815811157227
326,-0.016183283179998398
327,0.35318559408187866
328,0.2692534029483795
329,-0.007998023182153702
330,0.3509719967842102
331,0.26014381647109985
332,-0.009444497525691986
333,0.3417970538139343
334,0.21624864637851715
335,0.007474114187061787
336,0.32105135917663574
337,0.25790637731552124
338,0.024297725409269333
339,0.34687677025794983
340,0.2365283966064453
341,-0.0012782858684659004
342,0.3193245828151703
343,0.2802712321281433
344,0.022546038031578064
345,0.3161894977092743
346,0.2752358019351959
347,0.039865508675575256
348,0.3870463967323303
349,0.404411643743515
350,-0.020895108580589294
351,0.37947872281074524
352,0.408263623714447
353,-0.015109485015273094
354,0.37445640563964844
355,0.41233116388320923
356,-0.008469781838357449
357,0.37528130412101746
358,0.36497610807418823
359,-0.017000462859869003
360,0.36901018023490906
361,0.4204154908657074
362,0.005201985128223896
363,0.37198352813720703
364,0.4233209788799286
365,7.029574044281617e-05
366,0.3723021447658539
367,0.41843730211257935
368,0.003632592037320137
369,0.37587857246398926
370,0.3581066429615021
371,-0.029646242037415504
372,0.37976405024528503
373,0.41405564546585083
374,-0.005975400097668171
375,0.3844642639160156
376,0.412675678730011
377,-0.01065023336559534
378,0.3905549645423889
379,0.4117578864097595
380,-0.014655119739472866
381,0.3907439112663269
382,0.4521804451942444
383,-0.005616760812699795
384,0.3897235095500946
385,0.44099822640419006
386,-0.0134733309969306
387,0.3896990716457367
388,0.4333246648311615
389,-0.01471766084432602
390,0.3900693356990814
391,0.4259158968925476
392,-0.013015919364988804
393,0.39079567790031433
394,0.4211074709892273
395,-0.01176055520772934
396,0.37923896312713623
397,0.4207053780555725
398,-0.0038870638236403465
399,0.3777834177017212
400,0.42275339365005493
401,-0.005154923070222139
402,0.37573689222335815
403,0.426653653383255
404,-0.0060773272998631
405,0.3741072714328766
406,0.43107539415359497
407,-0.0044394005089998245
408,0.36374810338020325
409,0.39671558141708374
410,-0.005461922846734524
411,0.3189774453639984
412,0.3675994873046875
413,0.09531084448099136
414,0.3921568691730499
415,0.3649635314941406
416,-0.029287200421094894
417,0.37623465061187744
418,0.42029106616973877
419,0.000692900677677244
420,0.37417662143707275
421,0.42137423157691956
422,-9.191718709189445e-05
423,0.3829517364501953
424,0.370721697807312
425,-0.02052680030465126
426,0.3708612024784088
427,0.3700028359889984
428,-0.010791166685521603
429,0.3814854323863983
430,0.36839914321899414
431,-0.020620252937078476
432,0.3609594702720642
433,0.3331635892391205
434,0.00011465363786555827
435,0.34951645135879517
436,0.3427395522594452
437,0.0037181121297180653
438,0.3651997745037079
439,0.35775694251060486
440,-0.01318025216460228
441,0.3259247839450836
442,0.23042768239974976
443,0.023893410339951515
444,0.3306417167186737
445,0.24459560215473175
446,0.010973246768116951
447,0.3358032703399658
448,0.26177477836608887
449,0.0003536863368935883
450,0.37150809168815613
451,0.43946748971939087
452,0.0016966518014669418
453,0.36884409189224243
454,0.259829580783844
455,-0.015279085375368595
456,0.36468276381492615
457,0.23224204778671265
458,-0.00921003706753254
459,0.3607387840747833
460,0.2075859159231186
461,-0.003211157163605094
462,0.33873167634010315
463,0.31222012639045715
464,0.015289552509784698
465,0.3228895664215088
466,0.3265635371208191
467,0.02856839820742607
468,0.36902135610580444
469,0.3016754388809204
470,0.007572989445179701
471,0.32792234420776367
472,0.2976093292236328
473,0.019740203395485878
474,0.3731878101825714
475,0.31700778007507324
476,-0.007312794215977192
477,0.3700914680957794
478,0.3524353802204132
479,-0.029055478051304817
480,0.31663787364959717
481,0.3358643651008606
482,0.03847920149564743
483,0.3276066184043884
484,0.3329486846923828
485,0.02090025134384632
486,0.33667927980422974
487,0.33510729670524597
488,0.012480326928198338
489,0.35058292746543884
490,0.3307928442955017
491,0.0070577580481767654
492,0.3607734739780426
493,0.3242512047290802
494,0.004158828407526016
495,0.36834561824798584
496,0.31749922037124634
497,0.0009922428289428353
498,0.38175034523010254
499,0.3002348244190216
500,-0.017421653494238853
501,0.3188128173351288
502,0.3588026762008667
503,0.03617306798696518
504,0.3222135603427887
505,0.297231525182724
506,0.02421369031071663
507,0.38718029856681824
508,0.36265453696250916
509,-0.0389770083129406
510,0.36871278285980225
511,0.3356894254684448
512,-0.007155207451432943
513,0.3137616217136383
514,0.3181675374507904
515,0.08949823677539825
516,0.3736412823200226
517,0.31041353940963745
518,-0.0009915608679875731
519,0.365310937166214
520,0.3589898347854614
521,-0.004777058027684689
522,0.3323768377304077
523,0.304145872592926
524,0.021918850019574165
525,0.3696286976337433
526,0.345648854970932
527,-0.02582651749253273
528,0.32280534505844116
529,0.39399564266204834
530,0.09098567068576813
531,0.36874133348464966
532,0.29796335101127625
533,0.009807310998439789
534,0.37530651688575745
535,0.3378700613975525
536,-0.03431299701333046
537,0.3425011932849884
538,0.44564786553382874
539,0.03831253573298454
540,0.34563684463500977
541,0.4592110216617584
542,0.05206843838095665
543,0.31508368253707886
544,0.3642141819000244
545,0.06586087495088577
546,0.33356645703315735
547,0.43121254444122314
548,0.04906151816248894
549,0.31420451402664185
550,0.2946423292160034
551,0.0532456673681736
552,0.3731454610824585
553,0.482794851064682
554,0.010309785604476929
555,0.3889278769493103
556,0.36505162715911865
557,-0.028511524200439453
558,0.3628294765949249
559,0.3452969491481781
560,-0.003424831433221698
561,0.31686705350875854
562,0.31545940041542053
563,0.04112185910344124
564,0.3450504243373871
565,0.3060094118118286
566,0.011882182210683823
567,0.35170167684555054
568,0.3055780231952667
569,0.009296814911067486
570,0.3699168562889099
571,0.4257238507270813
572,0.0016052261926233768
573,0.3222493529319763
574,0.38136163353919983
575,0.03863430768251419
576,0.38893961906433105
577,0.4991743862628937
578,0.010923328809440136
579,0.3654695153236389
580,0.48397213220596313
581,0.029033560305833817
582,0.3561124801635742
583,0.47363603115081787
584,0.03920484706759453
585,0.3858482241630554
586,0.2290378212928772
587,-0.013156259432435036
588,0.4065566062927246
589,0.5000351071357727
590,0.006853623315691948
591,0.3579244017601013
592,0.30377715826034546
593,0.008153599686920643
594,0.3635186553001404
595,0.30093565583229065
596,0.008608456701040268
597,0.36699461936950684
598,0.2991165518760681
599,0.009873488917946815
600,0.3178674578666687
601,0.2960953116416931
602,0.03299957141280174
603,0.3624732792377472
604,0.29522737860679626
605,0.007385513745248318
606,0.3561386466026306
607,0.2955845594406128
608,0.006288336589932442
609,0.3498914837837219
610,0.296419233083725
611,0.0074433740228414536
612,0.3435465097427368
613,0.29852747917175293
614,0.01011942233890295
615,0.3394050896167755
616,0.3008047044277191
617,0.013254661113023758
618,0.3121984899044037
619,0.2913467288017273
620,0.07615234702825546
621,0.3406441807746887
622,0.30555152893066406
623,0.014795741066336632
624,0.39424610137939453
625,0.37823590636253357
626,-0.02174890786409378
627,0.36906152963638306
628,0.38786929845809937
629,-0.010901479981839657
630,0.3722075819969177
631,0.3610974848270416
632,-0.021301858127117157
633,0.3831905722618103
634,0.38109785318374634
635,-0.019879648461937904
636,0.3890567421913147
637,0.28427398204803467
638,-0.015701061114668846
639,0.3523978292942047
640,0.4601447880268097
641,0.029312873259186745
642,0.3623163104057312
643,0.47143110632896423
644,0.020287347957491875
645,0.38724032044410706
646,0.4901391863822937
647,0.0011457864893600345
648,0.33751794695854187
649,0.44337940216064453
650,0.06770965456962585
651,0.3667113780975342
652,0.29640480875968933
653,0.00882184598594904
654,0.3771713972091675
655,0.3182046413421631
656,-0.019194679334759712
657,0.4050312936306
658,0.491016149520874
659,-0.0024123904295265675
660,0.3759409189224243
661,0.4930538833141327
662,0.01854890212416649
663,0.3192998170852661
664,0.38876059651374817
665,0.06439118087291718
666,0.38425615429878235
667,0.42094120383262634
668,-0.008039354346692562
669,0.38295280933380127
670,0.4246070683002472
671,-0.009361530654132366
672,0.38159552216529846
673,0.43040931224823
674,-0.01042898092418909
675,0.38073521852493286
676,0.4372754395008087
677,-0.009081483818590641
678,0.3797689974308014
679,0.4470151662826538
680,-0.0027018089313060045
681,0.37379738688468933
682,0.4170895218849182
683,-0.001173000200651586
684,0.37078824639320374
685,0.4165177345275879
686,-0.0009090679814107716
687,0.36812928318977356
688,0.4150279760360718
689,-0.0006827283650636673
690,0.3598398268222809
691,0.4077591300010681
692,0.0016288632759824395
693,0.3312237560749054
694,0.3850189447402954
695,0.02119014784693718
696,0.37756893038749695
697,0.3078615963459015
698,-0.011785811744630337
699,0.37386393547058105
700,0.2897683084011078
701,0.0027619122993201017
702,0.3695846498012543
703,0.2922176718711853
704,0.006736938375979662
705,0.37592095136642456
706,0.4152458608150482
707,-0.000521798268891871
708,0.33382636308670044
709,0.41353243589401245
710,0.03354001045227051
711,0.3795473873615265
712,0.28806376457214355
713,-0.008783694356679916
714,0.3767014741897583
715,0.4577195644378662
716,0.0019857988227158785
717,0.3888254165649414
718,0.31811827421188354
719,-0.035652127116918564
720,0.38181281089782715
721,0.31113284826278687
722,-0.025506572797894478
723,0.3889104425907135
724,0.3073071539402008
725,-0.028269333764910698
726,0.3722788691520691
727,0.33636048436164856
728,-0.018603572621941566
729,0.4037240147590637
730,0.47826793789863586
731,-0.0067240651696920395
732,0.4026607573032379
733,0.4637845754623413
734,-0.006710407789796591
735,0.3891605734825134
736,0.4637000560760498
737,-0.0038494346663355827
738,0.35820573568344116
739,0.43656444549560547
740,0.011364598758518696
741,0.36058416962623596
742,0.3696057200431824
743,-0.002024098066613078
744,0.3666958510875702
745,0.4486934542655945
746,0.007070193998515606
747,0.3448122441768646
748,0.37159067392349243
749,0.003882241901010275
750,0.35539379715919495
751,0.3827836215496063
752,0.00045950981439091265
753,0.34102386236190796
754,0.3916035592556
755,0.011250357143580914
756,0.38739240169525146
757,0.4776742458343506
758,-0.002998028416186571
759,0.36839956045150757
760,0.3437454402446747
761,-0.012286389246582985
762,0.35290583968162537
763,0.4464377462863922
764,0.019816910848021507
765,0.36322861909866333
766,0.45893096923828125
767,0.013643739745020866
768,0.3513154685497284
769,0.42223894596099854
770,0.01290748082101345
771,0.3262944519519806
772,0.40066617727279663
773,0.0412452407181263
774,0.3429867625236511
775,0.42520779371261597
776,0.02196606993675232
777,0.3250592350959778
778,0.41118162870407104
779,0.060430753976106644
780,0.351693332195282
781,0.39965420961380005
782,0.005130050703883171
783,0.3730488419532776
784,0.3267793357372284
785,-0.012721890583634377
786,0.3730071485042572
787,0.3567073941230774
788,-0.031099265441298485
789,0.36880531907081604
790,0.360836386680603
791,-0.021961849182844162
792,0.3752238154411316
793,0.3486543595790863
794,-0.03735405206680298
795,0.3673281967639923
796,0.28269854187965393
797,0.00102099624928087
798,0.35462096333503723
799,0.27952975034713745
800,0.0004318319261074066
801,0.3438795208930969
802,0.2801913917064667
803,0.0018544066697359085
804,0.3352835476398468
805,0.2833250164985657
806,0.00633730785921216
807,0.32990413904190063
808,0.28894734382629395
809,0.012339452281594276
810,0.32788217067718506
811,0.30790767073631287
812,0.025528382509946823
813,0.3126634955406189
814,0.3406410217285156
815,0.06451454013586044
816,0.33376532793045044
817,0.32119253277778625
818,0.018799331039190292
819,0.3412303328514099
820,0.32264307141304016
821,0.013049930334091187
822,0.35104039311408997
823,0.32077115774154663
824,0.008724536746740341
825,0.36037978529930115
826,0.3164147138595581
827,0.0064529418013989925
828,0.36746495962142944
829,0.31119224429130554
830,0.0049649919383227825
831,0.37215104699134827
832,0.30647915601730347
833,0.003947771620005369
834,0.31661680340766907
835,0.34287139773368835
836,0.0952678844332695
837,0.36978092789649963
838,0.3640640377998352
839,-0.01802043430507183
840,0.3767898380756378
841,0.327653706073761
842,-0.025576947256922722
843,0.3780839145183563
844,0.35618045926094055
845,-0.03809460997581482
846,0.3835875689983368
847,0.36140215396881104
848,-0.035475317388772964
849,0.3787786364555359
850,0.3581382930278778
851,-0.034137122333049774
852,0.3727557361125946
853,0.3674303889274597
854,-0.015562555752694607
855,0.3848172426223755
856,0.3621959388256073
857,-0.037778858095407486
858,0.3863573968410492
859,0.3646818995475769
860,-0.02830461971461773
861,0.37137338519096375
862,0.29787489771842957
863,0.008019885048270226
864,0.37555551528930664
865,0.29984429478645325
866,0.002264776499941945
867,0.3774242401123047
868,0.30114176869392395
869,-0.004075438249856234
870,0.3368637263774872
871,0.30232927203178406
872,0.01624726876616478
873,0.33218497037887573
874,0.29797396063804626
875,0.01704835146665573
876,0.39631834626197815
877,0.31911373138427734
878,-0.033674515783786774
879,0.4507530927658081
880,0.28834906220436096
881,0.005113278515636921
882,0.4001549780368805
883,0.3609844744205475
884,-0.029481934383511543
885,0.48053598403930664
886,0.24409495294094086
887,0.04011762887239456
888,0.4275166392326355
889,0.29951849579811096
890,-0.00086677708895877
891,0.43563348054885864
892,0.2996808588504791
893,-0.0011203354224562645
894,0.44362369179725647
895,0.2985357344150543
896,0.00021042703883722425
897,0.45464715361595154
898,0.2918850779533386
899,0.00586027791723609
900,0.420588880777359
901,0.2972415089607239
902,0.0006156210438348353
903,0.43664252758026123
904,0.27310582995414734
905,-0.00542291859164834
906,0.4282408058643341
907,0.27461764216423035
908,-0.004125846549868584
909,0.4448833465576172
910,0.27341294288635254
911,-0.0035860317293554544
912,0.45068347454071045
913,0.27608469128608704
914,-0.0006137551390565932
915,0.46172893047332764
916,0.29831841588020325
917,0.0090944804251194
918,0.4351552426815033
919,0.4630364179611206
920,-0.00025325242313556373
921,0.453781396150589
922,0.2858929932117462
923,0.007301388308405876
924,0.4875282347202301
925,0.2918705344200134
926,0.04260513186454773
927,0.4709824323654175
928,0.2903916835784912
929,0.01636519469320774
930,0.43589091300964355
931,0.3443726599216461
932,-0.008753561414778233
933,0.4063582122325897
934,0.39400553703308105
935,-0.024023551493883133
936,0.40629449486732483
937,0.40730351209640503
938,-0.020100681111216545
939,0.4182688891887665
940,0.39671874046325684
941,-0.020211026072502136
942,0.4259435832500458
943,0.4015161693096161
944,-0.014553246088325977
945,0.414603054523468
946,0.4072214365005493
947,-0.01763194054365158
948,0.4210323393344879
949,0.4082368314266205
950,-0.012255528010427952
951,0.43890151381492615
952,0.4213857650756836
953,-0.0018047933699563146
954,0.39727982878685
955,0.35494983196258545
956,-0.04381274804472923
957,0.39748048782348633
958,0.3437727391719818
959,-0.04630482196807861
960,0.4632475972175598
961,0.262917697429657
962,0.00019945627718698233
963,0.41765815019607544
964,0.3181378245353699
965,-0.008887119591236115
966,0.41972675919532776
967,0.35005882382392883
968,-0.02550235018134117
969,0.42037197947502136
970,0.34435486793518066
971,-0.022971440106630325
972,0.46062999963760376
973,0.34116071462631226
974,-0.0013299044221639633
975,0.39670851826667786
976,0.33018624782562256
977,-0.04151418060064316
978,0.44153714179992676
979,0.2543067932128906
980,-0.011994238011538982
981,0.4540286362171173
982,0.25629377365112305
983,-0.006979809608310461
984,0.47011563181877136
985,0.2246340811252594
986,0.025248296558856964
987,0.40547728538513184
988,0.26870661973953247
989,-0.015525026246905327
990,0.42112821340560913
991,0.2783011794090271
992,-0.0008715679869055748
993,0.44390764832496643
994,0.40834954380989075
995,-0.0009134141728281975
996,0.48874837160110474
997,0.40109187364578247
998,0.06442452222108841
999,0.41399073600769043
1000,0.3571157455444336
1001,-0.021826570853590965
1002,0.4070103168487549
1003,0.36198654770851135
1004,-0.022076869383454323
1005,0.43490928411483765
1006,0.4105432629585266
1007,-0.0013021021150052547
1008,0.43069925904273987
1009,0.4103353023529053
1010,-0.0030270572751760483
1011,0.4584348201751709
1012,0.24818119406700134
1013,-0.003132518846541643
1014,0.42090925574302673
1015,0.3553813695907593
1016,-0.0210309736430645
1017,0.425449401140213
1018,0.2578202188014984
1019,-0.014899208210408688
1020,0.42625412344932556
1021,0.24804842472076416
1022,-0.016566477715969086
1023,0.4329040050506592
1024,0.20153383910655975
1025,-0.0021461411379277706
1026,0.4638356864452362
1027,0.23570650815963745
1028,0.009294488467276096
1029,0.42844051122665405
1030,0.22347062826156616
1031,-0.009558678604662418
1032,0.4682449400424957
1033,0.25744521617889404
1034,0.006753213703632355
1035,0.47425520420074463
1036,0.25122109055519104
1037,0.02266005426645279
1038,0.4064920246601105
1039,0.40152299404144287
1040,-0.023070909082889557
1041,0.4162224233150482
1042,0.40295174717903137
1043,-0.01933993026614189
1044,0.4234580397605896
1045,0.40499240159988403
1046,-0.014130554161965847
1047,0.4120933711528778
1048,0.3596935570240021
1049,-0.019953032955527306
1050,0.43270570039749146
1051,0.41069164872169495
1052,-0.002274916274473071
1053,0.42952537536621094
1054,0.41470804810523987
1055,-0.00625214260071516
1056,0.42970186471939087
1057,0.40978702902793884
1058,-0.0032273682300001383
1059,0.40804389119148254
1060,0.3535038232803345
1061,-0.03304469957947731
1062,0.41948872804641724
1063,0.4079877734184265
1064,-0.010823900811374187
1065,0.4132007658481598
1066,0.4083985388278961
1067,-0.014323807321488857
1068,0.4058407247066498
1069,0.4094255268573761
1070,-0.016678038984537125
1071,0.4134500026702881
1072,0.44922733306884766
1073,-0.0075294338166713715
1074,0.41141968965530396
1075,0.4379962086677551
1076,-0.015672991052269936
1077,0.4099463224411011
1078,0.43049877882003784
1079,-0.01703239046037197
1080,0.4084687829017639
1081,0.4232667088508606
1082,-0.015231043100357056
1083,0.40740737318992615
1084,0.41876310110092163
1085,-0.013883398845791817
1086,0.4212164282798767
1087,0.41448017954826355
1088,-0.00874926894903183
1089,0.42279481887817383
1090,0.4161135256290436
1091,-0.010103326290845871
1092,0.4252937138080597
1093,0.41935890913009644
1094,-0.011134488508105278
1095,0.42765581607818604
1096,0.4232327938079834
1097,-0.00976078025996685
1098,0.4320482909679413
1099,0.38696715235710144
1100,-0.01233104057610035
1101,0.49387797713279724
1102,0.3433499038219452
1103,0.07563430815935135
1104,0.42519357800483704
1105,0.4129646122455597
1106,-0.005360645242035389
1107,0.42710018157958984
1108,0.41345369815826416
1109,-0.006193099543452263
1110,0.40448057651519775
1111,0.3676164746284485
1112,-0.022376634180545807
1113,0.4187937080860138
1114,0.3631691038608551
1115,-0.014636349864304066
1116,0.4056693911552429
1117,0.36491817235946655
1118,-0.0224267840385437
1119,0.42691075801849365
1120,0.3236904740333557
1121,-0.006869120988994837
1122,0.4405589699745178
1123,0.3297845423221588
1124,-0.005799337290227413
1125,0.4224834442138672
1126,0.3495403230190277
1127,-0.018452120944857597
1128,0.4548318684101105
1129,0.2098536342382431
1130,0.010055291466414928
1131,0.449211984872818
1132,0.22572064399719238
1133,-0.0010989016154780984
1134,0.44388294219970703
1135,0.24456870555877686
1136,-0.010400544852018356
1137,0.43271246552467346
1138,0.43130195140838623
1139,-0.0045808106660842896
1140,0.4069865643978119
1141,0.25359827280044556
1142,-0.018831685185432434
1143,0.40820106863975525
1144,0.2253233790397644
1145,-0.013461649417877197
1146,0.41026875376701355
1147,0.19952712953090668
1148,-0.008144484832882881
1149,0.45064425468444824
1150,0.29599809646606445
1151,0.002998732030391693
1152,0.47100865840911865
1153,0.30518728494644165
1154,0.012958480976521969
1155,0.4162541627883911
1156,0.29469913244247437
1157,0.0020059039816260338
1158,0.46071380376815796
1159,0.2777685821056366
1160,0.005467789713293314
1161,0.41089892387390137
1162,0.311526358127594
1163,-0.01153451669961214
1164,0.4132360816001892
1165,0.34623897075653076
1166,-0.03302948176860809
1167,0.48078566789627075
1168,0.31238824129104614
1169,0.020793117582798004
1170,0.46528273820877075
1171,0.31313997507095337
1172,0.006244982127100229
1173,0.4545372426509857
1174,0.3181341886520386
1175,-3.5383665817789733e-05
1176,0.43870416283607483
1177,0.3180912435054779
1178,-0.0024802794214338064
1179,0.42690029740333557
1180,0.3146650195121765
1181,-0.003117007203400135
1182,0.41781026124954224
1183,0.3103327453136444
1184,-0.004500658251345158
1185,0.39758947491645813
1186,0.2979014813899994
1187,-0.01924293488264084
1188,0.4807470440864563
1189,0.3360458314418793
1190,0.018662970513105392
1191,0.467668354511261
1192,0.2755010724067688
1193,0.008608388714492321
1194,0.39553818106651306
1195,0.36141958832740784
1196,-0.03987094387412071
1197,0.41748127341270447
1198,0.32871168851852417
1199,-0.012198957614600658
1200,0.4914768636226654
1201,0.2923009991645813
1202,0.06915788352489471
1203,0.410825252532959
1204,0.30492714047431946
1205,-0.005204478744417429
1206,0.4238302409648895
1207,0.3505789637565613
1208,-0.009894467890262604
1209,0.4569857120513916
1210,0.28570258617401123
1211,0.008378990925848484
1212,0.41378554701805115
1213,0.33932074904441833
1214,-0.029882464557886124
1215,0.4931655824184418
1216,0.37114232778549194
1217,0.07218372076749802
1218,0.41648057103157043
1219,0.29093068838119507
1220,0.004059466999024153
1221,0.40514078736305237
1222,0.333560585975647
1223,-0.0372968353331089
1224,0.4702253043651581
1225,0.4302411675453186
1226,0.025085637345910072
1227,0.47235995531082153
1228,0.4445677399635315
1229,0.0386556051671505
1230,0.4910195469856262
1231,0.33972835540771484
1232,0.04666677862405777
1233,0.47938767075538635
1234,0.41288191080093384
1235,0.0336378775537014
1236,0.48092734813690186
1237,0.26980769634246826
1238,0.03486260771751404
1239,0.4385190010070801
1240,0.4756847321987152
1241,0.00404452346265316
1242,0.395513117313385
1243,0.3640463948249817
1244,-0.02905977889895439
1245,0.42566633224487305
1246,0.3362596333026886
1247,-0.009664313867688179
1248,0.4785271883010864
1249,0.29195672273635864
1250,0.023802973330020905
1251,0.4422723650932312
1252,0.29187995195388794
1253,0.001167705631814897
1254,0.4350946843624115
1255,0.2933041453361511
1256,-0.00023139578115660697
1257,0.4320908188819885
1258,0.4165017008781433
1259,-0.00512312725186348
1260,0.48099392652511597
1261,0.35959187150001526
1262,0.0216117762029171
1263,0.42467767000198364
1264,0.49545538425445557
1265,0.007402727846056223
1266,0.45036402344703674
1267,0.47494012117385864
1268,0.020306821912527084
1269,0.4608667492866516
1270,0.4621504545211792
1271,0.02833542972803116
1272,0.42838916182518005
1273,0.2932984530925751
1274,2.8491027478594333e-05
1275,0.4221891462802887
1276,0.292096883058548
1277,0.0016334470128640532
1278,0.41841477155685425
1279,0.2914985716342926
1280,0.003627436701208353
1281,0.47376748919487
1282,0.27271440625190735
1283,0.016141362488269806
1284,0.42288127541542053
1285,0.286307692527771
1286,0.00024910768843255937
1287,0.42960527539253235
1288,0.28466925024986267
1289,-0.0020824482198804617
1290,0.4361226558685303
1291,0.28370577096939087
1292,-0.0023064909037202597
1293,0.4431003928184509
1294,0.2838706970214844
1295,-0.0009358618408441544
1296,0.447967529296875
1297,0.28477922081947327
1298,0.0014413855969905853
1299,0.48712050914764404
1300,0.2652727961540222
1301,0.05635319650173187
1302,0.4471840262413025
1303,0.2901258170604706
1304,0.0031479583121836185
1305,0.423857718706131
1306,0.3801634609699249
1307,-0.016126977279782295
1308,0.41370612382888794
1309,0.35505151748657227
1310,-0.02473844587802887
1311,0.40637221932411194
1312,0.3777734339237213
1313,-0.022102778777480125
1314,0.4603821933269501
1315,0.4475850760936737
1316,0.018644636496901512
1317,0.45007818937301636
1318,0.4617606997489929
1319,0.01183580793440342
1320,0.42344725131988525
1321,0.48624181747436523
1322,-0.002214450156316161
1323,0.4812696576118469
1324,0.42579758167266846
1325,0.051833514124155045
1326,0.41836869716644287
1327,0.2888411581516266
1328,0.002459851559251547
1329,0.4040583074092865
1330,0.31437698006629944
1331,-0.022022860124707222
1332,0.43859148025512695
1333,0.4865177869796753
1334,0.012126211076974869
1335,0.49017900228500366
1336,0.3656441867351532
1337,0.04593073949217796
1338,0.41490235924720764
1339,0.4165002703666687
1340,-0.011813348159193993
1341,0.4165913462638855
1342,0.41972291469573975
1343,-0.013171589002013206
1344,0.41867634654045105
1345,0.42499107122421265
1346,-0.01439239177852869
1347,0.4206894040107727
1348,0.4315766394138336
1349,-0.013236316852271557
1350,0.4245319962501526
1351,0.4411196708679199
1352,-0.007291713729500771
1353,0.42672544717788696
1354,0.4090515673160553
1355,-0.007602228317409754
1356,0.4292955696582794
1357,0.40772882103919983
1358,-0.007931483909487724
1359,0.43175607919692993
1360,0.40547841787338257
1361,-0.008065766654908657
1362,0.43918469548225403
1363,0.3964696228504181
1364,-0.0069360313937067986
1365,0.469156950712204
1366,0.3660498559474945
1367,0.006813012529164553
1368,0.40409570932388306
1369,0.3039971888065338
1370,-0.014865824021399021
1371,0.4085862338542938
1372,0.28459227085113525
1373,-0.0009850917849689722
1374,0.414253294467926
1375,0.28553032875061035
1376,0.0013898699544370174
1377,0.42480555176734924
1378,0.40784507989883423
1379,-0.006626976188272238
1380,0.47315970063209534
1381,0.3952457010746002
1382,0.019004549831151962
1383,0.4003712236881256
1384,0.2849382162094116
1385,-0.010988916270434856
1386,0.4299871325492859
1387,0.4512636959552765
1388,-0.003046169877052307
1389,0.3970658779144287
1390,0.3089303970336914
1391,-0.027061231434345245
1392,0.41137734055519104
1393,0.3307778537273407
1394,-0.0223376601934433
1395,0.4168739914894104
1396,0.4604629576206207
1397,-0.006255521439015865
1398,0.4474445581436157
1399,0.42507633566856384
1400,0.0025948185939341784
1401,0.43129637837409973
1402,0.35959574580192566
1403,-0.008640237152576447
1404,0.43999573588371277
1405,0.43958261609077454
1406,0.00018148640810977668
1407,0.44956135749816895
1408,0.35699373483657837
1409,-0.006486108526587486
1410,0.43947330117225647
1411,0.37114378809928894
1412,-0.0077727967873215675
1413,0.45812952518463135
1414,0.37566953897476196
1415,-0.0005671523394994438
1416,0.42074936628341675
1417,0.4738670885562897
1418,-0.006186644546687603
1419,0.41770464181900024
1420,0.3366718292236328
1421,-0.01691015064716339
1422,0.45581501722335815
1423,0.4338015019893646
1424,0.009692412801086903
1425,0.44592785835266113
1426,0.4492909908294678
1427,0.005912387277930975
1428,0.4524114727973938
1429,0.4086903929710388
1430,0.002291961805894971
1431,0.48045533895492554
1432,0.3801351487636566
1433,0.024987725540995598
1434,0.4633738100528717
1435,0.40967538952827454
1436,0.009667020291090012
1437,0.48707860708236694
1438,0.3899468183517456
1439,0.04295281320810318
1440,0.4470992982387543
1441,0.3864521384239197
1442,-0.004761144518852234
1443,0.4106695353984833
1444,0.3214011788368225
1445,-0.0167220551520586
1446,0.4105348289012909
1447,0.3513157069683075
1448,-0.03470582515001297
1449,0.4172348976135254
1450,0.3538934290409088
1451,-0.026195883750915527
1452,0.40557679533958435
1453,0.3443865478038788
1454,-0.04038627818226814
1455,0.4142240881919861
1456,0.275532066822052
1457,-0.004087334964424372
1458,0.4268636405467987
1459,0.26828375458717346
1460,-0.0069527034647762775
1461,0.4383060336112976
1462,0.2655598521232605
1463,-0.007893944159150124
1464,0.4484592080116272
1465,0.2659463882446289
1466,-0.005559215787798166
1467,0.4561302065849304
1468,0.26979076862335205
1469,-0.000918293371796608
1470,0.46311450004577637
1471,0.28801244497299194
1472,0.01104697398841381
1473,0.49043795466423035
1474,0.31536486744880676
1475,0.044815052300691605
1476,0.45725107192993164
1477,0.30327707529067993
1478,0.005601952783763409
1479,0.44859951734542847
1480,0.30712634325027466
1481,0.001514891511760652
1482,0.43760374188423157
1483,0.3081943094730377
1484,-0.0007916956674307585
1485,0.4270777702331543
1486,0.3065915107727051
1487,-0.0009916836861521006
1488,0.41883033514022827
1489,0.3036139905452728
1490,-0.0007212074124254286
1491,0.41303229331970215
1492,0.30044490098953247
1493,-0.000658758042845875
1494,0.4929029643535614
1495,0.3177190124988556
1496,0.07501216232776642
1497,0.4175789952278137
1498,0.3572029769420624
1499,-0.02210034243762493
1500,0.4038892388343811
1501,0.3237432837486267
1502,-0.028504759073257446
1503,0.40368303656578064
1504,0.35256198048591614
1505,-0.04043610766530037
1506,0.4000086784362793
1507,0.3590348958969116
1508,-0.03678642585873604
1509,0.40432313084602356
1510,0.3544660806655884
1511,-0.03651656582951546
1512,0.41567903757095337
1513,0.36134904623031616
1514,-0.01904994808137417
1515,0.3982376158237457
1516,0.360269159078598
1517,-0.038838453590869904
1518,0.3983207643032074
1519,0.3629480004310608
1520,-0.029227083548903465
1521,0.4132305383682251
1522,0.2916790246963501
1523,0.0030979968141764402
1524,0.40826570987701416
1525,0.29497987031936646
1526,-0.00132220599334687
1527,0.4052218794822693
1528,0.2970065772533417
1529,-0.007066167891025543
1530,0.451111376285553
1531,0.28553855419158936
1532,0.003912224899977446
1533,0.4556644558906555
1534,0.27947893738746643
1535,0.0038853671867400408
1536,0.7077929973602295
1537,0.7372002005577087
1538,-4.939990461139132e-08
1539,0.6582257747650146
1540,0.6837946772575378
1541,0.0005995625397190452
1542,0.6392075419425964
1543,0.6163997650146484
1544,-0.0037702342960983515
1545,0.6288660764694214
1546,0.567025363445282
1547,-0.01409012358635664
1548,0.621238648891449
1549,0.5266991257667542
1550,-0.024422908201813698
1551,0.6778396368026733
1552,0.5311646461486816
1553,0.004250106867402792
1554,0.6780271530151367
1555,0.45030832290649414
1556,-0.013655814342200756
1557,0.6760869026184082
1558,0.3981017470359802
1559,-0.024354606866836548
1560,0.6770142316818237
1561,0.3562031686306
1562,-0.02987908199429512
1563,0.6929208040237427
1564,0.5355066657066345
1565,-0.009141216054558754
1566,0.6425637006759644
1567,0.48928382992744446
1568,-0.03642912209033966
1569,0.6058237552642822
1570,0.49049654603004456
1571,-0.04774872958660126
1572,0.5826525092124939
1573,0.49844855070114136
1574,-0.04834462329745293
1575,0.7049859166145325
1576,0.5513951778411865
1577,-0.023795489221811295
1578,0.6409099102020264
1579,0.5683355927467346
1580,-0.0530940443277359
1581,0.6384498476982117
1582,0.6232889890670776
1583,-0.051585711538791656
1584,0.6483995318412781
1585,0.664879322052002
1586,-0.04059963673353195
1587,0.7123392224311829
1588,0.576495349407196
1589,-0.03915533050894737
1590,0.6579248309135437
1591,0.5888084769248962
1592,-0.05700297653675079
1593,0.6488717794418335
1594,0.633994996547699
1595,-0.05040467530488968
1596,0.6525303721427917
1597,0.6690829992294312
1598,-0.03881186246871948
1599,0.0
1600,0.0
1601,0.0
1602,0.0
1603,0.0
1604,0.0
1605,0.0
1606,0.0
1607,0.0
1608,0.0
1609,0.0
1610,0.0
1611,0.0
1612,0.0
1613,0.0
1614,0.0
1615,0.0
1616,0.0
1617,0.0
1618,0.0
1619,0.0
1620,0.0
1621,0.0
1622,0.0
1623,0.0
1624,0.0
1625,0.0
1626,0.0
1627,0.0
1628,0.0
1629,0.0
1630,0.0
1631,0.0
1632,0.0
1633,0.0
1634,0.0
1635,0.0
1636,0.0
1637,0.0
1638,0.0
1639,0.0
1640,0.0
1641,0.0
1642,0.0
1643,0.0
1644,0.0
1645,0.0
1646,0.0
1647,0.0
1648,0.0
1649,0.0
1650,0.0
1651,0.0
1652,0.0
1653,0.0
1654,0.0
1655,0.0
1656,0.0
1657,0.0
1658,0.0
1659,0.0
1660,0.0
1661,0.0
