,0
0,0.40260085463523865
1,0.34356215596199036
2,-0.6751426458358765
3,0.9999924302101135
4,0.43200603127479553
5,0.2883393168449402
6,-0.6179559826850891
7,0.9999864101409912
8,0.4489830434322357
9,0.2883533537387848
10,-0.6175223588943481
11,0.9999879598617554
12,0.46254706382751465
13,0.2895806133747101
14,-0.6170374155044556
15,0.9999871850013733
16,0.3786413371562958
17,0.2937278151512146
18,-0.6182777285575867
19,0.9999855160713196
20,0.3611200451850891
21,0.2966683506965637
22,-0.617196261882782
23,0.9999853372573853
24,0.3456575274467468
25,0.2998223304748535
26,-0.6172982454299927
27,0.9999833703041077
28,0.48347896337509155
29,0.3252297639846802
30,-0.2837090790271759
31,0.9999874234199524
32,0.3308631181716919
33,0.33537933230400085
34,-0.2762676477432251
35,0.9999875426292419
36,0.4431855082511902
37,0.41157302260398865
38,-0.5571541786193848
39,0.9999922513961792
40,0.3752424716949463
41,0.41207924485206604
42,-0.5560361742973328
43,0.9999914169311523
44,0.6186444759368896
45,0.6683351993560791
46,-0.16114822030067444
47,0.9998919367790222
48,0.20841571688652039
49,0.6892322897911072
50,-0.1481943428516388
51,0.9996459484100342
52,0.7361961603164673
53,1.0264434814453125
54,-0.559691309928894
55,0.7871137857437134
56,0.11273803561925888
57,1.0017508268356323
58,-0.2031676471233368
59,0.33611685037612915
60,0.7387034893035889
61,0.7029898166656494
62,-1.0162757635116577
63,0.8358173966407776
64,0.12054376304149628
65,1.4455301761627197
66,-0.6073804497718811
67,0.1898811310529709
68,0.7121952176094055
69,0.5683778524398804
70,-1.1340949535369873
71,0.8269362449645996
72,0.09320656210184097
73,1.558289647102356
74,-0.6732891798019409
75,0.23103582859039307
76,0.6777291297912598
77,0.5190253853797913
78,-1.031480312347412
79,0.8389841914176941
80,0.12152460962533951
81,1.5477824211120605
82,-0.7570860385894775
83,0.32531535625457764
84,0.667906641960144
85,0.5684680342674255
86,-0.998027503490448
87,0.8345755338668823
88,0.14217357337474823
89,1.509252905845642
90,-0.6602638959884644
91,0.339723140001297
92,0.5709763169288635
93,1.4555431604385376
94,-0.06928115338087082
95,0.003310184692963958
96,0.28519612550735474
97,1.4601936340332031
98,0.0754038617014885
99,0.0021180163603276014
100,0.5599187016487122
101,2.1165459156036377
102,-0.2327890396118164
103,0.0003538509481586516
104,0.2968840003013611
105,2.1134746074676514
106,0.10367769002914429
107,0.00011285278742434457
108,0.5535496473312378
109,2.6997222900390625
110,0.15692618489265442
111,2.4478860723320395e-05
112,0.29905110597610474
113,2.690873622894287
114,0.388048380613327
115,3.535834821377648e-06
116,0.5631394386291504
117,2.7808291912078857
118,0.16527555882930756
119,2.2275567971519195e-05
120,0.2924768328666687
121,2.775038957595825
122,0.4030682146549225
123,1.0731300790212117e-05
124,0.5018349289894104
125,2.8805127143859863
126,-0.38417720794677734
127,4.778783113579266e-05
128,0.3369930386543274
129,2.870205879211426
130,-0.1621004045009613
131,2.4356637368327938e-05
132,0.399448037147522
133,0.4018012285232544
134,-0.025408772751688957
135,0.3921623229980469
136,0.3583766222000122
137,-0.04466109722852707
138,0.3958263099193573
139,0.3714362680912018
140,-0.0241409819573164
141,0.3837624788284302
142,0.3224712312221527
143,-0.03201209008693695
144,0.39090368151664734
145,0.3464159369468689
146,-0.047216448932886124
147,0.3903326392173767
148,0.33145350217819214
149,-0.043511100113391876
150,0.3902348577976227
151,0.296729177236557
152,-0.020915739238262177
153,0.33781540393829346
154,0.30410468578338623
155,0.018060488626360893
156,0.38941556215286255
157,0.2725137174129486
158,-0.015224783681333065
159,0.3883396089076996
160,0.2579594850540161
161,-0.016554851084947586
162,0.38499316573143005
163,0.20116432011127472
164,-0.0051247309893369675
165,0.40023353695869446
166,0.40803730487823486
167,-0.02464865706861019
168,0.4011194705963135
169,0.41330528259277344
170,-0.02194400690495968
171,0.4019072651863098
172,0.41598400473594666
173,-0.018267642706632614
174,0.4034993648529053
175,0.43079182505607605
176,-0.013946490362286568
177,0.40393581986427307
178,0.43703943490982056
179,-0.015248238109052181
180,0.4045679569244385
181,0.44462135434150696
182,-0.01658971607685089
183,0.4054485857486725
184,0.4522321820259094
185,-0.014454533345997334
186,0.4069090783596039
187,0.4616670608520508
188,-0.0055440752767026424
189,0.39341503381729126
190,0.3645722568035126
191,-0.04065912961959839
192,0.3869065046310425
193,0.36546868085861206
194,-0.02877451665699482
195,0.3142245411872864
196,0.26912742853164673
197,0.0608593225479126
198,0.36024612188339233
199,0.310281366109848
200,0.007495832163840532
201,0.35280540585517883
202,0.3126169741153717
203,0.00864055473357439
204,0.3455802798271179
205,0.31350177526474
206,0.011507494375109673
207,0.33585935831069946
208,0.3088599443435669
209,0.01934167742729187
210,0.36627793312072754
211,0.3060774803161621
212,0.007306989748030901
213,0.3473473787307739
214,0.2838767170906067
215,0.00569947948679328
216,0.35590890049934387
217,0.2832731604576111
218,0.004764106590300798
219,0.33984652161598206
220,0.2866173982620239
221,0.008897918276488781
222,0.3353080451488495
223,0.29115307331085205
224,0.012679675593972206
225,0.3311730623245239
226,0.3180648386478424
227,0.02355801872909069
228,0.3792036771774292
229,0.47657185792922974
230,0.005830634851008654
231,0.3351185619831085
232,0.3018019497394562
233,0.0209842249751091
234,0.31420356035232544
235,0.3175714910030365
236,0.06256628781557083
237,0.3233330547809601
238,0.31225910782814026
239,0.03278157487511635
240,0.3577978014945984
241,0.3585028648376465
242,-0.0013195958454161882
243,0.3898060619831085
244,0.4016226530075073
245,-0.023057594895362854
246,0.3937520980834961
247,0.414917528629303
248,-0.019693272188305855
249,0.3815328776836395
250,0.40794530510902405
251,-0.01735217124223709
252,0.37775248289108276
253,0.4154340922832489
254,-0.010446530766785145
255,0.3879060745239258
256,0.4175044298171997
257,-0.015506076626479626
258,0.3841238021850586
259,0.42087292671203613
260,-0.009230836294591427
261,0.3714407682418823
262,0.43892455101013184
263,0.004102788865566254
264,0.38555875420570374
265,0.35909953713417053
266,-0.043435219675302505
267,0.3832775354385376
268,0.3480020761489868
269,-0.045590292662382126
270,0.3238756060600281
271,0.282998651266098
272,0.016147322952747345
273,0.3700428903102875
274,0.32677826285362244
275,-0.003818926401436329
276,0.36889904737472534
277,0.360350102186203
278,-0.021150212734937668
279,0.36815252900123596
280,0.3547495901584625
281,-0.018347205594182014
282,0.3372795581817627
283,0.36217454075813293
284,0.011176935397088528
285,0.38321518898010254
286,0.33395808935165405
287,-0.0401809886097908
288,0.33933261036872864
289,0.26885247230529785
290,-0.0004219899419695139
291,0.3295057713985443
292,0.2739708423614502
293,0.007138530258089304
294,0.3179553151130676
295,0.2475726306438446
296,0.044326700270175934
297,0.373260498046875
298,0.27309590578079224
299,-0.010830743238329887
300,0.36359816789627075
301,0.2854439318180084
302,0.006521039176732302
303,0.365388423204422
304,0.4270452857017517
305,0.006390464026480913
306,0.3336266279220581
307,0.4232454001903534
308,0.08065340667963028
309,0.3756846487522125
310,0.3656522035598755
311,-0.018480459228157997
312,0.38271641731262207
313,0.36853933334350586
314,-0.0207833219319582
315,0.374526709318161
316,0.4285406768321991
317,0.004359286278486252
318,0.37883782386779785
319,0.4271637201309204
320,0.0015468992060050368
321,0.32543545961380005
322,0.2674836814403534
323,0.012035718187689781
324,0.37007781863212585
325,0.36606520414352417
326,-0.016711879521608353
327,0.35365304350852966
328,0.2679433226585388
329,-0.0066101811826229095
330,0.35141557455062866
331,0.25895896553993225
332,-0.007986255921423435
333,0.3421629071235657
334,0.21502675116062164
335,0.009931264445185661
336,0.3217793405056
337,0.25684458017349243
338,0.02601865865290165
339,0.3473236858844757
340,0.23552292585372925
341,0.0004285785253159702
342,0.3200967609882355
343,0.2792351245880127
344,0.02412320114672184
345,0.31716188788414
346,0.2745021879673004
347,0.04151935502886772
348,0.3916360139846802
349,0.40911543369293213
350,-0.02235659956932068
351,0.38495516777038574
352,0.4135637879371643
353,-0.016863133758306503
354,0.3808058500289917
355,0.4183090627193451
356,-0.010588281787931919
357,0.3782348036766052
358,0.36770954728126526
359,-0.017531223595142365
360,0.37668514251708984
361,0.42823582887649536
362,0.0027219068724662066
363,0.3791186213493347
364,0.43185803294181824
365,-0.001956828171387315
366,0.3799135982990265
367,0.4257557690143585
368,0.0012059665750712156
369,0.3781394064426422
370,0.36025410890579224
371,-0.030210671946406364
372,0.3864043354988098
373,0.420146107673645
374,-0.008123553358018398
375,0.3903047442436218
376,0.41833847761154175
377,-0.012498090974986553
378,0.39557769894599915
379,0.417021244764328
380,-0.01627570018172264
381,0.3960550129413605
382,0.4616352617740631
383,-0.004457052331417799
384,0.3950561583042145
385,0.45193570852279663
386,-0.013014349155128002
387,0.3950521945953369
388,0.44430068135261536
389,-0.014604322612285614
390,0.3953936994075775
391,0.436398446559906
392,-0.013173121027648449
393,0.396113783121109
394,0.431198388338089
395,-0.011915402486920357
396,0.38597238063812256
397,0.42974162101745605
398,-0.0050931391306221485
399,0.3844555914402008
400,0.4320036768913269
401,-0.006316549144685268
402,0.382240355014801
403,0.43598276376724243
404,-0.007146059535443783
405,0.3804870843887329
406,0.44017937779426575
407,-0.005578950978815556
408,0.36923593282699585
409,0.40157321095466614
410,-0.00727835763245821
411,0.3215847611427307
412,0.36795827746391296
413,0.0950375348329544
414,0.3944704830646515
415,0.36719322204589844
416,-0.029886795207858086
417,0.38339945673942566
418,0.4285981059074402
419,-0.0012888968922197819
420,0.38134220242500305
421,0.42996156215667725
422,-0.002031973097473383
423,0.38589391112327576
424,0.3735031485557556
425,-0.02104746364057064
426,0.3743000030517578
427,0.37336626648902893
428,-0.011328750289976597
429,0.38433703780174255
430,0.3711421489715576
431,-0.0211951807141304
432,0.3629530072212219
433,0.335064560174942
434,-0.0001915988395921886
435,0.35200104117393494
436,0.34516456723213196
437,0.003225109074264765
438,0.36815547943115234
439,0.3605836033821106
440,-0.013678501360118389
441,0.32642248272895813
442,0.22929981350898743
443,0.02624044567346573
444,0.3311083912849426
445,0.2434615194797516
446,0.012753719463944435
447,0.3361639678478241
448,0.26028043031692505
449,0.0018630103440955281
450,0.37759190797805786
451,0.44715961813926697
452,0.0005805720575153828
453,0.3694556951522827
454,0.2589802145957947
455,-0.01372240949422121
456,0.3652529716491699
457,0.23139029741287231
458,-0.007555542979389429
459,0.36106422543525696
460,0.20637977123260498
461,-0.0006594732985831797
462,0.3394733667373657
463,0.3124755918979645
464,0.01563911698758602
465,0.32460159063339233
466,0.3278787136077881
467,0.028766117990016937
468,0.3700961768627167
469,0.3021354079246521
470,0.008205441758036613
471,0.32844582200050354
472,0.2964147627353668
473,0.02062758058309555
474,0.37471702694892883
475,0.31818464398384094
476,-0.007233053911477327
477,0.3723016679286957
478,0.3545673191547394
479,-0.029573388397693634
480,0.3185414671897888
481,0.33721211552619934
482,0.038383323699235916
483,0.32939112186431885
484,0.33496981859207153
485,0.0207443218678236
486,0.3386368155479431
487,0.3374062478542328
488,0.012247639708220959
489,0.35246849060058594
490,0.3326599895954132
491,0.006909633055329323
492,0.3623333275318146
493,0.325709730386734
494,0.004138926509767771
495,0.369720995426178
496,0.3186931014060974
497,0.0010171952890232205
498,0.3831227421760559
499,0.3010276257991791
500,-0.016872072592377663
501,0.32156407833099365
502,0.3611067533493042
503,0.035425689071416855
504,0.323123037815094
505,0.2964158058166504
506,0.025148911401629448
507,0.38941672444343567
508,0.36485326290130615
509,-0.03970910608768463
510,0.37080973386764526
511,0.33748459815979004
512,-0.007537241093814373
513,0.31556832790374756
514,0.31828513741493225
515,0.09056969732046127
516,0.3750087320804596
517,0.31134799122810364
518,-0.0007240894483402371
519,0.3683980405330658
520,0.36195024847984314
521,-0.005257999058812857
522,0.33279669284820557
523,0.3029158115386963
524,0.022734472528100014
525,0.37177473306655884
526,0.34771206974983215
527,-0.026221368461847305
528,0.3258165121078491
529,0.39474815130233765
530,0.09014443308115005
531,0.3699380159378052
532,0.2977827787399292
533,0.010635338723659515
534,0.3771574795246124
535,0.33961230516433716
536,-0.03463347256183624
537,0.3478555977344513
538,0.4500274360179901
539,0.03697598725557327
540,0.3502870202064514
541,0.463259756565094
542,0.050529126077890396
543,0.31762105226516724
544,0.3653651773929596
545,0.06531210243701935
546,0.33890148997306824
547,0.43438422679901123
548,0.04753086715936661
549,0.3154877722263336
550,0.2943907082080841
551,0.054464709013700485
552,0.37833258509635925
553,0.4894959628582001
554,0.010399940423667431
555,0.39128348231315613
556,0.36733365058898926
557,-0.02910618484020233
558,0.36533206701278687
559,0.3475787937641144
560,-0.00389311951585114
561,0.3184365928173065
562,0.31566017866134644
563,0.04176817834377289
564,0.3452533185482025
565,0.3063710629940033
566,0.012478803284466267
567,0.3519669771194458
568,0.3061557412147522
569,0.009845711290836334
570,0.3769598603248596
571,0.43397390842437744
572,-0.0005294395377859473
573,0.32606029510498047
574,0.3838813006877899
575,0.037380050867795944
576,0.39394253492355347
577,0.5071976184844971
578,0.01115469355136156
579,0.36987432837486267
580,0.4900779724121094
581,0.028469298034906387
582,0.3604968786239624
583,0.47876206040382385
584,0.03812207654118538
585,0.38649439811706543
586,0.22820881009101868
587,-0.011330283246934414
588,0.41191327571868896
589,0.5084059238433838
590,0.007224837318062782
591,0.3584524095058441
592,0.30430370569229126
593,0.008800733834505081
594,0.3643040060997009
595,0.30135199427604675
596,0.009348710998892784
597,0.3680625557899475
598,0.29934999346733093
599,0.01072103064507246
600,0.3189767897129059
601,0.29557228088378906
602,0.034138090908527374
603,0.36312538385391235
604,0.29240649938583374
605,0.008457173593342304
606,0.35643887519836426
607,0.2911860942840576
608,0.007453541271388531
609,0.34962010383605957
610,0.29161226749420166
611,0.0085501903668046
612,0.3429657518863678
613,0.29421040415763855
614,0.011150688864290714
615,0.3390287160873413
616,0.2974865436553955
617,0.014253649860620499
618,0.3135165274143219
619,0.2912229001522064
620,0.07772544026374817
621,0.3408195674419403
622,0.30540281534194946
623,0.015488239005208015
624,0.397258996963501
625,0.3812888264656067
626,-0.022360358387231827
627,0.37342312932014465
628,0.3921636641025543
629,-0.012116528116166592
630,0.37485063076019287
631,0.3635198175907135
632,-0.021817278116941452
633,0.3866032063961029
634,0.38458913564682007
635,-0.020535795018076897
636,0.3901709318161011
637,0.2843550443649292
638,-0.014729979448020458
639,0.35741186141967773
640,0.46528103947639465
641,0.02832176722586155
642,0.3673553466796875
643,0.4772375226020813
644,0.01984400860965252
645,0.39257705211639404
646,0.49773213267326355
647,0.001712931552901864
648,0.3421364426612854
649,0.44625192880630493
650,0.06600549072027206
651,0.36771029233932495
652,0.29536038637161255
653,0.009719706140458584
654,0.3787476718425751
655,0.3194260895252228
656,-0.019163204357028008
657,0.41046011447906494
658,0.4992023706436157
659,-0.0016812850954011083
660,0.38061612844467163
661,0.5002289414405823
662,0.018476633355021477
663,0.32266148924827576
664,0.3902885317802429
665,0.06331437826156616
666,0.3902961015701294
667,0.4306153953075409
668,-0.008669872768223286
669,0.38897421956062317
670,0.43458160758018494
671,-0.009875372983515263
672,0.3874492645263672
673,0.44060319662094116
674,-0.010826701298356056
675,0.38650989532470703
676,0.447437584400177
677,-0.009414469823241234
678,0.3853963613510132
679,0.45564717054367065
680,-0.002839150372892618
681,0.38111716508865356
682,0.4238131046295166
683,-0.0036174829583615065
684,0.3780413866043091
685,0.42326879501342773
686,-0.0033414338249713182
687,0.37525033950805664
688,0.42171382904052734
689,-0.0031102225184440613
690,0.3664582371711731
691,0.41358911991119385
692,-0.00045548126217909157
693,0.3358396589756012
694,0.38820934295654297
695,0.019909126684069633
696,0.37898170948028564
697,0.3087502419948578
698,-0.011452344246208668
699,0.3751002848148346
700,0.2896195650100708
701,0.003613170003518462
702,0.3707493841648102
703,0.2915642559528351
704,0.007582745514810085
705,0.38326090574264526
706,0.4217483401298523
707,-0.0029273813124746084
708,0.3393341302871704
709,0.4169872999191284
710,0.03211298584938049
711,0.3807608485221863
712,0.2880401611328125
713,-0.00779349310323596
714,0.382193386554718
715,0.46488311886787415
716,0.002229413017630577
717,0.3903224766254425
718,0.31941846013069153
719,-0.03557229042053223
720,0.3832727074623108
721,0.3122531771659851
722,-0.025267763063311577
723,0.3902953267097473
724,0.30837544798851013
725,-0.027915753424167633
726,0.3742457330226898
727,0.3381200432777405
728,-0.018885375931859016
729,0.4090495705604553
730,0.48630720376968384
731,-0.005556153133511543
732,0.40782806277275085
733,0.47249317169189453
734,-0.0050861164927482605
735,0.3946271538734436
736,0.4718133509159088
737,-0.0024821055121719837
738,0.36392319202423096
739,0.4426295757293701
740,0.009982898831367493
741,0.36412858963012695
742,0.3729100525379181
743,-0.002781287534162402
744,0.3721880614757538
745,0.45512691140174866
746,0.006360282190144062
747,0.3489982783794403
748,0.37490418553352356
749,0.0030817396473139524
750,0.3600195050239563
751,0.38659223914146423
752,-0.0008213118417188525
753,0.3462930917739868
754,0.3953489661216736
755,0.010149710811674595
756,0.39289146661758423
757,0.48503026366233826
758,-0.0020087810698896646
759,0.3707118332386017
760,0.3458850383758545
761,-0.012642468325793743
762,0.35818856954574585
763,0.4519641697406769
764,0.018629588186740875
765,0.36855658888816833
766,0.4648589491844177
767,0.013230377808213234
768,0.3573744297027588
769,0.42785483598709106
770,0.01133773010224104
771,0.3309495151042938
772,0.4033876657485962
773,0.03979584947228432
774,0.34868818521499634
775,0.42996639013290405
776,0.02051221951842308
777,0.3294530510902405
778,0.41327810287475586
779,0.05898027867078781
780,0.357729434967041
781,0.4044336974620819
782,0.0036186787765473127
783,0.3748543858528137
784,0.3282509446144104
785,-0.012900792993605137
786,0.3752618432044983
787,0.35885190963745117
788,-0.0316767655313015
789,0.3715497851371765
790,0.36333245038986206
791,-0.022503312677145004
792,0.37724044919013977
793,0.3506271243095398
794,-0.037983525544404984
795,0.3684236407279968
796,0.2817409336566925
797,0.0019409715896472335
798,0.3552950918674469
799,0.2778133749961853
800,0.0013999433722347021
801,0.34411144256591797
802,0.2782278060913086
803,0.0029349676333367825
804,0.3353630006313324
805,0.28143787384033203
806,0.007292791735380888
807,0.3300965130329132
808,0.2873082756996155
809,0.013139876537024975
810,0.32884615659713745
811,0.3074434995651245
812,0.026334816589951515
813,0.3147006928920746
814,0.34126925468444824
815,0.0645926222205162
816,0.33500903844833374
817,0.3220958113670349
818,0.019079992547631264
819,0.34257081151008606
820,0.3239479660987854
821,0.013146488927304745
822,0.35231494903564453
823,0.32194438576698303
824,0.00870483461767435
825,0.36151671409606934
826,0.3174140453338623
827,0.006601640488952398
828,0.3685759902000427
829,0.3120581805706024
830,0.005160841625183821
831,0.3733689486980438
832,0.30723628401756287
833,0.004352733958512545
834,0.31886026263237
835,0.34312504529953003
836,0.09572677314281464
837,0.37280023097991943
838,0.3668966591358185
839,-0.018547765910625458
840,0.378475546836853
841,0.3291495144367218
842,-0.025728454813361168
843,0.38022279739379883
844,0.3582691252231598
845,-0.03879505768418312
846,0.38582128286361694
847,0.36362189054489136
848,-0.03620278462767601
849,0.3809788227081299
850,0.3602709174156189
851,-0.034780699759721756
852,0.37597280740737915
853,0.37048622965812683
854,-0.016093086451292038
855,0.3870554566383362
856,0.3644522726535797
857,-0.038501568138599396
858,0.38871055841445923
859,0.3670106828212738
860,-0.028917811810970306
861,0.3726296126842499
862,0.2979690432548523
863,0.008808544836938381
864,0.3768921196460724
865,0.3003042936325073
866,0.002890214789658785
867,0.3787856698036194
868,0.30172011256217957
869,-0.003513228613883257
870,0.33681023120880127
871,0.29979896545410156
872,0.01726885512471199
873,0.3322979509830475
874,0.29626068472862244
875,0.01788364350795746
876,0.397865355014801
877,0.32041335105895996
878,-0.03356204554438591
879,0.45262980461120605
880,0.2881888747215271
881,0.006309884134680033
882,0.4022687077522278
883,0.3631114363670349
884,-0.030023127794265747
885,0.4810435473918915
886,0.2434546947479248
887,0.04296791926026344
888,0.42939695715904236
889,0.3004625141620636
890,-0.00026819136110134423
891,0.437684029340744
892,0.30056047439575195
893,-0.000552156416233629
894,0.44565528631210327
895,0.29921984672546387
896,0.0008412940660491586
897,0.4562138319015503
898,0.29201146960258484
899,0.006922855507582426
900,0.42224568128585815
901,0.2981233298778534
902,0.0012181481579318643
903,0.4381362199783325
904,0.27092716097831726
905,-0.003975099418312311
906,0.42920222878456116
907,0.2726585566997528
908,-0.002864522160962224
909,0.44665372371673584
910,0.2715263366699219
911,-0.002138537587597966
912,0.4526786804199219
913,0.27462512254714966
914,0.0007786459173075855
915,0.46320268511772156
916,0.2989562451839447
917,0.010057059116661549
918,0.4397869110107422
919,0.46941840648651123
920,0.0002249437675345689
921,0.45552441477775574
922,0.28519585728645325
923,0.008651470765471458
924,0.48861414194107056
925,0.29184985160827637
926,0.044371817260980606
927,0.472210556268692
928,0.29054251313209534
929,0.017712848260998726
930,0.43762364983558655
931,0.34656187891960144
932,-0.009197966195642948
933,0.4096062183380127
934,0.3983304798603058
935,-0.025138918310403824
936,0.4096481204032898
937,0.4121588468551636
938,-0.021694323047995567
939,0.4209825396537781
940,0.4014939069747925
941,-0.021563274785876274
942,0.4283132553100586
943,0.4068402647972107
944,-0.016331354156136513
945,0.41742756962776184
946,0.4124564826488495
947,-0.019428523257374763
948,0.4233871102333069
949,0.41388601064682007
950,-0.014368710108101368
951,0.44209372997283936
952,0.4278510808944702
953,-0.0034594833850860596
954,0.3991936147212982
955,0.35697704553604126
956,-0.04448520019650459
957,0.39931705594062805
958,0.34558582305908203
959,-0.0467984564602375
960,0.46428123116493225
961,0.2629453241825104
962,0.0021124680060893297
963,0.4192662537097931
964,0.3195086717605591
965,-0.008918785490095615
966,0.4212140440940857
967,0.3523455560207367
968,-0.025745736435055733
969,0.42183902859687805
970,0.34659460186958313
971,-0.02313760109245777
972,0.4621361494064331
973,0.3436448276042938
974,-0.0018484758911654353
975,0.398347407579422
976,0.33175185322761536
977,-0.041688062250614166
978,0.4427555501461029
979,0.25418201088905334
980,-0.010376748628914356
981,0.4551772475242615
982,0.2561432123184204
983,-0.005304045043885708
984,0.4704684019088745
985,0.22364486753940582
986,0.028265152126550674
987,0.4066706895828247
988,0.26835545897483826
989,-0.014117226004600525
990,0.4218422472476959
991,0.2769777178764343
992,0.00030802469700574875
993,0.44620171189308167
994,0.4142233431339264
995,-0.0025695282965898514
996,0.49089157581329346
997,0.4028509259223938
998,0.06407047063112259
999,0.415646493434906
1000,0.3594602644443512
1001,-0.022083070129156113
1002,0.4089162349700928
1003,0.36441314220428467
1004,-0.022564927116036415
1005,0.4371533989906311
1006,0.41752302646636963
1007,-0.003479607868939638
1008,0.4327220916748047
1009,0.41738203167915344
1010,-0.005335313268005848
1011,0.4592849612236023
1012,0.24832597374916077
1013,-0.0011005975538864732
1014,0.4223138391971588
1015,0.3580422103404999
1016,-0.02132590487599373
1017,0.42670026421546936
1018,0.2575491964817047
1019,-0.013387824408710003
1020,0.42738762497901917
1021,0.24787160754203796
1022,-0.014878741465508938
1023,0.43328577280044556
1024,0.20021820068359375
1025,0.0007528876303695142
1026,0.4643420875072479
1027,0.2352924346923828
1028,0.011671937070786953
1029,0.4292116165161133
1030,0.22281678020954132
1031,-0.007503794506192207
1032,0.4690937399864197
1033,0.2574908137321472
1034,0.00903723482042551
1035,0.4749044179916382
1036,0.25093644857406616
1037,0.02515339106321335
1038,0.409837543964386
1039,0.40605542063713074
1040,-0.02451780065894127
1041,0.41909027099609375
1042,0.4078986942768097
1043,-0.020987102761864662
1044,0.42589253187179565
1045,0.410496324300766
1046,-0.0160970538854599
1047,0.41377002000808716
1048,0.3622257113456726
1049,-0.020360061898827553
1050,0.43487992882728577
1051,0.41777321696281433
1052,-0.00459019560366869
1053,0.4324033856391907
1054,0.42252111434936523
1055,-0.008156640455126762
1056,0.43160006403923035
1057,0.41656237840652466
1058,-0.005536128766834736
1059,0.4099118411540985
1060,0.35542041063308716
1061,-0.033379968255758286
1062,0.4216640293598175
1063,0.41372036933898926
1064,-0.012942605651915073
1065,0.41593554615974426
1066,0.41380825638771057
1067,-0.016196398064494133
1068,0.4092070460319519
1069,0.41455426812171936
1070,-0.01833489164710045
1071,0.41830867528915405
1072,0.4584904909133911
1073,-0.0065051657147705555
1074,0.41642969846725464
1075,0.4486719071865082
1076,-0.0152771370485425
1077,0.4147467017173767
1078,0.44127345085144043
1079,-0.01698996126651764
1080,0.41292649507522583
1081,0.43363046646118164
1082,-0.015402925200760365
1083,0.4116934537887573
1084,0.4287000298500061
1085,-0.014074226841330528
1086,0.4242623746395111
1087,0.4230945110321045
1088,-0.009921628050506115
1089,0.4260198473930359
1090,0.42482298612594604
1091,-0.011198531836271286
1092,0.4288378655910492
1093,0.4280830919742584
1094,-0.012154541909694672
1095,0.43145501613616943
1096,0.4317522644996643
1097,-0.01084937248378992
1098,0.4338725507259369
1099,0.39137697219848633
1100,-0.013845976442098618
1101,0.49541327357292175
1102,0.34346988797187805
1103,0.07643037289381027
1104,0.4277253746986389
1105,0.4207855463027954
1106,-0.007193789817392826
1107,0.4298262596130371
1108,0.42144984006881714
1109,-0.008030383847653866
1110,0.4066928029060364
1111,0.3701786398887634
1112,-0.022793201729655266
1113,0.4203341603279114
1114,0.36618009209632874
1115,-0.014999921433627605
1116,0.4077197015285492
1117,0.3673766851425171
1118,-0.02291456051170826
1119,0.4285620152950287
1120,0.32531264424324036
1121,-0.007086073514074087
1122,0.4422507584095001
1123,0.3317146897315979
1124,-0.0061256554909050465
1125,0.42389971017837524
1126,0.35202863812446594
1127,-0.01873943954706192
1128,0.45519062876701355
1129,0.20863991975784302
1130,0.013012421317398548
1131,0.44985663890838623
1132,0.22523503005504608
1133,0.0011661372845992446
1134,0.44489914178848267
1135,0.24456167221069336
1136,-0.008571511134505272
1137,0.4365767240524292
1138,0.43847301602363586
1139,-0.005600465461611748
1140,0.40810543298721313
1141,0.25324559211730957
1142,-0.017247233539819717
1143,0.4089405834674835
1144,0.2245570719242096
1145,-0.011575712822377682
1146,0.41064539551734924
1147,0.19820642471313477
1148,-0.005336511880159378
1149,0.45247140526771545
1150,0.296489417552948
1151,0.0037999677006155252
1152,0.472516804933548
1153,0.3061225712299347
1154,0.013826428912580013
1155,0.4175628125667572
1156,0.29553836584091187
1157,0.0027799957897514105
1158,0.4621336758136749
1159,0.2774299383163452
1160,0.0070244367234408855
1161,0.41245245933532715
1162,0.3126329183578491
1163,-0.011375821195542812
1164,0.41495686769485474
1165,0.34816110134124756
1166,-0.03328939154744148
1167,0.4823017716407776
1168,0.3132500946521759
1169,0.021525710821151733
1170,0.46699029207229614
1171,0.3146032691001892
1172,0.0067254044115543365
1173,0.45632606744766235
1174,0.31979912519454956
1175,6.097389996284619e-05
1176,0.4404471516609192
1177,0.319599986076355
1178,-0.002463808748871088
1179,0.4286314845085144
1180,0.31594741344451904
1181,-0.0029704137705266476
1182,0.41950052976608276
1183,0.31147605180740356
1184,-0.004336831625550985
1185,0.3988795578479767
1186,0.29870080947875977
1187,-0.01865171268582344
1188,0.48229777812957764
1189,0.33781635761260986
1190,0.018713193014264107
1191,0.4688122868537903
1192,0.2753600478172302
1193,0.010288340039551258
1194,0.3976730704307556
1195,0.36353033781051636
1196,-0.04055093601346016
1197,0.4190007746219635
1198,0.33035627007484436
1199,-0.012374749407172203
1200,0.49250346422195435
1201,0.29202473163604736
1202,0.07123469561338425
1203,0.4123322665691376
1204,0.3059265911579132
1205,-0.004884097259491682
1206,0.425201416015625
1207,0.3532155156135559
1208,-0.010209299623966217
1209,0.45865845680236816
1210,0.2853426933288574
1211,0.009797855280339718
1212,0.4154011309146881
1213,0.3411595821380615
1214,-0.0300216693431139
1215,0.4951450526714325
1216,0.3718152344226837
1217,0.07249762862920761
1218,0.4175180196762085
1219,0.2913379371166229
1220,0.005081158597022295
1221,0.40682247281074524
1222,0.33519047498703003
1223,-0.03746560215950012
1224,0.47346803545951843
1225,0.43470484018325806
1226,0.02449043281376362
1227,0.476216584444046
1228,0.44876256585121155
1229,0.037964191287755966
1230,0.4926733672618866
1231,0.34053611755371094
1232,0.04714024439454079
1233,0.481536328792572
1234,0.41633331775665283
1235,0.03297694772481918
1236,0.48181769251823425
1237,0.26954251527786255
1238,0.03712187707424164
1239,0.4436470568180084
1240,0.4823194146156311
1241,0.004475442226976156
1242,0.3977782428264618
1243,0.3662548363208771
1244,-0.02963000349700451
1245,0.4272325038909912
1246,0.3381996154785156
1247,-0.009981844574213028
1248,0.4797098934650421
1249,0.2920977473258972
1250,0.025287741795182228
1251,0.4444207549095154
1252,0.29249703884124756
1253,0.002135345246642828
1254,0.4372271001338959
1255,0.2941654324531555
1256,0.0006352623458951712
1257,0.4350889325141907
1258,0.4240093231201172
1259,-0.007118602748960257
1260,0.48238635063171387
1261,0.36177027225494385
1262,0.02106390707194805
1263,0.4302999675273895
1264,0.5033650994300842
1265,0.007727995049208403
1266,0.4558030366897583
1267,0.4809754490852356
1268,0.020269611850380898
1269,0.4657669961452484
1270,0.46731752157211304
1271,0.027937164530158043
1272,0.43028295040130615
1273,0.2941966950893402
1274,0.0009154010331258178
1275,0.423738032579422
1276,0.29292160272598267
1277,0.0025574788451194763
1278,0.41962966322898865
1279,0.292251855134964
1280,0.004605854395776987
1281,0.4747682809829712
1282,0.2726367115974426
1283,0.01814110577106476
1284,0.42393651604652405
1285,0.28413400053977966
1286,0.0014529696200042963
1287,0.43074870109558105
1288,0.28105682134628296
1289,-0.0006726668798364699
1290,0.4376836121082306
1291,0.279715895652771
1292,-0.0009134091669693589
1293,0.44496631622314453
1294,0.2803833782672882
1295,0.0004475793684832752
1296,0.4498574137687683
1297,0.2823256850242615
1298,0.0028679422102868557
1299,0.48788827657699585
1300,0.26481249928474426
1301,0.05895024538040161
1302,0.4492485225200653
1303,0.2903628349304199
1304,0.004266079515218735
1305,0.4258994460105896
1306,0.3840119242668152
1307,-0.017166458070278168
1308,0.4154008626937866
1309,0.35726940631866455
1310,-0.02505301684141159
1311,0.40908724069595337
1312,0.3810584843158722
1313,-0.022707948461174965
1314,0.46466612815856934
1315,0.45267343521118164
1316,0.01822405308485031
1317,0.45489633083343506
1318,0.4675232172012329
1319,0.011870569549500942
1320,0.4286932647228241
1321,0.493775337934494
1322,-0.0016049562254920602
1323,0.4839932322502136
1324,0.42888063192367554
1325,0.05113830417394638
1326,0.419365793466568
1327,0.2883981466293335
1328,0.0035195753443986177
1329,0.40557554364204407
1330,0.31555604934692383
1331,-0.021874481812119484
1332,0.4442552924156189
1333,0.4935111999511719
1334,0.012370569631457329
1335,0.4919227659702301
1336,0.36701536178588867
1337,0.045880161225795746
1338,0.41858506202697754
1339,0.42583686113357544
1340,-0.012424091808497906
1341,0.4204510748386383
1342,0.42933812737464905
1343,-0.013683869503438473
1344,0.42292124032974243
1345,0.43477320671081543
1346,-0.014863238669931889
1347,0.4252486228942871
1348,0.44127312302589417
1349,-0.013564620167016983
1350,0.42901715636253357
1351,0.4493744671344757
1352,-0.007447839714586735
1353,0.42870742082595825
1354,0.41527071595191956
1355,-0.009930294938385487
1356,0.4314073324203491
1357,0.4138644337654114
1358,-0.010226228274405003
1359,0.43389421701431274
1360,0.41151660680770874
1361,-0.01022633258253336
1362,0.44091886281967163
1363,0.40169277787208557
1364,-0.008672787807881832
1365,0.4703935384750366
1366,0.36888760328292847
1367,0.005886617582291365
1368,0.4054986834526062
1369,0.30489516258239746
1370,-0.014454440213739872
1371,0.40962284803390503
1372,0.2848532497882843
1373,3.770609964703908e-06
1374,0.41521239280700684
1375,0.2853890657424927
1376,0.0024365319404751062
1377,0.42663484811782837
1378,0.41393908858299255
1379,-0.008924364112317562
1380,0.4748145341873169
1381,0.3986557424068451
1382,0.01813700422644615
1383,0.4014861285686493
1384,0.285127192735672
1385,-0.009942338801920414
1386,0.43452659249305725
1387,0.45816200971603394
1388,-0.002751212799921632
1389,0.3985143005847931
1390,0.31003469228744507
1391,-0.02673383057117462
1392,0.4129779040813446
1393,0.33237916231155396
1394,-0.022398214787244797
1395,0.42170509696006775
1396,0.46845096349716187
1397,-0.004964134655892849
1398,0.4509439468383789
1399,0.43056052923202515
1400,0.0014579601120203733
1401,0.4328843653202057
1402,0.3624498248100281
1403,-0.009218329563736916
1404,0.4442600607872009
1405,0.4455742835998535
1406,-0.0003979009052272886
1407,0.4509737491607666
1408,0.359807550907135
1409,-0.007171074394136667
1410,0.4410579204559326
1411,0.37446948885917664
1412,-0.008856302127242088
1413,0.4593636989593506
1414,0.3790523409843445
1415,-0.001455178833566606
1416,0.4256294071674347
1417,0.4811795949935913
1418,-0.005140680354088545
1419,0.41920551657676697
1420,0.33860790729522705
1421,-0.017054026946425438
1422,0.4596707224845886
1423,0.4390079975128174
1424,0.008894509635865688
1425,0.45042258501052856
1426,0.45499488711357117
1427,0.00576039357110858
1428,0.45498931407928467
1429,0.4136570990085602
1430,0.0009366336744278669
1431,0.4818742275238037
1432,0.3827257454395294
1433,0.024259375408291817
1434,0.4659271836280823
1435,0.41420403122901917
1436,0.008591979742050171
1437,0.4888460040092468
1438,0.39212751388549805
1439,0.042464081197977066
1440,0.4485089182853699
1441,0.39070558547973633
1442,-0.006088122725486755
1443,0.412185400724411
1444,0.32275593280792236
1445,-0.016721991822123528
1446,0.41233858466148376
1447,0.3532235324382782
1448,-0.035074032843112946
1449,0.41882768273353577
1450,0.35618287324905396
1451,-0.026496190577745438
1452,0.4073423445224762
1453,0.346161812543869
1454,-0.040871456265449524
1455,0.4151695668697357
1456,0.2751532196998596
1457,-0.0030273126903921366
1458,0.42803922295570374
1459,0.26746460795402527
1460,-0.005752586759626865
1461,0.4397928714752197
1462,0.2646512985229492
1463,-0.006515774875879288
1464,0.45001909136772156
1465,0.26515933871269226
1466,-0.004177045542746782
1467,0.45764490962028503
1468,0.26919233798980713
1469,0.00044195112423039973
1470,0.46453437209129333
1471,0.2880565822124481
1472,0.01247008889913559
1473,0.4918057918548584
1474,0.3156698942184448
1475,0.04593605548143387
1476,0.45897313952445984
1477,0.304093599319458
1478,0.0063018277287483215
1479,0.4504318833351135
1480,0.3081727623939514
1481,0.0019477467285469174
1482,0.43947187066078186
1483,0.30930396914482117
1484,-0.0005275998846627772
1485,0.42886659502983093
1486,0.30760884284973145
1487,-0.0006711762980557978
1488,0.4204851984977722
1489,0.30458253622055054
1490,-0.0003707550058607012
1491,0.41450461745262146
1492,0.3013468384742737
1493,-0.00016867068188730627
1494,0.4941703677177429
1495,0.3176824450492859
1496,0.0764617845416069
1497,0.4191071689128876
1498,0.35975563526153564
1499,-0.022416945546865463
1500,0.405484139919281
1501,0.3251505494117737
1502,-0.02850622870028019
1503,0.4055565595626831
1504,0.35445359349250793
1505,-0.04097016155719757
1506,0.40209195017814636
1507,0.3610699772834778
1508,-0.037411294877529144
1509,0.40622907876968384
1510,0.3563925325870514
1511,-0.037024613469839096
1512,0.4172358214855194
1513,0.364104688167572
1514,-0.019389385357499123
1515,0.40034931898117065
1516,0.3623450994491577
1517,-0.039484601467847824
1518,0.40049031376838684
1519,0.3651047646999359
1520,-0.02979985997080803
1521,0.41427597403526306
1522,0.2922821342945099
1523,0.0040426659397780895
1524,0.40946313738822937
1525,0.29573026299476624
1526,-0.0005738817271776497
1527,0.40650466084480286
1528,0.297724187374115
1529,-0.0064685167744755745
1530,0.45290622115135193
1531,0.2839522063732147
1532,0.005336936097592115
1533,0.45740050077438354
1534,0.27863842248916626
1535,0.005238331854343414
1536,0.7270620465278625
1537,0.7206493020057678
1538,-5.32134038166987e-07
1539,0.6691207885742188
1540,0.6643952131271362
1541,0.01663234457373619
1542,0.6335201859474182
1543,0.5965588688850403
1544,0.018740180879831314
1545,0.6072834730148315
1546,0.5559695363044739
1547,0.010053135454654694
1548,0.597516655921936
1549,0.5210660696029663
1550,0.0025950369890779257
1551,0.693712592124939
1552,0.51542729139328
1553,0.03950049728155136
1554,0.6636097431182861
1555,0.4477490186691284
1556,0.0227663516998291
1557,0.6241242289543152
1558,0.4612847566604614
1559,0.006161781959235668
1560,0.6033360958099365
1561,0.4903263449668884
1562,-0.0032350230030715466
1563,0.7080669403076172
1564,0.5144385099411011
1565,0.01757802814245224
1566,0.6663721203804016
1567,0.4377134144306183
1568,0.000661099620629102
1569,0.6186618208885193
1570,0.4625169038772583
1571,-0.014148326590657234
1572,0.5994287729263306
1573,0.4998134970664978
1574,-0.021291105076670647
1575,0.7167162895202637
1576,0.5220193266868591
1577,-0.007632604334503412
1578,0.6768093705177307
1579,0.444735586643219
1580,-0.021414058282971382
1581,0.6271736025810242
1582,0.4659813642501831
1583,-0.02827676385641098
1584,0.6051665544509888
1585,0.503057599067688
1586,-0.030143922194838524
1587,0.715867280960083
1588,0.5370198488235474
1589,-0.032765619456768036
1590,0.6821380853652954
1591,0.47221639752388
1592,-0.04043936729431152
1593,0.6439074277877808
1594,0.47805431485176086
1595,-0.041010722517967224
1596,0.6217362880706787
1597,0.5064451098442078
1598,-0.03982223570346832
1599,0.0
1600,0.0
1601,0.0
1602,0.0
1603,0.0
1604,0.0
1605,0.0
1606,0.0
1607,0.0
1608,0.0
1609,0.0
1610,0.0
1611,0.0
1612,0.0
1613,0.0
1614,0.0
1615,0.0
1616,0.0
1617,0.0
1618,0.0
1619,0.0
1620,0.0
1621,0.0
1622,0.0
1623,0.0
1624,0.0
1625,0.0
1626,0.0
1627,0.0
1628,0.0
1629,0.0
1630,0.0
1631,0.0
1632,0.0
1633,0.0
1634,0.0
1635,0.0
1636,0.0
1637,0.0
1638,0.0
1639,0.0
1640,0.0
1641,0.0
1642,0.0
1643,0.0
1644,0.0
1645,0.0
1646,0.0
1647,0.0
1648,0.0
1649,0.0
1650,0.0
1651,0.0
1652,0.0
1653,0.0
1654,0.0
1655,0.0
1656,0.0
1657,0.0
1658,0.0
1659,0.0
1660,0.0
1661,0.0
