,0
0,0.42083868384361267
1,0.334078848361969
2,-0.7425649166107178
3,0.9999901056289673
4,0.44837427139282227
5,0.2782910168170929
6,-0.6931239366531372
7,0.9999785423278809
8,0.46618515253067017
9,0.27934059500694275
10,-0.6928130984306335
11,0.999977171421051
12,0.4792681634426117
13,0.2815413177013397
14,-0.692588746547699
15,0.9999774098396301
16,0.39353474974632263
17,0.2809772491455078
18,-0.6709724068641663
19,0.9999793171882629
20,0.3756847083568573
21,0.28457406163215637
22,-0.6701805591583252
23,0.9999785423278809
24,0.35960084199905396
25,0.2879561185836792
26,-0.6700315475463867
27,0.9999804496765137
28,0.49916529655456543
29,0.31844913959503174
30,-0.3582308292388916
31,0.9999767541885376
32,0.34471338987350464
33,0.3228643834590912
34,-0.2369178980588913
35,0.9999793767929077
36,0.45925989747047424
37,0.40202364325523376
38,-0.6262811422348022
39,0.9999857544898987
40,0.3871687650680542
41,0.40347710251808167
42,-0.5917688012123108
43,0.9999831914901733
44,0.640357255935669
45,0.6878740191459656
46,-0.22201070189476013
47,0.9996348023414612
48,0.22942383587360382
49,0.6748827695846558
50,-0.10993534326553345
51,0.9997752904891968
52,0.7066343426704407
53,1.037925124168396
54,-0.2922661602497101
55,0.44100072979927063
56,0.09054648876190186
57,1.0558220148086548
58,-0.5629197955131531
59,0.8433356881141663
60,0.7265432476997375
61,1.4529246091842651
62,-0.5549870729446411
63,0.3471589982509613
64,0.08840334415435791
65,0.7156391143798828
66,-1.4832756519317627
67,0.8886874318122864
68,0.7462328672409058
69,1.553935170173645
70,-0.648511528968811
71,0.4653780162334442
72,0.09023870527744293
73,0.5889305472373962
74,-1.6723930835723877
75,0.8852502703666687
76,0.6968737840652466
77,1.5283364057540894
78,-0.6775223016738892
79,0.5835461616516113
80,0.11160454899072647
81,0.5444644689559937
82,-1.6288700103759766
83,0.891223669052124
84,0.6758779883384705
85,1.4943757057189941
86,-0.5848003625869751
87,0.597625732421875
88,0.12524044513702393
89,0.5980517268180847
90,-1.5014575719833374
91,0.8902851939201355
92,0.5735505223274231
93,1.4537113904953003
94,-0.07559828460216522
95,0.0009016492986120284
96,0.27890339493751526
97,1.4582257270812988
98,0.08095733076334
99,0.001108206226490438
100,0.5622300505638123
101,2.1103861331939697
102,-0.08458854258060455
103,0.00015333601913880557
104,0.2933136224746704
105,2.1214489936828613
106,0.13826623558998108
107,9.949081140803173e-05
108,0.5529849529266357
109,2.689051389694214
110,0.547488808631897
111,2.2550377252628095e-05
112,0.3006332516670227
113,2.6902811527252197
114,0.5861662030220032
115,3.2879725040402263e-06
116,0.5637850165367126
117,2.767519950866699
118,0.5722396373748779
119,1.533428621769417e-05
120,0.2975132167339325
121,2.7647249698638916
122,0.6190091967582703
123,5.973436145723099e-06
124,0.5038905143737793
125,2.8603224754333496
126,-0.013216575607657433
127,1.8554892449174076e-05
128,0.32171836495399475
129,2.876904010772705
130,-0.02207908220589161
131,1.0524404387979303e-05
132,0.4233458638191223
133,0.403181254863739
134,-0.022646572440862656
135,0.41988348960876465
136,0.36061254143714905
137,-0.04428649693727493
138,0.42097315192222595
139,0.3730234205722809
140,-0.022806545719504356
141,0.4106510579586029
142,0.32236626744270325
143,-0.034103069454431534
144,0.41911616921424866
145,0.34833741188049316
146,-0.04731462895870209
147,0.4182637333869934
148,0.3325846195220947
149,-0.04441622272133827
150,0.4164080023765564
151,0.29549697041511536
152,-0.023588137701153755
153,0.3591097295284271
154,0.2984728515148163
155,0.009772052988409996
156,0.41521286964416504
157,0.270612508058548
158,-0.019457558169960976
159,0.41454970836639404
160,0.2556137144565582
161,-0.02173195406794548
162,0.4119868874549866
163,0.19672077894210815
164,-0.013852234929800034
165,0.4238101840019226
166,0.40955084562301636
167,-0.02147863805294037
168,0.42413970828056335
169,0.4144764244556427
170,-0.01861526630818844
171,0.4243421256542206
172,0.4165121912956238
173,-0.01479868683964014
174,0.4249502718448639
175,0.42484912276268005
176,-0.012643180787563324
177,0.4253178834915161
178,0.4309026002883911
179,-0.013808559626340866
180,0.4257339537143707
181,0.43836408853530884
182,-0.015116943046450615
183,0.4262077510356903
184,0.4461236000061035
185,-0.013135416433215141
186,0.42683303356170654
187,0.45717471837997437
188,-0.004054241813719273
189,0.420326292514801
190,0.3667350113391876
191,-0.039976052939891815
192,0.41241297125816345
193,0.3665500283241272
194,-0.028474783524870872
195,0.3310489058494568
196,0.25945279002189636
197,0.04675647243857384
198,0.3827936053276062
199,0.3061869740486145
200,0.0016074544982984662
201,0.37498193979263306
202,0.30808115005493164
203,0.002132323570549488
204,0.3673268258571625
205,0.30848008394241333
206,0.00431881844997406
207,0.3565729558467865
208,0.3031136989593506
209,0.011058607138693333
210,0.38913217186927795
211,0.30239954590797424
212,0.0021965629421174526
213,0.37025704979896545
214,0.2800123989582062
215,-0.002367802197113633
216,0.3788818120956421
217,0.2798120975494385
218,-0.002343168016523123
219,0.3624364733695984
220,0.2822462022304535
221,0.00032448896672576666
222,0.3573916554450989
223,0.28624650835990906
224,0.0038321767933666706
225,0.3512294888496399
226,0.3118014633655548
227,0.015330073423683643
228,0.3965286910533905
229,0.47470179200172424
230,0.006635877303779125
231,0.3560537099838257
232,0.29587504267692566
233,0.012281895615160465
234,0.32961294054985046
235,0.3096156716346741
236,0.05173993483185768
237,0.34218624234199524
238,0.30540773272514343
239,0.023263130336999893
240,0.3794059157371521
241,0.3555629253387451
242,-0.004591493867337704
243,0.41275671124458313
244,0.4021008014678955
245,-0.021484237164258957
246,0.41534438729286194
247,0.41523221135139465
248,-0.017293844372034073
249,0.4026123881340027
250,0.40698057413101196
251,-0.01643195003271103
252,0.39681580662727356
253,0.41294699907302856
254,-0.00983303040266037
255,0.4080060124397278
256,0.4166926145553589
257,-0.01379220001399517
258,0.4026460647583008
259,0.4186877906322479
260,-0.007768816780298948
261,0.3881010115146637
262,0.4340151846408844
263,0.004660077393054962
264,0.41282951831817627
265,0.36088061332702637
266,-0.04359233006834984
267,0.4109816551208496
268,0.3493279218673706
269,-0.04640202596783638
270,0.3445170521736145
271,0.2760809659957886
272,0.005269296001642942
273,0.39351123571395874
274,0.3241427540779114
275,-0.007200043182820082
276,0.39292287826538086
277,0.3594058156013489
278,-0.022962840273976326
279,0.39201563596725464
280,0.3533308207988739
281,-0.02044619806110859
282,0.3567177355289459
283,0.35703614354133606
284,0.005815369542688131
285,0.41071921586990356
286,0.3346009850502014
287,-0.041720133274793625
288,0.3624519407749176
289,0.26299986243247986
290,-0.00971889030188322
291,0.35145896673202515
292,0.2675026059150696
293,-0.003237204859033227
294,0.33676809072494507
295,0.23793134093284607
296,0.02981635369360447
297,0.3983970880508423
298,0.26992112398147583
299,-0.016711996868252754
300,0.3865649700164795
301,0.28230464458465576
302,0.00025233443011529744
303,0.38160064816474915
304,0.4220163822174072
305,0.005990755278617144
306,0.3445776402950287
307,0.4186062216758728
308,0.0774926021695137
309,0.39950501918792725
310,0.3652435541152954
311,-0.019494375213980675
312,0.40688326954841614
313,0.3686921000480652
314,-0.020510999485850334
315,0.39046424627304077
316,0.4228934049606323
317,0.004925773479044437
318,0.3946293890476227
319,0.42190632224082947
320,0.002540016546845436
321,0.34676945209503174
322,0.2601732909679413
323,0.0006917960126884282
324,0.39311540126800537
325,0.3647816479206085
326,-0.01818821206688881
327,0.3778924345970154
328,0.26315659284591675
329,-0.01441019307821989
330,0.3758637607097626
331,0.2535592317581177
332,-0.016514914110302925
333,0.36609113216400146
334,0.20714996755123138
335,-0.002821153961122036
336,0.34198033809661865
337,0.2483433187007904
338,0.013203474693000317
339,0.3717426061630249
340,0.22890159487724304
341,-0.010122708976268768
342,0.33997923135757446
343,0.27151042222976685
344,0.012283584102988243
345,0.33558857440948486
346,0.2658216655254364
347,0.02861175872385502
348,0.41401031613349915
349,0.4097250699996948
350,-0.020355723798274994
351,0.4056456387042999
352,0.4128299951553345
353,-0.0154853705316782
354,0.3997633457183838
355,0.41601529717445374
356,-0.009472522884607315
357,0.4018729627132416
358,0.3673381805419922
359,-0.017965832725167274
360,0.39255791902542114
361,0.42267274856567383
362,0.003561386140063405
363,0.39596623182296753
364,0.42586782574653625
365,-0.0010513243032619357
366,0.3956313133239746
367,0.42088747024536133
368,0.0022586386185139418
369,0.4036060571670532
370,0.3608081638813019
371,-0.03138072043657303
372,0.40446245670318604
373,0.4179099202156067
374,-0.006447795312851667
375,0.40993237495422363
376,0.4172740578651428
377,-0.010490091517567635
378,0.41661596298217773
379,0.4169168174266815
380,-0.01372688077390194
381,0.4152940511703491
382,0.45702800154685974
383,-0.0036532192025333643
384,0.4152080714702606
385,0.44558292627334595
386,-0.012522006407380104
387,0.41551631689071655
388,0.4376910626888275
389,-0.01415481511503458
390,0.41595977544784546
391,0.4299616813659668
392,-0.012730306945741177
393,0.41657957434654236
394,0.42500266432762146
395,-0.011532662436366081
396,0.4036499261856079
397,0.42372584342956543
398,-0.004736093804240227
399,0.40225690603256226
400,0.4258154034614563
401,-0.005945701617747545
402,0.4002127945423126
403,0.4296702742576599
404,-0.006740821059793234
405,0.3985278904438019
406,0.4340432286262512
407,-0.005013349466025829
408,0.3887374699115753
409,0.398877888917923
410,-0.007486321032047272
411,0.33338743448257446
412,0.36140692234039307
413,0.08763004094362259
414,0.42060282826423645
415,0.369087278842926
416,-0.028811443597078323
417,0.40001440048217773
418,0.4229903221130371
419,-0.00048410415183752775
420,0.3981303870677948
421,0.42401832342147827
422,-0.0012188148684799671
423,0.4101681709289551
424,0.3740208148956299
425,-0.020567242056131363
426,0.39680635929107666
427,0.37208303809165955
428,-0.011947574093937874
429,0.40858402848243713
430,0.3714666962623596
431,-0.020818470045924187
432,0.3856673836708069
433,0.3318694531917572
434,-0.003885451005771756
435,0.3736291825771332
436,0.3412197232246399
437,-0.0011865122942253947
438,0.39117106795310974
439,0.3588854670524597
440,-0.01558355800807476
441,0.3476674556732178
442,0.220131054520607
443,0.012305873446166515
444,0.35330989956855774
445,0.23554247617721558
446,0.0007619268144480884
447,0.3591485917568207
448,0.2536768913269043
449,-0.00837655644863844
450,0.3950931131839752
451,0.4426499903202057
452,0.0012667751871049404
453,0.3949749767780304
454,0.2549951374530792
455,-0.020610589534044266
456,0.39109039306640625
457,0.2263156622648239
458,-0.016411881893873215
459,0.3869137167930603
460,0.20005010068416595
461,-0.011488175019621849
462,0.36060893535614014
463,0.3070593476295471
464,0.007838725112378597
465,0.34364330768585205
466,0.32122570276260376
467,0.02027605101466179
468,0.3930777907371521
469,0.2988021969795227
470,0.003186078043654561
471,0.3491128087043762
472,0.2902427613735199
473,0.010962514206767082
474,0.39881598949432373
475,0.3159397542476654
476,-0.010555868037045002
477,0.3977244198322296
478,0.35442307591438293
479,-0.031292788684368134
480,0.3362812101840973
481,0.3302610218524933
482,0.02960314229130745
483,0.34933000802993774
484,0.32868561148643494
485,0.013217370957136154
486,0.35960179567337036
487,0.331932932138443
488,0.005891913082450628
489,0.37437689304351807
490,0.3283616304397583
491,0.0018182244384661317
492,0.38500475883483887
493,0.3221626877784729
494,-0.00024237341131083667
495,0.3929368555545807
496,0.3156634271144867
497,-0.0028212587349116802
498,0.40872102975845337
499,0.2993660867214203
500,-0.020208505913615227
501,0.3388949930667877
502,0.3546518385410309
503,0.02810932882130146
504,0.3429008424282074
505,0.289523184299469
506,0.014691614545881748
507,0.41604316234588623
508,0.366696298122406
509,-0.03942955657839775
510,0.3943977952003479
511,0.33541184663772583
512,-0.010242060758173466
513,0.32877954840660095
514,0.30966198444366455
515,0.0792630985379219
516,0.39873006939888
517,0.3087075352668762
518,-0.004429479129612446
519,0.3907652199268341
520,0.35985642671585083
521,-0.006978503428399563
522,0.3535991609096527
523,0.29706186056137085
524,0.013833893463015556
525,0.39694586396217346
526,0.347034752368927
527,-0.028236040845513344
528,0.33722925186157227
529,0.38927507400512695
530,0.08473938703536987
531,0.3926701247692108
532,0.29445573687553406
533,0.005208450835198164
534,0.4036273956298828
535,0.33961236476898193
536,-0.03655800223350525
537,0.3616012632846832
538,0.4466012120246887
539,0.03569641709327698
540,0.36308392882347107
541,0.46009373664855957
542,0.05032184720039368
543,0.33232948184013367
544,0.3588736951351166
545,0.05767253413796425
546,0.3517584800720215
547,0.43032845854759216
548,0.04502400755882263
549,0.33250558376312256
550,0.2858867645263672
551,0.04238998144865036
552,0.39531612396240234
553,0.487827867269516
554,0.011718717403709888
555,0.4172057807445526
556,0.3689577877521515
557,-0.028250455856323242
558,0.3879132866859436
559,0.34499555826187134
560,-0.0067562744952738285
561,0.33610057830810547
562,0.3084118366241455
563,0.03161656856536865
564,0.36732426285743713
565,0.3012377917766571
566,0.0050145420245826244
567,0.3743758499622345
568,0.3013896346092224
569,0.002959790173918009
570,0.3937775492668152
571,0.42812541127204895
572,0.0004315837868489325
573,0.3420712649822235
574,0.37835270166397095
575,0.031778812408447266
576,0.4112575650215149
577,0.5051197409629822
578,0.01438122522085905
579,0.38555967807769775
580,0.48798879981040955
581,0.029833149164915085
582,0.37493062019348145
583,0.47635728120803833
584,0.03882552310824394
585,0.4132694900035858
586,0.2248225212097168
587,-0.018273083493113518
588,0.42929160594940186
589,0.5064243078231812
590,0.012074973434209824
591,0.3810489773750305
592,0.29992201924324036
593,0.002534792060032487
594,0.38709312677383423
595,0.2973492443561554
596,0.0035239013377577066
597,0.39086973667144775
598,0.29575416445732117
599,0.005110083147883415
600,0.33769792318344116
601,0.2879665791988373
602,0.022908279672265053
603,0.3855482339859009
604,0.28827911615371704
605,0.002056671306490898
606,0.37860971689224243
607,0.28643766045570374
608,0.0003945862699765712
609,0.37172186374664307
610,0.2864806652069092
611,0.0008486114093102515
612,0.3647996187210083
613,0.28875282406806946
614,0.0029182485304772854
615,0.3605148494243622
616,0.29188382625579834
617,0.005808543413877487
618,0.32858532667160034
619,0.2818504571914673
620,0.06476757675409317
621,0.3624819815158844
622,0.2999972701072693
623,0.007534803356975317
624,0.42175400257110596
625,0.38268715143203735
626,-0.020664071664214134
627,0.39478349685668945
628,0.3905169367790222
629,-0.012173876166343689
630,0.39913409948349
631,0.3632909655570984
632,-0.02286725491285324
633,0.4102219343185425
634,0.3849494755268097
635,-0.01985403336584568
636,0.41579926013946533
637,0.2826867699623108
638,-0.018143555149435997
639,0.37239736318588257
640,0.46262264251708984
641,0.02827371284365654
642,0.3832857608795166
643,0.47526782751083374
644,0.020521558821201324
645,0.4104430377483368
646,0.49613749980926514
647,0.0040702736005187035
648,0.3536573648452759
649,0.4422736167907715
650,0.06459669768810272
651,0.3904019296169281
652,0.29176461696624756
653,0.00384159735403955
654,0.40419599413871765
655,0.31822341680526733
656,-0.021920420229434967
657,0.4288140833377838
658,0.4976012110710144
659,0.0021832045167684555
660,0.39730262756347656
661,0.4982498288154602
662,0.02047087252140045
663,0.3365175127983093
664,0.38467511534690857
665,0.05750906467437744
666,0.4094400703907013
667,0.42437368631362915
668,-0.00845346413552761
669,0.4081501364707947
670,0.4281437397003174
671,-0.009786018170416355
672,0.40677738189697266
673,0.4340169131755829
674,-0.010675200261175632
675,0.40574708580970764
676,0.4411115050315857
677,-0.009068779647350311
678,0.40379762649536133
679,0.4510577917098999
680,-0.0021936919074505568
681,0.39793428778648376
682,0.42013129591941833
683,-0.0024245777167379856
684,0.39514029026031494
685,0.4193301796913147
686,-0.002426241058856249
687,0.3924930691719055
688,0.4176265299320221
689,-0.0025603906251490116
690,0.3839120864868164
691,0.40962323546409607
692,-0.0009337925584986806
693,0.35272476077079773
694,0.38342568278312683
695,0.01544343214482069
696,0.40386709570884705
697,0.306857705116272
698,-0.014761049300432205
699,0.3988344073295593
700,0.2867388427257538
701,-0.0011805243557319045
702,0.39384913444519043
703,0.28864380717277527
704,0.001985308714210987
705,0.39986714720726013
706,0.41832780838012695
707,-0.0015311561292037368
708,0.3537915349006653
709,0.41274815797805786
710,0.028928929939866066
711,0.4056013822555542
712,0.2856824994087219
713,-0.01211305521428585
714,0.39997637271881104
715,0.4620385766029358
716,0.002893957309424877
717,0.41761064529418945
718,0.3197368085384369
719,-0.037044622004032135
720,0.40953880548477173
721,0.3113694190979004
722,-0.027959324419498444
723,0.41703519225120544
724,0.3079514801502228
725,-0.030002538114786148
726,0.39913320541381836
727,0.33704638481140137
728,-0.02114061638712883
729,0.42813023924827576
730,0.4846120774745941
731,-0.002716654911637306
732,0.42738649249076843
733,0.4696168303489685
734,-0.0031550803687423468
735,0.41331037878990173
736,0.46897292137145996
737,-0.0014591797953471541
738,0.38053613901138306
739,0.4386998116970062
740,0.00989552866667509
741,0.385425865650177
742,0.3704972267150879
743,-0.004679596517235041
744,0.38936594128608704
745,0.45199477672576904
746,0.00690035056322813
747,0.36853617429733276
748,0.3711569607257843
749,-0.0005474431090988219
750,0.3796922266483307
751,0.38368386030197144
752,-0.0025742670986801386
753,0.3635701537132263
754,0.391326904296875
755,0.006800156552344561
756,0.4111698269844055
757,0.48334378004074097
758,-0.000489421421661973
759,0.39449530839920044
760,0.3442162275314331
761,-0.014879994094371796
762,0.3740919530391693
763,0.4487031102180481
764,0.018218355253338814
765,0.38517963886260986
766,0.46247178316116333
767,0.013606537133455276
768,0.3736342787742615
769,0.42343562841415405
770,0.010105650871992111
771,0.34562110900878906
772,0.39859068393707275
773,0.035550087690353394
774,0.36400091648101807
775,0.4258841276168823
776,0.01856021024286747
777,0.3424113690853119
778,0.40847286581993103
779,0.05487971752882004
780,0.3750884532928467
781,0.4005248546600342
782,0.001789658679626882
783,0.39938193559646606
784,0.32664164900779724
785,-0.01563498191535473
786,0.40076807141304016
787,0.3592180907726288
788,-0.03310208022594452
789,0.39565566182136536
790,0.3628278374671936
791,-0.023888831958174706
792,0.4039596915245056
793,0.3512936532497406
794,-0.03930533304810524
795,0.39218655228614807
796,0.27867141366004944
797,-0.0040303501300513744
798,0.37887808680534363
799,0.27403178811073303
800,-0.005947038531303406
801,0.3673025965690613
802,0.2736864387989044
803,-0.005408251658082008
804,0.35789766907691956
805,0.27612167596817017
806,-0.001847945968620479
807,0.35172465443611145
808,0.2814016342163086
809,0.0035135813523083925
810,0.34876805543899536
811,0.3011074662208557
812,0.01720276102423668
813,0.32980310916900635
814,0.3340037763118744
815,0.05517393350601196
816,0.35568422079086304
817,0.316233366727829
818,0.011393144726753235
819,0.3639657199382782
820,0.3187635838985443
821,0.006415217649191618
822,0.37436893582344055
823,0.3174954354763031
824,0.0030104327015578747
825,0.38411346077919006
826,0.31359368562698364
827,0.0015576841542497277
828,0.39158105850219727
829,0.308726042509079
830,0.0008150977082550526
831,0.3966349959373474
832,0.3042338490486145
833,0.00021717429626733065
834,0.33109673857688904
835,0.3355097770690918
836,0.08621715754270554
837,0.3962751030921936
838,0.3660983443260193
839,-0.019648976624011993
840,0.40453723073005676
841,0.3285623788833618
842,-0.028021277859807014
843,0.40675288438796997
844,0.35943806171417236
845,-0.039561089128255844
846,0.41183942556381226
847,0.3649214804172516
848,-0.036121368408203125
849,0.4069443643093109
850,0.3612501919269562
851,-0.03545618802309036
852,0.39905664324760437
853,0.36967596411705017
854,-0.016701845452189445
855,0.41340938210487366
856,0.3659968376159668
857,-0.03830084204673767
858,0.4144050180912018
859,0.3683508634567261
860,-0.02835700660943985
861,0.3956267237663269
862,0.2950116991996765
863,0.003892202628776431
864,0.40047380328178406
865,0.29756760597229004
866,-0.0012334040366113186
867,0.40298059582710266
868,0.2993040382862091
869,-0.0071698883548378944
870,0.3580208420753479
871,0.2941063940525055
872,0.008656857535243034
873,0.35363081097602844
874,0.2906811535358429
875,0.008862653747200966
876,0.424888014793396
877,0.32110369205474854
878,-0.03416711091995239
879,0.47482842206954956
880,0.28961819410324097
881,0.00932085420936346
882,0.42836621403694153
883,0.36500099301338196
884,-0.02852611429989338
885,0.5001971125602722
886,0.24491502344608307
887,0.04632197320461273
888,0.4519072473049164
889,0.3009028732776642
890,0.0011863502440974116
891,0.46002456545829773
892,0.30140525102615356
893,0.0016680224798619747
894,0.4677996039390564
895,0.3003602921962738
896,0.0038331029936671257
897,0.4778776466846466
898,0.2935847342014313
899,0.010583355091512203
900,0.44497206807136536
901,0.29821139574050903
902,0.001804755418561399
903,0.4617328643798828
904,0.27348142862319946
905,-0.00277639995329082
906,0.45318251848220825
907,0.2744966149330139
908,-0.002766813151538372
909,0.4696882665157318
910,0.27445852756500244
911,-7.76932793087326e-05
912,0.47511816024780273
913,0.27760571241378784
914,0.003379588248208165
915,0.484291672706604
916,0.30062922835350037
917,0.014725525863468647
918,0.45822492241859436
919,0.4692121744155884
920,0.006440774537622929
921,0.47754403948783875
922,0.28682637214660645
923,0.01180874090641737
924,0.5060051679611206
925,0.2941628396511078
926,0.05124644562602043
927,0.4926222860813141
928,0.2926512062549591
929,0.02272041141986847
930,0.4608973264694214
931,0.34799137711524963
932,-0.005064114928245544
933,0.43364351987838745
934,0.3997788429260254
935,-0.021479610353708267
936,0.4329544007778168
937,0.413241446018219
938,-0.017349300906062126
939,0.4444478154182434
940,0.40221577882766724
941,-0.016405519098043442
942,0.4511539340019226
943,0.40655630826950073
944,-0.00988613162189722
945,0.4404909610748291
946,0.41287118196487427
947,-0.013961214572191238
948,0.4461366534233093
949,0.4134596884250641
950,-0.007907708175480366
951,0.46225830912590027
952,0.426047682762146
953,0.004444708116352558
954,0.4269315004348755
955,0.359504759311676
956,-0.04359695687890053
957,0.4272828698158264
958,0.34783750772476196
959,-0.04638521373271942
960,0.48699072003364563
961,0.2653113603591919
962,0.004794841166585684
963,0.4430698752403259
964,0.31984594464302063
965,-0.007465103641152382
966,0.44692105054855347
967,0.35423949360847473
968,-0.023017369210720062
969,0.4471917450428009
970,0.3481188714504242
971,-0.020568814128637314
972,0.48379552364349365
973,0.3452712893486023
974,0.005117468070238829
975,0.4260322153568268
976,0.3332200348377228
977,-0.0417749397456646
978,0.46748724579811096
979,0.25578850507736206
980,-0.010368228890001774
981,0.47894173860549927
982,0.25829413533210754
983,-0.003932025283575058
984,0.4920465350151062
985,0.22473090887069702
986,0.0293768048286438
987,0.4321507215499878
988,0.26773515343666077
989,-0.01699098013341427
990,0.44580385088920593
991,0.27800264954566956
992,-0.0001247930049430579
993,0.4671865701675415
994,0.4128151834011078
995,0.005722234956920147
996,0.5029773712158203
997,0.4046037197113037
998,0.07717356830835342
999,0.44122275710105896
1000,0.36118534207344055
1001,-0.019653810188174248
1002,0.4344024658203125
1003,0.3659730553627014
1004,-0.0205686017870903
1005,0.4587702453136444
1006,0.41482776403427124
1007,0.004752361681312323
1008,0.4545214772224426
1009,0.4146723747253418
1010,0.0024372541811317205
1011,0.482994943857193
1012,0.25024086236953735
1013,0.00010769998334581032
1014,0.44750308990478516
1015,0.35950443148612976
1016,-0.01830880530178547
1017,0.45206454396247864
1018,0.2582172155380249
1019,-0.014862461015582085
1020,0.45315611362457275
1021,0.24823538959026337
1022,-0.016849400475621223
1023,0.4589368402957916
1024,0.1992758959531784
1025,-0.0030887452885508537
1026,0.48722419142723083
1027,0.2366747260093689
1028,0.012754132971167564
1029,0.4551936686038971
1030,0.22242099046707153
1031,-0.010460483841598034
1032,0.49131345748901367
1033,0.2596482038497925
1034,0.0117987971752882
1035,0.49577587842941284
1036,0.25263744592666626
1037,0.028107622638344765
1038,0.4335474371910095
1039,0.4075026512145996
1040,-0.020407557487487793
1041,0.4423562288284302
1042,0.4085649251937866
1043,-0.01557866483926773
1044,0.44872885942459106
1045,0.4101984202861786
1046,-0.009567883796989918
1047,0.4392092227935791
1048,0.3637203872203827
1049,-0.018056003376841545
1050,0.45665231347084045
1051,0.4149777889251709
1052,0.0034333672374486923
1053,0.4538084864616394
1054,0.41910701990127563
1055,-0.0010999522637575865
1056,0.45336923003196716
1057,0.4140683710575104
1058,0.002149026608094573
1059,0.43627169728279114
1060,0.35773420333862305
1061,-0.03147117793560028
1062,0.4442903995513916
1063,0.41301989555358887
1064,-0.0065381224267184734
1065,0.43875864148139954
1066,0.41389763355255127
1067,-0.010628554970026016
1068,0.43199622631073
1069,0.4151078462600708
1070,-0.013804897665977478
1071,0.4381152093410492
1072,0.45477911829948425
1073,-0.003751604352146387
1074,0.4369649887084961
1075,0.443314790725708
1076,-0.01263575628399849
1077,0.43581533432006836
1078,0.4355603754520416
1079,-0.014295948669314384
1080,0.43443989753723145
1081,0.42799994349479675
1082,-0.01274343766272068
1083,0.43329352140426636
1084,0.4231609106063843
1085,-0.011524278670549393
1086,0.4459979832172394
1087,0.41875922679901123
1088,-0.004738242365419865
1089,0.4476090967655182
1090,0.42050254344940186
1091,-0.005989549681544304
1092,0.45005372166633606
1093,0.4240167737007141
1094,-0.006779705174267292
1095,0.45220792293548584
1096,0.4280628561973572
1097,-0.005034606903791428
1098,0.4569208025932312
1099,0.3917675316333771
1100,-0.007518109865486622
1101,0.508243978023529
1102,0.3459654450416565
1103,0.0870862826704979
1104,0.4494399428367615
1105,0.41718077659606934
1106,-0.0005180600564926863
1107,0.4514293074607849
1108,0.4177844524383545
1109,-0.001312613720074296
1110,0.43189844489097595
1111,0.3717827796936035
1112,-0.020644256845116615
1113,0.444972425699234
1114,0.36731064319610596
1115,-0.012043412774801254
1116,0.4331033229827881
1117,0.3690030574798584
1118,-0.02086515538394451
1119,0.45195311307907104
1120,0.32598158717155457
1121,-0.004348778631538153
1122,0.46510371565818787
1123,0.3329327702522278
1124,-0.0018007373437285423
1125,0.44880613684654236
1126,0.3533586859703064
1127,-0.015759048983454704
1128,0.4789450168609619
1129,0.2089472860097885
1130,0.011761289089918137
1131,0.4743303656578064
1132,0.22599804401397705
1133,0.0003383179137017578
1134,0.46982693672180176
1135,0.24586763978004456
1136,-0.008900175802409649
1137,0.4564431309700012
1138,0.43631115555763245
1139,0.0011314214207231998
1140,0.4342222809791565
1141,0.252370685338974
1142,-0.02086583897471428
1143,0.4355919659137726
1144,0.2228022813796997
1145,-0.016519231721758842
1146,0.4373672604560852
1147,0.1957084685564041
1148,-0.01167977973818779
1149,0.4743255078792572
1150,0.297917902469635
1151,0.007335664704442024
1152,0.4927517771720886
1153,0.30811262130737305
1154,0.019683126360177994
1155,0.4406062066555023
1156,0.2954126298427582
1157,0.0028635484632104635
1158,0.4840043783187866
1159,0.27978283166885376
1160,0.010469705797731876
1161,0.436749130487442
1162,0.312701553106308
1163,-0.010832518339157104
1164,0.4413345754146576
1165,0.3504104018211365
1166,-0.03136063367128372
1167,0.5010789632797241
1168,0.3156031668186188
1169,0.029019903391599655
1170,0.4877917170524597
1171,0.31637948751449585
1172,0.01267385296523571
1173,0.47802963852882385
1174,0.32123875617980957
1175,0.005206973757594824
1176,0.4629638195037842
1177,0.32049161195755005
1178,0.0012101668398827314
1179,0.4515247941017151
1180,0.3164404332637787
1181,-0.000663626124151051
1182,0.4427614212036133
1183,0.31154873967170715
1184,-0.0031830943189561367
1185,0.4246579706668854
1186,0.2980611026287079
1187,-0.020320946350693703
1188,0.5010088086128235
1189,0.3399670124053955
1190,0.027599113062024117
1191,0.4903223514556885
1192,0.2776283919811249
1193,0.014212093316018581
1194,0.4246079623699188
1195,0.36584213376045227
1196,-0.03945821151137352
1197,0.44331058859825134
1198,0.33106496930122375
1199,-0.010379014536738396
1200,0.5075595378875732
1201,0.293984591960907
1202,0.07873044908046722
1203,0.436122328042984
1204,0.3057223856449127
1205,-0.0047303494065999985
1206,0.4495062232017517
1207,0.35417646169662476
1208,-0.00710844062268734
1209,0.4801556468009949
1210,0.2873547673225403
1211,0.013316251337528229
1212,0.4413965046405792
1213,0.3429270386695862
1214,-0.028326118364930153
1215,0.5072410106658936
1216,0.37429988384246826
1217,0.0844280794262886
1218,0.440625935792923
1219,0.2911909520626068
1220,0.0049246493726968765
1221,0.43371492624282837
1222,0.3368646204471588
1223,-0.03668826073408127
1224,0.48924708366394043
1225,0.43515661358833313
1226,0.03530284762382507
1227,0.4893660545349121
1228,0.4490751028060913
1229,0.050065334886312485
1230,0.5082294344902039
1231,0.34315231442451477
1232,0.05714339762926102
1233,0.4969628155231476
1234,0.41736775636672974
1235,0.04471113905310631
1236,0.5008729696273804
1237,0.2714999318122864
1238,0.04197069630026817
1239,0.46097201108932495
1240,0.4821242690086365
1241,0.011604906059801579
1242,0.42399075627326965
1243,0.3682567775249481
1244,-0.028307966887950897
1245,0.4510383605957031
1246,0.33913758397102356
1247,-0.007008703425526619
1248,0.4991302192211151
1249,0.2944188714027405
1250,0.03116418421268463
1251,0.4669068455696106
1252,0.2935769557952881
1253,0.004574863705784082
1254,0.45981863141059875
1255,0.2949238121509552
1256,0.002531259087845683
1257,0.4561806619167328
1258,0.42091894149780273
1259,0.0003341598785482347
1260,0.5005888938903809
1261,0.3638421297073364
1262,0.03114517591893673
1263,0.4470425248146057
1264,0.5020522475242615
1265,0.01428134273737669
1266,0.47055646777153015
1267,0.4807356894016266
1268,0.02963852323591709
1269,0.47964540123939514
1270,0.46735382080078125
1271,0.038637563586235046
1272,0.4529529809951782
1273,0.2946195900440216
1274,0.0020867157727479935
1275,0.4465102255344391
1276,0.2929633557796478
1277,0.003119388362392783
1278,0.4425748884677887
1279,0.29211440682411194
1280,0.004734054673463106
1281,0.4954843521118164
1282,0.27483299374580383
1283,0.0224229134619236
1284,0.44724565744400024
1285,0.2839813530445099
1286,0.0016098050400614738
1287,0.4540521502494812
1288,0.28117406368255615
1289,-9.513183613307774e-05
1290,0.4610096514225006
1291,0.2802084982395172
1292,0.00034967678948305547
1293,0.46809273958206177
1294,0.28139495849609375
1295,0.002410055138170719
1296,0.47264260053634644
1297,0.28369444608688354
1298,0.0052875676192343235
1299,0.5049735903739929
1300,0.2665921449661255
1301,0.06433114409446716
1302,0.47158828377723694
1303,0.29160624742507935
1304,0.007113689091056585
1305,0.44957441091537476
1306,0.3848537802696228
1307,-0.012281454168260098
1308,0.44123172760009766
1309,0.35925012826919556
1310,-0.02294428087770939
1311,0.43355438113212585
1312,0.3824637532234192
1313,-0.01988307572901249
1314,0.48056989908218384
1315,0.45298388600349426
1316,0.028011949732899666
1317,0.47129422426223755
1318,0.4676069915294647
1319,0.020355364307761192
1320,0.44675660133361816
1321,0.4929921329021454
1322,0.003949783276766539
1323,0.4965488612651825
1324,0.4297407269477844
1325,0.06426169723272324
1326,0.44258740544319153
1327,0.2881329357624054
1328,0.0034955970477312803
1329,0.4312566816806793
1330,0.3159440755844116
1331,-0.022050540894269943
1332,0.46007320284843445
1333,0.49283480644226074
1334,0.02031487040221691
1335,0.5067837834358215
1336,0.36942052841186523
1337,0.05707298964262009
1338,0.44029831886291504
1339,0.4208422303199768
1340,-0.008545253425836563
1341,0.4420016407966614
1342,0.4243244230747223
1343,-0.009806087240576744
1344,0.4440224766731262
1345,0.4298989772796631
1346,-0.010720627382397652
1347,0.44582101702690125
1348,0.43677818775177
1349,-0.009095752611756325
1350,0.4487444758415222
1351,0.44655898213386536
1352,-0.0022968403063714504
1353,0.4510692059993744
1354,0.41375595331192017
1355,-0.0025316053070127964
1356,0.4537288248538971
1357,0.41236069798469543
1358,-0.002620421117171645
1359,0.45612937211990356
1360,0.4101589322090149
1361,-0.002632680581882596
1362,0.46327242255210876
1363,0.4011439383029938
1364,-0.0010999665828421712
1365,0.49073049426078796
1366,0.37066414952278137
1367,0.01474453043192625
1368,0.4304977059364319
1369,0.3046841621398926
1370,-0.01503223367035389
1371,0.43367791175842285
1372,0.2843743562698364
1373,-0.0014230025699362159
1374,0.43888580799102783
1375,0.2854744493961334
1376,0.0017861489905044436
1377,0.4488890469074249
1378,0.4124337434768677
1379,-0.0016636073123663664
1380,0.4930287003517151
1381,0.3999389708042145
1382,0.028387457132339478
1383,0.42651981115341187
1384,0.2842046916484833
1385,-0.012231213971972466
1386,0.453482985496521
1387,0.4569893181324005
1388,0.0027938452549278736
1389,0.42495372891426086
1390,0.3100563585758209
1391,-0.02800660952925682
1392,0.4383561313152313
1393,0.3335196375846863
1394,-0.02124631218612194
1395,0.44117680191993713
1396,0.466396689414978
1397,-0.0015915060648694634
1398,0.4699530005455017
1399,0.42994290590286255
1400,0.009669922292232513
1401,0.4564330577850342
1402,0.3636419177055359
1403,-0.004915973637253046
1404,0.46289005875587463
1405,0.4449295103549957
1406,0.0067306035198271275
1407,0.47368690371513367
1408,0.3613360822200775
1409,-0.0012252151500433683
1410,0.46402665972709656
1411,0.37554627656936646
1412,-0.0029199779964983463
1413,0.48104190826416016
1414,0.3803277611732483
1415,0.006149614229798317
1416,0.44468826055526733
1417,0.4803959131240845
1418,-0.0006720650708302855
1419,0.44391918182373047
1420,0.3396676182746887
1421,-0.015027971006929874
1422,0.47730016708374023
1423,0.4390929639339447
1424,0.01796935871243477
1425,0.4681161046028137
1426,0.4549561142921448
1427,0.013443597592413425
1428,0.47493040561676025
1429,0.4133748412132263
1430,0.00965176708996296
1431,0.4993748068809509
1432,0.38456106185913086
1433,0.03504282981157303
1434,0.48459309339523315
1435,0.41459760069847107
1436,0.018061958253383636
1437,0.503614604473114
1438,0.394061416387558
1439,0.05454014241695404
1440,0.47069647908210754
1441,0.391081303358078
1442,0.001324155949987471
1443,0.43713727593421936
1444,0.3233128488063812
1445,-0.015813492238521576
1446,0.43886876106262207
1447,0.3556253910064697
1448,-0.033163975924253464
1449,0.4446450471878052
1450,0.3581864833831787
1451,-0.023952189832925797
1452,0.43468227982521057
1453,0.3484925329685211
1454,-0.0394858680665493
1455,0.43962353467941284
1456,0.27538344264030457
1457,-0.004319978412240744
1458,0.45249634981155396
1459,0.2688869833946228
1460,-0.006259475369006395
1461,0.4638630151748657
1462,0.26692599058151245
1463,-0.005879912991076708
1464,0.4734676480293274
1465,0.26772940158843994
1466,-0.002420705510303378
1467,0.48030948638916016
1468,0.2718135714530945
1469,0.0030281245708465576
1470,0.48561641573905945
1471,0.2900255024433136
1472,0.01653372310101986
1473,0.5082067251205444
1474,0.31827470660209656
1475,0.05467880889773369
1476,0.480252742767334
1477,0.30566880106925964
1478,0.010806022211909294
1479,0.47222912311553955
1480,0.30947327613830566
1481,0.005843887105584145
1482,0.4617231786251068
1483,0.3101845681667328
1484,0.00246107648126781
1485,0.45143282413482666
1486,0.3080735206604004
1487,0.0011445065028965473
1488,0.44336771965026855
1489,0.30461233854293823
1490,0.0004388776724226773
1491,0.43773695826530457
1492,0.30111730098724365
1493,-9.974990098271519e-05
1494,0.5079330801963806
1495,0.3198799192905426
1496,0.08568485826253891
1497,0.44455423951148987
1498,0.3613838851451874
1499,-0.019740844145417213
1500,0.4317744970321655
1501,0.32612091302871704
1502,-0.02817542664706707
1503,0.43283548951148987
1504,0.3569996953010559
1505,-0.03964817523956299
1506,0.42861950397491455
1507,0.3632458448410034
1508,-0.03615577518939972
1509,0.4329979419708252
1510,0.35877373814582825
1511,-0.03553226217627525
1512,0.4423418641090393
1513,0.3654697835445404
1514,-0.016806185245513916
1515,0.4271658957004547
1516,0.36464300751686096
1517,-0.03828892856836319
1518,0.4266319274902344
1519,0.36709892749786377
1520,-0.028358252719044685
1521,0.4376826584339142
1522,0.2921106219291687
1523,0.0035634778905659914
1524,0.43310990929603577
1525,0.2952725291252136
1526,-0.0014538565883412957
1527,0.43077152967453003
1528,0.2972090542316437
1529,-0.007388112135231495
1530,0.475391685962677
1531,0.2854756712913513
1532,0.008110502734780312
1533,0.4793950915336609
1534,0.281175434589386
1535,0.008260533213615417
1536,0.0
1537,0.0
1538,0.0
1539,0.0
1540,0.0
1541,0.0
1542,0.0
1543,0.0
1544,0.0
1545,0.0
1546,0.0
1547,0.0
1548,0.0
1549,0.0
1550,0.0
1551,0.0
1552,0.0
1553,0.0
1554,0.0
1555,0.0
1556,0.0
1557,0.0
1558,0.0
1559,0.0
1560,0.0
1561,0.0
1562,0.0
1563,0.0
1564,0.0
1565,0.0
1566,0.0
1567,0.0
1568,0.0
1569,0.0
1570,0.0
1571,0.0
1572,0.0
1573,0.0
1574,0.0
1575,0.0
1576,0.0
1577,0.0
1578,0.0
1579,0.0
1580,0.0
1581,0.0
1582,0.0
1583,0.0
1584,0.0
1585,0.0
1586,0.0
1587,0.0
1588,0.0
1589,0.0
1590,0.0
1591,0.0
1592,0.0
1593,0.0
1594,0.0
1595,0.0
1596,0.0
1597,0.0
1598,0.0
1599,0.09727278351783752
1600,0.6672126054763794
1601,-1.5154269306094648e-07
1602,0.14646601676940918
1603,0.6421754360198975
1604,-0.011664552614092827
1605,0.1818740963935852
1606,0.572413980960846
1607,-0.013492399826645851
1608,0.20179510116577148
1609,0.5207811594009399
1610,-0.01689756289124489
1611,0.2228146642446518
1612,0.4929812252521515
1613,-0.02003599889576435
1614,0.14502839744091034
1615,0.4936746656894684
1616,-0.00811865832656622
1617,0.1600518822669983
1618,0.4147994816303253
1619,-0.01970313861966133
1620,0.1684374362230301
1621,0.36936813592910767
1622,-0.023319382220506668
1623,0.17408914864063263
1624,0.326724648475647
1625,-0.024894794449210167
1626,0.11897411942481995
1627,0.4902353882789612
1628,-0.011132807470858097
1629,0.13987992703914642
1630,0.4495049715042114
1631,-0.044774528592824936
1632,0.14264342188835144
1633,0.5145725011825562
1634,-0.05358900874853134
1635,0.13709813356399536
1636,0.562781810760498
1637,-0.049265045672655106
1638,0.0902550220489502
1639,0.49138307571411133
1640,-0.015303261578083038
1641,0.10617620497941971
1642,0.4412918984889984
1643,-0.04733715206384659
1644,0.11438684165477753
1645,0.5064411759376526
1646,-0.04456382989883423
1647,0.11336738616228104
1648,0.5549557209014893
1649,-0.031722769141197205
1650,0.059017207473516464
1651,0.4964419901371002
1652,-0.020063763484358788
1653,0.04926803708076477
1654,0.4275195002555847
1655,-0.037583764642477036
1656,0.05180129408836365
1657,0.38682061433792114
1658,-0.038444891571998596
1659,0.05536656081676483
1660,0.3454402983188629
1661,-0.03449014201760292
