,0
0,0.41704288125038147
1,0.3313460946083069
2,-0.656453549861908
3,0.9999959468841553
4,0.44356265664100647
5,0.27919110655784607
6,-0.6011186838150024
7,0.9999935030937195
8,0.45950013399124146
9,0.28029197454452515
10,-0.6005557775497437
11,0.9999936819076538
12,0.4726811349391937
13,0.2830875515937805
14,-0.6000261902809143
15,0.9999932050704956
16,0.3892675042152405
17,0.281696617603302
18,-0.6080220937728882
19,0.999993085861206
20,0.37183696031570435
21,0.28442251682281494
22,-0.6069138646125793
23,0.9999922513961792
24,0.35583940148353577
25,0.2882397472858429
26,-0.6069503426551819
27,0.9999912977218628
28,0.4916437268257141
29,0.3200843036174774
30,-0.2729928195476532
31,0.9999930262565613
32,0.33635979890823364
33,0.3237535357475281
34,-0.2833127975463867
35,0.9999939799308777
36,0.45352134108543396
37,0.3969420790672302
38,-0.5417790412902832
39,0.9999954104423523
40,0.3861303925514221
41,0.3950067460536957
42,-0.5511659383773804
43,0.9999953508377075
44,0.6247721314430237
45,0.6660532355308533
46,-0.16152921319007874
47,0.9999048709869385
48,0.21000787615776062
49,0.6896600127220154
50,-0.16458532214164734
51,0.999617874622345
52,0.7274277210235596
53,1.037563443183899
54,-0.566118061542511
55,0.8060796856880188
56,0.11934655904769897
57,1.007502555847168
58,-0.23663859069347382
59,0.29825839400291443
60,0.7275947332382202
61,0.7113964557647705
62,-1.0189982652664185
63,0.9302994012832642
64,0.13606375455856323
65,1.4502308368682861
66,-0.6919571161270142
67,0.16551366448402405
68,0.688947856426239
69,0.5788118243217468
70,-1.1295804977416992
71,0.9114510416984558
72,0.11417486518621445
73,1.562065839767456
74,-0.763600766658783
75,0.20733322203159332
76,0.6634925603866577
77,0.5279897451400757
78,-1.0155019760131836
79,0.9246320724487305
80,0.14423194527626038
81,1.551849365234375
82,-0.8316013216972351
83,0.2984118163585663
84,0.6615668535232544
85,0.5808817744255066
86,-0.9958122968673706
87,0.9177968502044678
88,0.16082033514976501
89,1.512654185295105
90,-0.7393950819969177
91,0.31125393509864807
92,0.568824827671051
93,1.4691823720932007
94,-0.06403632462024689
95,0.0028703350108116865
96,0.28398576378822327
97,1.4744763374328613
98,0.07003054022789001
99,0.0018545259954407811
100,0.564743161201477
101,2.127995491027832
102,-0.1623506247997284
103,0.00033725067623890936
104,0.30347105860710144
105,2.125943422317505
106,0.14769534766674042
107,0.000101872967206873
108,0.5625302195549011
109,2.704049587249756
110,0.26544272899627686
111,1.697523839538917e-05
112,0.31199926137924194
113,2.6976981163024902
114,0.5169893503189087
115,1.7089096218114719e-06
116,0.5713157057762146
117,2.7839925289154053
118,0.27717211842536926
119,1.5889307178440504e-05
120,0.3056304156780243
121,2.781876564025879
122,0.5402746796607971
123,6.0368338381522335e-06
124,0.5161451101303101
125,2.8875460624694824
126,-0.2765187919139862
127,4.544214971247129e-05
128,0.3504479229450226
129,2.8756816387176514
130,-0.038706228137016296
131,2.0071747712790966e-05
132,0.40507057309150696
133,0.3928377032279968
134,-0.02632644772529602
135,0.40208280086517334
136,0.34736528992652893
137,-0.04525631666183472
138,0.40378662943840027
139,0.3616931140422821
140,-0.025143740698695183
141,0.3953949213027954
142,0.3112491965293884
143,-0.03244587406516075
144,0.4017057716846466
145,0.3351982533931732
146,-0.04757699370384216
147,0.40183326601982117
148,0.3204815983772278
149,-0.04370715096592903
150,0.40273529291152954
151,0.286765992641449
152,-0.02041219174861908
153,0.3488711416721344
154,0.2900170087814331
155,0.015116753987967968
156,0.4029538631439209
157,0.2630174160003662
158,-0.014245947822928429
159,0.40279272198677063
160,0.24839413166046143
161,-0.01520525012165308
162,0.40256935358047485
163,0.19274473190307617
164,-0.0030952636152505875
165,0.4053892493247986
166,0.3992667496204376
167,-0.025583727285265923
168,0.4057675004005432
169,0.4045049548149109
170,-0.02310417965054512
171,0.406111478805542
172,0.4069981575012207
173,-0.019577447324991226
174,0.40678858757019043
175,0.4289281964302063
176,-0.01401027012616396
177,0.4068569242954254
178,0.4352453052997589
179,-0.01538098230957985
180,0.40701720118522644
181,0.4427545368671417
182,-0.016733769327402115
183,0.4072783589363098
184,0.45038893818855286
185,-0.014540690928697586
186,0.40774866938591003
187,0.45887064933776855
188,-0.005906383041292429
189,0.40262746810913086
190,0.3539179563522339
191,-0.04133158177137375
192,0.3955894708633423
193,0.35438841581344604
194,-0.029921898618340492
195,0.32509154081344604
196,0.25433021783828735
197,0.05641613528132439
198,0.3709505796432495
199,0.29831236600875854
200,0.00581522099673748
201,0.36332494020462036
202,0.2998926341533661
203,0.006514568813145161
204,0.35594674944877625
205,0.3000788688659668
206,0.008918442763388157
207,0.34618279337882996
208,0.2947385609149933
209,0.016140960156917572
210,0.3773405849933624
211,0.2946757972240448
212,0.006054816301912069
213,0.3599613904953003
214,0.2703491449356079
215,0.003765295958146453
216,0.3684411346912384
217,0.2705956995487213
218,0.0034828362986445427
219,0.35225507616996765
220,0.27251261472702026
221,0.006487587466835976
222,0.34728145599365234
223,0.2767743170261383
224,0.00994792953133583
225,0.34051313996315
226,0.3035399615764618
227,0.019940609112381935
228,0.37771278619766235
229,0.46881914138793945
230,0.0038492917083203793
231,0.34620463848114014
232,0.2876189351081848
233,0.017854321748018265
234,0.32147976756095886
235,0.30282604694366455
236,0.05738186836242676
237,0.3325861096382141
238,0.2974640130996704
239,0.028738606721162796
240,0.3649972677230835
241,0.3458288609981537
242,-0.003975505009293556
243,0.39459267258644104
244,0.3915317952632904
245,-0.024510499089956284
246,0.39719441533088684
247,0.40521037578582764
248,-0.021229257807135582
249,0.38475242257118225
250,0.39695829153060913
251,-0.01905321329832077
252,0.3794082999229431
253,0.4040682315826416
254,-0.011790808290243149
255,0.39025038480758667
256,0.40724796056747437
257,-0.01705874316394329
258,0.385370135307312
259,0.4102473258972168
260,-0.010416550561785698
261,0.3706195652484894
262,0.42927980422973633
263,0.0032735562417656183
264,0.3953845500946045
265,0.3473977744579315
266,-0.044289808720350266
267,0.39394611120224
268,0.33606037497520447
269,-0.046373575925827026
270,0.3359779119491577
271,0.2678515315055847
272,0.012757635675370693
273,0.37994128465652466
274,0.31533050537109375
275,-0.005130363628268242
276,0.37729987502098083
277,0.3476492762565613
278,-0.023173434659838676
279,0.3767502009868622
280,0.3421719968318939
281,-0.02032407745718956
282,0.3434264361858368
283,0.34764155745506287
284,0.007130071986466646
285,0.3945304751396179
286,0.32228991389274597
287,-0.04082401469349861
288,0.35329774022102356
289,0.25448161363601685
290,-0.00217054202221334
291,0.34277400374412537
292,0.2589961886405945
293,0.004440341144800186
294,0.3310245871543884
295,0.2326483130455017
296,0.040960635989904404
297,0.3870823383331299
298,0.2618413269519806
299,-0.010844004340469837
300,0.3759066164493561
301,0.2736119329929352
302,0.005561218596994877
303,0.3653700649738312
304,0.4153517782688141
305,0.004905828274786472
306,0.33296310901641846
307,0.4125820994377136
308,0.07376701384782791
309,0.38367098569869995
310,0.3536674380302429
311,-0.02026779018342495
312,0.39054620265960693
313,0.3573758006095886
314,-0.022183384746313095
315,0.373476505279541
316,0.41785314679145813
317,0.003553421702235937
318,0.3778960406780243
319,0.4172786772251129
320,0.0010927002876996994
321,0.3388398587703705
322,0.252350389957428
323,0.009166422300040722
324,0.37767574191093445
325,0.35368648171424866
326,-0.018838057294487953
327,0.3678843379020691
328,0.25475186109542847
329,-0.007425020914524794
330,0.3662840723991394
331,0.24562284350395203
332,-0.008708734065294266
333,0.35895752906799316
334,0.2019210159778595
335,0.009241943247616291
336,0.3351181149482727
337,0.24181854724884033
338,0.02304449863731861
339,0.3632715940475464
340,0.22228030860424042
341,-0.00010266824392601848
342,0.3321121633052826
343,0.2639676332473755
344,0.02041339874267578
345,0.3286248445510864
346,0.2594701647758484
347,0.03764282166957855
348,0.395734578371048
349,0.39928138256073
350,-0.023798469454050064
351,0.3876911997795105
352,0.4029988646507263
353,-0.018445782363414764
354,0.38226252794265747
355,0.40726855397224426
356,-0.011775235645473003
357,0.38593775033950806
358,0.3560689687728882
359,-0.01915452815592289
360,0.3756432831287384
361,0.4179251194000244
362,0.002109274035319686
363,0.3783862888813019
364,0.4237815737724304
365,-0.002063174732029438
366,0.3792296350002289
367,0.41620180010795593
368,0.0007688227342441678
369,0.38725364208221436
370,0.3481064736843109
371,-0.031758908182382584
372,0.387482613325119
373,0.4097040593624115
374,-0.00932807195931673
375,0.3924221396446228
376,0.4081346392631531
377,-0.014145409688353539
378,0.3986625373363495
379,0.40731918811798096
380,-0.01792142726480961
381,0.3956615626811981
382,0.4577908217906952
383,-0.00519407307729125
384,0.39552706480026245
385,0.44880110025405884
386,-0.013421612791717052
387,0.3961675465106964
388,0.4412718415260315
389,-0.015062252059578896
390,0.39717650413513184
391,0.43348750472068787
392,-0.013606175780296326
393,0.39825108647346497
394,0.4282298982143402
395,-0.01233739871531725
396,0.3863299787044525
397,0.42398136854171753
398,-0.005277154501527548
399,0.38457176089286804
400,0.42603158950805664
401,-0.006453248206526041
402,0.38197144865989685
403,0.42962780594825745
404,-0.007279367186129093
405,0.3798343539237976
406,0.4335094690322876
407,-0.005707366392016411
408,0.3726181387901306
409,0.38967764377593994
410,-0.008819356560707092
411,0.3243177831172943
412,0.35555553436279297
413,0.08835334330797195
414,0.40315181016921997
415,0.3570164144039154
416,-0.030762404203414917
417,0.38318732380867004
418,0.42149782180786133
419,-0.001432538265362382
420,0.3808158040046692
421,0.4223935902118683
422,-0.002129982691258192
423,0.39334991574287415
424,0.36281493306159973
425,-0.022548774257302284
426,0.38109779357910156
427,0.36153507232666016
428,-0.01329549215734005
429,0.39200106263160706
430,0.36016255617141724
431,-0.022646281868219376
432,0.3719910979270935
433,0.32290348410606384
434,-0.002177655231207609
435,0.35995402932167053
436,0.3318677842617035
437,0.00034310101182200015
438,0.37594616413116455
439,0.34819290041923523
440,-0.015801914036273956
441,0.3415484130382538
442,0.21480196714401245
443,0.024112829938530922
444,0.3459939658641815
445,0.22895532846450806
446,0.010870860889554024
447,0.350615531206131
448,0.24575340747833252
449,8.403745596297085e-05
450,0.3766627907752991
451,0.43953317403793335
452,-4.1983403207268566e-05
453,0.38428303599357605
454,0.24726319313049316
455,-0.013427713885903358
456,0.3814951181411743
457,0.2199188768863678
458,-0.006828903686255217
459,0.37862256169319153
460,0.19525085389614105
461,5.2631996368290856e-05
462,0.34972745180130005
463,0.2985386848449707
464,0.01267677266150713
465,0.332852840423584
466,0.31279516220092773
467,0.02461358718574047
468,0.3814604580402374
469,0.2910947799682617
470,0.007079961709678173
471,0.33958756923675537
472,0.2817447781562805
473,0.01729297824203968
474,0.38538867235183716
475,0.3071715831756592
476,-0.008180705830454826
477,0.3817305564880371
478,0.3418726325035095
479,-0.03122144751250744
480,0.32564398646354675
481,0.32196784019470215
482,0.03347577154636383
483,0.33755213022232056
484,0.31985774636268616
485,0.01681513898074627
486,0.34695354104042053
487,0.32288238406181335
488,0.008954502642154694
489,0.36135581135749817
490,0.31958380341529846
491,0.004424142651259899
492,0.37196287512779236
493,0.31371572613716125
494,0.002387105254456401
495,0.3800244927406311
496,0.30740565061569214
497,-0.0001655385276535526
498,0.3953057527542114
499,0.29043078422546387
500,-0.016871988773345947
501,0.3269056975841522
502,0.34598180651664734
503,0.03026539832353592
504,0.33392030000686646
505,0.2814980745315552
506,0.021488498896360397
507,0.3985676169395447
508,0.353793740272522
509,-0.04066507890820503
510,0.3800773322582245
511,0.3258528411388397
512,-0.009102443233132362
513,0.3217785358428955
514,0.3045896589756012
515,0.0845622569322586
516,0.38593706488609314
517,0.3005095422267914
518,-0.0015361099503934383
519,0.375739723443985
520,0.34980180859565735
521,-0.007303543388843536
522,0.34357380867004395
523,0.2885887026786804
524,0.019441790878772736
525,0.38138362765312195
526,0.3352457880973816
527,-0.0277826227247715
528,0.3267734944820404
529,0.3830786943435669
530,0.08319409191608429
531,0.3814849257469177
532,0.28688615560531616
533,0.009559729136526585
534,0.3877599835395813
535,0.3275497853755951
536,-0.035740986466407776
537,0.34709352254867554
538,0.4392162263393402
539,0.03263234347105026
540,0.34839051961898804
541,0.4534662365913391
542,0.045103348791599274
543,0.3214278817176819
544,0.35127681493759155
545,0.05930621922016144
546,0.3385637104511261
547,0.42308688163757324
548,0.04205877706408501
549,0.32499030232429504
550,0.2794724702835083
551,0.049928389489650726
552,0.3763309121131897
553,0.48115116357803345
554,0.00775735080242157
555,0.39995449781417847
556,0.35676032304763794
557,-0.030154723674058914
558,0.3735399842262268
559,0.33544060587882996
560,-0.0059858039021492004
561,0.3269142508506775
562,0.30069223046302795
563,0.037206750363111496
564,0.3563880920410156
565,0.29282480478286743
566,0.01002198550850153
567,0.36310631036758423
568,0.2932586669921875
569,0.0077652535401284695
570,0.3760097026824951
571,0.42538729310035706
572,-0.0007818961748853326
573,0.32943570613861084
574,0.3696528673171997
575,0.032015588134527206
576,0.39109089970588684
577,0.49984318017959595
578,0.008565154857933521
579,0.36742478609085083
580,0.48104798793792725
581,0.024779511615633965
582,0.3583220839500427
583,0.46934401988983154
584,0.03375453129410744
585,0.4026438891887665
586,0.21916775405406952
587,-0.009495831094682217
588,0.4090624749660492
589,0.5026402473449707
590,0.005523981526494026
591,0.369623064994812
592,0.2920956611633301
593,0.007075936999171972
594,0.3756674528121948
595,0.2898004651069641
596,0.007927044294774532
597,0.3795529901981354
598,0.28823068737983704
599,0.009458010084927082
600,0.32934707403182983
601,0.28053250908851624
602,0.030064234510064125
603,0.3750059902667999
604,0.28096505999565125
605,0.007187133189290762
606,0.3683662414550781
607,0.2791580557823181
608,0.005909534636884928
609,0.3617163300514221
610,0.2789478302001953
611,0.0066212378442287445
612,0.35499513149261475
613,0.28090307116508484
614,0.00879045482724905
615,0.3507533371448517
616,0.2837443947792053
617,0.011591452173888683
618,0.3222748041152954
619,0.2767961025238037
620,0.0724269449710846
621,0.3519316017627716
622,0.2915269732475281
623,0.012732251547276974
624,0.4043477177619934
625,0.3720257580280304
626,-0.0233629010617733
627,0.3783271908760071
628,0.3805091083049774
629,-0.013951911590993404
630,0.3832080066204071
631,0.3513024151325226
632,-0.02344430238008499
633,0.392937570810318
634,0.37428364157676697
635,-0.021979447454214096
636,0.40303754806518555
637,0.27487772703170776
638,-0.013990310952067375
639,0.35619333386421204
640,0.4552192687988281
641,0.02490951679646969
642,0.3657532334327698
643,0.46789777278900146
644,0.016846222802996635
645,0.3904786705970764
646,0.49084073305130005
647,-0.000324827415170148
648,0.34061431884765625
649,0.43625757098197937
650,0.059529706835746765
651,0.3794289827346802
652,0.28430551290512085
653,0.00858155358582735
654,0.3899194598197937
655,0.30830544233322144
656,-0.01973888650536537
657,0.4085557162761688
658,0.4937076270580292
659,-0.0028618222568184137
660,0.37791022658348083
661,0.4918398857116699
662,0.015234389342367649
663,0.324583500623703
664,0.3771560788154602
665,0.05712798982858658
666,0.3915279507637024
667,0.4263647496700287
668,-0.009058987721800804
669,0.3897976577281952
670,0.4301867187023163
671,-0.010221653617918491
672,0.3877406716346741
673,0.4359901249408722
674,-0.011057610623538494
675,0.3862355649471283
676,0.4425748586654663
677,-0.009618395939469337
678,0.38442328572273254
679,0.44992804527282715
680,-0.0034701284021139145
681,0.38108956813812256
682,0.4131828546524048
683,-0.004412330687046051
684,0.3780885338783264
685,0.41213351488113403
686,-0.004199758637696505
687,0.375480979681015
688,0.4102385640144348
689,-0.004076261539012194
690,0.3681100010871887
691,0.4014899432659149
692,-0.0018318420043215156
693,0.33946219086647034
694,0.374342143535614
695,0.015420963056385517
696,0.3904992341995239
697,0.29801350831985474
698,-0.011909292079508305
699,0.38732415437698364
700,0.27892956137657166
701,0.0033346679992973804
702,0.38272231817245483
703,0.28058865666389465
704,0.006798788905143738
705,0.3833913207054138
706,0.4114336669445038
707,-0.003714117454364896
708,0.3405214548110962
709,0.4046015739440918
710,0.027458133175969124
711,0.39336130023002625
712,0.277667760848999
713,-0.00771624781191349
714,0.3810172379016876
715,0.4580063223838806
716,0.0009372366475872695
717,0.40216824412345886
718,0.30881431698799133
719,-0.03552296757698059
720,0.3951641917228699
721,0.30130910873413086
722,-0.025343820452690125
723,0.40244078636169434
724,0.29809871315956116
725,-0.027556320652365685
726,0.3841305077075958
727,0.32637399435043335
728,-0.02008013054728508
729,0.40817761421203613
730,0.481436550617218
731,-0.006342205218970776
732,0.407916396856308
733,0.468567430973053
734,-0.005726837087422609
735,0.39370250701904297
736,0.46672192215919495
737,-0.003626071847975254
738,0.36373430490493774
739,0.4322858154773712
740,0.008398805744946003
741,0.3704429268836975
742,0.3607185184955597
743,-0.005021880846470594
744,0.3713013529777527
745,0.4464418590068817
746,0.005078309215605259
747,0.35447928309440613
748,0.3616430461406708
749,-0.00020404072711244226
750,0.36490190029144287
751,0.3743189573287964
752,-0.0030283902306109667
753,0.34989696741104126
754,0.38226181268692017
755,0.006687919609248638
756,0.3914192020893097
757,0.47892647981643677
758,-0.0035945719573646784
759,0.3796309530735016
760,0.33391591906547546
761,-0.01426762156188488
762,0.3577612042427063
763,0.4414379596710205
764,0.015991419553756714
765,0.3675050437450409
766,0.4555925130844116
767,0.010959206148982048
768,0.3581579029560089
769,0.41598033905029297
770,0.009049483574926853
771,0.33278951048851013
772,0.3902161121368408
773,0.03446679562330246
774,0.3493293523788452
775,0.4181128442287445
776,0.017161810770630836
777,0.3300054371356964
778,0.40119218826293945
779,0.052800536155700684
780,0.3606180250644684
781,0.39191746711730957
782,0.0013227100716903806
783,0.3851143419742584
784,0.31691989302635193
785,-0.013975388370454311
786,0.3844795823097229
787,0.3463831841945648
788,-0.033221397548913956
789,0.3798469305038452
790,0.3508393168449402
791,-0.02440483495593071
792,0.38740745186805725
793,0.33819523453712463
794,-0.03925401717424393
795,0.38127416372299194
796,0.27027663588523865
797,0.0015117445727810264
798,0.36846280097961426
799,0.2649030089378357
800,0.0004430603876244277
801,0.35726508498191833
802,0.2642640471458435
803,0.0012029358185827732
804,0.348149836063385
805,0.26684707403182983
806,0.004909069277346134
807,0.34222298860549927
808,0.2724711000919342
809,0.010250171646475792
810,0.33892130851745605
811,0.29296886920928955
812,0.022747499868273735
813,0.32031020522117615
814,0.3266974091529846
815,0.05889057740569115
816,0.3443465232849121
817,0.30770912766456604
818,0.01567721553146839
819,0.35196658968925476
820,0.3101281225681305
821,0.010289030149579048
822,0.36201635003089905
823,0.3090956509113312
824,0.006460744887590408
825,0.3716922104358673
826,0.3055390417575836
827,0.004962847102433443
828,0.3792511224746704
829,0.3008190393447876
830,0.003989331424236298
831,0.3843986392021179
832,0.2964145839214325
833,0.0034614410251379013
834,0.32317012548446655
835,0.3301255702972412
836,0.08933223783969879
837,0.3805660903453827
838,0.35467198491096497
839,-0.020460449159145355
840,0.38941624760627747
841,0.3176111876964569
842,-0.0266000647097826
843,0.3898748755455017
844,0.3460906744003296
845,-0.039958398789167404
846,0.3948865830898285
847,0.3522580564022064
848,-0.03722788020968437
849,0.3902757167816162
850,0.34831199049949646
851,-0.03602280095219612
852,0.3832423686981201
853,0.3587075471878052
854,-0.01792242005467415
855,0.39616715908050537
856,0.3531612455844879
857,-0.039463359862565994
858,0.39734211564064026
859,0.3561561405658722
860,-0.030025102198123932
861,0.3842225670814514
862,0.28721150755882263
863,0.007918727584183216
864,0.38839173316955566
865,0.2897874712944031
866,0.002376969438046217
867,0.39039093255996704
868,0.29120761156082153
869,-0.003895220812410116
870,0.3481932282447815
871,0.2858245372772217
872,0.01436228770762682
873,0.34367799758911133
874,0.28177860379219055
875,0.014819123782217503
876,0.40934067964553833
877,0.31072133779525757
878,-0.033130571246147156
879,0.46207743883132935
880,0.2864307761192322
881,0.009709056466817856
882,0.4109787940979004
883,0.3537530303001404
884,-0.0304891187697649
885,0.4906914532184601
886,0.24740064144134521
887,0.048276420682668686
888,0.4390321373939514
889,0.29608461260795593
890,0.002172033302485943
891,0.4470733404159546
892,0.2970878481864929
893,0.0022367904894053936
894,0.4548763632774353
895,0.29665407538414
896,0.003934655804187059
897,0.46535298228263855
898,0.2907693386077881
899,0.010453878901898861
900,0.43219929933547974
901,0.29291704297065735
902,0.0032102391123771667
903,0.4491366744041443
904,0.2673252820968628
905,-0.0005806986009702086
906,0.4404558837413788
907,0.2680913209915161
908,8.403586252825335e-05
909,0.4573330879211426
910,0.2689308822154999
911,0.0015447204932570457
912,0.4628995954990387
913,0.2728644609451294
914,0.004559200257062912
915,0.47177478671073914
916,0.298726886510849
917,0.013711285777390003
918,0.4398995041847229
919,0.4672878384590149
920,0.0012427119072526693
921,0.4649417996406555
922,0.28386390209198
923,0.012228686362504959
924,0.49569231271743774
925,0.2961183786392212
926,0.04896131530404091
927,0.48064282536506653
928,0.2918645441532135
929,0.021792201325297356
930,0.44545817375183105
931,0.34246474504470825
932,-0.007743838708847761
933,0.4159950911998749
934,0.39031803607940674
935,-0.02551346831023693
936,0.414955198764801
937,0.40416038036346436
938,-0.022245030850172043
939,0.4273662865161896
940,0.3946479260921478
941,-0.02103147655725479
942,0.43439310789108276
943,0.40087661147117615
944,-0.014526454731822014
945,0.4229004681110382
946,0.4053528904914856
947,-0.019014064222574234
948,0.42892882227897644
949,0.4075350761413574
950,-0.012892968021333218
951,0.4461924731731415
952,0.4256006181240082
953,-0.0002477807574905455
954,0.40904900431632996
955,0.34679684042930603
956,-0.04477491229772568
957,0.4099106192588806
958,0.3354346752166748
959,-0.046855244785547256
960,0.4747457802295685
961,0.26282942295074463
962,0.006439726334065199
963,0.42880138754844666
964,0.3134135901927948
965,-0.007508587092161179
966,0.43008390069007874
967,0.345308393239975
968,-0.02527131699025631
969,0.4308615028858185
970,0.33974048495292664
971,-0.02252332679927349
972,0.4690228998661041
973,0.34245094656944275
974,0.0009322906262241304
975,0.4095700681209564
976,0.32175421714782715
977,-0.04150965064764023
978,0.4548870027065277
979,0.25093889236450195
980,-0.006690520327538252
981,0.46650534868240356
982,0.2545994520187378
983,-0.0011884841369464993
984,0.48210668563842773
985,0.22612494230270386
986,0.03366575017571449
987,0.4195648729801178
988,0.26076364517211914
989,-0.01226929109543562
990,0.43309688568115234
991,0.2716594934463501
992,0.00276360847055912
993,0.4510197937488556
994,0.41107243299484253
995,0.0007280103163793683
996,0.490825891494751
997,0.40797173976898193
998,0.06613566726446152
999,0.4241877794265747
1000,0.3518562316894531
1001,-0.022028958424925804
1002,0.41730666160583496
1003,0.35615143179893494
1004,-0.023053372278809547
1005,0.44293299317359924
1006,0.4136500656604767
1007,-0.00011238853767281398
1008,0.43854355812072754
1009,0.41339170932769775
1010,-0.0020821774378418922
1011,0.47081607580184937
1012,0.24755984544754028
1013,0.00323854829184711
1014,0.43076273798942566
1015,0.351307213306427
1016,-0.021001700311899185
1017,0.4393666088581085
1018,0.25229814648628235
1019,-0.010518226772546768
1020,0.4406697452068329
1021,0.24283967912197113
1022,-0.011766762472689152
1023,0.4487280547618866
1024,0.19778303802013397
1025,0.0051390426233410835
1026,0.47609105706214905
1027,0.23610278964042664
1028,0.01657949388027191
1029,0.4437691271305084
1030,0.21889951825141907
1031,-0.0036647350061684847
1032,0.4794694781303406
1033,0.25833040475845337
1034,0.013590500690042973
1035,0.4849950671195984
1036,0.25328341126441956
1037,0.030221832916140556
1038,0.41566017270088196
1039,0.39814916253089905
1040,-0.024855447933077812
1041,0.4250130355358124
1042,0.40089452266693115
1043,-0.02041705697774887
1044,0.43174976110458374
1045,0.40427589416503906
1046,-0.01442631147801876
1047,0.4221831262111664
1048,0.3544512093067169
1049,-0.020500851795077324
1050,0.4407486915588379
1051,0.4138202369213104
1052,-0.0013012951239943504
1053,0.43782782554626465
1054,0.42026403546333313
1055,-0.004894006997346878
1056,0.43728703260421753
1057,0.41261768341064453
1058,-0.002311332616955042
1059,0.4189964532852173
1060,0.3467743992805481
1061,-0.03322511166334152
1062,0.4271271526813507
1063,0.4071720540523529
1064,-0.011638343334197998
1065,0.42117539048194885
1066,0.4064030051231384
1067,-0.015938062220811844
1068,0.41410061717033386
1069,0.40635037422180176
1070,-0.018960807472467422
1071,0.4201984107494354
1072,0.4568735659122467
1073,-0.006197410169988871
1074,0.41940003633499146
1075,0.447765976190567
1076,-0.014532840810716152
1077,0.4182848036289215
1078,0.44029274582862854
1079,-0.01624189130961895
1080,0.41696277260780334
1081,0.4325331747531891
1082,-0.014690082520246506
1083,0.41584399342536926
1084,0.4273945987224579
1085,-0.013380873948335648
1086,0.42926135659217834
1087,0.4214763641357422
1088,-0.007520056329667568
1089,0.4310210347175598
1090,0.4233289361000061
1091,-0.008765109814703465
1092,0.433766633272171
1093,0.42675700783729553
1094,-0.00957649014890194
1095,0.4361153542995453
1096,0.43046942353248596
1097,-0.008136901073157787
1098,0.4402196407318115
1099,0.3863323926925659
1100,-0.01185429934412241
1101,0.49835753440856934
1102,0.34945201873779297
1103,0.07965991646051407
1104,0.43294277787208557
1105,0.41851136088371277
1106,-0.0041026771068573
1107,0.43528351187705994
1108,0.4191882014274597
1109,-0.004916091915220022
1110,0.4148024320602417
1111,0.36179202795028687
1112,-0.02338019199669361
1113,0.42827150225639343
1114,0.3593401312828064
1115,-0.015003577806055546
1116,0.41596004366874695
1117,0.3590438663959503
1118,-0.02346344105899334
1119,0.4375227987766266
1120,0.3202579617500305
1121,-0.005422583781182766
1122,0.450494647026062
1123,0.3281608521938324
1124,-0.004121349658817053
1125,0.4325023293495178
1126,0.34561166167259216
1127,-0.018195122480392456
1128,0.4687668979167938
1129,0.2090548872947693
1130,0.018174948170781136
1131,0.4630700647830963
1132,0.2240695208311081
1133,0.005681216716766357
1134,0.45747995376586914
1135,0.24184589087963104
1136,-0.004586263559758663
1137,0.44006821513175964
1138,0.43680328130722046
1139,-0.0029028207063674927
1140,0.42195212841033936
1141,0.2458343207836151
1142,-0.015000492334365845
1143,0.4244270622730255
1144,0.21811626851558685
1145,-0.008594084531068802
1146,0.42741477489471436
1147,0.1929389387369156
1148,-0.002050601877272129
1149,0.4615282416343689
1150,0.29473087191581726
1151,0.007150283548980951
1152,0.48036372661590576
1153,0.30706271529197693
1154,0.017658453434705734
1155,0.42783382534980774
1156,0.28974437713623047
1157,0.004592226352542639
1158,0.47179126739501953
1159,0.2771342396736145
1160,0.011095894500613213
1161,0.42263707518577576
1162,0.3057178556919098
1163,-0.010112772695720196
1164,0.42434975504875183
1165,0.34010565280914307
1166,-0.032891642302274704
1167,0.489177942276001
1168,0.31565627455711365
1169,0.02564779482781887
1170,0.4747891426086426
1171,0.3144221007823944
1172,0.01029007788747549
1173,0.46441829204559326
1174,0.3180752396583557
1175,0.0031754407100379467
1176,0.44910958409309387
1177,0.316074937582016
1178,6.4981504692696035e-06
1179,0.4377879202365875
1180,0.3111867606639862
1181,-0.0009501351742073894
1182,0.4291333854198456
1183,0.3056413233280182
1184,-0.0026992131024599075
1185,0.4108247756958008
1186,0.2898765802383423
1187,-0.01772230863571167
1188,0.4881753623485565
1189,0.33974704146385193
1190,0.022482071071863174
1191,0.47825029492378235
1192,0.2761494517326355
1193,0.014705686829984188
1194,0.4068184494972229
1195,0.3533756732940674
1196,-0.04100789129734039
1197,0.4283103048801422
1198,0.32388001680374146
1199,-0.011306212283670902
1200,0.4985164403915405
1201,0.29775482416152954
1202,0.0755842924118042
1203,0.42260268330574036
1204,0.2992316484451294
1205,-0.0034673020709306
1206,0.43353843688964844
1207,0.34716707468032837
1208,-0.009565817192196846
1209,0.46792951226234436
1210,0.28447043895721436
1211,0.013488683849573135
1212,0.4249853789806366
1213,0.3334231376647949
1214,-0.02950693666934967
1215,0.4966347813606262
1216,0.37759992480278015
1217,0.07504300773143768
1218,0.42795923352241516
1219,0.28565090894699097
1220,0.00698916194960475
1221,0.41729652881622314
1222,0.3263225257396698
1223,-0.037060126662254333
1224,0.4732162356376648
1225,0.43591904640197754
1226,0.026806214824318886
1227,0.4741395115852356
1228,0.4508671462535858
1229,0.03933153674006462
1230,0.4972984492778778
1231,0.34493935108184814
1232,0.05086260661482811
1233,0.48209846019744873
1234,0.41900044679641724
1235,0.03537997230887413
1236,0.4904720187187195
1237,0.27294692397117615
1238,0.04197799041867256
1239,0.44217294454574585
1240,0.4798717498779297
1241,0.005038497503846884
1242,0.4064478278160095
1243,0.3564363420009613
1244,-0.0303864274173975
1245,0.43585845828056335
1246,0.33272725343704224
1247,-0.008817733265459538
1248,0.48761191964149475
1249,0.29460790753364563
1250,0.02963796816766262
1251,0.4540156424045563
1252,0.2897151708602905
1253,0.005259492434561253
1254,0.44696685671806335
1255,0.29061639308929443
1256,0.0035049200523644686
1257,0.4403422772884369
1258,0.42171216011047363
1259,-0.0038112534675747156
1260,0.48703622817993164
1261,0.3638044595718384
1262,0.02436005137860775
1263,0.42747917771339417
1264,0.4992649555206299
1265,0.006943092215806246
1266,0.4530901610851288
1267,0.47970083355903625
1268,0.021018363535404205
1269,0.46320807933807373
1270,0.46752411127090454
1271,0.02909989096224308
1272,0.44019225239753723
1273,0.2899569869041443
1274,0.0034182374365627766
1275,0.43389686942100525
1276,0.28793925046920776
1277,0.0047484408132731915
1278,0.42996665835380554
1279,0.2867957055568695
1280,0.0065842303447425365
1281,0.48395153880119324
1282,0.2745139002799988
1283,0.022744767367839813
1284,0.4345901608467102
1285,0.2792307436466217
1286,0.0039590513333678246
1287,0.4413207769393921
1288,0.27703070640563965
1289,0.002138857962563634
1290,0.44806867837905884
1291,0.27645212411880493
1292,0.002246251329779625
1293,0.4550327658653259
1294,0.27790215611457825
1295,0.003899249481037259
1296,0.4596495032310486
1297,0.28036773204803467
1298,0.0064056129194796085
1299,0.49585267901420593
1300,0.26985102891921997
1301,0.06383822858333588
1302,0.45874276757240295
1303,0.2881883978843689
1304,0.007590179797261953
1305,0.4327682852745056
1306,0.3779478669166565
1307,-0.016289828345179558
1308,0.42410773038864136
1309,0.3494918644428253
1310,-0.024965228512883186
1311,0.416420578956604
1312,0.3731065094470978
1313,-0.02303348109126091
1314,0.46372735500335693
1315,0.45264333486557007
1316,0.020250903442502022
1317,0.4536374807357788
1318,0.46618252992630005
1319,0.013169369660317898
1320,0.4270328879356384
1321,0.4901588559150696
1322,-0.0018760962411761284
1323,0.482740581035614
1324,0.43274128437042236
1325,0.05269908159971237
1326,0.42991888523101807
1327,0.2829171419143677
1328,0.005728663876652718
1329,0.4164547026157379
1330,0.3073194921016693
1331,-0.020991556346416473
1332,0.44148415327072144
1333,0.49082934856414795
1334,0.01244422234594822
1335,0.49523788690567017
1336,0.3713832497596741
1337,0.049030810594558716
1338,0.42323604226112366
1339,0.42464399337768555
1340,-0.010882728733122349
1341,0.4250466227531433
1342,0.4283357262611389
1343,-0.012020946480333805
1344,0.42725855112075806
1345,0.433954119682312
1346,-0.012983136810362339
1347,0.42915600538253784
1348,0.4404952824115753
1349,-0.011552585288882256
1350,0.43185314536094666
1351,0.4480207562446594
1352,-0.005706401541829109
1353,0.43445146083831787
1354,0.4098457098007202
1355,-0.0074076117016375065
1356,0.4372347593307495
1357,0.4085457921028137
1358,-0.007475223857909441
1359,0.4397479295730591
1360,0.40640079975128174
1361,-0.007375070825219154
1362,0.4465634226799011
1363,0.3975362181663513
1364,-0.005639528855681419
1365,0.47545909881591797
1366,0.3690527379512787
1367,0.008740957826375961
1368,0.4165872633457184
1369,0.2970411479473114
1370,-0.01335622277110815
1371,0.42102476954460144
1372,0.2779650390148163
1373,0.0016911447746679187
1374,0.4262062609195709
1375,0.2793012261390686
1376,0.004495986737310886
1377,0.43229997158050537
1378,0.4083903729915619
1379,-0.0065326872281730175
1380,0.4774782061576843
1381,0.39990270137786865
1382,0.02086467482149601
1383,0.41362324357032776
1384,0.27703797817230225
1385,-0.00864463485777378
1386,0.4359622895717621
1387,0.45625680685043335
1388,-0.001407095231115818
1389,0.4102301299571991
1390,0.30073684453964233
1391,-0.02600790746510029
1392,0.42275071144104004
1393,0.32479438185691833
1394,-0.021693101152777672
1395,0.42258965969085693
1396,0.4659219980239868
1397,-0.004805241245776415
1398,0.45353177189826965
1399,0.4289209246635437
1400,0.004455155692994595
1401,0.44026967883110046
1402,0.3576277196407318
1403,-0.008055450394749641
1404,0.44614845514297485
1405,0.44390177726745605
1406,0.001944669638760388
1407,0.45760104060173035
1408,0.35736390948295593
1409,-0.005133111495524645
1410,0.4474155306816101
1411,0.3707764148712158
1412,-0.006812336388975382
1413,0.46439722180366516
1414,0.37771904468536377
1415,0.0011753053404390812
1416,0.4253461956977844
1417,0.478124737739563
1418,-0.005076645407825708
1419,0.42833226919174194
1420,0.33183541893959045
1421,-0.016325877979397774
1422,0.4605208933353424
1423,0.43827223777770996
1424,0.011524884030222893
1425,0.45079395174980164
1426,0.4533948302268982
1427,0.007557425182312727
1428,0.458474338054657
1429,0.4118155241012573
1430,0.00414085341617465
1431,0.4851663112640381
1432,0.3849053382873535
1433,0.027147464454174042
1434,0.46825656294822693
1435,0.41401007771492004
1436,0.011524831876158714
1437,0.4906470477581024
1438,0.3960496485233307
1439,0.045215021818876266
1440,0.4537569284439087
1441,0.38778507709503174
1442,-0.003297640010714531
1443,0.4222535192966461
1444,0.31543633341789246
1445,-0.015738440677523613
1446,0.4215914309024811
1447,0.3447873294353485
1448,-0.034784410148859024
1449,0.42755675315856934
1450,0.3488060534000397
1451,-0.026258263736963272
1452,0.41741329431533813
1453,0.3369951844215393
1454,-0.04064076393842697
1455,0.4269466996192932
1456,0.26884302496910095
1457,-0.0007122194510884583
1458,0.43981555104255676
1459,0.2625047266483307
1460,-0.0027902722358703613
1461,0.4513096213340759
1462,0.26106885075569153
1463,-0.003029822139069438
1464,0.46108993887901306
1465,0.2629137635231018
1466,-0.0003275170165579766
1467,0.4680638015270233
1468,0.2680778205394745
1469,0.004518360830843449
1470,0.4734330177307129
1471,0.2881702780723572
1472,0.016290005296468735
1473,0.4975864291191101
1474,0.32012027502059937
1475,0.05025394633412361
1476,0.4674873948097229
1477,0.3031178116798401
1478,0.009752278216183186
1479,0.45913395285606384
1480,0.30605629086494446
1481,0.00505199795588851
1482,0.44849997758865356
1483,0.3059139549732208
1484,0.0021141970064491034
1485,0.43826496601104736
1486,0.30307209491729736
1487,0.00157418311573565
1488,0.4302615523338318
1489,0.2990509867668152
1490,0.001421528635546565
1491,0.42470237612724304
1492,0.2950846552848816
1493,0.0013846834190189838
1494,0.498550146818161
1495,0.3236027657985687
1496,0.0803678035736084
1497,0.42754748463630676
1498,0.3525562286376953
1499,-0.022274479269981384
1500,0.4162154793739319
1501,0.31651175022125244
1502,-0.027880702167749405
1503,0.4151949882507324
1504,0.3450571894645691
1505,-0.04094774276018143
1506,0.4110923707485199
1507,0.35152512788772583
1508,-0.03774715214967728
1509,0.41551312804222107
1510,0.3472259044647217
1511,-0.03705208748579025
1512,0.42545920610427856
1513,0.35684382915496826
1514,-0.019473876804113388
1515,0.40945759415626526
1516,0.35253065824508667
1517,-0.039918139576911926
1518,0.4091537296772003
1519,0.3556008040904999
1520,-0.0303852129727602
1521,0.42486298084259033
1522,0.2860642969608307
1523,0.005689852871000767
1524,0.42022743821144104
1525,0.28880754113197327
1526,0.0008368739509023726
1527,0.41755375266075134
1528,0.29030266404151917
1529,-0.0052642300724983215
1530,0.4625512659549713
1531,0.2823198139667511
1532,0.008882855996489525
1533,0.46716752648353577
1534,0.27757659554481506
1535,0.009040015749633312
1536,0.7093268036842346
1537,0.7209732532501221
1538,-6.023504539598434e-08
1539,0.6549102663993835
1540,0.6705445647239685
1541,-0.0035392637364566326
1542,0.6357196569442749
1543,0.5980930924415588
1544,-0.006657268386334181
1545,0.6292835474014282
1546,0.53992760181427
1547,-0.014275046065449715
1548,0.6295287013053894
1549,0.49208885431289673
1550,-0.021348629146814346
1551,0.6747233867645264
1552,0.5206073522567749
1553,0.0031185601837933064
1554,0.6655552983283997
1555,0.44471409916877747
1556,-0.014524309895932674
1557,0.6647500991821289
1558,0.3938153386116028
1559,-0.0246464591473341
1560,0.6670820116996765
1561,0.353412926197052
1562,-0.02947143279016018
1563,0.6912604570388794
1564,0.5201754570007324
1565,-0.006393573712557554
1566,0.6319938898086548
1567,0.4856666028499603
1568,-0.03457023203372955
1569,0.5855526328086853
1570,0.470453679561615
1571,-0.04861927404999733
1572,0.5512534976005554
1573,0.46145614981651306
1574,-0.05196214094758034
1575,0.703055739402771
1576,0.5309553146362305
1577,-0.01753421500325203
1578,0.6308854818344116
1579,0.5518010854721069
1580,-0.049004361033439636
1581,0.6288272738456726
1582,0.6079416275024414
1583,-0.04917869344353676
1584,0.6391899585723877
1585,0.6498253345489502
1586,-0.03875438868999481
1587,0.7092264890670776
1588,0.5509432554244995
1589,-0.02952304109930992
1590,0.6459739208221436
1591,0.5679137706756592
1592,-0.049413636326789856
1593,0.6383028030395508
1594,0.6132105588912964
1595,-0.04458676278591156
1596,0.6439279317855835
1597,0.6488785147666931
1598,-0.03364327549934387
1599,0.0
1600,0.0
1601,0.0
1602,0.0
1603,0.0
1604,0.0
1605,0.0
1606,0.0
1607,0.0
1608,0.0
1609,0.0
1610,0.0
1611,0.0
1612,0.0
1613,0.0
1614,0.0
1615,0.0
1616,0.0
1617,0.0
1618,0.0
1619,0.0
1620,0.0
1621,0.0
1622,0.0
1623,0.0
1624,0.0
1625,0.0
1626,0.0
1627,0.0
1628,0.0
1629,0.0
1630,0.0
1631,0.0
1632,0.0
1633,0.0
1634,0.0
1635,0.0
1636,0.0
1637,0.0
1638,0.0
1639,0.0
1640,0.0
1641,0.0
1642,0.0
1643,0.0
1644,0.0
1645,0.0
1646,0.0
1647,0.0
1648,0.0
1649,0.0
1650,0.0
1651,0.0
1652,0.0
1653,0.0
1654,0.0
1655,0.0
1656,0.0
1657,0.0
1658,0.0
1659,0.0
1660,0.0
1661,0.0
