,0
0,0.4536072611808777
1,0.5276297926902771
2,-1.9219461679458618
3,0.9993663430213928
4,0.5027654767036438
5,0.4258653521537781
6,-1.8366804122924805
7,0.9986708760261536
8,0.5289098620414734
9,0.42513903975486755
10,-1.8362705707550049
11,0.9989346861839294
12,0.5513340830802917
13,0.42550748586654663
14,-1.8357455730438232
15,0.9985483288764954
16,0.41613253951072693
17,0.43194785714149475
18,-1.8086926937103271
19,0.9987195134162903
20,0.38965436816215515
21,0.4361248314380646
22,-1.8088032007217407
23,0.9989945292472839
24,0.3672464191913605
25,0.4423612356185913
26,-1.808777093887329
27,0.9988688230514526
28,0.5882214307785034
29,0.4625885784626007
30,-1.2558295726776123
31,0.9988410472869873
32,0.35025084018707275
33,0.4895898699760437
34,-1.115173101425171
35,0.999103307723999
36,0.5099048614501953
37,0.6271414160728455
38,-1.6972004175186157
39,0.9992825984954834
40,0.39858803153038025
41,0.6346570253372192
42,-1.6616361141204834
43,0.9993603825569153
44,0.7381110787391663
45,0.9502801299095154
46,-0.9984610676765442
47,0.9900356531143188
48,0.20892444252967834
49,0.9241584539413452
50,-0.7600159645080566
51,0.9939540028572083
52,0.9427072405815125
53,1.4685213565826416
54,-2.2847182750701904
55,0.5170541405677795
56,-0.05813274532556534
57,1.3983219861984253
58,-1.795946717262268
59,0.6475566029548645
60,0.7587572336196899
61,0.8907865285873413
62,-3.378369092941284
63,0.6588069796562195
64,0.09312016516923904
65,0.8943439722061157
66,-3.1416239738464355
67,0.702161431312561
68,0.76939857006073
69,0.6710187196731567
70,-3.583691358566284
71,0.659004271030426
72,0.08035710453987122
73,0.6978797316551208
74,-3.380594253540039
75,0.69414222240448
76,0.7211854457855225
77,0.6287506222724915
78,-3.3832526206970215
79,0.6728203296661377
80,0.1471118927001953
81,0.6489629149436951
82,-3.2230396270751953
83,0.7165193557739258
84,0.6923328638076782
85,0.7306312918663025
86,-3.337064027786255
87,0.6607420444488525
88,0.1748809516429901
89,0.7342943549156189
90,-3.126642942428589
91,0.7019150257110596
92,0.6414129734039307
93,2.0340847969055176
94,-0.15508481860160828
95,0.006460744421929121
96,0.22519509494304657
97,2.016953229904175
98,0.1604355126619339
99,0.00743864756077528
100,0.6288168430328369
101,2.9055235385894775
102,-0.4897068440914154
103,0.012054483406245708
104,0.2758108675479889
105,2.872800588607788
106,-0.2445715367794037
107,0.004636912606656551
108,0.6417704224586487
109,3.641568422317505
110,0.4830226004123688
111,0.00042561721056699753
112,0.30169984698295593
113,3.629585027694702
114,0.35304468870162964
115,8.015190542209893e-05
116,0.6487475633621216
117,3.759371757507324
118,0.5220155119895935
119,0.00022141118824947625
120,0.299762099981308
121,3.7541399002075195
122,0.38859331607818604
123,0.00012547428195830435
124,0.5894707441329956
125,3.903954267501831
126,-0.3208894431591034
127,0.0003695877967402339
128,0.3526337742805481
129,3.8797645568847656
130,-0.5466781854629517
131,0.0006464744219556451
132,0.43453720211982727
133,0.6220550537109375
134,-0.0308380164206028
135,0.4255976974964142
136,0.5566843152046204
137,-0.06908856332302094
138,0.43222400546073914
139,0.5736023783683777
140,-0.033777616918087006
141,0.41671517491340637
142,0.49699872732162476
143,-0.05426595360040665
144,0.4242936968803406
145,0.5389177203178406
146,-0.0748453140258789
147,0.4252927005290985
148,0.5145670771598816
149,-0.07154656946659088
150,0.4302421510219574
151,0.4531213641166687
152,-0.042229168117046356
153,0.3513531982898712
154,0.44696471095085144
155,0.026119528338313103
156,0.4307955205440521
157,0.40706413984298706
158,-0.03749418258666992
159,0.42958980798721313
160,0.3827614486217499
161,-0.042784251272678375
162,0.42841023206710815
163,0.2909044921398163
164,-0.037713199853897095
165,0.43541303277015686
166,0.6321131587028503
167,-0.02808319590985775
168,0.43693676590919495
169,0.6392768621444702
170,-0.02299288474023342
171,0.4386364221572876
172,0.6416600346565247
173,-0.01659245602786541
174,0.4391462504863739
175,0.6450967788696289
176,-0.01434098556637764
177,0.4391206204891205
178,0.6543866395950317
179,-0.015881182625889778
180,0.439524382352829
181,0.665395200252533
182,-0.01773734577000141
183,0.44078966975212097
184,0.6762965321540833
185,-0.014970285817980766
186,0.4443833827972412
187,0.687784731388092
188,-0.0008789160056039691
189,0.4276440739631653
190,0.5649642944335938
191,-0.06168628856539726
192,0.41822683811187744
193,0.5631571412086487
194,-0.04154898226261139
195,0.32194483280181885
196,0.3769119381904602
197,0.08807659894227982
198,0.38704901933670044
199,0.46177470684051514
200,0.00814296118915081
201,0.3752058148384094
202,0.46379655599594116
203,0.011254342272877693
204,0.36380356550216675
205,0.4637923836708069
206,0.016698330640792847
207,0.3491514325141907
208,0.45307937264442444
209,0.0297101978212595
210,0.3964521288871765
211,0.4570836126804352
212,0.00671150628477335
213,0.3658556640148163
214,0.41815149784088135
215,0.0027462635189294815
216,0.37971776723861694
217,0.4189007580280304
218,-0.00034556520404294133
219,0.3538413643836975
220,0.4210438132286072
221,0.009312542155385017
222,0.34697166085243225
223,0.42707133293151855
224,0.016267767176032066
225,0.34234991669654846
226,0.46544212102890015
227,0.03857864812016487
228,0.40378934144973755
229,0.705255925655365
230,0.027873700484633446
231,0.3471756875514984
232,0.4420930743217468
233,0.03076130896806717
234,0.32264089584350586
235,0.4521184265613556
236,0.10232827812433243
237,0.3318362832069397
238,0.452290803194046
239,0.05278122052550316
240,0.3765206038951874
241,0.5392067432403564
242,0.0028751275967806578
243,0.4186666011810303
244,0.6186674237251282
245,-0.026420963928103447
246,0.4238871932029724
247,0.6387754082679749
248,-0.018320852890610695
249,0.4044414758682251
250,0.6232361197471619
251,-0.01469016820192337
252,0.39713597297668457
253,0.6294295787811279
254,-0.0013055355520918965
255,0.41343629360198975
256,0.6384960412979126
257,-0.010080055333673954
258,0.40613362193107605
259,0.6390608549118042
260,0.0015277308411896229
261,0.3874666392803192
262,0.6540054082870483
263,0.025797279551625252
264,0.41544973850250244
265,0.5563139915466309
266,-0.06648895144462585
267,0.41234898567199707
268,0.5397717952728271
269,-0.0715201124548912
270,0.33020225167274475
271,0.4097435474395752
272,0.020573629066348076
273,0.39893701672554016
274,0.49240386486053467
275,-0.00729619525372982
276,0.3910060524940491
277,0.5504961013793945
278,-0.029051054269075394
279,0.39080363512039185
280,0.5406503081321716
281,-0.02542755752801895
282,0.346783846616745
283,0.5366688370704651
284,0.026909776031970978
285,0.4139232635498047
286,0.5168503522872925
287,-0.06516045331954956
288,0.3516041040420532
289,0.39323890209198
290,-0.00993549358099699
291,0.3375965356826782
292,0.39823678135871887
293,0.00409452710300684
294,0.32560741901397705
295,0.34758812189102173
296,0.05662547051906586
297,0.40371230244636536
298,0.40564337372779846
299,-0.029428349807858467
300,0.39199167490005493
301,0.4240451753139496
302,0.0018819833640009165
303,0.3779906630516052
304,0.6365353465080261
305,0.0292492788285017
306,0.35259851813316345
307,0.6048828363418579
308,0.1545293927192688
309,0.4009062945842743
310,0.5595985054969788
311,-0.024874325841665268
312,0.4115229547023773
313,0.5657280683517456
314,-0.02821677178144455
315,0.38924700021743774
316,0.639463484287262
317,0.026284076273441315
318,0.39542466402053833
319,0.6385738253593445
320,0.021244974806904793
321,0.3321971893310547
322,0.38609999418258667
323,0.01022567879408598
324,0.3924250900745392
325,0.5581030249595642
326,-0.021251263096928596
327,0.37265464663505554
328,0.39433619379997253
329,-0.0216977521777153
330,0.36945101618766785
331,0.379774272441864
332,-0.025716427713632584
333,0.3601456880569458
334,0.3061853051185608
335,-0.006868440192192793
336,0.3286811113357544
337,0.36635953187942505
338,0.03008865937590599
339,0.3656143546104431
340,0.34223586320877075
341,-0.017359819263219833
342,0.32530707120895386
343,0.40101900696754456
344,0.03214326500892639
345,0.32334887981414795
346,0.3900749087333679
347,0.05825834348797798
348,0.4208609163761139
349,0.630437970161438
350,-0.02382362261414528
351,0.409162700176239
352,0.6325919032096863
353,-0.012884036637842655
354,0.4013514518737793
355,0.6347000002861023
356,-0.0009821851272135973
357,0.4046781063079834
358,0.5631254315376282
359,-0.023103579878807068
360,0.39221495389938354
361,0.639517068862915
362,0.02342127449810505
363,0.39675867557525635
364,0.644287109375
365,0.014366637915372849
366,0.39727097749710083
367,0.6370384693145752
368,0.020427513867616653
369,0.4048370122909546
370,0.5536475777626038
371,-0.044322047382593155
372,0.40996164083480835
373,0.6377946734428406
374,0.003457732731476426
375,0.4176163971424103
376,0.6393167972564697
377,-0.004939037375152111
378,0.4272270202636719
379,0.6407490968704224
380,-0.012322025373578072
381,0.427353173494339
382,0.6871958374977112
383,0.0025098200421780348
384,0.4241862893104553
385,0.6745995283126831
386,-0.0111172990873456
387,0.4238763451576233
388,0.6634538769721985
389,-0.013478679582476616
390,0.4247569143772125
391,0.65218186378479
392,-0.011396092362701893
393,0.42629772424697876
394,0.6443570852279663
395,-0.009971576742827892
396,0.40794432163238525
397,0.6413050293922424
398,0.005124097689986229
399,0.4056137204170227
400,0.6444581151008606
401,0.0033997094724327326
402,0.4024128019809723
403,0.6501891613006592
404,0.0027155654970556498
405,0.4002819359302521
406,0.6563613414764404
407,0.006299966014921665
408,0.3870278596878052
409,0.606334924697876
410,0.0023119207471609116
411,0.33717453479766846
412,0.5212608575820923
413,0.16591474413871765
414,0.4298010468482971
415,0.5678197145462036
416,-0.043572694063186646
417,0.40330058336257935
418,0.6399084329605103
419,0.014355620369315147
420,0.4000488817691803
421,0.6417255401611328
422,0.013405234552919865
423,0.4160841405391693
424,0.5742215514183044
425,-0.02794843167066574
426,0.39839112758636475
427,0.5690399408340454
428,-0.01221783459186554
429,0.4138462543487549
430,0.5701673626899719
431,-0.028560426086187363
432,0.3878059685230255
433,0.5029107928276062
434,0.0009925621561706066
435,0.37013787031173706
436,0.515996515750885
437,0.009211796335875988
438,0.3906557857990265
439,0.5482890605926514
440,-0.017166661098599434
441,0.33703798055648804
442,0.3235960602760315
443,0.023505626246333122
444,0.3417362868785858
445,0.3497164249420166
446,0.00555372703820467
447,0.34704506397247314
448,0.3785821497440338
449,-0.0084144975990057
450,0.3983604311943054
451,0.6661545038223267
452,0.01829185150563717
453,0.3978899419307709
454,0.38278236985206604
455,-0.036622628569602966
456,0.39379945397377014
457,0.33926910161972046
458,-0.032707422971725464
459,0.3896406888961792
460,0.29616737365722656
461,-0.0275178961455822
462,0.3543788194656372
463,0.4602433741092682
464,0.023793445900082588
465,0.3328242301940918
466,0.47832101583480835
467,0.04936632141470909
468,0.4023488759994507
469,0.45242518186569214
470,0.007071176543831825
471,0.33786749839782715
472,0.43168145418167114
473,0.029914434999227524
474,0.4061196744441986
475,0.48103952407836914
476,-0.014478180557489395
477,0.39625275135040283
478,0.5439801812171936
479,-0.04385602846741676
480,0.3249223232269287
481,0.48869988322257996
482,0.06804872304201126
483,0.33858999609947205
484,0.49219489097595215
485,0.037546221166849136
486,0.35149526596069336
487,0.49952733516693115
488,0.023207644000649452
489,0.37280750274658203
490,0.49544331431388855
491,0.012806816957890987
492,0.3884233236312866
493,0.4868869483470917
494,0.006099992897361517
495,0.39965930581092834
496,0.47825610637664795
497,-0.0008987821056507528
498,0.41911226511001587
499,0.4582563638687134
500,-0.03434077277779579
501,0.3276700973510742
502,0.5256726145744324
503,0.06813518702983856
504,0.3303101360797882
505,0.4288587272167206
506,0.03738325461745262
507,0.4215903878211975
508,0.564450204372406
509,-0.0596536286175251
510,0.3984123766422272
511,0.5108691453933716
512,-0.011193138547241688
513,0.3277406096458435
514,0.44660136103630066
515,0.14673136174678802
516,0.407784104347229
517,0.4689055383205414
518,-0.0056509594433009624
519,0.3915231227874756
520,0.5485633611679077
521,-0.0038264791946858168
522,0.3446631133556366
523,0.4428771138191223
524,0.03420697897672653
525,0.39649122953414917
526,0.5321258306503296
527,-0.03963863104581833
528,0.34330421686172485
529,0.5617032647132874
530,0.16403470933437347
531,0.4022356867790222
532,0.4455009996891022
533,0.009985248558223248
534,0.40471288561820984
535,0.5227880477905273
536,-0.05489721894264221
537,0.3652607202529907
538,0.6557402610778809
539,0.08342094719409943
540,0.37320518493652344
541,0.669425904750824
542,0.10915660858154297
543,0.3271731734275818
544,0.524334728717804
545,0.11757761985063553
546,0.35355710983276367
547,0.6299317479133606
548,0.10029517859220505
549,0.32273221015930176
550,0.41844651103019714
551,0.08387244492769241
552,0.40480709075927734
553,0.7193430066108704
554,0.03835168108344078
555,0.424838662147522
556,0.5673354268074036
557,-0.041939299553632736
558,0.3893999457359314
559,0.524236261844635
560,-0.0034582610242068768
561,0.32590025663375854
562,0.45468050241470337
563,0.06813875585794449
564,0.3631395697593689
565,0.4530836045742035
566,0.016891004517674446
567,0.3739517033100128
568,0.45403599739074707
569,0.012159788981080055
570,0.3938220739364624
571,0.6473986506462097
572,0.01771429367363453
573,0.33353954553604126
574,0.5591650605201721
575,0.07589858770370483
576,0.4280651807785034
577,0.7422542572021484
578,0.040378522127866745
579,0.3980380892753601
580,0.7131561636924744
581,0.07130708545446396
582,0.38671252131462097
583,0.694799542427063
584,0.08809807896614075
585,0.42862236499786377
586,0.3366047441959381
587,-0.041347019374370575
588,0.4527547061443329
589,0.7467166781425476
590,0.03223244473338127
591,0.3843662738800049
592,0.4523109495639801
593,0.009415573440492153
594,0.3938504159450531
595,0.4489837884902954
596,0.009335651993751526
597,0.39966338872909546
598,0.44709664583206177
599,0.010609549470245838
600,0.3252490162849426
601,0.4244006276130676
602,0.05170533433556557
603,0.39132392406463623
604,0.43363577127456665
605,0.0062750778160989285
606,0.3805208206176758
607,0.42913714051246643
608,0.005238117650151253
609,0.3689687252044678
610,0.4285469949245453
611,0.00790148600935936
612,0.3580523729324341
613,0.4316175580024719
614,0.013120105490088463
615,0.35201573371887207
616,0.4363047480583191
617,0.01878977008163929
618,0.3228086829185486
619,0.4080422520637512
620,0.12014184147119522
621,0.35601288080215454
622,0.4502866864204407
623,0.02206471562385559
624,0.4335677921772003
625,0.5889574289321899
626,-0.02992182783782482
627,0.39495179057121277
628,0.5960276126861572
629,-0.008763422258198261
630,0.39976173639297485
631,0.556830108165741
632,-0.03071577660739422
633,0.4160916805267334
634,0.5912477374076843
635,-0.025766614824533463
636,0.43171003460884094
637,0.42903563380241394
638,-0.03490729629993439
639,0.3782574236392975
640,0.6801465749740601
641,0.06959801912307739
642,0.39110666513442993
643,0.6992083787918091
644,0.05491918325424194
645,0.42368513345718384
646,0.7345842719078064
647,0.022444751113653183
648,0.3628003001213074
649,0.6412714123725891
650,0.13385207951068878
651,0.39865657687187195
652,0.4407620131969452
653,0.00831418577581644
654,0.410572350025177
655,0.48769497871398926
656,-0.034074682742357254
657,0.44960659742355347
658,0.7387604713439941
659,0.015032624825835228
660,0.41095349192619324
661,0.7300049662590027
662,0.053722281008958817
663,0.3339400589466095
664,0.5612557530403137
665,0.11930286884307861
666,0.41589364409446716
667,0.642973005771637
668,-0.0027728709392249584
669,0.41359663009643555
670,0.6486896872520447
671,-0.004538324195891619
672,0.41146591305732727
673,0.6572941541671753
674,-0.005524415988475084
675,0.410533607006073
676,0.6672643423080444
677,-0.0024424646981060505
678,0.4109764099121094
679,0.6781612038612366
680,0.009511859156191349
681,0.3997544050216675
682,0.6386725902557373
683,0.012156147509813309
684,0.3953186869621277
685,0.6371413469314575
686,0.01278281956911087
687,0.3914991021156311
688,0.6340616941452026
689,0.013036319985985756
690,0.380601704120636
691,0.6205141544342041
692,0.016051998361945152
693,0.34410127997398376
694,0.5720078349113464
695,0.046426836401224136
696,0.41275864839553833
697,0.4685719907283783
698,-0.023529520258307457
699,0.4090341329574585
700,0.4337061047554016
701,-0.003512945491820574
702,0.40297237038612366
703,0.4359496235847473
704,0.003792343894019723
705,0.4035364091396332
706,0.6361997723579407
707,0.013213848695158958
708,0.3501502275466919
709,0.6106276512145996
710,0.0712491124868393
711,0.4168531596660614
712,0.4329989552497864
713,-0.022518986836075783
714,0.4073837101459503
715,0.6907455921173096
716,0.019359182566404343
717,0.4270764887332916
718,0.49381783604621887
719,-0.0612359344959259
720,0.4175333082675934
721,0.47874870896339417
722,-0.04595721513032913
723,0.4286876916885376
724,0.47438764572143555
725,-0.05130016431212425
726,0.4022158682346344
727,0.5158933997154236
728,-0.029975537210702896
729,0.4473361372947693
730,0.7238597869873047
731,0.005516492296010256
732,0.4457160532474518
733,0.704364001750946
734,0.002622490981593728
735,0.425277441740036
736,0.7024244666099548
737,0.008562353439629078
738,0.3801243305206299
739,0.6569936871528625
740,0.035754088312387466
741,0.38371387124061584
742,0.5633611679077148
743,0.002286846749484539
744,0.3928601145744324
745,0.6756461262702942
746,0.028651226311922073
747,0.36140722036361694
748,0.5605574250221252
749,0.013606150634586811
750,0.37575018405914307
751,0.581771969795227
752,0.00930901151150465
753,0.3561691641807556
754,0.5877898335456848
755,0.02944047562777996
756,0.42280441522598267
757,0.7206399440765381
758,0.013153979554772377
759,0.3967554569244385
760,0.5253439545631409
761,-0.018237873911857605
762,0.37531253695487976
763,0.66583251953125
764,0.05158492550253868
765,0.3896973431110382
766,0.6859821081161499
767,0.041706983000040054
768,0.36970973014831543
769,0.6352349519729614
770,0.03716794773936272
771,0.3405190706253052
772,0.5875245332717896
773,0.08302702009677887
774,0.3609722852706909
775,0.6332912445068359
776,0.05269189551472664
777,0.34234294295310974
778,0.5960267782211304
779,0.11680174618959427
780,0.37019750475883484
781,0.6049565672874451
782,0.020220927894115448
783,0.4046923518180847
784,0.4989315867424011
785,-0.021828800439834595
786,0.4003371596336365
787,0.5512692928314209
788,-0.04690002277493477
789,0.3946819305419922
790,0.5559360384941101
791,-0.031106673181056976
792,0.40339070558547974
793,0.5408169627189636
794,-0.058119792491197586
795,0.39789527654647827
796,0.41928625106811523
797,-0.007014523725956678
798,0.3772215247154236
799,0.4108789563179016
800,-0.0069702002219855785
801,0.35978665947914124
802,0.40977799892425537
803,-0.002596501726657152
804,0.3466702699661255
805,0.4124065339565277
806,0.00610107509419322
807,0.33929187059402466
808,0.4193986654281616
809,0.016560446470975876
810,0.3393884301185608
811,0.44758421182632446
812,0.04091531038284302
813,0.3233085870742798
814,0.48810505867004395
815,0.1113680899143219
816,0.3476073145866394
817,0.47369417548179626
818,0.031486690044403076
819,0.3588623106479645
820,0.47912442684173584
821,0.021576933562755585
822,0.3739076554775238
823,0.4781731367111206
824,0.013457002118229866
825,0.38829195499420166
826,0.4731121063232422
827,0.00819696206599474
828,0.39904487133026123
829,0.4668942987918854
830,0.004386987537145615
831,0.4063454270362854
832,0.4611472487449646
833,0.001676624990068376
834,0.3331131339073181
835,0.48337772488594055
836,0.16077165305614471
837,0.39643973112106323
838,0.5606178641319275
839,-0.024418441578745842
840,0.40854915976524353
841,0.5048388242721558
842,-0.04256494343280792
843,0.40747538208961487
844,0.5529048442840576
845,-0.058703407645225525
846,0.41641491651535034
847,0.5608607530593872
848,-0.05395226553082466
849,0.4089747667312622
850,0.5548520088195801
851,-0.05201709643006325
852,0.40100908279418945
853,0.5660686492919922
854,-0.020355822518467903
855,0.41811421513557434
856,0.5629700422286987
857,-0.057593826204538345
858,0.4209420680999756
859,0.5660421848297119
860,-0.041746072471141815
861,0.4059228003025055
862,0.44701963663101196
863,0.00676674023270607
864,0.41179728507995605
865,0.4515582025051117
866,-0.0025508368853479624
867,0.41389012336730957
868,0.45512452721595764
869,-0.01233207993209362
870,0.3490176498889923
871,0.4395821690559387
872,0.02413954958319664
873,0.3432311713695526
874,0.4332173764705658
875,0.025264181196689606
876,0.4394097626209259
877,0.4957849085330963
878,-0.05884796753525734
879,0.5353834629058838
880,0.4349002242088318
881,-0.0074973320588469505
882,0.442944198846817
883,0.562459409236908
884,-0.04505142942070961
885,0.5878836512565613
886,0.3553959131240845
887,0.03585102781653404
888,0.49523353576660156
889,0.45437031984329224
890,-0.013466240838170052
891,0.5085038542747498
892,0.45494574308395386
893,-0.014626131393015385
894,0.521818220615387
895,0.453648179769516
896,-0.013425067067146301
897,0.540820300579071
898,0.4407291114330292
899,-0.005893115419894457
900,0.48401227593421936
901,0.45091211795806885
902,-0.010337213054299355
903,0.5127218961715698
904,0.4062459170818329
905,-0.02452824078500271
906,0.4976852536201477
907,0.40890946984291077
908,-0.021816633641719818
909,0.5269160866737366
910,0.40767836570739746
911,-0.02224048599600792
912,0.5367990136146545
913,0.4129292070865631
914,-0.01793079264461994
915,0.5515096783638
916,0.45229440927505493
917,0.00018617097521200776
918,0.498313844203949
919,0.7050696611404419
920,0.012485194019973278
921,0.5410856008529663
922,0.42911452054977417
923,-0.004547852091491222
924,0.5952134728431702
925,0.434067964553833
926,0.04916219785809517
927,0.5673726797103882
928,0.43690046668052673
929,0.009447911754250526
930,0.5051730275154114
931,0.5331040024757385
932,-0.018468547612428665
933,0.4521528482437134
934,0.6177354454994202
935,-0.032084520906209946
936,0.45249322056770325
937,0.6380262970924377
938,-0.02341405116021633
939,0.4723063111305237
940,0.6221327781677246
941,-0.026311494410037994
942,0.48596978187561035
943,0.6276227831840515
944,-0.01739617995917797
945,0.4669538736343384
946,0.6374357342720032
947,-0.020266616716980934
948,0.4786839187145233
949,0.6373216509819031
950,-0.01197024341672659
951,0.5090304017066956
952,0.6510260105133057
953,0.005336039233952761
954,0.43697115778923035
955,0.5552394986152649
956,-0.06942528486251831
957,0.4381810426712036
958,0.5384719967842102
959,-0.0750461220741272
960,0.5558707118034363
961,0.39252424240112305
962,-0.01993834227323532
963,0.4771316647529602
964,0.48793160915374756
965,-0.021237097680568695
966,0.4765622317790985
967,0.5473363995552063
968,-0.0422777459025383
969,0.47865310311317444
970,0.5370896458625793
971,-0.03913181275129318
972,0.5462803840637207
973,0.5267441868782043
974,-0.008854202926158905
975,0.4384506940841675
976,0.5156188011169434
977,-0.06955356895923615
978,0.5208048224449158
979,0.37859398126602173
980,-0.03749602660536766
981,0.5410308837890625
982,0.3817918002605438
983,-0.030742410570383072
984,0.5712217688560486
985,0.32625114917755127
986,0.010022779926657677
987,0.4606401324272156
988,0.4005056619644165
989,-0.0382537804543972
990,0.48536261916160583
991,0.41625267267227173
992,-0.015539772808551788
993,0.5177414417266846
994,0.632682204246521
995,0.004559957422316074
996,0.5911716222763062
997,0.5977582931518555
998,0.10617770999670029
999,0.46707671880722046
1000,0.5576042532920837
1001,-0.034701235592365265
1002,0.45537105202674866
1003,0.5644727945327759
1004,-0.033069051802158356
1005,0.503981351852417
1006,0.6362650990486145
1007,0.004814862739294767
1008,0.49770715832710266
1009,0.6356289982795715
1010,0.0022851277608424425
1011,0.5484669208526611
1012,0.3682980537414551
1013,-0.027082661166787148
1014,0.4790180027484894
1015,0.5552026629447937
1016,-0.034191861748695374
1017,0.4945375919342041
1018,0.38353365659713745
1019,-0.040576688945293427
1020,0.49597835540771484
1021,0.3681614398956299
1022,-0.04520571976900101
1023,0.5088139772415161
1024,0.292060911655426
1025,-0.03333035856485367
1026,0.5590395927429199
1027,0.34699347615242004
1028,-0.011443156749010086
1029,0.5001989603042603
1030,0.32964250445365906
1031,-0.0400983989238739
1032,0.5646631121635437
1033,0.38247907161712646
1034,-0.011423592455685139
1035,0.5758808851242065
1036,0.3702375292778015
1037,0.010843407362699509
1038,0.4524429738521576
1039,0.6296539902687073
1040,-0.029278744012117386
1041,0.46913623809814453
1042,0.6316266655921936
1043,-0.023864401504397392
1044,0.48213139176368713
1045,0.6328649520874023
1046,-0.015643950551748276
1047,0.46411311626434326
1048,0.5615222454071045
1049,-0.031069695949554443
1050,0.5006292462348938
1051,0.6363570094108582
1052,0.0034752897918224335
1053,0.4941194951534271
1054,0.641440749168396
1055,-0.002628724556416273
1056,0.4962557256221771
1057,0.6343164443969727
1058,0.0020245853811502457
1059,0.45586299896240234
1060,0.5519166588783264
1061,-0.053380463272333145
1062,0.4768085181713104
1063,0.6359331011772156
1064,-0.009314616210758686
1065,0.4653143584728241
1066,0.6381514668464661
1067,-0.014295286498963833
1068,0.4523245394229889
1069,0.6399980783462524
1070,-0.017410725355148315
1071,0.4633028209209442
1072,0.6863558292388916
1073,-0.0023233629763126373
1074,0.4593448340892792
1075,0.6736270785331726
1076,-0.016729051247239113
1077,0.45711565017700195
1078,0.6624560356140137
1079,-0.01921875774860382
1080,0.45516934990882874
1081,0.6513122320175171
1082,-0.01710875704884529
1083,0.4540412425994873
1084,0.6436904668807983
1085,-0.015374158509075642
1086,0.47985202074050903
1087,0.6393131017684937
1088,-0.007816112600266933
1089,0.4820052981376648
1090,0.6421573162078857
1091,-0.009559931233525276
1092,0.4856208264827728
1093,0.6477274894714355
1094,-0.010734643787145615
1095,0.4889926612377167
1096,0.6537665128707886
1097,-0.008137182332575321
1098,0.4960922598838806
1099,0.6029313206672668
1100,-0.016159959137439728
1101,0.6034250259399414
1102,0.5074784159660339
1103,0.11159365624189377
1104,0.4876401126384735
1105,0.6374642252922058
1106,-0.00190027488861233
1107,0.49046099185943604
1108,0.6391152739524841
1109,-0.0029146557208150625
1110,0.45083391666412354
1111,0.5731717944145203
1112,-0.032721977680921555
1113,0.47574740648269653
1114,0.5668068528175354
1115,-0.022456256672739983
1116,0.45293527841567993
1117,0.5689383149147034
1118,-0.033269915729761124
1119,0.49181002378463745
1120,0.4971565306186676
1121,-0.017757071182131767
1122,0.5136252641677856
1123,0.5082964301109314
1124,-0.016079619526863098
1125,0.48228442668914795
1126,0.5447561144828796
1127,-0.0312108863145113
1128,0.5458068251609802
1129,0.3043360114097595
1130,-0.014517483301460743
1131,0.5349605679512024
1132,0.3324151039123535
1133,-0.027761496603488922
1134,0.5250349640846252
1135,0.36288589239120483
1136,-0.03776935487985611
1137,0.4966945946216583
1138,0.6641852855682373
1139,0.0015182379866018891
1140,0.4633147120475769
1141,0.37625402212142944
1142,-0.04625951871275902
1143,0.46597081422805786
1144,0.33263111114501953
1145,-0.04443911090493202
1146,0.47081291675567627
1147,0.28836196660995483
1148,-0.040800005197525024
1149,0.5338572859764099
1150,0.44886472821235657
1151,-0.009769843891263008
1152,0.5662283897399902
1153,0.46416589617729187
1154,0.006428391672670841
1155,0.47681835293769836
1156,0.4472162127494812
1157,-0.00815458782017231
1158,0.5515559911727905
1159,0.4165768027305603
1160,-0.009155554696917534
1161,0.46633806824684143
1162,0.47745341062545776
1163,-0.025788048282265663
1164,0.4653235375881195
1165,0.5412049293518066
1166,-0.05456423759460449
1167,0.5819910168647766
1168,0.473733127117157
1169,0.01935083419084549
1170,0.5560548305511475
1171,0.47951143980026245
1172,-0.0025341648142784834
1173,0.5376604199409485
1174,0.48877647519111633
1175,-0.010770941153168678
1176,0.5113966464996338
1177,0.4873286485671997
1178,-0.012969797477126122
1179,0.49267449975013733
1180,0.48052018880844116
1181,-0.013328350149095058
1182,0.4785299301147461
1183,0.4733784794807434
1184,-0.015516185201704502
1185,0.4442485570907593
1186,0.4565010666847229
1187,-0.03909684717655182
1188,0.5803175568580627
1189,0.5129321813583374
1190,0.02007446624338627
1191,0.5627791285514832
1192,0.4124705493450165
1193,-0.005532961338758469
1194,0.4344385862350464
1195,0.5638765096664429
1196,-0.062063056975603104
1197,0.4755891263484955
1198,0.5069901347160339
1199,-0.02473902329802513
1200,0.6034135222434998
1201,0.4277137517929077
1202,0.09071985632181168
1203,0.46721547842025757
1204,0.46507692337036133
1205,-0.016969922930002213
1206,0.48503026366233826
1207,0.5449255704879761
1208,-0.01769055612385273
1209,0.545569896697998
1210,0.4292229413986206
1211,-0.0028225702699273825
1212,0.46741974353790283
1213,0.52909255027771
1214,-0.05056636407971382
1215,0.6000571846961975
1216,0.5509622097015381
1217,0.11220229417085648
1218,0.477538526058197
1219,0.4402933716773987
1220,-0.005872725043445826
1221,0.45277392864227295
1222,0.5204533934593201
1223,-0.06282726675271988
1224,0.5568057298660278
1225,0.6535525321960449
1226,0.047629330307245255
1227,0.5597922205924988
1228,0.6684773564338684
1229,0.07262502610683441
1230,0.5971807241439819
1231,0.5106341242790222
1232,0.06473958492279053
1233,0.5736001133918762
1234,0.6253740787506104
1235,0.058349452912807465
1236,0.5860510468482971
1237,0.3991955816745758
1238,0.03308483585715294
1239,0.5022017359733582
1240,0.719990611076355
1241,0.021469006314873695
1242,0.4350975453853607
1243,0.5668016076087952
1244,-0.043418385088443756
1245,0.4888128340244293
1246,0.5194455981254578
1247,-0.020108124241232872
1248,0.579806387424469
1249,0.4381789565086365
1250,0.02032938227057457
1251,0.5203740000724792
1252,0.4426177442073822
1253,-0.012540658935904503
1254,0.5083443522453308
1255,0.4447770118713379
1256,-0.013832580298185349
1257,0.49814337491989136
1258,0.6443464756011963
1259,-0.0005084876902401447
1260,0.5791299939155579
1261,0.5488347411155701
1262,0.029640277847647667
1263,0.4797336757183075
1264,0.7428088784217834
1265,0.031156716868281364
1266,0.5211391448974609
1267,0.7146722078323364
1268,0.04769052937626839
1269,0.5390470027923584
1270,0.695905327796936
1271,0.05856451019644737
1272,0.49720847606658936
1273,0.4442855417728424
1274,-0.0127190463244915
1275,0.48681527376174927
1276,0.4422377347946167
1277,-0.009711402468383312
1278,0.4804514944553375
1279,0.4413640797138214
1280,-0.0064932797104120255
1281,0.5732834935188293
1282,0.40655118227005005
1283,0.005309057887643576
1284,0.48885607719421387
1285,0.4264944791793823
1286,-0.013304058462381363
1287,0.5005773901939392
1288,0.4201235771179199
1289,-0.017452601343393326
1290,0.5124133825302124
1291,0.41824907064437866
1292,-0.018634207546710968
1293,0.5247451663017273
1294,0.41998738050460815
1295,-0.01714053563773632
1296,0.5326234102249146
1297,0.42391735315322876
1298,-0.01360199972987175
1299,0.5977343320846558
1300,0.3873472213745117
1301,0.06530164927244186
1302,0.528975248336792
1303,0.4390706717967987
1304,-0.009973797015845776
1305,0.48274654150009155
1306,0.5935128927230835
1307,-0.02266320027410984
1308,0.4661509394645691
1309,0.5545594692230225
1310,-0.039949994534254074
1311,0.4534280598163605
1312,0.5902228355407715
1313,-0.031467776745557785
1314,0.5393829941749573
1315,0.6798583269119263
1316,0.04069644957780838
1317,0.5217958688735962
1318,0.7000766396522522
1319,0.032209109514951706
1320,0.4779776632785797
1321,0.7349483370780945
1322,0.013620284385979176
1323,0.576850414276123
1324,0.6375559568405151
1325,0.09053518623113632
1326,0.4809349775314331
1327,0.43513938784599304
1328,-0.009100754745304585
1329,0.45374593138694763
1330,0.4852965772151947
1331,-0.04169946163892746
1332,0.5015681385993958
1333,0.7312037944793701
1334,0.0363890677690506
1335,0.594161868095398
1336,0.550574004650116
1337,0.06869509071111679
1338,0.46766695380210876
1339,0.6415113806724548
1340,-0.012553791515529156
1341,0.4699932634830475
1342,0.6469101309776306
1343,-0.014528750441968441
1344,0.47287988662719727
1345,0.6553061604499817
1346,-0.016013674437999725
1347,0.47557908296585083
1348,0.6652334928512573
1349,-0.013405021280050278
1350,0.48192453384399414
1351,0.6766989231109619
1352,-0.0024657761678099632
1353,0.4898839294910431
1354,0.6362199783325195
1355,-0.004786296747624874
1356,0.4936894476413727
1357,0.634490430355072
1358,-0.005766246467828751
1359,0.49744880199432373
1360,0.6312729120254517
1361,-0.006565419491380453
1362,0.5086273550987244
1363,0.6165692210197449
1364,-0.006890495307743549
1365,0.5590665340423584
1366,0.5633046627044678
1367,0.007816730998456478
1368,0.4550880491733551
1369,0.4659142792224884
1370,-0.03152010962367058
1371,0.4648072123527527
1372,0.42948514223098755
1373,-0.013762426562607288
1374,0.4743044078350067
1375,0.43069636821746826
1376,-0.010881297290325165
1377,0.48691120743751526
1378,0.6338707804679871
1379,-0.002933886833488941
1380,0.5642622709274292
1381,0.6044371128082275
1382,0.03191488981246948
1383,0.45061931014060974
1384,0.43038177490234375
1385,-0.0285524670034647
1386,0.4908422529697418
1387,0.6900447010993958
1388,0.0061014266684651375
1389,0.44201552867889404
1390,0.47728726267814636
1391,-0.05007381737232208
1392,0.4647443890571594
1393,0.5128046870231628
1394,-0.039972689002752304
1395,0.4689774811267853
1396,0.702172040939331
1397,0.0022881473414599895
1398,0.5215288400650024
1399,0.6544881463050842
1400,0.01227957010269165
1401,0.49692025780677795
1402,0.5588487386703491
1403,-0.015212791040539742
1404,0.5082811713218689
1405,0.674422562122345
1406,0.010088343173265457
1407,0.5269140005111694
1408,0.5532615184783936
1409,-0.01397463958710432
1410,0.5094923973083496
1411,0.576515793800354
1412,-0.012776496820151806
1413,0.5403932332992554
1414,0.5807832479476929
1415,-0.002217788714915514
1416,0.4744682312011719
1417,0.7204452157020569
1418,0.004829944111406803
1419,0.47522130608558655
1420,0.5217810869216919
1421,-0.030700674280524254
1422,0.5336987972259521
1423,0.6640571355819702
1424,0.02440713159739971
1425,0.5166292786598206
1426,0.6856537461280823
1427,0.020879065617918968
1428,0.5305613279342651
1429,0.6310329437255859
1430,0.008897419087588787
1431,0.5769506692886353
1432,0.5793328881263733
1433,0.03902607783675194
1434,0.5476733446121216
1435,0.6289736032485962
1436,0.019723571836948395
1437,0.5878000259399414
1438,0.5882745981216431
1439,0.06900068372488022
1440,0.5216639637947083
1441,0.5996153950691223
1442,-0.005921033211052418
1443,0.464605450630188
1444,0.4958147406578064
1445,-0.03265956789255142
1446,0.4600865840911865
1447,0.5491496324539185
1448,-0.05669660121202469
1449,0.47205159068107605
1450,0.5533300638198853
1451,-0.04236753284931183
1452,0.45194879174232483
1453,0.538805365562439
1454,-0.06614627689123154
1455,0.4746558368206024
1456,0.4131240248680115
1457,-0.021016478538513184
1458,0.4960187077522278
1459,0.40100157260894775
1460,-0.027259500697255135
1461,0.515329897403717
1462,0.39699697494506836
1463,-0.029300156980752945
1464,0.5320979952812195
1465,0.39792191982269287
1466,-0.026533400639891624
1467,0.5445147156715393
1468,0.4038788080215454
1469,-0.01990414969623089
1470,0.5547735095024109
1471,0.4332917034626007
1472,0.0013684765435755253
1473,0.5980963706970215
1474,0.47195005416870117
1475,0.05709691345691681
1476,0.5436278581619263
1477,0.46148934960365295
1478,-0.004589805845171213
1479,0.5287967920303345
1480,0.4686717987060547
1481,-0.00980890728533268
1482,0.5105015635490417
1483,0.4696187376976013
1484,-0.012189861387014389
1485,0.49373194575309753
1486,0.46621498465538025
1487,-0.011946809478104115
1488,0.48081904649734497
1489,0.46148568391799927
1490,-0.010905612260103226
1491,0.4714323878288269
1492,0.45668843388557434
1493,-0.01078612171113491
1494,0.6040589809417725
1495,0.46684953570365906
1496,0.10497342795133591
1497,0.47316449880599976
1498,0.5582151412963867
1499,-0.035366594791412354
1500,0.4521200656890869
1501,0.5025400519371033
1502,-0.050456415861845016
1503,0.4478994607925415
1504,0.5514280796051025
1505,-0.06497862190008163
1506,0.44210097193717957
1507,0.5599976181983948
1508,-0.05752221867442131
1509,0.4492449462413788
1510,0.5534312129020691
1511,-0.058410000056028366
1512,0.47024112939834595
1513,0.564287543296814
1514,-0.029582561925053596
1515,0.4389004707336426
1516,0.5621435642242432
1517,-0.060535624623298645
1518,0.4397044777870178
1519,0.5654498934745789
1520,-0.04419557377696037
1521,0.472190797328949
1522,0.4422886073589325
1523,-0.006596406456083059
1524,0.46371206641197205
1525,0.4478214681148529
1526,-0.01229295413941145
1527,0.45815080404281616
1528,0.4520184099674225
1529,-0.020395666360855103
1530,0.5372860431671143
1531,0.4268159866333008
1532,-0.009691509418189526
1533,0.5441243648529053
1534,0.41887032985687256
1535,-0.010812240652740002
1536,0.7598981857299805
1537,0.8786619901657104
1538,3.083792989855283e-07
1539,0.6816065311431885
1540,0.8233435750007629
1541,-0.015752175822854042
1542,0.6305551528930664
1543,0.7171104550361633
1544,-0.019000396132469177
1545,0.6060023307800293
1546,0.6336662769317627
1547,-0.023207655176520348
1548,0.5764731764793396
1549,0.5744335055351257
1550,-0.02746902033686638
1551,0.7004750967025757
1552,0.563684344291687
1553,0.006786231882870197
1554,0.6846492290496826
1555,0.45283353328704834
1556,-0.005546629428863525
1557,0.6776019334793091
1558,0.3852554261684418
1559,-0.020729897543787956
1560,0.6749217510223389
1561,0.32695117592811584
1562,-0.0333239883184433
1563,0.7532377243041992
1564,0.5544387102127075
1565,-0.002901087049394846
1566,0.7603573799133301
1567,0.42676660418510437
1568,-0.011821506544947624
1569,0.7637902498245239
1570,0.3487274944782257
1571,-0.026658138260245323
1572,0.7660219073295593
1573,0.28622564673423767
1574,-0.03917461261153221
1575,0.7996250987052917
1576,0.5700081586837769
1577,-0.017549343407154083
1578,0.8189405202865601
1579,0.45238566398620605
1580,-0.03131045028567314
1581,0.8266372084617615
1582,0.3777849078178406
1583,-0.04563577473163605
1584,0.8296235799789429
1585,0.31392818689346313
1586,-0.05702308937907219
1587,0.8415612578392029
1588,0.6042616367340088
1589,-0.03455977514386177
1590,0.8699251413345337
1591,0.5118575692176819
1592,-0.048473842442035675
1593,0.8832142353057861
1594,0.4489744305610657
1595,-0.055837295949459076
1596,0.891105055809021
1597,0.38982874155044556
1598,-0.0617842972278595
1599,0.10249926149845123
1600,0.8477997183799744
1601,4.752067752633593e-07
1602,0.1835324466228485
1603,0.8000426292419434
1604,-0.018642380833625793
1605,0.236835777759552
1606,0.7041401863098145
1607,-0.020856942981481552
1608,0.2604846656322479
1609,0.621614396572113
1610,-0.022670216858386993
1611,0.27898281812667847
1612,0.5614153146743774
1613,-0.02416597120463848
1614,0.17508822679519653
1615,0.5798760056495667
1616,-0.005369183607399464
1617,0.199072927236557
1618,0.4748178720474243
1619,-0.01721261814236641
1620,0.21001338958740234
1621,0.40915989875793457
1622,-0.027478473260998726
1623,0.21644553542137146
1624,0.35728365182876587
1625,-0.03473810479044914
1626,0.12376341968774796
1627,0.5663677453994751
1628,-0.008400877937674522
1629,0.13481007516384125
1630,0.4449234902858734
1631,-0.018163636326789856
1632,0.14070874452590942
1633,0.3711063861846924
1634,-0.028425075113773346
1635,0.1426299661397934
1636,0.31398114562034607
1637,-0.03572704270482063
1638,0.0760803371667862
1639,0.5744385123252869
1640,-0.015231414698064327
1641,0.0668218806385994
1642,0.45995190739631653
1643,-0.027348380535840988
1644,0.06481122225522995
1645,0.3906025290489197
1646,-0.03913300484418869
1647,0.06482590734958649
1648,0.3360793888568878
1649,-0.047139428555965424
1650,0.030684970319271088
1651,0.6020472049713135
1652,-0.02414068579673767
1653,0.003955066204071045
1654,0.5135149359703064
1655,-0.03732287883758545
1656,-0.007254436612129211
1657,0.4550063908100128
1658,-0.04462514817714691
1659,-0.011138886213302612
1660,0.4029579162597656
1661,-0.048849135637283325
