,0
0,0.40233057737350464
1,0.3643655776977539
2,-0.6818929314613342
3,0.9999964833259583
4,0.43125686049461365
5,0.3050641715526581
6,-0.6244546175003052
7,0.9999938011169434
8,0.44760212302207947
9,0.3053206503391266
10,-0.6239045858383179
11,0.9999942779541016
12,0.4606712758541107
13,0.3056305944919586
14,-0.6233139634132385
15,0.9999933242797852
16,0.3775600790977478
17,0.3092997372150421
18,-0.6267986297607422
19,0.9999934434890747
20,0.36001771688461304
21,0.3097211718559265
22,-0.6257340908050537
23,0.9999930262565613
24,0.34351852536201477
25,0.31078431010246277
26,-0.6257809996604919
27,0.9999920725822449
28,0.4822257161140442
29,0.3365325331687927
30,-0.2865206003189087
31,0.9999935030937195
32,0.32783547043800354
33,0.34470334649086
34,-0.30506712198257446
35,0.9999948740005493
36,0.4402775168418884
37,0.4291062355041504
38,-0.5623027682304382
39,0.9999955892562866
40,0.3739567697048187
41,0.4309239089488983
42,-0.5629952549934387
43,0.9999960064888
44,0.6157015562057495
45,0.6706031560897827
46,-0.14690668880939484
47,0.9999439120292664
48,0.20251300930976868
49,0.6918185353279114
50,-0.15675301849842072
51,0.9996770620346069
52,0.7558362483978271
53,1.0396441221237183
54,-0.46582046151161194
55,0.9110048413276672
56,0.10460434854030609
57,1.0385345220565796
58,-0.13154399394989014
59,0.37258008122444153
60,0.7260535359382629
61,0.6280869245529175
62,-0.8550741076469421
63,0.9500895142555237
64,0.09038802236318588
65,1.4958300590515137
66,-0.44598454236984253
67,0.30576345324516296
68,0.6908066868782043
69,0.4843937158584595
70,-0.9701202511787415
71,0.9444788694381714
72,0.05656356364488602
73,1.611646294593811
74,-0.49686962366104126
75,0.3621620535850525
76,0.6696407198905945
77,0.4537713825702667
78,-0.8543969392776489
79,0.9494244456291199
80,0.08620104193687439
81,1.605070948600769
82,-0.5839821696281433
83,0.48235705494880676
84,0.6637965440750122
85,0.5028197169303894
86,-0.8309451937675476
87,0.9467634558677673
88,0.11007094383239746
89,1.5651204586029053
90,-0.49874940514564514
91,0.4932602345943451
92,0.5692123174667358
93,1.4606642723083496
94,-0.06285203248262405
95,0.003189127892255783
96,0.2885882258415222
97,1.465108871459961
98,0.06948832422494888
99,0.0018470330396667123
100,0.5633683204650879
101,2.133084774017334
102,-0.19937491416931152
103,0.0004109075234737247
104,0.30623406171798706
105,2.1271629333496094
106,0.11323988437652588
107,9.372409840580076e-05
108,0.5631831288337708
109,2.715946674346924
110,0.23557385802268982
111,1.812831760616973e-05
112,0.32102495431900024
113,2.70412015914917
114,0.43270373344421387
115,2.2395838641386945e-06
116,0.571819543838501
117,2.7951552867889404
118,0.2505185604095459
119,1.664628871367313e-05
120,0.31396007537841797
121,2.7874672412872314
122,0.45173898339271545
123,6.895511887705652e-06
124,0.5226632356643677
125,2.8940396308898926
126,-0.27672627568244934
127,5.0778737204382196e-05
128,0.36346718668937683
129,2.8854432106018066
130,-0.10741619765758514
131,1.765271372278221e-05
132,0.40056195855140686
133,0.4294678568840027
134,-0.019218651577830315
135,0.3971415162086487
136,0.39020711183547974
137,-0.04411214217543602
138,0.398589164018631
139,0.40062984824180603
140,-0.021174656227231026
141,0.3885342478752136
142,0.35049867630004883
143,-0.036105334758758545
144,0.39638251066207886
145,0.37823912501335144
146,-0.04783258214592934
147,0.3957672417163849
148,0.36198312044143677
149,-0.04583784565329552
150,0.39467793703079224
151,0.3220747113227844
152,-0.027736883610486984
153,0.338287353515625
154,0.3183348774909973
155,0.007436463143676519
156,0.3938060402870178
157,0.29574885964393616
158,-0.025550633668899536
159,0.3932103216648102
160,0.28043821454048157
161,-0.029209475964307785
162,0.3908023536205292
163,0.21601593494415283
164,-0.025952495634555817
165,0.4009642004966736
166,0.4356260895729065
167,-0.01767786778509617
168,0.40133023262023926
169,0.43994420766830444
170,-0.014505739323794842
171,0.401626855134964
172,0.4413403570652008
173,-0.010435976088047028
174,0.4019220471382141
175,0.4474537670612335
176,-0.008233185857534409
177,0.40220919251441956
178,0.4533419907093048
179,-0.009104475378990173
180,0.4025980234146118
181,0.46036553382873535
182,-0.010026800446212292
183,0.40308743715286255
184,0.46749383211135864
185,-0.0077050477266311646
186,0.4038673937320709
187,0.4764997363090515
188,0.0021382845006883144
189,0.39771121740341187
190,0.3957463800907135
191,-0.03935893997550011
192,0.3901965320110321
193,0.3945325016975403
194,-0.027367280796170235
195,0.30988645553588867
196,0.2737150490283966
197,0.04160918667912483
198,0.36197927594184875
199,0.3277899920940399
200,-0.0007338756113313138
201,0.3542178273200989
202,0.3291372060775757
203,-6.751997716492042e-06
204,0.34656965732574463
205,0.329215407371521
206,0.0023714574053883553
207,0.33584776520729065
208,0.3227776288986206
209,0.00913164485245943
210,0.36822497844696045
211,0.3247314691543579
212,-0.0006064072367735207
213,0.34927523136138916
214,0.3017129898071289
215,-0.005953480489552021
216,0.3580067455768585
217,0.30188024044036865
218,-0.006387666333466768
219,0.34142664074897766
220,0.30358874797821045
221,-0.0029432291630655527
222,0.33646637201309204
223,0.3070906400680542
224,0.0007942387601360679
225,0.3302738070487976
226,0.3312636613845825
227,0.014041733928024769
228,0.37487155199050903
229,0.49139952659606934
230,0.015306396409869194
231,0.33514875173568726
232,0.3154663145542145
233,0.009872791357338428
234,0.3090995252132416
235,0.3247416019439697
236,0.05106140300631523
237,0.3212846517562866
238,0.32395094633102417
239,0.021633485332131386
240,0.35783150792121887
241,0.3790751099586487
242,-0.0036369701847434044
243,0.39017632603645325
244,0.42785507440567017
245,-0.017891747877001762
246,0.3925759494304657
247,0.4401291608810425
248,-0.012930862605571747
249,0.38023844361305237
250,0.43162354826927185
251,-0.012174255214631557
252,0.3744560480117798
253,0.436273992061615
254,-0.004937095567584038
255,0.3853360712528229
256,0.44074320793151855
257,-0.00905387569218874
258,0.3799631595611572
259,0.44175273180007935
260,-0.0025274844374507666
261,0.36589857935905457
262,0.4543423056602478
263,0.011662268079817295
264,0.3903208076953888
265,0.3901684880256653
266,-0.04325968027114868
267,0.38845300674438477
268,0.3787911832332611
269,-0.04673030599951744
270,0.32371073961257935
271,0.2970154285430908
272,0.0012757767690345645
273,0.3721817433834076
274,0.3480387032032013
275,-0.008656378835439682
276,0.371211975812912
277,0.3861270546913147
278,-0.022018982097506523
279,0.3704257011413574
280,0.37953799962997437
281,-0.019789429381489754
282,0.3353096544742584
283,0.37832412123680115
284,0.007348630577325821
285,0.3883568346500397
286,0.363552063703537
287,-0.0429060198366642
288,0.34161677956581116
289,0.2864305377006531
290,-0.015148882754147053
291,0.3306739926338196
292,0.2897493243217468
293,-0.008176945149898529
294,0.31542593240737915
295,0.2535521388053894
296,0.022623540833592415
297,0.37708044052124023
298,0.2947568893432617
299,-0.02246064879000187
300,0.36566710472106934
301,0.3046875298023224
302,-0.003773643635213375
303,0.35942861437797546
304,0.4427250027656555
305,0.012384074740111828
306,0.32523274421691895
307,0.43039119243621826
308,0.08608244359493256
309,0.37763312458992004
310,0.3921613097190857
311,-0.018223803490400314
312,0.38480880856513977
313,0.39572983980178833
314,-0.019120140001177788
315,0.367773175239563
316,0.4438289701938629
317,0.011243612505495548
318,0.3717186748981476
319,0.4430263042449951
320,0.008730826899409294
321,0.3260374069213867
322,0.2817656397819519
323,-0.004774441476911306
324,0.37137478590011597
325,0.3909139633178711
326,-0.01682335138320923
327,0.35684579610824585
328,0.28743383288383484
329,-0.020199624821543694
330,0.35477662086486816
331,0.2776031792163849
332,-0.023059068247675896
333,0.3444081246852875
334,0.22529762983322144
335,-0.013059169054031372
336,0.3209206461906433
337,0.26696109771728516
338,0.006857275031507015
339,0.35037699341773987
340,0.2500995397567749
341,-0.018760178238153458
342,0.31904828548431396
343,0.2914543151855469
344,0.007965496741235256
345,0.3144684433937073
346,0.2829654812812805
347,0.023713216185569763
348,0.39131593704223633
349,0.4351341128349304
350,-0.0163714699447155
351,0.383091539144516
352,0.43729934096336365
353,-0.010970990173518658
354,0.37720003724098206
355,0.4392862319946289
356,-0.004377397708594799
357,0.37993574142456055
358,0.39416050910949707
359,-0.01669909432530403
360,0.3697540760040283
361,0.44368380308151245
362,0.009854801930487156
363,0.37315478920936584
364,0.4470129907131195
365,0.005244848318397999
366,0.3726978898048401
367,0.44203653931617737
368,0.00838569924235344
369,0.38158780336380005
370,0.3888808786869049
371,-0.030701102688908577
372,0.381766140460968
373,0.4407714903354645
374,-0.0011634964030236006
375,0.38726547360420227
376,0.4409601092338562
377,-0.005623469594866037
378,0.393917053937912
379,0.44129064679145813
380,-0.009104447439312935
381,0.39261960983276367
382,0.4764587879180908
383,0.0028726349119096994
384,0.3923301696777344
385,0.4667878746986389
386,-0.006826259195804596
387,0.3924914300441742
388,0.4594690799713135
389,-0.008824119344353676
390,0.39290329813957214
391,0.45222169160842896
392,-0.0077921380288898945
393,0.39356184005737305
394,0.44733670353889465
395,-0.006831121165305376
396,0.3806582987308502
397,0.4453391134738922
398,0.0006448168423958123
399,0.37931835651397705
400,0.44732701778411865
401,-0.0003855088434647769
402,0.377398282289505
403,0.4509848356246948
404,-0.0007663379074074328
405,0.3758974075317383
406,0.4550733268260956
407,0.0013118762290105224
408,0.3666762411594391
409,0.4221741557121277
410,-0.003161919768899679
411,0.3137059509754181
412,0.3733579218387604
413,0.09185770899057388
414,0.3980993926525116
415,0.39739492535591125
416,-0.0276121087372303
417,0.3770339787006378
418,0.4443265199661255
419,0.005395784042775631
420,0.3751976490020752
421,0.44535306096076965
422,0.004810363985598087
423,0.3879552483558655
424,0.4010275900363922
425,-0.018662497401237488
426,0.3749103546142578
427,0.3977610170841217
428,-0.01011936366558075
429,0.38644230365753174
430,0.39849504828453064
431,-0.019229134544730186
432,0.36447182297706604
433,0.35507848858833313
434,-0.00457350118085742
435,0.35233211517333984
436,0.36384105682373047
437,-0.0011823046952486038
438,0.36957427859306335
439,0.38451772928237915
440,-0.014517752453684807
441,0.3262168765068054
442,0.23713646829128265
443,0.003512861905619502
444,0.3322600722312927
445,0.2555263340473175
446,-0.006774816662073135
447,0.33832260966300964
448,0.27660074830055237
449,-0.014601637609302998
450,0.37291547656059265
451,0.4626738429069519
452,0.008375512436032295
453,0.3736359179019928
454,0.279605895280838
455,-0.02758260816335678
456,0.369591623544693
457,0.24798567593097687
458,-0.025799041613936424
459,0.36527925729751587
460,0.21882185339927673
461,-0.022787708789110184
462,0.3398388624191284
463,0.3272019326686859
464,0.005926282610744238
465,0.3226025104522705
466,0.34026482701301575
467,0.019777003675699234
468,0.3721553385257721
469,0.32168856263160706
470,0.0001014706285786815
471,0.32826924324035645
472,0.31017833948135376
473,0.008112955838441849
474,0.37735143303871155
475,0.3404567241668701
476,-0.01261473260819912
477,0.3757852613925934
478,0.3821147382259369
479,-0.03085457719862461
480,0.3153719902038574
481,0.34803786873817444
482,0.030188914388418198
483,0.3281795382499695
484,0.34881776571273804
485,0.013086957857012749
486,0.3384581506252289
487,0.3532043695449829
488,0.005662570241838694
489,0.3533519506454468
490,0.3502977788448334
491,0.0010660466505214572
492,0.36396872997283936
493,0.3446354568004608
494,-0.0015304157277569175
495,0.3717007339000702
496,0.33881083130836487
497,-0.0048128035850822926
498,0.3870500326156616
499,0.3254064619541168
500,-0.023917974904179573
501,0.3180030584335327
502,0.3728266656398773
503,0.030448362231254578
504,0.3219447731971741
505,0.3090827465057373
506,0.011760235764086246
507,0.39356711506843567
508,0.3955461382865906
509,-0.03870369866490364
510,0.37296828627586365
511,0.3601635694503784
512,-0.010838974267244339
513,0.30849650502204895
514,0.32197147607803345
515,0.07901668548583984
516,0.3773840665817261
517,0.3325483202934265
518,-0.007085280492901802
519,0.36920058727264404
520,0.384737491607666
521,-0.005782761611044407
522,0.33289453387260437
523,0.31658467650413513
524,0.011560771614313126
525,0.3751105070114136
526,0.37409934401512146
527,-0.028237851336598396
528,0.31798022985458374
529,0.40114933252334595
530,0.09119686484336853
531,0.3717637062072754
532,0.31716272234916687
533,0.0018288524588569999
534,0.3814987540245056
535,0.367695689201355
536,-0.03721741959452629
537,0.34180301427841187
538,0.4616789221763611
539,0.04447397217154503
540,0.3439598083496094
541,0.4724162518978119
542,0.060620665550231934
543,0.31216955184936523
544,0.373905211687088
545,0.061034735292196274
546,0.3316860496997833
547,0.4452402889728546
548,0.053260017186403275
549,0.3115292489528656
550,0.3018249571323395
551,0.03949107602238655
552,0.3744119703769684
553,0.5020139217376709
554,0.02151905559003353
555,0.39479678869247437
556,0.39714285731315613
557,-0.027018684893846512
558,0.3665134608745575
559,0.3690277934074402
560,-0.0065667517483234406
561,0.31526145339012146
562,0.3259766101837158
563,0.03036801889538765
564,0.34657740592956543
565,0.3217880427837372
566,0.0026937290094792843
567,0.3536027669906616
568,0.3223765790462494
569,0.0005103540606796741
570,0.3711640536785126
571,0.4491393268108368
572,0.0069746170192956924
573,0.32130199670791626
574,0.3960687518119812
575,0.03600217401981354
576,0.3898189961910248
577,0.516865611076355
578,0.02502019703388214
579,0.36610153317451477
580,0.4998026490211487
581,0.04047520458698273
582,0.3559364378452301
583,0.4884644150733948
584,0.049305740743875504
585,0.39197513461112976
586,0.24685372412204742
587,-0.02819153666496277
588,0.40648525953292847
589,0.5186113119125366
590,0.022357448935508728
591,0.36022210121154785
592,0.32128143310546875
593,-0.00018056906992569566
594,0.3663010001182556
595,0.319296270608902
596,0.000529169337823987
597,0.37008875608444214
598,0.3181636333465576
599,0.0018578945891931653
600,0.3166763186454773
601,0.30644774436950684
602,0.020024525001645088
603,0.3646571636199951
604,0.3094027638435364
605,-0.0014671917306259274
606,0.35769057273864746
607,0.3064797520637512
608,-0.003044217824935913
609,0.35050690174102783
610,0.3061363101005554
611,-0.0024120670277625322
612,0.34342601895332336
613,0.30828583240509033
614,-5.3407795348903164e-05
615,0.3392617702484131
616,0.3114582896232605
617,0.0030599054880440235
618,0.30782267451286316
619,0.29510122537612915
620,0.06187698245048523
621,0.3417086899280548
622,0.32018911838531494
623,0.005255520343780518
624,0.3992736041545868
625,0.40964722633361816
626,-0.01841720938682556
627,0.37277448177337646
628,0.4150550961494446
629,-0.008758842945098877
630,0.3772648274898529
631,0.3905620872974396
632,-0.02196344919502735
633,0.3879401981830597
634,0.41127851605415344
635,-0.017259443178772926
636,0.39431899785995483
637,0.3079875707626343
638,-0.023270606994628906
639,0.35268160700798035
640,0.4773500859737396
641,0.03771013021469116
642,0.36312639713287354
643,0.4895864725112915
644,0.030231788754463196
645,0.38852155208587646
646,0.5107715129852295
647,0.013745450414717197
648,0.33425772190093994
649,0.4543694257736206
650,0.07434801012277603
651,0.3694973289966583
652,0.3140462636947632
653,0.00034922960912808776
654,0.3824349641799927
655,0.3446138799190521
656,-0.02410142496228218
657,0.4059200882911682
658,0.5123504400253296
659,0.011438230983912945
660,0.3769979774951935
661,0.5099406242370605
662,0.031191978603601456
663,0.3164621591567993
664,0.39937564730644226
665,0.06279854476451874
666,0.38642895221710205
667,0.44643187522888184
668,-0.003454172518104315
669,0.38518279790878296
670,0.45004045963287354
671,-0.004565612878650427
672,0.3839045464992523
673,0.455586314201355
674,-0.004996763076633215
675,0.3831057548522949
676,0.4621542990207672
677,-0.0029690151568502188
678,0.3815298080444336
679,0.4706995487213135
680,0.00469708489254117
681,0.3750859498977661
682,0.44222375750541687
683,0.0033188918605446815
684,0.3724391460418701
685,0.4414190948009491
686,0.0033205589279532433
687,0.36993736028671265
688,0.4397106468677521
689,0.003116520354524255
690,0.3617345988750458
691,0.4316801130771637
692,0.004238854628056288
693,0.33146223425865173
694,0.40319594740867615
695,0.019229914993047714
696,0.38229721784591675
697,0.33219772577285767
698,-0.017687799409031868
699,0.377608060836792
700,0.31029248237609863
701,-0.0054387240670621395
702,0.3727342188358307
703,0.3116300702095032
704,-0.0019368785433471203
705,0.37702491879463196
706,0.44042831659317017
707,0.004244307521730661
708,0.3331156075000763
709,0.43035590648651123
710,0.03525596484541893
711,0.3841859698295593
712,0.3102569878101349
713,-0.016693534329533577
714,0.3779149055480957
715,0.4805208742618561
716,0.010703573934733868
717,0.39538347721099854
718,0.34833765029907227
719,-0.039355553686618805
720,0.3876460790634155
721,0.3386130928993225
722,-0.030917242169380188
723,0.3950548768043518
724,0.3356415331363678
725,-0.03329434245824814
726,0.37740248441696167
727,0.3633328974246979
728,-0.021889125928282738
729,0.4052354693412781
730,0.5017023086547852
731,0.005448474548757076
732,0.40446993708610535
733,0.4881690740585327
734,0.003979058004915714
735,0.3907002806663513
736,0.48759225010871887
737,0.006058428902179003
738,0.35906749963760376
739,0.4579274654388428
740,0.017271878197789192
741,0.36369818449020386
742,0.3945702314376831
743,-0.002694663591682911
744,0.3677646517753601
745,0.4706614315509796
746,0.014694184996187687
747,0.346846342086792
748,0.39367246627807617
749,0.0016672968631610274
750,0.3578453063964844
751,0.40686243772506714
752,0.0005523253930732608
753,0.34201985597610474
754,0.4124695062637329
755,0.010763355530798435
756,0.38879287242889404
757,0.5004826188087463
758,0.008087268099188805
759,0.3729945123195648
760,0.3696461617946625
761,-0.014900332316756248
762,0.3535301685333252
763,0.46586400270462036
764,0.026453986763954163
765,0.36417868733406067
766,0.4791841506958008
767,0.02231137454509735
768,0.35209786891937256
769,0.44337278604507446
770,0.01653795875608921
771,0.32511240243911743
772,0.41555726528167725
773,0.0412830226123333
774,0.3431805670261383
775,0.44410988688468933
776,0.025326857343316078
777,0.3223856985569
778,0.4230070114135742
779,0.06200284883379936
780,0.3532635569572449
781,0.42240142822265625
782,0.006245385855436325
783,0.3777872622013092
784,0.3521726429462433
785,-0.01699053682386875
786,0.37876641750335693
787,0.3872428238391876
788,-0.032558195292949677
789,0.3738587200641632
790,0.3898266553878784
791,-0.02278657630085945
792,0.38171151280403137
793,0.37994638085365295
794,-0.03934212028980255
795,0.37104830145835876
796,0.30225449800491333
797,-0.00882096216082573
798,0.35789746046066284
799,0.2973700761795044
800,-0.01069579366594553
801,0.3463660478591919
802,0.29662078619003296
803,-0.009793904609978199
804,0.3369980454444885
805,0.29826757311820984
806,-0.005774132441729307
807,0.3308808207511902
808,0.3025026321411133
809,-6.824357842560858e-05
810,0.3279988169670105
811,0.3202444911003113
812,0.015138660557568073
813,0.3094725012779236
814,0.3491457402706146
815,0.056654974818229675
816,0.33476191759109497
817,0.33631888031959534
818,0.010293128900229931
819,0.3430812358856201
820,0.33964142203330994
821,0.005227829795330763
822,0.35355404019355774
823,0.33889204263687134
824,0.0015269579598680139
825,0.3631911873817444
826,0.33550745248794556
827,-0.00023297291772905737
828,0.3704809546470642
829,0.33135104179382324
830,-0.0016015407163649797
831,0.3754555583000183
832,0.327475368976593
833,-0.0025772617664188147
834,0.3110817074775696
835,0.3474268615245819
836,0.08816753327846527
837,0.3744429647922516
838,0.39264610409736633
839,-0.01831301487982273
840,0.3825647830963135
841,0.355857789516449
842,-0.029430465772747993
843,0.3845207095146179
844,0.38827839493751526
845,-0.03916897997260094
846,0.38957032561302185
847,0.3933095932006836
848,-0.03534911200404167
849,0.3847847878932953
850,0.38963624835014343
851,-0.03491302952170372
852,0.37709522247314453
853,0.39596477150917053
854,-0.015160560607910156
855,0.39105457067489624
856,0.3946077227592468
857,-0.03753645345568657
858,0.3921198546886444
859,0.39636901021003723
860,-0.02716950699687004
861,0.37453562021255493
862,0.31827905774116516
863,0.0004377563891466707
864,0.37918418645858765
865,0.3212552070617676
866,-0.004693949595093727
867,0.3815673291683197
868,0.32361310720443726
869,-0.010650134645402431
870,0.336897611618042
871,0.31371238827705383
872,0.0060593439266085625
873,0.3328135013580322
874,0.31081849336624146
875,0.006152737885713577
876,0.40269720554351807
877,0.3495651185512543
878,-0.03657954931259155
879,0.45432451367378235
880,0.3114262521266937
881,0.0037622451782226562
882,0.40577882528305054
883,0.3934265971183777
884,-0.027740925550460815
885,0.4822710156440735
886,0.26176297664642334
887,0.03602869063615799
888,0.4307078421115875
889,0.3237278461456299
890,-0.0032316141296178102
891,0.4388883113861084
892,0.3240349590778351
893,-0.0028985152021050453
894,0.4468355178833008
895,0.32300397753715515
896,-0.0010832221014425159
897,0.4574286937713623
898,0.3154374659061432
899,0.005217244848608971
900,0.4237883388996124
901,0.321468710899353
902,-0.002569891745224595
903,0.44133850932121277
904,0.2963731288909912
905,-0.009012633934617043
906,0.43245479464530945
907,0.2974697947502136
908,-0.008809393271803856
909,0.4494565725326538
910,0.2972937822341919
911,-0.006412590853869915
912,0.4549315273761749
913,0.3001956343650818
914,-0.0029677788261324167
915,0.4641909897327423
916,0.3226945400238037
917,0.00972600094974041
918,0.435157835483551
919,0.48800399899482727
920,0.013646095991134644
921,0.4573148488998413
922,0.30833542346954346
923,0.005959032569080591
924,0.4875601530075073
925,0.3126582205295563
926,0.045337289571762085
927,0.47314026951789856
928,0.31405115127563477
929,0.016855770722031593
930,0.43945255875587463
931,0.3735402226448059
932,-0.006065067835152149
933,0.4108879268169403
934,0.42628341913223267
935,-0.01846238225698471
936,0.41029489040374756
937,0.43869608640670776
938,-0.013472607359290123
939,0.4219195544719696
940,0.4283730685710907
941,-0.013285371474921703
942,0.4289318025112152
943,0.43181049823760986
944,-0.00652770372107625
945,0.4180891811847687
946,0.4380871057510376
947,-0.01019310113042593
948,0.42405402660369873
949,0.43804341554641724
950,-0.003954176325351
951,0.4403604567050934
952,0.44878828525543213
953,0.009464549832046032
954,0.4040958881378174
955,0.3891739249229431
956,-0.04356829449534416
957,0.404560923576355
958,0.37768685817718506
959,-0.04706956073641777
960,0.4671696126461029
961,0.2882791757583618
962,-0.003151531796902418
963,0.42156216502189636
964,0.344822496175766
965,-0.01023922674357891
966,0.42452192306518555
967,0.3824117183685303
968,-0.023336194455623627
969,0.42499396204948425
970,0.3757936954498291
971,-0.02125217765569687
972,0.4632543623447418
973,0.3697062134742737
974,0.0032759460154920816
975,0.4035595953464508
976,0.3625390827655792
977,-0.043380603194236755
978,0.44691962003707886
979,0.2803457975387573
980,-0.018372081220149994
981,0.45878028869628906
982,0.2821236848831177
983,-0.012198396027088165
984,0.4737778306007385
985,0.24253880977630615
986,0.01761537976562977
987,0.41096749901771545
988,0.29294317960739136
989,-0.02355298586189747
990,0.424913227558136
991,0.30118271708488464
992,-0.005752942059189081
993,0.44560718536376953
994,0.4362218976020813
995,0.009737406857311726
996,0.48318806290626526
997,0.4207078218460083
998,0.08096808195114136
999,0.4188299775123596
1000,0.3892574608325958
1001,-0.01930905692279339
1002,0.4119735360145569
1003,0.39374175667762756
1004,-0.019634006544947624
1005,0.43735235929489136
1006,0.4379819333553314
1007,0.00900756474584341
1008,0.4332781732082367
1009,0.4377012252807617
1010,0.006836206652224064
1011,0.46304264664649963
1012,0.2734895348548889
1013,-0.008946463465690613
1014,0.4252959191799164
1015,0.3870677649974823
1016,-0.018171802163124084
1017,0.4311612546443939
1018,0.28330549597740173
1019,-0.022393368184566498
1020,0.432278037071228
1021,0.27308183908462524
1022,-0.02523868903517723
1023,0.4392971992492676
1024,0.2185579389333725
1025,-0.015906555578112602
1026,0.46803250908851624
1027,0.2572900652885437
1028,0.0023346361704170704
1029,0.43477874994277954
1030,0.24459034204483032
1031,-0.02125224657356739
1032,0.4719089865684509
1033,0.2817879319190979
1034,0.003236343152821064
1035,0.4771079421043396
1036,0.272194504737854
1037,0.018599966540932655
1038,0.4108092486858368
1039,0.43359434604644775
1040,-0.016904758289456367
1041,0.4198273718357086
1042,0.4343734681606293
1043,-0.012083223089575768
1044,0.4265424907207489
1045,0.43519604206085205
1046,-0.005872801411896944
1047,0.4168608486652374
1048,0.3915458917617798
1049,-0.017541607841849327
1050,0.4352867007255554
1051,0.4380519986152649
1052,0.00777405733242631
1053,0.43203192949295044
1054,0.44214528799057007
1055,0.0035373512655496597
1056,0.4321913421154022
1057,0.43704450130462646
1058,0.006517426110804081
1059,0.41367286443710327
1060,0.3866235017776489
1061,-0.031617749482393265
1062,0.4223830997943878
1063,0.43722468614578247
1064,-0.002448510145768523
1065,0.416479229927063
1066,0.43857771158218384
1067,-0.00658827368170023
1068,0.4095022976398468
1069,0.4399966895580292
1070,-0.009655351750552654
1071,0.41520312428474426
1072,0.4749749004840851
1073,0.002300625666975975
1074,0.413909375667572
1075,0.4652967154979706
1076,-0.007448190823197365
1077,0.4128095209598541
1078,0.45795363187789917
1079,-0.009428810328245163
1080,0.41155755519866943
1081,0.45086613297462463
1082,-0.008326001465320587
1083,0.41052162647247314
1084,0.44604724645614624
1085,-0.0073545873165130615
1086,0.42407524585723877
1087,0.44176000356674194
1088,-0.0005976718966849148
1089,0.4255477786064148
1090,0.4435114860534668
1091,-0.0016753406962379813
1092,0.42784374952316284
1093,0.4469645619392395
1094,-0.002072889357805252
1095,0.42982080578804016
1096,0.4508903920650482
1097,-8.84991604834795e-05
1098,0.43489035964012146
1099,0.4171887934207916
1100,-0.005015591159462929
1101,0.4896138906478882
1102,0.3618181645870209
1103,0.08592193573713303
1104,0.4278484880924225
1105,0.44004422426223755
1106,0.003804210340604186
1107,0.4297666847705841
1108,0.4408198893070221
1109,0.0031515362206846476
1110,0.40941566228866577
1111,0.399391233921051
1112,-0.019193878397345543
1113,0.42285066843032837
1114,0.3943127393722534
1115,-0.01113064680248499
1116,0.41061386466026306
1117,0.39668768644332886
1118,-0.019771132618188858
1119,0.4304397404193878
1120,0.35069626569747925
1121,-0.0068095033057034016
1122,0.4439055025577545
1123,0.35772567987442017
1124,-0.004158647730946541
1125,0.4267212748527527
1126,0.3805252015590668
1127,-0.01600092463195324
1128,0.4600539803504944
1129,0.22762122750282288
1130,-0.0007165736169554293
1131,0.45448917150497437
1132,0.2474830001592636
1133,-0.010427089408040047
1134,0.4493418037891388
1135,0.26996588706970215
1136,-0.017880894243717194
1137,0.4340212345123291
1138,0.45841991901397705
1139,0.006615633610635996
1140,0.4131097197532654
1141,0.27740049362182617
1142,-0.02867344208061695
1143,0.4147385060787201
1144,0.24504348635673523
1145,-0.02700447291135788
1146,0.4169637858867645
1147,0.21508997678756714
1148,-0.024258248507976532
1149,0.45365065336227417
1150,0.32017678022384644
1151,0.0021985555067658424
1152,0.4731515049934387
1153,0.33027735352516174
1154,0.015010067261755466
1155,0.4194381833076477
1156,0.3190411329269409
1157,-0.001636757981032133
1158,0.4639909863471985
1159,0.3019135892391205
1160,0.0038317469879984856
1161,0.41527819633483887
1162,0.3380375802516937
1163,-0.013961780816316605
1164,0.4188746511936188
1165,0.3792020082473755
1166,-0.031964659690856934
1167,0.48186635971069336
1168,0.33697572350502014
1169,0.024839134886860847
1170,0.46777036786079407
1171,0.3395242393016815
1172,0.008670429699122906
1173,0.4574246108531952
1174,0.34516677260398865
1175,0.0017358750337734818
1176,0.44173169136047363
1177,0.3444450795650482
1178,-0.0019445479847490788
1179,0.4301340579986572
1180,0.34030479192733765
1181,-0.003783473512157798
1182,0.4214865267276764
1183,0.33567753434181213
1184,-0.006544933188706636
1185,0.4030238389968872
1186,0.3244268298149109
1187,-0.024501562118530273
1188,0.4814704954624176
1189,0.3620542287826538
1190,0.02522466331720352
1191,0.470697283744812
1192,0.2996567487716675
1193,0.00711467582732439
1194,0.40190374851226807
1195,0.39487260580062866
1196,-0.038941651582717896
1197,0.42156103253364563
1198,0.3569526672363281
1199,-0.01222770195454359
1200,0.48963290452957153
1201,0.3095725178718567
1202,0.07290983200073242
1203,0.414846271276474
1204,0.3302445411682129
1205,-0.008404307998716831
1206,0.42760443687438965
1207,0.38063883781433105
1208,-0.007180360611528158
1209,0.4598624110221863
1210,0.3089999854564667
1211,0.007450859062373638
1212,0.4191336929798126
1213,0.3711572289466858
1214,-0.029342684894800186
1215,0.4879479706287384
1216,0.39033323526382446
1217,0.085680291056633
1218,0.41961154341697693
1219,0.31458690762519836
1220,3.874262984027155e-05
1221,0.41138768196105957
1222,0.3656649589538574
1223,-0.03808842599391937
1224,0.46723610162734985
1225,0.454300194978714
1226,0.04053652286529541
1227,0.46719610691070557
1228,0.4655207395553589
1229,0.056766100227832794
1230,0.48916396498680115
1231,0.3623371124267578
1232,0.05535301938652992
1233,0.47627031803131104
1234,0.43656688928604126
1235,0.04877792298793793
1236,0.48242345452308655
1237,0.2903233766555786
1238,0.03406137973070145
1239,0.43719151616096497
1240,0.49861666560173035
1241,0.019762448966503143
1242,0.40140262246131897
1243,0.39664438366889954
1244,-0.02719741314649582
1245,0.4293525218963623
1246,0.3647423982620239
1247,-0.008384999819099903
1248,0.4800795018672943
1249,0.31509271264076233
1250,0.02524762786924839
1251,0.44590622186660767
1252,0.3158647418022156
1253,-0.0005727002280764282
1254,0.4387262165546417
1255,0.31735771894454956
1256,-0.002397354692220688
1257,0.43431344628334045
1258,0.44394850730895996
1259,0.005109257996082306
1260,0.480755478143692
1261,0.38565629720687866
1262,0.030902868136763573
1263,0.42319127917289734
1264,0.5151115655899048
1265,0.024030819535255432
1266,0.4463999271392822
1267,0.49565476179122925
1268,0.037996556609869
1269,0.45610010623931885
1270,0.48318254947662354
1271,0.04619360715150833
1272,0.43183228373527527
1273,0.31720390915870667
1274,-0.0027212356217205524
1275,0.42534029483795166
1276,0.31582391262054443
1277,-0.0016109785065054893
1278,0.4214193522930145
1279,0.3153112232685089
1280,-0.00011278477177256718
1281,0.47637489438056946
1282,0.29594820737838745
1283,0.015029789879918098
1284,0.42641282081604004
1285,0.3059319257736206
1286,-0.0037546560633927584
1287,0.4334731698036194
1288,0.30219805240631104
1289,-0.0056800455786287785
1290,0.4407341182231903
1291,0.3010885417461395
1292,-0.005447328556329012
1293,0.4480586349964142
1294,0.3023873567581177
1295,-0.003456136444583535
1296,0.45259347558021545
1297,0.30494263768196106
1298,-0.0005926604499109089
1299,0.4871118664741516
1300,0.28275173902511597
1301,0.05600997060537338
1302,0.4508390426635742
1303,0.31369513273239136
1304,0.0017408709973096848
1305,0.42732423543930054
1306,0.41110414266586304
1307,-0.010181541554629803
1308,0.4187520444393158
1309,0.38764384388923645
1310,-0.02292383834719658
1311,0.41103336215019226
1312,0.40950459241867065
1313,-0.017857976257801056
1314,0.4574792981147766
1315,0.4714033603668213
1316,0.03460639715194702
1317,0.44777968525886536
1318,0.48498988151550293
1319,0.027829810976982117
1320,0.42325177788734436
1321,0.5089231729507446
1322,0.01277314592152834
1323,0.47580280900001526
1324,0.44610992074012756
1325,0.0697493702173233
1326,0.42164042592048645
1327,0.3111683130264282
1328,-0.0016322582960128784
1329,0.4094615876674652
1330,0.3429045081138611
1331,-0.024959340691566467
1332,0.4358276128768921
1333,0.506854236125946
1334,0.029361272230744362
1335,0.4873853623867035
1336,0.3884894847869873
1337,0.057406235486269
1338,0.41787928342819214
1339,0.4439224600791931
1340,-0.00446161488071084
1341,0.4195016324520111
1342,0.4473567008972168
1343,-0.00551822641864419
1344,0.4213411808013916
1345,0.45271286368370056
1346,-0.006065209396183491
1347,0.4229488670825958
1348,0.45919573307037354
1349,-0.004065811168402433
1350,0.4259386360645294
1351,0.46770501136779785
1352,0.003439506748691201
1353,0.42953574657440186
1354,0.43758001923561096
1355,0.0015677642077207565
1356,0.4320409297943115
1357,0.436428040266037
1358,0.0013609562302008271
1359,0.4343864917755127
1360,0.4343738555908203
1361,0.0010925768874585629
1362,0.4415213167667389
1363,0.4256843328475952
1364,0.0018852988723665476
1365,0.47034722566604614
1366,0.3941066265106201
1367,0.014882614836096764
1368,0.40898922085762024
1369,0.33051779866218567
1370,-0.0186646468937397
1371,0.4126228392124176
1372,0.30839481949806213
1373,-0.006630201358348131
1374,0.41798996925354004
1375,0.3090958595275879
1376,-0.0035519569646567106
1377,0.42744964361190796
1378,0.436146080493927
1379,0.0025618907529860735
1380,0.4722786545753479
1381,0.4215224087238312
1382,0.03095773421227932
1383,0.4052330553531647
1384,0.3091161549091339
1385,-0.017391299828886986
1386,0.4307712912559509
1387,0.4772704839706421
1388,0.009282730519771576
1389,0.4030216634273529
1390,0.3376111090183258
1391,-0.03138837218284607
1392,0.4163846969604492
1393,0.36072418093681335
1394,-0.022953230887651443
1395,0.4183593988418579
1396,0.4859479069709778
1397,0.005314427427947521
1398,0.44777876138687134
1399,0.45208820700645447
1400,0.014750291593372822
1401,0.4346628785133362
1402,0.38959643244743347
1403,-0.004620242398232222
1404,0.4403388500213623
1405,0.46606504917144775
1406,0.01271134428679943
1407,0.45261070132255554
1408,0.3865707516670227
1409,-0.0015736696077510715
1410,0.4423759877681732
1411,0.4010256826877594
1412,-0.00187142682261765
1413,0.460067480802536
1414,0.4046366810798645
1415,0.007130714599043131
1416,0.4216291606426239
1417,0.4986755847930908
1418,0.007130600977689028
1419,0.4219523072242737
1420,0.3663649260997772
1421,-0.016218487173318863
1422,0.4546993374824524
1423,0.4596364200115204
1424,0.02353631518781185
1425,0.4451771676540375
1426,0.474504292011261
1427,0.02008003368973732
1428,0.4532424211502075
1429,0.4364510178565979
1430,0.013447930105030537
1431,0.4791651666164398
1432,0.40574678778648376
1433,0.03653406351804733
1434,0.4629615545272827
1435,0.4365355968475342
1436,0.021609101444482803
1437,0.48381516337394714
1438,0.4130125641822815
1439,0.05694481357932091
1440,0.4492376148700714
1441,0.41568678617477417
1442,0.003314823377877474
1443,0.41538119316101074
1444,0.34969961643218994
1445,-0.018218766897916794
1446,0.4162565767765045
1447,0.3846699297428131
1448,-0.03356754034757614
1449,0.4221886098384857
1450,0.38651353120803833
1451,-0.023910479620099068
1452,0.41204625368118286
1453,0.37792661786079407
1454,-0.04027002304792404
1455,0.41859889030456543
1456,0.29963231086730957
1457,-0.010349070653319359
1458,0.4316709637641907
1459,0.2931750416755676
1460,-0.012962564826011658
1461,0.4433292746543884
1462,0.29105257987976074
1463,-0.012820339761674404
1464,0.4531397521495819
1465,0.29145506024360657
1466,-0.009508662857115269
1467,0.4601748585700989
1468,0.29475563764572144
1469,-0.004094784613698721
1470,0.46565258502960205
1471,0.31163889169692993
1472,0.010703102685511112
1473,0.4895051419734955
1474,0.3371889293193817
1475,0.050808753818273544
1476,0.4598252773284912
1477,0.32822781801223755
1478,0.006236618384718895
1479,0.4514167308807373
1480,0.3326086103916168
1481,0.0016131713055074215
1482,0.44053325057029724
1483,0.33336982131004333
1484,-0.0014408689457923174
1485,0.4301435947418213
1486,0.3312874436378479
1487,-0.0025474412832409143
1488,0.4221738278865814
1489,0.3281765878200531
1490,-0.0034002705942839384
1491,0.41659700870513916
1492,0.325046181678772
1493,-0.004056539852172136
1494,0.4897584915161133
1495,0.33535799384117126
1496,0.08212097734212875
1497,0.42223361134529114
1498,0.3892919421195984
1499,-0.019452225416898727
1500,0.4097093939781189
1501,0.3540211319923401
1502,-0.030315635725855827
1503,0.410084068775177
1504,0.38653311133384705
1505,-0.0398295558989048
1506,0.4059605598449707
1507,0.3920854926109314
1508,-0.035755760967731476
1509,0.41031670570373535
1510,0.38784170150756836
1511,-0.03558387607336044
1512,0.420107364654541
1513,0.39297983050346375
1514,-0.016147365793585777
1515,0.40446269512176514
1516,0.3936302661895752
1517,-0.03779689595103264
1518,0.40403667092323303
1519,0.3954797685146332
1520,-0.027437182143330574
1521,0.416676789522171
1522,0.31595438718795776
1523,-0.0011661804746836424
1524,0.41203612089157104
1525,0.31940895318984985
1526,-0.0058259302750229836
1527,0.40954187512397766
1528,0.3219638168811798
1529,-0.011586645618081093
1530,0.4552537798881531
1531,0.30688413977622986
1532,0.002264400478452444
1533,0.45918649435043335
1534,0.303287535905838
1535,0.0021091653034090996
1536,0.7055386900901794
1537,0.5874592661857605
1538,4.578563750357034e-09
1539,0.6494114398956299
1540,0.5590789318084717
1541,-0.00761112617328763
1542,0.62839275598526
1543,0.49327147006988525
1544,-0.011328799650073051
1545,0.61922287940979
1546,0.43528878688812256
1547,-0.01913439854979515
1548,0.6172580122947693
1549,0.3889070749282837
1550,-0.026750702410936356
1551,0.6613357663154602
1552,0.4084661304950714
1553,0.001950593083165586
1554,0.6543775796890259
1555,0.33164334297180176
1556,-0.01625625044107437
1557,0.6519964933395386
1558,0.2782006561756134
1559,-0.026557056233286858
1560,0.6542719602584839
1561,0.23543520271778107
1562,-0.031912535429000854
1563,0.6766883730888367
1564,0.40289589762687683
1565,-0.00550410570576787
1566,0.615146815776825
1567,0.37060797214508057
1568,-0.03557489067316055
1569,0.5674318075180054
1570,0.360390305519104
1571,-0.05088996887207031
1572,0.5340123176574707
1573,0.35204556584358215
1574,-0.054535891860723495
1575,0.6903862357139587
1576,0.4088994264602661
1577,-0.014840819872915745
1578,0.6212114691734314
1579,0.43559530377388
1580,-0.05032115429639816
1581,0.6265007853507996
1582,0.4975113868713379
1583,-0.051083311438560486
1584,0.6422708034515381
1585,0.5379138588905334
1586,-0.039598461240530014
1587,0.7004376649856567
1588,0.4244040548801422
1589,-0.024956006556749344
1590,0.6371203660964966
1591,0.4485425055027008
1592,-0.04972745478153229
1593,0.6398846507072449
1594,0.4972996115684509
1595,-0.04581911489367485
1596,0.6544744372367859
1597,0.5296462178230286
1598,-0.034242864698171616
1599,0.0
1600,0.0
1601,0.0
1602,0.0
1603,0.0
1604,0.0
1605,0.0
1606,0.0
1607,0.0
1608,0.0
1609,0.0
1610,0.0
1611,0.0
1612,0.0
1613,0.0
1614,0.0
1615,0.0
1616,0.0
1617,0.0
1618,0.0
1619,0.0
1620,0.0
1621,0.0
1622,0.0
1623,0.0
1624,0.0
1625,0.0
1626,0.0
1627,0.0
1628,0.0
1629,0.0
1630,0.0
1631,0.0
1632,0.0
1633,0.0
1634,0.0
1635,0.0
1636,0.0
1637,0.0
1638,0.0
1639,0.0
1640,0.0
1641,0.0
1642,0.0
1643,0.0
1644,0.0
1645,0.0
1646,0.0
1647,0.0
1648,0.0
1649,0.0
1650,0.0
1651,0.0
1652,0.0
1653,0.0
1654,0.0
1655,0.0
1656,0.0
1657,0.0
1658,0.0
1659,0.0
1660,0.0
1661,0.0
