,0
0,0.38836467266082764
1,0.33010074496269226
2,-0.634714663028717
3,0.9999924898147583
4,0.4106680452823639
5,0.2770678400993347
6,-0.5801907777786255
7,0.9999862313270569
8,0.4288816452026367
9,0.27691712975502014
10,-0.5795997381210327
11,0.9999884366989136
12,0.4448179304599762
13,0.27777960896492004
14,-0.5790448784828186
15,0.9999880790710449
16,0.35836440324783325
17,0.2862105965614319
18,-0.5797871351242065
19,0.9999854564666748
20,0.3429432213306427
21,0.2907963693141937
22,-0.578691840171814
23,0.9999854564666748
24,0.3293500542640686
25,0.29582878947257996
26,-0.578794002532959
27,0.9999834895133972
28,0.46552610397338867
29,0.3151414096355438
30,-0.2651830315589905
31,0.9999871253967285
32,0.3158113360404968
33,0.33418530225753784
34,-0.25839531421661377
35,0.9999859929084778
36,0.4311688542366028
37,0.3927496075630188
38,-0.523255467414856
39,0.9999906420707703
40,0.3634054958820343
41,0.3993465006351471
42,-0.5219863653182983
43,0.9999897480010986
44,0.6167142391204834
45,0.6548175811767578
46,-0.1341380774974823
47,0.9999372363090515
48,0.20559556782245636
49,0.6905816793441772
50,-0.12486959993839264
51,0.9997397661209106
52,0.7547708749771118
53,1.0297856330871582
54,-0.5007014870643616
55,0.8417231440544128
56,0.10761339962482452
57,0.9992058277130127
58,-0.17657393217086792
59,0.36945265531539917
60,0.7299507856369019
61,0.6677927374839783
62,-0.8627372980117798
63,0.814869225025177
64,0.10523369163274765
65,1.4426465034484863
66,-0.549568772315979
67,0.1614540070295334
68,0.6867581605911255
69,0.5297471284866333
70,-0.9622423052787781
71,0.8037682771682739
72,0.07682716846466064
73,1.5525332689285278
74,-0.6025780439376831
75,0.2042696326971054
76,0.6608590483665466
77,0.48317399621009827
78,-0.8472343683242798
79,0.8156830072402954
80,0.10422538220882416
81,1.5469303131103516
82,-0.6908397674560547
83,0.2869756519794464
84,0.6583172082901001
85,0.5374928712844849
86,-0.8348595499992371
87,0.8108731508255005
88,0.1250164806842804
89,1.5087937116622925
90,-0.6049379110336304
91,0.30371105670928955
92,0.5723050832748413
93,1.4342401027679443
94,-0.05683917552232742
95,0.0033565431367605925
96,0.28821301460266113
97,1.4417297840118408
98,0.0632706880569458
99,0.002209695987403393
100,0.5650007724761963
101,2.096095561981201
102,-0.17120954394340515
103,0.00032836562604643404
104,0.3037872314453125
105,2.091437339782715
106,0.05975604057312012
107,0.00012289127334952354
108,0.5595918893814087
109,2.673482656478882
110,0.261538028717041
111,2.2769499992136844e-05
112,0.31037822365760803
113,2.669712781906128
114,0.31338924169540405
115,4.315275418775855e-06
116,0.5680283308029175
117,2.751514196395874
118,0.27562856674194336
119,2.119989221682772e-05
120,0.30449920892715454
121,2.7543296813964844
122,0.3257158100605011
123,8.943173270381521e-06
124,0.5117660164833069
125,2.851531982421875
126,-0.2458970546722412
127,5.173110184841789e-05
128,0.3494093716144562
129,2.849398374557495
130,-0.23050124943256378
131,2.1704625396523625e-05
132,0.3735831379890442
133,0.3963110148906708
134,-0.026291118934750557
135,0.36264824867248535
136,0.3551691174507141
137,-0.04359254240989685
138,0.368334025144577
139,0.3678908050060272
140,-0.024051032960414886
141,0.35151419043540955
142,0.3211018145084381
143,-0.02952287718653679
144,0.3600807189941406
145,0.34337449073791504
146,-0.045820798724889755
147,0.3582596778869629
148,0.3285853862762451
149,-0.04181104153394699
150,0.35569727420806885
151,0.2944551706314087
152,-0.018387285992503166
153,0.30838721990585327
154,0.314389705657959
155,0.024545947089791298
156,0.35269978642463684
157,0.27099087834358215
158,-0.011823565699160099
159,0.3499734401702881
160,0.2568162679672241
161,-0.01267307624220848
162,0.34140467643737793
163,0.20198595523834229
164,0.00036548564094118774
165,0.37488117814064026
166,0.4024168848991394
167,-0.025618303567171097
168,0.3763681650161743
169,0.4074886739253998
170,-0.02300296537578106
171,0.37764161825180054
172,0.40994739532470703
173,-0.019447999075055122
174,0.3787256181240082
175,0.41449788212776184
176,-0.01805390603840351
177,0.3795326054096222
178,0.4200819134712219
179,-0.019530193880200386
180,0.38075944781303406
181,0.42727816104888916
182,-0.02137317694723606
183,0.3825545012950897
184,0.4348059892654419
185,-0.020094480365514755
186,0.3863787055015564
187,0.44696930050849915
188,-0.012147716246545315
189,0.3648706078529358
190,0.36132684350013733
191,-0.039795976132154465
192,0.3594457507133484
193,0.3636564314365387
194,-0.0277558621019125
195,0.2848319709300995
196,0.2844124734401703
197,0.07090175896883011
198,0.33019357919692993
199,0.3152734041213989
200,0.012207440100610256
201,0.323248028755188
202,0.3190925419330597
203,0.013940569944679737
204,0.316540002822876
205,0.32143813371658325
206,0.01739758625626564
207,0.3072757124900818
208,0.319524347782135
209,0.025970421731472015
210,0.33557456731796265
211,0.3099091649055481
212,0.011588343419134617
213,0.31518688797950745
214,0.2932070791721344
215,0.011806921102106571
216,0.32307273149490356
217,0.2907841205596924
218,0.010141566395759583
219,0.308505117893219
220,0.29734092950820923
221,0.01558233704417944
222,0.30486106872558594
223,0.30259013175964355
224,0.019613992422819138
225,0.30391764640808105
226,0.328994482755661
227,0.03039010427892208
228,0.3627837002277374
229,0.4735899567604065
230,0.0007553155883215368
231,0.3057946264743805
232,0.31299731135368347
233,0.027742376551032066
234,0.2900876998901367
235,0.3323369026184082
236,0.07117032259702682
237,0.29640835523605347
238,0.324840247631073
239,0.040550924837589264
240,0.33160269260406494
241,0.36266028881073
242,0.001776101184077561
243,0.36440539360046387
244,0.3978453576564789
245,-0.02332955040037632
246,0.369342565536499
247,0.4103974997997284
248,-0.02027442865073681
249,0.3570128381252289
250,0.4056841731071472
251,-0.017126016318798065
252,0.3537083566188812
253,0.4138078987598419
254,-0.010278264991939068
255,0.3638753890991211
256,0.4138859510421753
257,-0.015716535970568657
258,0.3602285087108612
259,0.4177517890930176
260,-0.009483586065471172
261,0.3503848910331726
262,0.43665412068367004
263,0.002474858658388257
264,0.3564963936805725
265,0.35729339718818665
266,-0.041991498321294785
267,0.3530041575431824
268,0.3465432822704315
269,-0.04379817843437195
270,0.29265475273132324
271,0.2957594394683838
272,0.024545153602957726
273,0.34058085083961487
274,0.3288300335407257
275,-0.0004629935428965837
276,0.3421115279197693
277,0.3623385727405548
278,-0.018636416643857956
279,0.3409956395626068
280,0.35677751898765564
281,-0.01573369652032852
282,0.31272560358047485
283,0.37054067850112915
284,0.016367709264159203
285,0.35183700919151306
286,0.33253926038742065
287,-0.037937890738248825
288,0.30487120151519775
289,0.2787257134914398
290,0.00667197722941637
291,0.2964647710323334
292,0.28578516840934753
293,0.015066612511873245
294,0.28507930040359497
295,0.2622036933898926
296,0.05444411188364029
297,0.3373200297355652
298,0.2754802107810974
299,-0.006349505856633186
300,0.33060428500175476
301,0.29105621576309204
302,0.011254284530878067
303,0.343054860830307
304,0.42735928297042847
305,0.00610328558832407
306,0.31935736536979675
307,0.43445947766304016
308,0.0844486802816391
309,0.3492797315120697
310,0.36634939908981323
311,-0.0167646873742342
312,0.3561713695526123
313,0.3675260841846466
314,-0.019763357937335968
315,0.35142189264297485
316,0.42553508281707764
317,0.003932379186153412
318,0.35529547929763794
319,0.42309239506721497
320,0.0008777107577770948
321,0.2920662462711334
322,0.27996015548706055
323,0.02041483111679554
324,0.3440399467945099
325,0.367697149515152
326,-0.014548974111676216
327,0.31811612844467163
328,0.27480006217956543
329,-0.0006483176257461309
330,0.3148841857910156
331,0.26613765954971313
332,-0.0015787355368956923
333,0.30277130007743835
334,0.2249685525894165
335,0.018558569252490997
336,0.2884258031845093
337,0.27025026082992554
338,0.03523407131433487
339,0.3090192973613739
340,0.24393543601036072
341,0.008047970943152905
342,0.2889907956123352
343,0.2926713228225708
344,0.03295302391052246
345,0.28685516119003296
346,0.2888339161872864
347,0.050933513790369034
348,0.36672109365463257
349,0.4050227999687195
350,-0.022785818204283714
351,0.3606818914413452
352,0.41064390540122986
353,-0.01689872331917286
354,0.3568471074104309
355,0.4159625768661499
356,-0.010640248656272888
357,0.35200488567352295
358,0.3677496910095215
359,-0.016038330271840096
360,0.35338863730430603
361,0.42461177706718445
362,0.002182727912440896
363,0.3559795916080475
364,0.4254271984100342
365,-0.003658547531813383
366,0.3562273681163788
367,0.4216935634613037
368,0.000426765123847872
369,0.35055842995643616
370,0.3604353964328766
371,-0.028117699548602104
372,0.3623989224433899
373,0.41666677594184875
374,-0.008443533442914486
375,0.36636945605278015
376,0.41430896520614624
377,-0.012886585667729378
378,0.3714911937713623
379,0.4121161699295044
380,-0.016969911754131317
381,0.3764002323150635
382,0.4493333697319031
383,-0.01048976555466652
384,0.37321799993515015
385,0.4368579685688019
386,-0.018061835318803787
387,0.3720898926258087
388,0.4290158152580261
389,-0.018960855901241302
390,0.3715793192386627
391,0.42153695225715637
392,-0.016980405896902084
393,0.37178581953048706
394,0.416689395904541
395,-0.015541037544608116
396,0.36187615990638733
397,0.4201391935348511
398,-0.0074905348010361195
399,0.36074525117874146
400,0.42250704765319824
401,-0.008967422880232334
402,0.35933181643486023
403,0.42688852548599243
404,-0.010079932399094105
405,0.35845333337783813
406,0.4318062663078308
407,-0.008555525913834572
408,0.34491920471191406
409,0.4022537171840668
410,-0.006277368403971195
411,0.30363744497299194
412,0.38184529542922974
413,0.101557157933712
414,0.366506963968277
415,0.36391592025756836
416,-0.029420621693134308
417,0.3594469428062439
418,0.4212477207183838
419,-0.0028187688440084457
420,0.3577405512332916
421,0.42284852266311646
422,-0.003757069120183587
423,0.359444797039032
424,0.3717746138572693
425,-0.020448695868253708
426,0.34891194105148315
427,0.3739088475704193
428,-0.009928264655172825
429,0.3578680455684662
430,0.36974942684173584
431,-0.02031351998448372
432,0.33475327491760254
433,0.33858954906463623
434,0.0034582531079649925
435,0.3250732719898224
436,0.35078105330467224
437,0.007555073127150536
438,0.3417356610298157
439,0.3625214099884033
440,-0.011248255148530006
441,0.2902402877807617
442,0.24236539006233215
443,0.035860396921634674
444,0.29514220356941223
445,0.2550649642944336
446,0.021312424913048744
447,0.30095550417900085
448,0.2706901431083679
449,0.009479742497205734
450,0.35730865597724915
451,0.4421998858451843
452,-0.0024067230988293886
453,0.3319249749183655
454,0.2622716426849365
455,-0.008636013604700565
456,0.32531654834747314
457,0.2359996736049652
458,-0.0012093879049643874
459,0.31932133436203003
460,0.2123834788799286
461,0.006494716741144657
462,0.31083640456199646
463,0.3219715356826782
464,0.02197945863008499
465,0.2989804148674011
466,0.33974161744117737
467,0.035998743027448654
468,0.33875784277915955
469,0.3052474856376648
470,0.012313476763665676
471,0.29892730712890625
472,0.3085767924785614
473,0.02820262312889099
474,0.3439314663410187
475,0.319263219833374
476,-0.004014137666672468
477,0.34439072012901306
478,0.3558085262775421
479,-0.027141906321048737
480,0.29473626613616943
481,0.35035794973373413
482,0.046088457107543945
483,0.3036919832229614
484,0.34555530548095703
485,0.027434920892119408
486,0.3121565282344818
487,0.3459301292896271
488,0.017904281616210938
489,0.3246119022369385
490,0.33850032091140747
491,0.011570436879992485
492,0.3334617614746094
493,0.3296659588813782
494,0.008061125874519348
495,0.3397647440433502
496,0.3211221992969513
497,0.004611479118466377
498,0.34946003556251526
499,0.30033761262893677
500,-0.013805681839585304
501,0.29945212602615356
502,0.3733193576335907
503,0.042324189096689224
504,0.2940414547920227
505,0.3092776834964752
506,0.03334883227944374
507,0.3610948622226715
508,0.36234384775161743
509,-0.03855353221297264
510,0.34226304292678833
511,0.33919429779052734
512,-0.004511869512498379
513,0.29289841651916504
514,0.3332596719264984
515,0.09913622587919235
516,0.34386926889419556
517,0.3127009868621826
518,0.002723997924476862
519,0.3424237072467804
520,0.3638826012611389
521,-0.0031515024602413177
522,0.30399981141090393
523,0.3145621418952942
524,0.029687294736504555
525,0.3434308171272278
526,0.3489757180213928
527,-0.0236330758780241
528,0.31011027097702026
529,0.40788519382476807
530,0.09545492380857468
531,0.3381844162940979
532,0.3011780381202698
533,0.014932818710803986
534,0.347065806388855
535,0.33959126472473145
536,-0.03214873746037483
537,0.3315744400024414
538,0.45658543705940247
539,0.03720679134130478
540,0.3369649052619934
541,0.4698788523674011
542,0.05090160295367241
543,0.2979851961135864
544,0.37916100025177
545,0.07231979072093964
546,0.3222939074039459
547,0.44336825609207153
548,0.04985109716653824
549,0.28825098276138306
550,0.3090038597583771
551,0.06358592212200165
552,0.36389684677124023
553,0.4875192940235138
554,0.005098264664411545
555,0.3635447919368744
556,0.36466681957244873
557,-0.02845056541264057
558,0.33813726902008057
559,0.35032689571380615
560,-0.0009007022017613053
561,0.2927302122116089
562,0.3292364478111267
563,0.049919724464416504
564,0.3153925836086273
565,0.31460490822792053
566,0.018335234373807907
567,0.3217477798461914
568,0.3129410743713379
569,0.015281738713383675
570,0.354391485452652
571,0.4285535514354706
572,-0.0020487969741225243
573,0.3056377172470093
574,0.39524537324905396
575,0.04295084625482559
576,0.3814660906791687
577,0.5014430284500122
578,0.004118649289011955
579,0.3575204312801361
580,0.491094708442688
581,0.024849332869052887
582,0.34780600666999817
583,0.4826158583164215
584,0.03631465509533882
585,0.345198392868042
586,0.22810861468315125
587,-0.006571244914084673
588,0.3988448679447174
589,0.49875956773757935
590,-0.0011449699522927403
591,0.32780420780181885
592,0.3098044991493225
593,0.013782941736280918
594,0.3331316411495209
595,0.3057318925857544
596,0.013950412161648273
597,0.33654263615608215
598,0.3030288815498352
599,0.015135958790779114
600,0.2905288636684418
601,0.3092097342014313
602,0.04276822507381439
603,0.3310667872428894
604,0.2977560758590698
605,0.013310101814568043
606,0.3245626986026764
607,0.29825687408447266
608,0.012858401983976364
609,0.31813332438468933
610,0.30017003417015076
611,0.01441115327179432
612,0.31216078996658325
613,0.3040226101875305
614,0.01743578352034092
615,0.3088414669036865
616,0.3080456554889679
617,0.020763464272022247
618,0.2874215245246887
619,0.30662575364112854
620,0.08723122626543045
621,0.3111925721168518
622,0.31478872895240784
623,0.02172333560883999
624,0.3702695667743683
625,0.37695780396461487
626,-0.022731387987732887
627,0.34887537360191345
628,0.3922061026096344
629,-0.011127635836601257
630,0.34818029403686523
631,0.3644586205482483
632,-0.01986520178616047
633,0.3605346977710724
634,0.3821360766887665
635,-0.02044614590704441
636,0.3548327088356018
637,0.2824913561344147
638,-0.011804054491221905
639,0.3420536518096924
640,0.4692135751247406
641,0.026388419792056084
642,0.3524765372276306
643,0.47856882214546204
644,0.016105132177472115
645,0.37804070115089417
646,0.4917037785053253
647,-0.005299267824739218
648,0.32849597930908203
649,0.45505034923553467
650,0.06840614229440689
651,0.3357817828655243
652,0.2993142008781433
653,0.014294721186161041
654,0.34711337089538574
655,0.3193618953227997
656,-0.01628503017127514
657,0.39542603492736816
658,0.4892258048057556
659,-0.010026548057794571
660,0.36833569407463074
661,0.49802860617637634
662,0.013168016448616982
663,0.30488961935043335
664,0.40299874544143677
665,0.06905516982078552
666,0.36609357595443726
667,0.4184553027153015
668,-0.011615616269409657
669,0.365287184715271
670,0.422298401594162
671,-0.01318897120654583
672,0.36472463607788086
673,0.42837995290756226
674,-0.014532910659909248
675,0.3649004101753235
676,0.435615599155426
677,-0.013454985804855824
678,0.3658128082752228
679,0.44708824157714844
680,-0.007217577658593655
681,0.3573189973831177
682,0.4207923412322998
683,-0.0038919425569474697
684,0.3543674349784851
685,0.4209336042404175
686,-0.0034204074181616306
687,0.3516237139701843
688,0.42007899284362793
689,-0.002945984248071909
690,0.34269604086875916
691,0.4144192636013031
692,0.00023253049585036933
693,0.31377753615379333
694,0.39715299010276794
695,0.024180281907320023
696,0.34669652581214905
697,0.30896592140197754
698,-0.008327517658472061
699,0.3418399691581726
700,0.29172155261039734
701,0.007504825014621019
702,0.3381938636302948
703,0.29504531621932983
704,0.01202052179723978
705,0.35920190811157227
706,0.4185398817062378
707,-0.003344864584505558
708,0.319886714220047
709,0.4253939688205719
710,0.03479277715086937
711,0.3464771509170532
712,0.28849560022354126
713,-0.004324399400502443
714,0.36421361565589905
715,0.45978665351867676
716,-0.0026882493402808905
717,0.3573928773403168
718,0.3167117238044739
719,-0.03364507853984833
720,0.3503156006336212
721,0.31119710206985474
722,-0.02252848446369171
723,0.35656943917274475
724,0.30580130219459534
725,-0.025647051632404327
726,0.34500306844711304
727,0.33893346786499023
728,-0.016173185780644417
729,0.3920353651046753
730,0.4757102131843567
731,-0.013726362958550453
732,0.3889252841472626
733,0.46013906598091125
734,-0.012838024646043777
735,0.37638765573501587
736,0.4625928997993469
737,-0.009314198978245258
738,0.34433573484420776
739,0.44348859786987305
740,0.008257423527538776
741,0.3390187621116638
742,0.3755527138710022
743,-0.0007418895838782191
744,0.35376742482185364
745,0.4534686207771301
746,0.0030081302393227816
747,0.3241001069545746
748,0.38062015175819397
749,0.006161673925817013
750,0.3353123366832733
751,0.38982093334198
752,0.0010799987940117717
753,0.3230772018432617
754,0.40176424384117126
755,0.012613040395081043
756,0.376412957906723
757,0.4780671000480652
758,-0.008898655883967876
759,0.3428732454776764
760,0.34749504923820496
761,-0.010017381981015205
762,0.3405444622039795
763,0.4549209177494049
764,0.017056623473763466
765,0.351690411567688
766,0.4651584327220917
767,0.009613033384084702
768,0.33619242906570435
769,0.4308020770549774
770,0.011321540921926498
771,0.31180089712142944
772,0.4138628840446472
773,0.044088732451200485
774,0.3290489912033081
775,0.4355420470237732
776,0.021267088130116463
777,0.31272298097610474
778,0.4245069921016693
779,0.06328410655260086
780,0.33390381932258606
781,0.40795546770095825
782,0.005003432743251324
783,0.3447674810886383
784,0.32905519008636475
785,-0.009940029121935368
786,0.347619891166687
787,0.35958924889564514
788,-0.02939421683549881
789,0.3449428379535675
790,0.364902526140213
791,-0.02037210576236248
792,0.3480488359928131
793,0.35064569115638733
794,-0.035665158182382584
795,0.3343760669231415
796,0.28571784496307373
797,0.006592739373445511
798,0.32145270705223083
799,0.2849101424217224
800,0.007038953714072704
801,0.31099289655685425
802,0.2876735329627991
803,0.009362388402223587
804,0.30317825078964233
805,0.2924886643886566
806,0.01445857249200344
807,0.2991155982017517
808,0.29926010966300964
809,0.02073078230023384
810,0.30080756545066833
811,0.3193199336528778
812,0.03360189124941826
813,0.29294466972351074
814,0.35580748319625854
815,0.0724855288863182
816,0.30771392583847046
817,0.33212488889694214
818,0.025424182415008545
819,0.31471875309944153
820,0.33211588859558105
821,0.018847357481718063
822,0.3236314654350281
823,0.32820114493370056
824,0.01373744010925293
825,0.33203011751174927
826,0.3218702971935272
827,0.010870246216654778
828,0.33827877044677734
829,0.31510797142982483
830,0.00907429214566946
831,0.3422521650791168
832,0.3092791438102722
833,0.007936528883874416
834,0.29871806502342224
835,0.35749194025993347
836,0.10329318046569824
837,0.34663793444633484
838,0.3680601119995117
839,-0.016589175909757614
840,0.34755125641822815
841,0.32897329330444336
842,-0.02300346828997135
843,0.35167938470840454
844,0.3577592968940735
845,-0.03688100725412369
846,0.35788923501968384
847,0.3619409501552582
848,-0.0348566435277462
849,0.35293328762054443
850,0.3597116470336914
851,-0.03298736736178398
852,0.3501672148704529
853,0.37083864212036133
854,-0.014590450562536716
855,0.35892894864082336
856,0.3624836504459381
857,-0.03729648515582085
858,0.3612012565135956
859,0.36480095982551575
860,-0.028094660490751266
861,0.34068194031715393
862,0.30076053738594055
863,0.012769926339387894
864,0.3447822332382202
865,0.30172526836395264
866,0.006439733784645796
867,0.3463265597820282
868,0.30242419242858887
869,-0.00020025520643685013
870,0.3070685863494873
871,0.310788631439209
872,0.023840410634875298
873,0.3026384711265564
874,0.30814388394355774
875,0.02490503527224064
876,0.36488205194473267
877,0.31619030237197876
878,-0.0322786308825016
879,0.41842034459114075
880,0.2728572487831116
881,0.004305797163397074
882,0.37375569343566895
883,0.3583996295928955
884,-0.029941653832793236
885,0.44417890906333923
886,0.22312885522842407
887,0.03975827991962433
888,0.3963976502418518
889,0.2899901270866394
890,-0.000936989497859031
891,0.4045413136482239
892,0.28835201263427734
893,-0.0017086269799619913
894,0.41237112879753113
895,0.28551942110061646
896,-0.0007801814936101437
897,0.42263346910476685
898,0.27609845995903015
899,0.004527065437287092
900,0.38916411995887756
901,0.2893662452697754
902,0.0012400783598423004
903,0.4015474319458008
904,0.2593320310115814
905,-0.00465606153011322
906,0.39313387870788574
907,0.2631164789199829
908,-0.002821103436872363
909,0.41005420684814453
910,0.2578711211681366
911,-0.003437699982896447
912,0.41654205322265625
913,0.2595258355140686
914,-0.0009506636997684836
915,0.43041956424713135
916,0.2818511724472046
917,0.00720251677557826
918,0.42199569940567017
919,0.45462360978126526
920,-0.008640788495540619
921,0.4210837185382843
922,0.269161194562912
923,0.006471589207649231
924,0.45710739493370056
925,0.2702256441116333
926,0.03924903646111488
927,0.4389018714427948
928,0.2716010808944702
929,0.014364601112902164
930,0.40814441442489624
931,0.3348065912723541
932,-0.011179556138813496
933,0.382919579744339
934,0.3908589482307434
935,-0.026722991839051247
936,0.3845244348049164
937,0.40465596318244934
938,-0.023316964507102966
939,0.39453762769699097
940,0.3918183147907257
941,-0.02404090017080307
942,0.40258026123046875
943,0.3954530954360962
944,-0.019770709797739983
945,0.3924291133880615
946,0.4031982123851776
947,-0.021774007007479668
948,0.3987436592578888
949,0.40319088101387024
950,-0.01742846518754959
951,0.41866493225097656
952,0.4122406244277954
953,-0.00949330534785986
954,0.3694859445095062
955,0.35242462158203125
956,-0.0438227541744709
957,0.36815306544303894
958,0.3409213125705719
959,-0.04592728614807129
960,0.42703762650489807
961,0.24410703778266907
962,0.00013775599654763937
963,0.3873842656612396
964,0.3115024268627167
965,-0.00903626624494791
966,0.39160093665122986
967,0.3439437747001648
968,-0.026737550273537636
969,0.39178192615509033
970,0.3380378782749176
971,-0.024092907086014748
972,0.4333055019378662
973,0.32681313157081604
974,-0.005298150237649679
975,0.36613157391548157
976,0.32733362913131714
977,-0.04058724269270897
978,0.4035533666610718
979,0.23986966907978058
980,-0.010255874134600163
981,0.4165753424167633
982,0.23906582593917847
983,-0.00613500876352191
984,0.43027403950691223
985,0.20541635155677795
986,0.02650335617363453
987,0.3692794442176819
988,0.26281219720840454
989,-0.011813141405582428
990,0.38654860854148865
991,0.26899898052215576
992,0.0007047331891953945
993,0.4221607744693756
994,0.3988112211227417
995,-0.00839005596935749
996,0.4740390479564667
997,0.3812751770019531
998,0.05534102022647858
999,0.38694527745246887
1000,0.35230666399002075
1001,-0.022892368957400322
1002,0.3807094395160675
1003,0.3584849238395691
1004,-0.02282690815627575
1005,0.41243547201156616
1006,0.40260639786720276
1007,-0.008568426594138145
1008,0.4084177315235138
1009,0.4029231071472168
1010,-0.010025976225733757
1011,0.42001330852508545
1012,0.23017385601997375
1013,-0.0021500983275473118
1014,0.3936101198196411
1015,0.34943887591362
1016,-0.022473694756627083
1017,0.38783949613571167
1018,0.24716106057167053
1019,-0.012186144478619099
1020,0.3872935175895691
1021,0.2373286336660385
1022,-0.013472910039126873
1023,0.38891974091529846
1024,0.19038477540016174
1025,0.002549395663663745
1026,0.4244944751262665
1027,0.21731139719486237
1028,0.010279539972543716
1029,0.38673093914985657
1030,0.21291643381118774
1031,-0.005800427868962288
1032,0.4316793382167816
1033,0.2378501296043396
1034,0.006705289240926504
1035,0.4377515912055969
1036,0.23103390634059906
1037,0.02239641360938549
1038,0.3839021921157837
1039,0.398616760969162
1040,-0.026107555255293846
1041,0.3932698965072632
1042,0.3985491991043091
1043,-0.023439086973667145
1044,0.4005345106124878
1045,0.3995042145252228
1046,-0.019331956282258034
1047,0.3854469060897827
1048,0.35538041591644287
1049,-0.020947620272636414
1050,0.41024693846702576
1051,0.4030551612377167
1052,-0.009387809783220291
1053,0.40734973549842834
1054,0.4061587154865265
1055,-0.013373168185353279
1056,0.4076123535633087
1057,0.4023864269256592
1058,-0.010136241093277931
1059,0.3804139196872711
1060,0.3492518961429596
1061,-0.03373989835381508
1062,0.3975115716457367
1063,0.4033207297325134
1064,-0.015940537676215172
1065,0.39151185750961304
1066,0.40481266379356384
1067,-0.018480617552995682
1068,0.3846626281738281
1069,0.40708640217781067
1070,-0.020032303407788277
1071,0.3968457281589508
1072,0.4422778785228729
1073,-0.013374862261116505
1074,0.3923149108886719
1075,0.4300267696380615
1076,-0.021268950775265694
1077,0.38979795575141907
1078,0.4226619005203247
1079,-0.022296998649835587
1080,0.3876054883003235
1081,0.41567063331604004
1082,-0.02024882659316063
1083,0.38627809286117554
1084,0.4114283323287964
1085,-0.018665408715605736
1086,0.3993518650531769
1087,0.4062000513076782
1088,-0.014907049015164375
1089,0.4008525013923645
1090,0.40758419036865234
1091,-0.016444053500890732
1092,0.4035312533378601
1093,0.410532146692276
1094,-0.01779155060648918
1095,0.40636661648750305
1096,0.4142581820487976
1097,-0.01676146313548088
1098,0.40772584080696106
1099,0.37941795587539673
1100,-0.017167147248983383
1101,0.4721326231956482
1102,0.32110750675201416
1103,0.06894869357347488
1104,0.40331336855888367
1105,0.4048498272895813
1106,-0.012094228528439999
1107,0.40490877628326416
1108,0.4051816463470459
1109,-0.013101533055305481
1110,0.3788571357727051
1111,0.3646240234375
1112,-0.02344680204987526
1113,0.392561674118042
1114,0.3579709231853485
1115,-0.016237549483776093
1116,0.37973514199256897
1117,0.3616533875465393
1118,-0.023267781361937523
1119,0.3973482847213745
1120,0.3154887855052948
1121,-0.007963497191667557
1122,0.41160741448402405
1123,0.3191092014312744
1124,-0.007872848771512508
1125,0.39459845423698425
1126,0.3430772125720978
1127,-0.019944077357649803
1128,0.412401020526886
1129,0.1938326209783554
1130,0.012937905266880989
1131,0.4081214964389801
1132,0.2103879600763321
1133,0.0011592017253860831
1134,0.4046799838542938
1135,0.22974494099617004
1136,-0.008441896177828312
1137,0.41363057494163513
1138,0.42257848381996155
1139,-0.012111091986298561
1140,0.3687632381916046
1141,0.24736446142196655
1142,-0.014647392556071281
1143,0.3667237162590027
1144,0.21950630843639374
1145,-0.00839281640946865
1146,0.3660750985145569
1147,0.1935158371925354
1148,-0.00166783994063735
1149,0.41916346549987793
1150,0.2814127504825592
1151,0.0017155903624370694
1152,0.4405829906463623
1153,0.28736504912376404
1154,0.010166455991566181
1155,0.3843185603618622
1156,0.2878459095954895
1157,0.003090272657573223
1158,0.4267861545085907
1159,0.2599083185195923
1160,0.004525372292846441
1161,0.37979379296302795
1162,0.30591723322868347
1163,-0.010931632481515408
1164,0.3845307230949402
1165,0.340915709733963
1166,-0.03371290862560272
1167,0.45183271169662476
1168,0.29268714785575867
1169,0.01679648831486702
1170,0.4354638159275055
1171,0.29698851704597473
1172,0.0032771157566457987
1173,0.4248262643814087
1174,0.30440399050712585
1175,-0.002617056481540203
1176,0.4088556468486786
1177,0.3073718547821045
1178,-0.004013042896986008
1179,0.3967468738555908
1180,0.30606603622436523
1181,-0.0037723665591329336
1182,0.3871615529060364
1183,0.3034347593784332
1184,-0.004328243434429169
1185,0.36446917057037354
1186,0.29466384649276733
1187,-0.016788840293884277
1188,0.45451030135154724
1189,0.3172239065170288
1190,0.013323989696800709
1191,0.4334825873374939
1192,0.25647982954978943
1193,0.0074773975647985935
1194,0.36890166997909546
1195,0.3593912422657013
1196,-0.04002790525555611
1197,0.3879014551639557
1198,0.3224366307258606
1199,-0.012800471857190132
1200,0.4627379775047302
1201,0.2700222134590149
1202,0.06558828055858612
1203,0.379373162984848
1204,0.29932403564453125
1205,-0.0042534321546554565
1206,0.396377831697464
1207,0.3440697193145752
1208,-0.011616417206823826
1209,0.4243161082267761
1210,0.26882827281951904
1211,0.0073230573907494545
1212,0.3844749629497528
1213,0.3338130712509155
1214,-0.03033106029033661
1215,0.4750354588031769
1216,0.34969067573547363
1217,0.06427076458930969
1218,0.3840011954307556
1219,0.28367963433265686
1220,0.005342615768313408
1221,0.37502631545066833
1222,0.3292950987815857
1223,-0.037036262452602386
1224,0.456158846616745
1225,0.4153828024864197
1226,0.015563808381557465
1227,0.46164727210998535
1228,0.4294534921646118
1229,0.028682218864560127
1230,0.4669037461280823
1231,0.31824275851249695
1232,0.04050365462899208
1233,0.46370407938957214
1234,0.39552831649780273
1235,0.024451492354273796
1236,0.4473709166049957
1237,0.2489238977432251
1238,0.03312840312719345
1239,0.4278642535209656
1240,0.46746695041656494
1241,-0.0051559885032474995
1242,0.369631826877594
1243,0.362338662147522
1244,-0.02936302311718464
1245,0.39702752232551575
1246,0.3286878168582916
1247,-0.011078285984694958
1248,0.4470079839229584
1249,0.27183595299720764
1250,0.02120870351791382
1251,0.41041773557662964
1252,0.27874356508255005
1253,0.0005802384694106877
1254,0.4034111499786377
1255,0.28183290362358093
1256,-0.0004829714307561517
1257,0.41015660762786865
1258,0.40777477622032166
1259,-0.012453924864530563
1260,0.45762550830841064
1261,0.341101735830307
1262,0.015027530491352081
1263,0.41664424538612366
1264,0.49063730239868164
1265,-0.0015683057717978954
1266,0.44160643219947815
1267,0.4650278687477112
1268,0.010533949360251427
1269,0.4514335095882416
1270,0.44993507862091064
1271,0.01835399493575096
1272,0.39663222432136536
1273,0.283378541469574
1274,0.0003514691779855639
1275,0.39021366834640503
1276,0.2837079167366028
1277,0.0024570205714553595
1278,0.3861774802207947
1279,0.2840493321418762
1280,0.004765030462294817
1281,0.43959128856658936
1282,0.25270721316337585
1283,0.014836539514362812
1284,0.3895360231399536
1285,0.275382936000824
1286,0.0014832851011306047
1287,0.3958889842033386
1288,0.27083820104599
1289,-0.0009099578019231558
1290,0.402458131313324
1291,0.26793670654296875
1292,-0.001637769746594131
1293,0.40976202487945557
1294,0.26687777042388916
1295,-0.0007733155507594347
1296,0.4148958921432495
1297,0.2676488161087036
1298,0.001276159193366766
1299,0.4543164074420929
1300,0.24340885877609253
1301,0.054460275918245316
1302,0.4151051938533783
1303,0.275705486536026
1304,0.002432050183415413
1305,0.39904990792274475
1306,0.37401625514030457
1307,-0.019452877342700958
1308,0.3863370716571808
1309,0.35010409355163574
1310,-0.025577014312148094
1311,0.3816017210483551
1312,0.37438368797302246
1313,-0.023934027180075645
1314,0.4478914737701416
1315,0.43501174449920654
1316,0.008900370448827744
1317,0.4386894404888153
1318,0.45139357447624207
1319,0.002284534741193056
1320,0.41332849860191345
1321,0.48075756430625916
1322,-0.010833255015313625
1323,0.4689454436302185
1324,0.4081462621688843
1325,0.042215585708618164
1326,0.3854779899120331
1327,0.2804539203643799
1328,0.003736709477379918
1329,0.3725590407848358
1330,0.310025155544281
1331,-0.020955298095941544
1332,0.43020105361938477
1333,0.4789486229419708
1334,0.0026120042894035578
1335,0.469279944896698
1336,0.3448311984539032
1337,0.038500070571899414
1338,0.3931672275066376
1339,0.40840938687324524
1340,-0.017279595136642456
1341,0.39499273896217346
1342,0.4113066494464874
1343,-0.01891026645898819
1344,0.39751678705215454
1345,0.41628298163414
1346,-0.020510070025920868
1347,0.400351345539093
1348,0.42278429865837097
1349,-0.01972196064889431
1350,0.4065752327442169
1351,0.4329856336116791
1352,-0.014174899086356163
1353,0.4043818712234497
1354,0.40292888879776
1355,-0.013733873143792152
1356,0.4065876305103302
1357,0.4012061357498169
1358,-0.014279276132583618
1359,0.40878790616989136
1360,0.39851483702659607
1361,-0.014454493299126625
1362,0.4158177673816681
1363,0.38783779740333557
1364,-0.013249203562736511
1365,0.44530534744262695
1366,0.35032105445861816
1367,0.0008583940216340125
1368,0.37189990282058716
1369,0.2995205521583557
1370,-0.013288541696965694
1371,0.3749100863933563
1372,0.2789974510669708
1373,0.0012658335035666823
1374,0.3808910846710205
1375,0.27857232093811035
1376,0.0030907997861504555
1377,0.4026371240615845
1378,0.4020850360393524
1379,-0.012689524330198765
1380,0.4536869525909424
1381,0.379060298204422
1382,0.011073409579694271
1383,0.3662438690662384
1384,0.2808647155761719
1385,-0.007971302606165409
1386,0.4145170748233795
1387,0.44318199157714844
1388,-0.010590622201561928
1389,0.36480799317359924
1390,0.30583280324935913
1391,-0.025062106549739838
1392,0.38153910636901855
1393,0.3255012035369873
1394,-0.022326728329062462
1395,0.40230751037597656
1396,0.45417943596839905
1397,-0.013173872604966164
1398,0.4292217493057251
1399,0.41451820731163025
1400,-0.005621872842311859
1401,0.40494194626808167
1402,0.3516153395175934
1403,-0.011389736086130142
1404,0.4234367609024048
1405,0.43022072315216064
1406,-0.007921823300421238
1407,0.4232898950576782
1408,0.3448910415172577
1409,-0.010493769310414791
1410,0.41425082087516785
1411,0.3615357279777527
1412,-0.012128670699894428
1413,0.4345170557498932
1414,0.3623061776161194
1415,-0.006390699185431004
1416,0.40833207964897156
1417,0.4678690433502197
1418,-0.014095025137066841
1419,0.38871848583221436
1420,0.3306218683719635
1421,-0.017630141228437424
1422,0.440182089805603
1423,0.42178675532341003
1424,0.0007068628328852355
1425,0.43175116181373596
1426,0.43922945857048035
1427,-0.002955725882202387
1428,0.43218740820884705
1429,0.39721450209617615
1430,-0.0055127814412117004
1431,0.4597354829311371
1432,0.3620915114879608
1433,0.017424877732992172
1434,0.44484221935272217
1435,0.39589983224868774
1436,0.0014749409165233374
1437,0.4690881669521332
1438,0.3702876567840576
1439,0.034373871982097626
1440,0.42361581325531006
1441,0.3759002089500427
1442,-0.01060189213603735
1443,0.3801409900188446
1444,0.31604310870170593
1445,-0.01652374491095543
1446,0.382488489151001
1447,0.3465437591075897
1448,-0.03538735210895538
1449,0.3896110951900482
1450,0.34828194975852966
1451,-0.02731240913271904
1452,0.37648868560791016
1453,0.3401710093021393
1454,-0.04057592153549194
1455,0.37928318977355957
1456,0.26819056272506714
1457,-0.0019479487091302872
1458,0.39092251658439636
1459,0.25756028294563293
1460,-0.005269183777272701
1461,0.4020808935165405
1462,0.25196319818496704
1463,-0.006789030972868204
1464,0.41239526867866516
1465,0.25003549456596375
1466,-0.005311126355081797
1467,0.42087653279304504
1468,0.25232380628585815
1469,-0.0013913025613874197
1470,0.4306930601596832
1471,0.27039676904678345
1472,0.009676812216639519
1473,0.4631437063217163
1474,0.2935129404067993
1475,0.039916735142469406
1476,0.426444947719574
1477,0.2879440188407898
1478,0.0036415548529475927
1479,0.4179874062538147
1480,0.2937870919704437
1481,-9.530206443741918e-05
1482,0.4070810079574585
1483,0.2970276474952698
1484,-0.001855532405897975
1485,0.3964110016822815
1486,0.2975413501262665
1487,-0.0014131820062175393
1488,0.3878061771392822
1489,0.2963372766971588
1490,-0.0002745505189523101
1491,0.38151493668556213
1492,0.2943713366985321
1493,0.0003425338363740593
1494,0.4677872657775879
1495,0.29544568061828613
1496,0.06987740844488144
1497,0.39046141505241394
1498,0.35182714462280273
1499,-0.023326819762587547
1500,0.37306877970695496
1501,0.3195234537124634
1502,-0.027832025662064552
1503,0.37565532326698303
1504,0.348850280046463
1505,-0.04077058285474777
1506,0.37317439913749695
1507,0.3562677204608917
1508,-0.037063367664813995
1509,0.37674829363822937
1510,0.3507969379425049
1511,-0.0369286872446537
1512,0.3891647458076477
1513,0.3565412163734436
1514,-0.0202634297311306
1515,0.37149518728256226
1516,0.35776349902153015
1517,-0.03907642140984535
1518,0.37219440937042236
1519,0.36071088910102844
1520,-0.029613951221108437
1521,0.38076573610305786
1522,0.28537386655807495
1523,0.004650318995118141
1524,0.3758918046951294
1525,0.2898130714893341
1526,0.0004568134609144181
1527,0.37269148230552673
1528,0.2923412024974823
1529,-0.005119479726999998
1530,0.41818729043006897
1531,0.26852813363075256
1532,0.003484188113361597
1533,0.4220799207687378
1534,0.26233184337615967
1535,0.0031172404997050762
1536,0.7152902483940125
1537,0.6524838209152222
1538,-3.441134879267338e-07
1539,0.6548414826393127
1540,0.6083880066871643
1541,0.02643587253987789
1542,0.6274799704551697
1543,0.5427463054656982
1544,0.03496457263827324
1545,0.6101272702217102
1546,0.49998939037323
1547,0.030258309096097946
1548,0.6050764918327332
1549,0.466803640127182
1550,0.02504175342619419
1551,0.6614043712615967
1552,0.4538390338420868
1553,0.05284824222326279
1554,0.6364831328392029
1555,0.3972543478012085
1556,0.04764128476381302
1557,0.6100918650627136
1558,0.38124483823776245
1559,0.03944575786590576
1560,0.583991527557373
1561,0.3719286620616913
1562,0.033639222383499146
1563,0.6771005988121033
1564,0.4500303864479065
1565,0.025979764759540558
1566,0.6215771436691284
1567,0.4081380367279053
1568,0.011159621179103851
1569,0.5766462087631226
1570,0.41650253534317017
1571,-0.00414445111528039
1572,0.5441758632659912
1573,0.43074947595596313
1574,-0.01150538306683302
1575,0.6895713806152344
1576,0.45684540271759033
1577,-0.0026716585271060467
1578,0.6223697066307068
1579,0.42875173687934875
1580,-0.02278253622353077
1581,0.6014622449874878
1582,0.4757355749607086
1583,-0.028804359957575798
1584,0.5994400382041931
1585,0.5184286236763
1586,-0.026341894641518593
1587,0.6940027475357056
1588,0.46782657504081726
1589,-0.02980147860944271
1590,0.6408336758613586
1591,0.43420588970184326
1592,-0.041123516857624054
1593,0.6184871196746826
1594,0.44261619448661804
1595,-0.04031210020184517
1596,0.6090187430381775
1597,0.45481351017951965
1598,-0.036644864827394485
1599,0.0
1600,0.0
1601,0.0
1602,0.0
1603,0.0
1604,0.0
1605,0.0
1606,0.0
1607,0.0
1608,0.0
1609,0.0
1610,0.0
1611,0.0
1612,0.0
1613,0.0
1614,0.0
1615,0.0
1616,0.0
1617,0.0
1618,0.0
1619,0.0
1620,0.0
1621,0.0
1622,0.0
1623,0.0
1624,0.0
1625,0.0
1626,0.0
1627,0.0
1628,0.0
1629,0.0
1630,0.0
1631,0.0
1632,0.0
1633,0.0
1634,0.0
1635,0.0
1636,0.0
1637,0.0
1638,0.0
1639,0.0
1640,0.0
1641,0.0
1642,0.0
1643,0.0
1644,0.0
1645,0.0
1646,0.0
1647,0.0
1648,0.0
1649,0.0
1650,0.0
1651,0.0
1652,0.0
1653,0.0
1654,0.0
1655,0.0
1656,0.0
1657,0.0
1658,0.0
1659,0.0
1660,0.0
1661,0.0
