,0
0,0.3878534436225891
1,0.3320944905281067
2,-0.6393489837646484
3,0.9999952912330627
4,0.40977564454078674
5,0.27810049057006836
6,-0.5838142037391663
7,0.9999913573265076
8,0.4277946949005127
9,0.2776598036289215
10,-0.5832512378692627
11,0.9999926686286926
12,0.4437909722328186
13,0.2784935534000397
14,-0.5826963186264038
15,0.9999925494194031
16,0.3581807017326355
17,0.2873201370239258
18,-0.5814293622970581
19,0.9999905228614807
20,0.34274739027023315
21,0.291399747133255
22,-0.5802852511405945
23,0.9999899864196777
24,0.3291214108467102
25,0.2965676188468933
26,-0.5804213881492615
27,0.9999884963035583
28,0.4645053446292877
29,0.3152714967727661
30,-0.2642076015472412
31,0.9999921917915344
32,0.3162118196487427
33,0.3365369141101837
34,-0.24808816611766815
35,0.9999908804893494
36,0.4313342571258545
37,0.39452117681503296
38,-0.5268567800521851
39,0.9999935626983643
40,0.364400714635849
41,0.4021949768066406
42,-0.5240952372550964
43,0.9999927282333374
44,0.6199259757995605
45,0.6583705544471741
46,-0.13275232911109924
47,0.9999499320983887
48,0.20544934272766113
49,0.6922276616096497
50,-0.1269792914390564
51,0.9997127652168274
52,0.7521777153015137
53,1.0401955842971802
54,-0.4739014208316803
55,0.879177451133728
56,0.10614071786403656
57,0.9983661770820618
58,-0.17912812530994415
59,0.3484308123588562
60,0.7300739884376526
61,0.6725749969482422
62,-0.8467931747436523
63,0.8955749273300171
64,0.103998564183712
65,1.4409881830215454
66,-0.5589827299118042
67,0.16937939822673798
68,0.6871395707130432
69,0.5333906412124634
70,-0.9419762492179871
71,0.882937490940094
72,0.07491809874773026
73,1.5553324222564697
74,-0.6140426397323608
75,0.21738667786121368
76,0.6643028259277344
77,0.4915948212146759
78,-0.8246043920516968
79,0.8920655250549316
80,0.1019454225897789
81,1.5489774942398071
82,-0.6921716332435608
83,0.3062940835952759
84,0.6608834862709045
85,0.5464212894439697
86,-0.8197881579399109
87,0.8872442245483398
88,0.12262638658285141
89,1.5107841491699219
90,-0.6111414432525635
91,0.3245018720626831
92,0.5717036724090576
93,1.4417082071304321
94,-0.05741419270634651
95,0.002949099987745285
96,0.2874005436897278
97,1.4459503889083862
98,0.06385354697704315
99,0.0018558561569079757
100,0.5582017302513123
101,2.107983350753784
102,-0.19521450996398926
103,0.0002722919743973762
104,0.2966136336326599
105,2.0982754230499268
106,0.03834328055381775
107,9.782853157958016e-05
108,0.5503690242767334
109,2.6843671798706055
110,0.21143832802772522
111,1.4707626178278588e-05
112,0.30026382207870483
113,2.6765365600585938
114,0.29747873544692993
115,2.5797528451221297e-06
116,0.5594485998153687
117,2.763356924057007
118,0.22080270946025848
119,1.3948693776910659e-05
120,0.29407888650894165
121,2.7594974040985107
122,0.30872827768325806
123,5.798110123578226e-06
124,0.5025180578231812
125,2.8593742847442627
126,-0.33109554648399353
127,4.066837573191151e-05
128,0.33855560421943665
129,2.856440305709839
130,-0.2681601941585541
131,1.6299140042974614e-05
132,0.3791196346282959
133,0.3974568247795105
134,-0.024685336276888847
135,0.3676237165927887
136,0.35669761896133423
137,-0.04478071257472038
138,0.3729645907878876
139,0.36870360374450684
140,-0.024326466023921967
141,0.35675039887428284
142,0.32279714941978455
143,-0.03229081630706787
144,0.36530691385269165
145,0.34506741166114807
146,-0.04735487699508667
147,0.3636142313480377
148,0.3304271101951599
149,-0.04385089501738548
150,0.361110121011734
151,0.2963356077671051
152,-0.021984050050377846
153,0.3123796582221985
154,0.3134842813014984
155,0.0189373679459095
156,0.3583511412143707
157,0.27298155426979065
158,-0.01672169379889965
159,0.3559110462665558
160,0.2588558793067932
161,-0.018233081325888634
162,0.34802675247192383
163,0.20340390503406525
164,-0.00810838583856821
165,0.3804897964000702
166,0.40341565012931824
167,-0.023892724886536598
168,0.3818866014480591
169,0.4081372618675232
170,-0.021349219605326653
171,0.3829355537891388
172,0.41021648049354553
173,-0.01778789795935154
174,0.38719889521598816
175,0.4305533468723297
176,-0.011490307748317719
177,0.3881053030490875
178,0.4366838335990906
179,-0.012721609324216843
180,0.38932716846466064
181,0.4440474510192871
182,-0.013954714871942997
183,0.39087915420532227
184,0.45146486163139343
185,-0.011555368080735207
186,0.3931977450847626
187,0.4603334665298462
188,-0.0027793869376182556
189,0.3696398437023163
190,0.3626577854156494
191,-0.040779948234558105
192,0.36366868019104004
193,0.3645620346069336
194,-0.028790777549147606
195,0.28825703263282776
196,0.2832599878311157
197,0.06159565970301628
198,0.3347417116165161
199,0.3155551552772522
200,0.007767788600176573
201,0.3276366591453552
202,0.3191688358783722
203,0.009249611757695675
204,0.32064834237098694
205,0.3212158977985382
206,0.012331311590969563
207,0.31087368726730347
208,0.3184342384338379
209,0.020457835868000984
210,0.34023457765579224
211,0.3102966845035553
212,0.007205563597381115
213,0.31937259435653687
214,0.2919347286224365
215,0.0061571900732815266
216,0.32764947414398193
217,0.28988000750541687
218,0.004787019453942776
219,0.31239157915115356
220,0.2959546446800232
221,0.009706987999379635
222,0.3085089921951294
223,0.30122777819633484
224,0.013685165904462337
225,0.30732154846191406
226,0.3281002342700958
227,0.024877943098545074
228,0.3671394884586334
229,0.4783785939216614
230,0.0099867582321167
231,0.3096095323562622
232,0.3118610084056854
233,0.021918894723057747
234,0.2924879193305969
235,0.3309752643108368
236,0.06441383808851242
237,0.2997246980667114
238,0.3239264488220215
239,0.03427675738930702
240,0.3349417746067047
241,0.36280113458633423
242,-0.00025789689971134067
243,0.36898714303970337
244,0.39914897084236145
245,-0.02188938669860363
246,0.3739747107028961
247,0.41118568181991577
248,-0.01856771856546402
249,0.3608982264995575
250,0.4066193699836731
251,-0.015434056520462036
252,0.35755017399787903
253,0.4143272042274475
254,-0.0073820981197059155
255,0.36809566617012024
256,0.4147004187107086
257,-0.013553891330957413
258,0.3644393980503082
259,0.41847577691078186
260,-0.006340506952255964
261,0.35444170236587524
262,0.440155029296875
263,0.009074057452380657
264,0.3613199293613434
265,0.358584463596344
266,-0.043352968990802765
267,0.35810989141464233
268,0.34800562262535095
269,-0.04557015374302864
270,0.2966662645339966
271,0.2946430444717407
272,0.017236482352018356
273,0.34474220871925354
274,0.3294818699359894
275,-0.003584954421967268
276,0.3456488251686096
277,0.3625103831291199
278,-0.020690282806754112
279,0.34454256296157837
280,0.3570941090583801
281,-0.01792970299720764
282,0.31557026505470276
283,0.36984217166900635
284,0.013206478208303452
285,0.35703545808792114
286,0.3341509699821472
287,-0.040268562734127045
288,0.3096090257167816
289,0.27807897329330444
290,-0.00016782454622443765
291,0.30084916949272156
292,0.2847442924976349
293,0.00782567635178566
294,0.28922346234321594
295,0.26138877868652344
296,0.04465527459979057
297,0.3428434431552887
298,0.276672899723053
299,-0.011890023946762085
300,0.33538883924484253
301,0.29064902663230896
302,0.0062136841006577015
303,0.3471556305885315
304,0.42810529470443726
305,0.01094838883727789
306,0.3215981423854828
307,0.4326940178871155
308,0.0835602879524231
309,0.352799654006958
310,0.3665023744106293
311,-0.01825876347720623
312,0.35986512899398804
313,0.3681444823741913
314,-0.020750636234879494
315,0.3552246391773224
316,0.428086519241333
317,0.009113299660384655
318,0.35956326127052307
319,0.4262089431285858
320,0.006233968771994114
321,0.2964094579219818
322,0.2789679169654846
323,0.01262291707098484
324,0.3473115563392639
325,0.3677389323711395
326,-0.016264786943793297
327,0.32331880927085876
328,0.27490219473838806
329,-0.006970025599002838
330,0.32024484872817993
331,0.26635536551475525
332,-0.008447505533695221
333,0.3084454834461212
334,0.2250477820634842
335,0.008888265118002892
336,0.2927666902542114
337,0.2695472538471222
338,0.026580113917589188
339,0.314552903175354
340,0.24414804577827454
341,-0.00028168593416921794
342,0.29297465085983276
343,0.29155534505844116
344,0.02511301450431347
345,0.2906176447868347
346,0.28781434893608093
347,0.042460571974515915
348,0.3714013695716858
349,0.40613219141960144
350,-0.021115867421030998
351,0.36475276947021484
352,0.41148850321769714
353,-0.014834389090538025
354,0.36082184314727783
355,0.41657912731170654
356,-0.007522142492234707
357,0.3554064631462097
358,0.3680139482021332
359,-0.017359290271997452
360,0.35736173391342163
361,0.42752236127853394
362,0.0074225482530891895
363,0.36072707176208496
364,0.4326811134815216
365,0.0030173184350132942
366,0.36081022024154663
367,0.424778014421463
368,0.005874479189515114
369,0.35465145111083984
370,0.3610043525695801
371,-0.02993127517402172
372,0.36664530634880066
373,0.4171624481678009
374,-0.005331126507371664
375,0.3705446422100067
376,0.4147760272026062
377,-0.010687092319130898
378,0.3760261833667755
379,0.41254809498786926
380,-0.015185869298875332
381,0.3816896677017212
382,0.46226435899734497
383,-0.0011355880415067077
384,0.37971773743629456
385,0.45299506187438965
386,-0.009500809945166111
387,0.37904009222984314
388,0.4454646110534668
389,-0.011234571225941181
390,0.37882742285728455
391,0.43761301040649414
392,-0.009955464862287045
393,0.37917062640190125
394,0.43217137455940247
395,-0.00885514821857214
396,0.36810049414634705
397,0.43086040019989014
398,-0.0008270245743915439
399,0.36662009358406067
400,0.4334104657173157
401,-0.0018910577055066824
402,0.36467245221138
403,0.4377174377441406
404,-0.0025006940122693777
405,0.3632960319519043
406,0.4420965611934662
407,-0.0007631081971339881
408,0.34874218702316284
409,0.4026978611946106
410,-0.0043769520707428455
411,0.30557781457901
412,0.37976911664009094
413,0.09710066020488739
414,0.3711235523223877
415,0.365034818649292
416,-0.030128080397844315
417,0.36507532000541687
418,0.42906516790390015
419,0.003434534417465329
420,0.3628523051738739
421,0.43059277534484863
422,0.0028291959315538406
423,0.36332982778549194
424,0.3724991977214813
425,-0.02087148278951645
426,0.35198140144348145
427,0.3739953339099884
428,-0.010913186706602573
429,0.3616568446159363
430,0.37041667103767395
431,-0.02112705260515213
432,0.3384665846824646
433,0.3387884795665741
434,0.0004016452585346997
435,0.32841920852661133
436,0.35051417350769043
437,0.004296501632779837
438,0.34499186277389526
439,0.36274975538253784
440,-0.013182527385652065
441,0.2951035499572754
442,0.24189886450767517
443,0.026014292612671852
444,0.3000166416168213
445,0.25467199087142944
446,0.012682115659117699
447,0.3058168888092041
448,0.2700883746147156
449,0.0020094960927963257
450,0.3614603579044342
451,0.4489760994911194
452,0.005468288436532021
453,0.33768171072006226
454,0.2634616494178772
455,-0.014758325181901455
456,0.3313169479370117
457,0.23688402771949768
458,-0.00894290953874588
459,0.32556119561195374
460,0.2130695879459381
461,-0.002639121375977993
462,0.3146325349807739
463,0.32127267122268677
464,0.016672570258378983
465,0.3019939959049225
466,0.3387502431869507
467,0.030468087643384933
468,0.3435021638870239
469,0.3057158589363098
470,0.007825889624655247
471,0.3026528060436249
472,0.3074839115142822
473,0.02185441553592682
474,0.3485065996646881
475,0.3203091025352478
476,-0.007287886459380388
477,0.34842997789382935
478,0.3563423752784729
479,-0.029251733794808388
480,0.29735565185546875
481,0.3491783142089844
482,0.04063469544053078
483,0.30685538053512573
484,0.3444775640964508
485,0.022548282518982887
486,0.3155532479286194
487,0.34505248069763184
488,0.013788159936666489
489,0.328361839056015
490,0.3382348120212555
491,0.007918418385088444
492,0.3375052213668823
493,0.32985442876815796
494,0.004678845405578613
495,0.3441252112388611
496,0.321670264005661
497,0.0011433938052505255
498,0.3547493517398834
499,0.30193161964416504
500,-0.017624234780669212
501,0.30164510011672974
502,0.3720167577266693
503,0.038105547428131104
504,0.297809362411499
505,0.30824702978134155
506,0.026526302099227905
507,0.36575067043304443
508,0.363668829202652
509,-0.03970032185316086
510,0.34605318307876587
511,0.33987295627593994
512,-0.007253208663314581
513,0.29506513476371765
514,0.3314889073371887
515,0.09195652604103088
516,0.3485114276409149
517,0.31358790397644043
518,-0.0009843921288847923
519,0.3454713523387909
520,0.36398938298225403
521,-0.004707162734121084
522,0.3075215518474579
523,0.3132561445236206
524,0.023816769942641258
525,0.3474332094192505
526,0.34962183237075806
527,-0.02600000612437725
528,0.31177666783332825
529,0.4057482182979584
530,0.09251918643712997
531,0.3429414927959442
532,0.30170202255249023
533,0.010206004604697227
534,0.351786345243454
535,0.340831458568573
536,-0.03454020619392395
537,0.335558146238327
538,0.45626771450042725
539,0.04119620472192764
540,0.34028276801109314
541,0.4693423807621002
542,0.054269805550575256
543,0.2995692491531372
544,0.3777596950531006
545,0.06785023957490921
546,0.32582950592041016
547,0.4425678849220276
548,0.05127988010644913
549,0.29135823249816895
550,0.30778825283050537
551,0.055841799825429916
552,0.3679214119911194
553,0.49133917689323425
554,0.014430017210543156
555,0.3680287003517151
556,0.36572960019111633
557,-0.029282337054610252
558,0.3414572477340698
559,0.35060474276542664
560,-0.0033541410230100155
561,0.2956632971763611
562,0.3281743824481964
563,0.04346027225255966
564,0.3197561204433441
565,0.3143869936466217
566,0.013139027170836926
567,0.32630670070648193
568,0.3130541443824768
569,0.010303736664354801
570,0.3587599992752075
571,0.4349062442779541
572,0.0045192064717411995
573,0.3076755404472351
574,0.394042432308197
575,0.04032711312174797
576,0.3848643898963928
577,0.5063275098800659
578,0.014455471187829971
579,0.36062589287757874
580,0.49294954538345337
581,0.032417189329862595
582,0.35103538632392883
583,0.48307865858078003
584,0.042093973606824875
585,0.35149121284484863
586,0.2296907603740692
587,-0.013596748001873493
588,0.4024028182029724
589,0.5045466423034668
590,0.009862924925982952
591,0.33248957991600037
592,0.31010329723358154
593,0.008981957100331783
594,0.3379382789134979
595,0.30612245202064514
596,0.009220107458531857
597,0.3413406014442444
598,0.3034970760345459
599,0.010374716483056545
600,0.29408910870552063
601,0.3081046938896179
602,0.03556811437010765
603,0.33583247661590576
604,0.2978876233100891
605,0.008288704790174961
606,0.32922065258026123
607,0.2980404496192932
608,0.007593493442982435
609,0.32261693477630615
610,0.2997050881385803
611,0.008941542357206345
612,0.3164415657520294
613,0.30331894755363464
614,0.011799904517829418
615,0.3129430413246155
616,0.3071213662624359
617,0.01506234984844923
618,0.29017096757888794
619,0.30512741208076477
620,0.07875043153762817
621,0.3153917193412781
622,0.31424200534820557
623,0.016297129914164543
624,0.37524914741516113
625,0.3780956566333771
626,-0.022252030670642853
627,0.35230013728141785
628,0.39274972677230835
629,-0.010393855161964893
630,0.35181090235710144
631,0.364665150642395
632,-0.021566761657595634
633,0.36477822065353394
634,0.38328349590301514
635,-0.019818149507045746
636,0.3602474629878998
637,0.2843647003173828
638,-0.01610046997666359
639,0.3460853695869446
640,0.4699021875858307
641,0.032873645424842834
642,0.35656097531318665
643,0.4804084897041321
644,0.02420114167034626
645,0.3823148310184479
646,0.49737048149108887
647,0.005342273507267237
648,0.3314802944660187
649,0.4539828300476074
650,0.0692615881562233
651,0.34053370356559753
652,0.29980000853538513
653,0.009437698870897293
654,0.3520050644874573
655,0.3207848072052002
656,-0.019357074052095413
657,0.39979568123817444
658,0.49583664536476135
659,0.001320855226367712
660,0.37148317694664
661,0.5015273094177246
662,0.02223455160856247
663,0.306501179933548
664,0.40178361535072327
665,0.06612472236156464
666,0.3728609085083008
667,0.43204817175865173
668,-0.004974376875907183
669,0.3717614710330963
670,0.4362538754940033
671,-0.0059907566756010056
672,0.37065955996513367
673,0.442574143409729
674,-0.006635937839746475
675,0.3702809512615204
676,0.4494553506374359
677,-0.005014706403017044
678,0.3701169192790985
679,0.45744800567626953
680,0.0015878380509093404
681,0.3614617586135864
682,0.4219110310077667
683,0.00027062700246460736
684,0.3582562804222107
685,0.4218144714832306
686,0.0007417473825626075
687,0.3554440438747406
688,0.420736163854599
689,0.0010068702977150679
690,0.34687983989715576
691,0.4146186411380768
692,0.0035154439974576235
693,0.31651899218559265
694,0.3963645398616791
695,0.02272273600101471
696,0.3516770303249359
697,0.31030961871147156
698,-0.011866350658237934
699,0.3467727303504944
700,0.29254335165023804
701,0.00277139013633132
702,0.342983603477478
703,0.29534056782722473
704,0.007114094216376543
705,0.3635956048965454
706,0.4194577634334564
707,0.0008746128296479583
708,0.32325035333633423
709,0.4247399568557739
710,0.03564073517918587
711,0.3516819179058075
712,0.28985795378685
713,-0.00888039730489254
714,0.3685080111026764
715,0.4664430618286133
716,0.006457538343966007
717,0.36276209354400635
718,0.3185960352420807
719,-0.03612763434648514
720,0.3556066155433655
721,0.312852144241333
722,-0.025756891816854477
723,0.36195069551467896
724,0.3077355921268463
725,-0.028674956411123276
726,0.34919366240501404
727,0.3398593068122864
728,-0.018757371231913567
729,0.39716148376464844
730,0.48352503776550293
731,-0.0024607540108263493
732,0.39487844705581665
733,0.47035378217697144
734,-0.002277533058077097
735,0.38139015436172485
736,0.47192320227622986
737,0.0009210189455188811
738,0.34859928488731384
739,0.4451954662799835
740,0.014857304282486439
741,0.3423514664173126
742,0.37559276819229126
743,-0.0015692372107878327
744,0.35784950852394104
745,0.4573044776916504
746,0.011120489798486233
747,0.32753968238830566
748,0.38068947196006775
749,0.004999798256903887
750,0.3393098711967468
751,0.38994544744491577
752,0.0015021656872704625
753,0.3268839716911316
754,0.40135544538497925
755,0.013041379861533642
756,0.38114550709724426
757,0.48498398065567017
758,0.0016896455781534314
759,0.34651875495910645
760,0.3480148911476135
761,-0.012353627011179924
762,0.34475213289260864
763,0.45599687099456787
764,0.023364830762147903
765,0.3559490442276001
766,0.4676964581012726
767,0.01770240254700184
768,0.340567022562027
769,0.4308977723121643
770,0.01579449512064457
771,0.31428638100624084
772,0.41279470920562744
773,0.043092649430036545
774,0.33302268385887146
775,0.43555277585983276
776,0.02473646216094494
777,0.3151591122150421
778,0.4234374761581421
779,0.062282219529151917
780,0.338355153799057
781,0.407473087310791
782,0.006936743855476379
783,0.3491476774215698
784,0.3301278054714203
785,-0.012819831259548664
786,0.35168173909187317
787,0.36011478304862976
788,-0.03135676309466362
789,0.3485097885131836
790,0.36502304673194885
791,-0.02215988002717495
792,0.3526846170425415
793,0.3516293466091156
794,-0.0377504788339138
795,0.3394545316696167
796,0.2859954237937927
797,0.0013771845260635018
798,0.32621103525161743
799,0.284374862909317
800,0.001355757936835289
801,0.3153822720050812
802,0.2866702377796173
803,0.0033024775329977274
804,0.3072962164878845
805,0.2913852334022522
806,0.008176052942872047
807,0.30301782488822937
808,0.2981022596359253
809,0.014288513921201229
810,0.30432721972465515
811,0.3183394968509674
812,0.027600057423114777
813,0.29496750235557556
814,0.3543899655342102
815,0.06687567383050919
816,0.31124046444892883
817,0.33123844861984253
818,0.02036496065557003
819,0.3185173273086548
820,0.3316595256328583
821,0.014255798421800137
822,0.3277442455291748
823,0.3281199038028717
824,0.009590324945747852
825,0.33638864755630493
826,0.32212790846824646
827,0.0070130666717886925
828,0.3428087532520294
829,0.3155611455440521
830,0.005130165256559849
831,0.34689566493034363
832,0.3099335730075836
833,0.00397467939183116
834,0.3007153272628784
835,0.35554739832878113
836,0.09741290658712387
837,0.3500334918498993
838,0.3681272566318512
839,-0.01820022612810135
840,0.35237669944763184
841,0.33034834265708923
842,-0.025767985731363297
843,0.3562198281288147
844,0.35870569944381714
845,-0.03854364529252052
846,0.36230090260505676
847,0.36303138732910156
848,-0.036107830703258514
849,0.3572963774204254
850,0.3605749309062958
851,-0.034575074911117554
852,0.3533899486064911
853,0.37103086709976196
854,-0.015826618298888206
855,0.36344635486602783
856,0.3636704683303833
857,-0.03845388814806938
858,0.3655393421649933
859,0.3658078908920288
860,-0.029004979878664017
861,0.3454645276069641
862,0.30128687620162964
863,0.008145803585648537
864,0.3495260179042816
865,0.3025820255279541
866,0.0021845651790499687
867,0.3511795103549957
868,0.30354610085487366
869,-0.004193128552287817
870,0.31102117896080017
871,0.3097178041934967
872,0.018117815256118774
873,0.30625295639038086
874,0.3068080544471741
875,0.018962441012263298
876,0.3701304495334625
877,0.3182043731212616
878,-0.03449436277151108
879,0.42205923795700073
880,0.27611076831817627
881,0.0024338779039680958
882,0.3785768747329712
883,0.35942700505256653
884,-0.030545849353075027
885,0.44805222749710083
886,0.2268930971622467
887,0.03614649549126625
888,0.40022677183151245
889,0.2929326593875885
890,-0.0029953457415103912
891,0.408314973115921
892,0.29141873121261597
893,-0.0036043645814061165
894,0.41609692573547363
895,0.2884841561317444
896,-0.002527065807953477
897,0.4261717200279236
898,0.2790575325489044
899,0.0029403576627373695
900,0.39306917786598206
901,0.29204675555229187
902,-0.0012033896055072546
903,0.40598922967910767
904,0.26177287101745605
905,-0.007299962919205427
906,0.3975011706352234
907,0.26539427042007446
908,-0.005785861983895302
909,0.4144848883152008
910,0.2605629861354828
911,-0.00573638454079628
912,0.4208008646965027
913,0.26251259446144104
914,-0.0030200514011085033
915,0.43376222252845764
916,0.28479069471359253
917,0.0059698643162846565
918,0.42658862471580505
919,0.4602985680103302
920,0.002002994529902935
921,0.4247700572013855
922,0.2724873125553131
923,0.004618232138454914
924,0.4599471390247345
925,0.27361324429512024
926,0.03845793381333351
927,0.4421648681163788
928,0.27503782510757446
929,0.01300891675055027
930,0.4126223623752594
931,0.33606481552124023
932,-0.011267436668276787
933,0.38956743478775024
934,0.39171144366264343
935,-0.02494899369776249
936,0.39107972383499146
937,0.4049752950668335
938,-0.021435823291540146
939,0.4019142687320709
940,0.3919389545917511
941,-0.02150929905474186
942,0.41029176115989685
943,0.39516976475715637
944,-0.015698131173849106
945,0.39947909116744995
946,0.40332549810409546
947,-0.019125130027532578
948,0.4061393141746521
949,0.4031604528427124
950,-0.013595138676464558
951,0.4264332950115204
952,0.4151877164840698
953,-0.0014813462039455771
954,0.37448689341545105
955,0.3540424406528473
956,-0.04483412206172943
957,0.37336909770965576
958,0.34273019433021545
959,-0.04723559319972992
960,0.4312964677810669
961,0.24821528792381287
962,-0.0026235312689095736
963,0.3917822539806366
964,0.31324949860572815
965,-0.010698349215090275
966,0.3964869976043701
967,0.34459662437438965
968,-0.027265744283795357
969,0.3966141641139984
970,0.3387714624404907
971,-0.024743471294641495
972,0.43683764338493347
973,0.32840514183044434
974,-0.005045304074883461
975,0.3714223802089691
976,0.32925650477409363
977,-0.04239649325609207
978,0.4086845815181732
979,0.24356690049171448
980,-0.01406313106417656
981,0.4213200807571411
982,0.2430262267589569
983,-0.009581183083355427
984,0.43504810333251953
985,0.20924340188503265
986,0.02190130390226841
987,0.3747200667858124
988,0.2655697464942932
989,-0.016361990943551064
990,0.3908424377441406
991,0.2712169885635376
992,-0.0023808234836906195
993,0.4292423129081726
994,0.3993847966194153
995,-0.0015907296910881996
996,0.4742598831653595
997,0.3839993178844452
998,0.05970562994480133
999,0.39183351397514343
1000,0.35273587703704834
1001,-0.023314768448472023
1002,0.3856126070022583
1003,0.3590075373649597
1004,-0.023282494395971298
1005,0.4215189516544342
1006,0.40383073687553406
1007,-0.0018905571196228266
1008,0.4171954095363617
1009,0.404791921377182
1010,-0.003429003059864044
1011,0.4248693287372589
1012,0.23435091972351074
1013,-0.00585927115753293
1014,0.39849719405174255
1015,0.34968632459640503
1016,-0.02282658778131008
1017,0.39318734407424927
1018,0.25053638219833374
1019,-0.016416337341070175
1020,0.3928723633289337
1021,0.24077551066875458
1022,-0.01811506785452366
1023,0.39510929584503174
1024,0.19330164790153503
1025,-0.004091877024620771
1026,0.4293477237224579
1027,0.22135378420352936
1028,0.006275583524256945
1029,0.3926645815372467
1030,0.2160489857196808
1031,-0.011477023363113403
1032,0.4358421862125397
1033,0.2420075684785843
1034,0.0037953366991132498
1035,0.44180893898010254
1036,0.23507076501846313
1037,0.019286973401904106
1038,0.3905911147594452
1039,0.3992322087287903
1040,-0.02420668490231037
1041,0.4006272554397583
1042,0.3986014425754547
1043,-0.020725684240460396
1044,0.40822839736938477
1045,0.3992786109447479
1046,-0.01534299086779356
1047,0.3903631269931793
1048,0.35567623376846313
1049,-0.02136964350938797
1050,0.41935792565345764
1051,0.4045778810977936
1052,-0.00281125376932323
1053,0.4171273410320282
1054,0.4121091067790985
1055,-0.005634341388940811
1056,0.4160134196281433
1057,0.40447893738746643
1058,-0.0035375873558223248
1059,0.38529032468795776
1060,0.3503563702106476
1061,-0.03445284813642502
1062,0.40461093187332153
1063,0.4031139612197876
1064,-0.012207921594381332
1065,0.3982366621494293
1066,0.40464019775390625
1067,-0.01591676101088524
1068,0.3909788131713867
1069,0.4070289134979248
1070,-0.01814831979572773
1071,0.4050132632255554
1072,0.4545619487762451
1073,-0.004038521554321051
1074,0.40226155519485474
1075,0.44530147314071655
1076,-0.012726212851703167
1077,0.39993545413017273
1078,0.43836134672164917
1079,-0.014650935307145119
1080,0.39750218391418457
1081,0.4311256408691406
1082,-0.013186652213335037
1083,0.3958320915699005
1084,0.42647358775138855
1085,-0.011957970447838306
1086,0.40869516134262085
1087,0.41621333360671997
1088,-0.007630520965903997
1089,0.41060903668403625
1090,0.417581707239151
1091,-0.00880421046167612
1092,0.41371822357177734
1093,0.42015859484672546
1094,-0.009595639072358608
1095,0.4165950417518616
1096,0.42316943407058716
1097,-0.008210506290197372
1098,0.41408947110176086
1099,0.3797292113304138
1100,-0.013675189577043056
1101,0.47317343950271606
1102,0.32393962144851685
1103,0.07045678794384003
1104,0.4122653007507324
1105,0.4118579030036926
1106,-0.004852434620261192
1107,0.41449373960494995
1108,0.41180357336997986
1109,-0.0055669210851192474
1110,0.3839443325996399
1111,0.36520710587501526
1112,-0.02337253838777542
1113,0.3975807726383209
1114,0.3578481078147888
1115,-0.016159845516085625
1116,0.38470226526260376
1117,0.36221110820770264
1118,-0.023542316630482674
1119,0.40153491497039795
1120,0.3169819414615631
1121,-0.009175322018563747
1122,0.41561001539230347
1123,0.32053619623184204
1124,-0.0087310541421175
1125,0.3994860053062439
1126,0.3435432016849518
1127,-0.020384717732667923
1128,0.4179284870624542
1129,0.19735610485076904
1130,0.0074247075244784355
1131,0.41357532143592834
1132,0.21408160030841827
1133,-0.0036323831882327795
1134,0.4099932610988617
1135,0.2335728406906128
1136,-0.012627174146473408
1137,0.4219439923763275
1138,0.4285675287246704
1139,-0.0031788141932338476
1140,0.3745653033256531
1141,0.25032374262809753
1142,-0.019692635163664818
1143,0.37294724583625793
1144,0.22188027203083038
1145,-0.014655611477792263
1146,0.3726523518562317
1147,0.1956864446401596
1148,-0.009268661960959435
1149,0.4227393865585327
1150,0.2843288481235504
1151,5.903414057684131e-05
1152,0.443708598613739
1153,0.29016461968421936
1154,0.00943409837782383
1155,0.388327956199646
1156,0.2903398871421814
1157,0.00032496696803718805
1158,0.43063652515411377
1159,0.26353368163108826
1160,0.0026845757383853197
1161,0.3843756318092346
1162,0.3079208731651306
1163,-0.012974290177226067
1164,0.38943201303482056
1165,0.3420765995979309
1166,-0.03452596813440323
1167,0.4546471834182739
1168,0.29560232162475586
1169,0.01678038015961647
1170,0.4386255145072937
1171,0.2991962432861328
1172,0.002785516669973731
1173,0.4282973110675812
1174,0.3062160015106201
1175,-0.003223296720534563
1176,0.4126774072647095
1177,0.30919021368026733
1178,-0.0050989906303584576
1179,0.4007350206375122
1180,0.3080354630947113
1181,-0.0052152653224766254
1182,0.39133986830711365
1183,0.3054386079311371
1184,-0.006269565783441067
1185,0.3696763515472412
1186,0.2967875301837921
1187,-0.020060323178768158
1188,0.4571535289287567
1189,0.31940513849258423
1190,0.014340939931571484
1191,0.43717658519744873
1192,0.26029205322265625
1193,0.005543481558561325
1194,0.3737337291240692
1195,0.3608511686325073
1196,-0.04086240381002426
1197,0.3925422728061676
1198,0.32372406125068665
1199,-0.014082252979278564
1200,0.46501624584198
1201,0.27318185567855835
1202,0.06435631215572357
1203,0.38382044434547424
1204,0.30139532685279846
1205,-0.0066980719566345215
1206,0.40123483538627625
1207,0.3443089723587036
1208,-0.01179206557571888
1209,0.4279865622520447
1210,0.2719908356666565
1211,0.005606787744909525
1212,0.38935816287994385
1213,0.3350244462490082
1214,-0.03136732056736946
1215,0.47574371099472046
1216,0.35217592120170593
1217,0.0671539306640625
1218,0.3881004750728607
1219,0.28633663058280945
1220,0.0024484910536557436
1221,0.3801209032535553
1222,0.33103546500205994
1223,-0.03851475194096565
1224,0.45786190032958984
1225,0.41838538646698
1226,0.023402372375130653
1227,0.46236851811408997
1228,0.432614803314209
1229,0.03620729595422745
1230,0.46917489171028137
1231,0.3210221230983734
1232,0.041921041905879974
1233,0.46492040157318115
1234,0.3986830413341522
1235,0.030413348227739334
1236,0.4507923424243927
1237,0.25258153676986694
1238,0.03110729716718197
1239,0.431359201669693
1240,0.47259652614593506
1241,0.005947032943367958
1242,0.37430471181869507
1243,0.3634870648384094
1244,-0.029995381832122803
1245,0.4015689790248871
1246,0.329643577337265
1247,-0.011881730519235134
1248,0.45012137293815613
1249,0.27534738183021545
1250,0.020124362781643867
1251,0.41416457295417786
1252,0.2821182608604431
1253,-0.001333743566647172
1254,0.40720289945602417
1255,0.28521427512168884
1256,-0.0025402698665857315
1257,0.41987618803977966
1258,0.4128062129020691
1259,-0.0047160121612250805
1260,0.4602239727973938
1261,0.3431958556175232
1262,0.01718824729323387
1263,0.42008262872695923
1264,0.4961439073085785
1265,0.009595458395779133
1266,0.44383367896080017
1267,0.46870478987693787
1268,0.020656177774071693
1269,0.45294472575187683
1270,0.45305609703063965
1271,0.027416938915848732
1272,0.40047088265419006
1273,0.28662818670272827
1274,-0.0020113142672926188
1275,0.3940817713737488
1276,0.28668180108070374
1277,-0.00021270090655889362
1278,0.3901386857032776
1279,0.2867862582206726
1280,0.0018901119474321604
1281,0.4431932866573334
1282,0.25658878684043884
1283,0.0129159614443779
1284,0.39375725388526917
1285,0.27814537286758423
1286,-0.0013409528182819486
1287,0.40009093284606934
1288,0.2738042175769806
1289,-0.003705222625285387
1290,0.4066481292247772
1291,0.2711013853549957
1292,-0.004234453197568655
1293,0.4138159155845642
1294,0.2701980471611023
1295,-0.003074761014431715
1296,0.41879767179489136
1297,0.27101975679397583
1298,-0.0008408470894210041
1299,0.4574153423309326
1300,0.24689799547195435
1301,0.05195862427353859
1302,0.41880667209625244
1303,0.27902325987815857
1304,0.0005421504029072821
1305,0.40501201152801514
1306,0.374284029006958
1307,-0.017490925267338753
1308,0.3911978006362915
1309,0.35077276825904846
1310,-0.026239430531859398
1311,0.3873542249202728
1312,0.3752516806125641
1313,-0.022846978157758713
1314,0.45013177394866943
1315,0.4382035732269287
1316,0.018442099913954735
1317,0.4414316415786743
1318,0.45522433519363403
1319,0.012746480293571949
1320,0.41735562682151794
1321,0.4871007204055786
1322,0.0006243202369660139
1323,0.4691418707370758
1324,0.41134634613990784
1325,0.04782479256391525
1326,0.38963645696640015
1327,0.28316476941108704
1328,0.0008287589880637825
1329,0.37753283977508545
1330,0.31205958127975464
1331,-0.023154597729444504
1332,0.4331778585910797
1333,0.4836234152317047
1334,0.013485444709658623
1335,0.4713209569454193
1336,0.34754040837287903
1337,0.04120781272649765
1338,0.40286779403686523
1339,0.4214469790458679
1340,-0.01034319493919611
1341,0.40509116649627686
1342,0.42454057931900024
1343,-0.011418402194976807
1344,0.40799349546432495
1345,0.429429292678833
1346,-0.012367109768092632
1347,0.410869836807251
1348,0.4353462755680084
1349,-0.01091921329498291
1350,0.41531071066856384
1351,0.4423430263996124
1352,-0.004933479707688093
1353,0.41240766644477844
1354,0.4030907452106476
1355,-0.00855218805372715
1356,0.4148317575454712
1357,0.40108510851860046
1358,-0.008892984129488468
1359,0.41695600748062134
1360,0.39828288555145264
1361,-0.009037595242261887
1362,0.4225080907344818
1363,0.3880302309989929
1364,-0.008034718222916126
1365,0.44840845465660095
1366,0.35212594270706177
1367,0.002974873408675194
1368,0.37677109241485596
1369,0.30166125297546387
1370,-0.015979329124093056
1371,0.37960225343704224
1372,0.2812712788581848
1373,-0.0022241813130676746
1374,0.3851981461048126
1375,0.28080999851226807
1376,-7.6824682764709e-05
1377,0.41033175587654114
1378,0.4021930694580078
1379,-0.0076013123616576195
1380,0.4562658667564392
1381,0.3814173936843872
1382,0.015832962468266487
1383,0.37142524123191833
1384,0.28306031227111816
1385,-0.011828833259642124
1386,0.4208287000656128
1387,0.4498739540576935
1388,-0.0005925385048612952
1389,0.37004464864730835
1390,0.3079148828983307
1391,-0.0278004240244627
1392,0.3863934278488159
1393,0.3269863724708557
1394,-0.023785240948200226
1395,0.4087096154689789
1396,0.4634363353252411
1397,-0.0025202110409736633
1398,0.4346619248390198
1399,0.4169338047504425
1400,0.0028019691817462444
1401,0.4097737669944763
1402,0.3521471917629242
1403,-0.010615169070661068
1404,0.4293670952320099
1405,0.434327095746994
1406,0.0015943474136292934
1407,0.42740902304649353
1408,0.3467033803462982
1409,-0.009271436370909214
1410,0.4191548228263855
1411,0.36261454224586487
1412,-0.009747320786118507
1413,0.43806177377700806
1414,0.3641151189804077
1415,-0.003239931771531701
1416,0.41333839297294617
1417,0.4752119481563568
1418,-0.0028123592492192984
1419,0.393420547246933
1420,0.3316282033920288
1421,-0.018644588068127632
1422,0.4438004195690155
1423,0.42469075322151184
1424,0.009614871814846992
1425,0.435916006565094
1426,0.44308993220329285
1427,0.007147983182221651
1428,0.43718644976615906
1429,0.3985045850276947
1430,0.001198611338622868
1431,0.4620610773563385
1432,0.3643266558647156
1433,0.020905548706650734
1434,0.44829416275024414
1435,0.39819926023483276
1436,0.007951630279421806
1437,0.4704533815383911
1438,0.37326663732528687
1439,0.03859968110918999
1440,0.42853844165802
1441,0.37663495540618896
1442,-0.006555584724992514
1443,0.38492852449417114
1444,0.31777438521385193
1445,-0.01818547584116459
1446,0.38741281628608704
1447,0.3477006256580353
1448,-0.036175284534692764
1449,0.3944989740848541
1450,0.34889355301856995
1451,-0.027808627113699913
1452,0.3815271854400635
1453,0.3417368531227112
1454,-0.041719384491443634
1455,0.3839721977710724
1456,0.2706010937690735
1457,-0.005509881302714348
1458,0.3956257104873657
1459,0.260204017162323
1460,-0.00868536438792944
1461,0.4068204164505005
1462,0.2548756003379822
1463,-0.00986951868981123
1464,0.417045533657074
1465,0.2533324062824249
1466,-0.007939265109598637
1467,0.4251818060874939
1468,0.25596392154693604
1469,-0.0036390740424394608
1470,0.4341267943382263
1471,0.27378585934638977
1472,0.008100641891360283
1473,0.4655703902244568
1474,0.2966800332069397
1475,0.04031725600361824
1476,0.42982280254364014
1477,0.29056236147880554
1478,0.0025211891625076532
1479,0.4215756058692932
1480,0.29626205563545227
1481,-0.0013199539389461279
1482,0.4108654260635376
1483,0.29952797293663025
1484,-0.003283114405348897
1485,0.40032660961151123
1486,0.30000653862953186
1487,-0.003088849363848567
1488,0.3918580114841461
1489,0.2986129820346832
1490,-0.002518909517675638
1491,0.3857402801513672
1492,0.296552836894989
1493,-0.0022069476544857025
1494,0.4693475067615509
1495,0.2984599769115448
1496,0.0699501559138298
1497,0.39534085988998413
1498,0.352118581533432
1499,-0.02375410869717598
1500,0.3781367242336273
1501,0.32143476605415344
1502,-0.02970004454255104
1503,0.3806304633617401
1504,0.3503810465335846
1505,-0.04163637012243271
1506,0.37804076075553894
1507,0.35760030150413513
1508,-0.03784094750881195
1509,0.3816778063774109
1510,0.35215792059898376
1511,-0.03775893151760101
1512,0.3941463530063629
1513,0.3566244840621948
1514,-0.020503370091319084
1515,0.37635278701782227
1516,0.35919132828712463
1517,-0.03986267372965813
1518,0.37694746255874634
1519,0.3618144690990448
1520,-0.030222058296203613
1521,0.38488128781318665
1522,0.2877740263938904
1523,0.0015802205307409167
1524,0.3803991377353668
1525,0.2919461727142334
1526,-0.0026233389507979155
1527,0.3774624764919281
1528,0.2944474518299103
1529,-0.008233637548983097
1530,0.4220072329044342
1531,0.2719044089317322
1532,0.0014662963803857565
1533,0.425995796918869
1534,0.26561829447746277
1535,0.0012298057554289699
1536,0.7080489993095398
1537,0.6524612903594971
1538,-2.4005011312056013e-08
1539,0.6491842865943909
1540,0.6198248267173767
1541,-0.0073308562859892845
1542,0.623405933380127
1543,0.5596358180046082
1544,-0.014261933043599129
1545,0.6111983060836792
1546,0.5064085721969604
1547,-0.02500254474580288
1548,0.6097388863563538
1549,0.4605630338191986
1550,-0.03548765182495117
1551,0.6573349833488464
1552,0.4607714116573334
1553,-0.0037279899697750807
1554,0.6512203216552734
1555,0.3840771019458771
1556,-0.025227254256606102
1557,0.6506959199905396
1558,0.3307437300682068
1559,-0.038373880088329315
1560,0.6540639996528625
1561,0.28889167308807373
1562,-0.045396387577056885
1563,0.6758149266242981
1564,0.4578482210636139
1565,-0.012554118409752846
1566,0.6100791692733765
1567,0.4351337254047394
1568,-0.04503986984491348
1569,0.561095118522644
1570,0.4332467317581177
1571,-0.060439128428697586
1572,0.5263236165046692
1573,0.43249934911727905
1574,-0.06409565359354019
1575,0.6894749999046326
1576,0.4696084260940552
1577,-0.023070989176630974
1578,0.6153587102890015
1579,0.5079575777053833
1580,-0.05773334950208664
1581,0.6195916533470154
1582,0.5646624565124512
1583,-0.05730587616562843
1584,0.6354172825813293
1585,0.6010184288024902
1586,-0.04595751315355301
1587,0.6973201632499695
1588,0.4914776682853699
1589,-0.034604329615831375
1590,0.6310064792633057
1591,0.5247142314910889
1592,-0.05861774832010269
1593,0.6312413215637207
1594,0.5724844932556152
1595,-0.054222140461206436
1596,0.6448254585266113
1597,0.6030484437942505
1598,-0.04252934828400612
1599,0.0
1600,0.0
1601,0.0
1602,0.0
1603,0.0
1604,0.0
1605,0.0
1606,0.0
1607,0.0
1608,0.0
1609,0.0
1610,0.0
1611,0.0
1612,0.0
1613,0.0
1614,0.0
1615,0.0
1616,0.0
1617,0.0
1618,0.0
1619,0.0
1620,0.0
1621,0.0
1622,0.0
1623,0.0
1624,0.0
1625,0.0
1626,0.0
1627,0.0
1628,0.0
1629,0.0
1630,0.0
1631,0.0
1632,0.0
1633,0.0
1634,0.0
1635,0.0
1636,0.0
1637,0.0
1638,0.0
1639,0.0
1640,0.0
1641,0.0
1642,0.0
1643,0.0
1644,0.0
1645,0.0
1646,0.0
1647,0.0
1648,0.0
1649,0.0
1650,0.0
1651,0.0
1652,0.0
1653,0.0
1654,0.0
1655,0.0
1656,0.0
1657,0.0
1658,0.0
1659,0.0
1660,0.0
1661,0.0
