,0
0,0.39250972867012024
1,0.32924091815948486
2,-0.7163655757904053
3,0.9999823570251465
4,0.4155929982662201
5,0.27874165773391724
6,-0.6756314039230347
7,0.9999673962593079
8,0.4336468577384949
9,0.2790399491786957
10,-0.6755868792533875
11,0.9999729990959167
12,0.4489220082759857
13,0.2805364727973938
14,-0.6767242550849915
15,0.9999720454216003
16,0.3649778366088867
17,0.2872096598148346
18,-0.669093668460846
19,0.9999666810035706
20,0.3491283357143402
21,0.292693167924881
22,-0.6686930060386658
23,0.9999680519104004
24,0.33460649847984314
25,0.29759588837623596
26,-0.6690012216567993
27,0.9999639987945557
28,0.4689203202724457
29,0.3187393546104431
30,-0.34303560853004456
31,0.9999690055847168
32,0.32275980710983276
33,0.33399590849876404
34,-0.33057263493537903
35,0.9999678730964661
36,0.43657582998275757
37,0.391858845949173
38,-0.616672158241272
39,0.9999788999557495
40,0.3678116202354431
41,0.397651344537735
42,-0.5976208448410034
43,0.999977707862854
44,0.6206963062286377
45,0.6773226857185364
46,-0.20337335765361786
47,0.9998752474784851
48,0.20445291697978973
49,0.6955313086509705
50,-0.23720817267894745
51,0.9996883273124695
52,0.7135067582130432
53,0.9814348816871643
54,-0.21832969784736633
55,0.6944253444671631
56,0.1097242459654808
57,0.9857227802276611
58,-0.17899075150489807
59,0.367841511964798
60,0.7519049048423767
61,1.3946423530578613
62,-0.46754470467567444
63,0.5430569052696228
64,0.09604649990797043
65,1.3929725885391235
66,-0.42076507210731506
67,0.12963047623634338
68,0.7850869297981262
69,1.5002515316009521
70,-0.556806743144989
71,0.5372430086135864
72,0.0703950971364975
73,1.4937422275543213
74,-0.5106523633003235
75,0.15873229503631592
76,0.7363760471343994
77,1.4979859590530396
78,-0.6038092374801636
79,0.5582370162010193
80,0.11216799169778824
81,1.4938390254974365
82,-0.5912798643112183
83,0.22340363264083862
84,0.718612551689148
85,1.4578092098236084
86,-0.5066579580307007
87,0.5535260438919067
88,0.12775984406471252
89,1.4549552202224731
90,-0.46866998076438904
91,0.2346811592578888
92,0.5608164072036743
93,1.4467376470565796
94,-0.03380175307393074
95,0.0032803185749799013
96,0.2752078175544739
97,1.448098063468933
98,0.03880761191248894
99,0.0024978588335216045
100,0.5515666604042053
101,2.0790586471557617
102,-0.0767533928155899
103,0.0004845615476369858
104,0.2836768329143524
105,2.0760278701782227
106,-0.019176730886101723
107,0.00019986805273219943
108,0.5475064516067505
109,2.6498191356658936
110,0.3504564166069031
111,4.934515163768083e-05
112,0.2813189923763275
113,2.660597085952759
114,0.19447027146816254
115,1.0028712495113723e-05
116,0.5540685653686523
117,2.7392783164978027
118,0.3650638163089752
119,4.46480444225017e-05
120,0.27726879715919495
121,2.757056951522827
122,0.1978139579296112
123,1.9069995687459596e-05
124,0.5011876821517944
125,2.832498073577881
126,-0.14854677021503448
127,8.780640200711787e-05
128,0.31167060136795044
129,2.824446678161621
130,-0.3652811646461487
131,3.913079126505181e-05
132,0.3796365559101105
133,0.3883419334888458
134,-0.027362745255231857
135,0.3701731860637665
136,0.34641072154045105
137,-0.04331482574343681
138,0.3754860460758209
139,0.36026713252067566
140,-0.02444419078528881
141,0.3605571985244751
142,0.313812792301178
143,-0.028590116649866104
144,0.36804962158203125
145,0.33474084734916687
146,-0.04529949277639389
147,0.3668382465839386
148,0.32065775990486145
149,-0.041001155972480774
150,0.3657504618167877
151,0.2887885272502899
152,-0.01681613363325596
153,0.3186667561531067
154,0.3087668716907501
155,0.025514239445328712
156,0.363628625869751
157,0.26577818393707275
158,-0.009674746543169022
159,0.36141857504844666
160,0.25162768363952637
161,-0.01007081475108862
162,0.35496920347213745
163,0.19849082827568054
164,0.0040990086272358894
165,0.38068655133247375
166,0.3943999409675598
167,-0.026826005429029465
168,0.38196784257888794
169,0.3995731472969055
170,-0.024343281984329224
171,0.38315722346305847
172,0.4022061228752136
173,-0.02090696431696415
174,0.3841041326522827
175,0.4078001081943512
176,-0.019822174683213234
177,0.3846801519393921
178,0.4132635295391083
179,-0.021368321031332016
180,0.385625422000885
181,0.42042016983032227
182,-0.023255569860339165
183,0.3871588110923767
184,0.42806655168533325
185,-0.02207319624722004
186,0.3906053900718689
187,0.4406076967716217
188,-0.014327622950077057
189,0.3722255825996399
190,0.35285472869873047
191,-0.03969979286193848
192,0.36703649163246155
193,0.3554055690765381
194,-0.02787589654326439
195,0.2965967059135437
196,0.2798408567905426
197,0.07282588630914688
198,0.3399907946586609
199,0.31024983525276184
200,0.013115599751472473
201,0.33294862508773804
202,0.3138085603713989
203,0.01486025657504797
204,0.3262487053871155
205,0.3157919943332672
206,0.01830580085515976
207,0.3173019289970398
208,0.31382885575294495
209,0.0268845297396183
210,0.3455680012702942
211,0.30500486493110657
212,0.012614220380783081
213,0.32613977789878845
214,0.2871874272823334
215,0.013148744590580463
216,0.3339706063270569
217,0.28518199920654297
218,0.011537768878042698
219,0.31943538784980774
220,0.2911294400691986
221,0.016908707097172737
222,0.3156382441520691
223,0.29639068245887756
224,0.020885830745100975
225,0.31348246335983276
226,0.32294169068336487
227,0.031148632988333702
228,0.36623281240463257
229,0.4664909541606903
230,-0.0020765061490237713
231,0.3162464499473572
232,0.3073909878730774
233,0.028756950050592422
234,0.29988133907318115
235,0.32716479897499084
236,0.07176955044269562
237,0.3063351511955261
238,0.3187906742095947
239,0.0414590947329998
240,0.33934295177459717
241,0.3555184006690979
242,0.0015772974584251642
243,0.3704334497451782
244,0.3896334767341614
245,-0.024404138326644897
246,0.3747566044330597
247,0.4023078680038452
248,-0.02164715714752674
249,0.3627047836780548
250,0.39725759625434875
251,-0.018275197595357895
252,0.35891687870025635
253,0.4054054617881775
254,-0.01145043596625328
255,0.3691256046295166
256,0.40572282671928406
257,-0.01707138866186142
258,0.3652138411998749
259,0.4095810353755951
260,-0.01081899181008339
261,0.35480257868766785
262,0.42883139848709106
263,0.0008254089625552297
264,0.3640855550765991
265,0.3483341336250305
266,-0.04171503707766533
267,0.3610452711582184
268,0.33770161867141724
269,-0.043292369693517685
270,0.30381566286087036
271,0.28897643089294434
272,0.02626991458237171
273,0.3496115505695343
274,0.3227582275867462
275,0.0001972080353880301
276,0.3499504625797272
277,0.35392868518829346
278,-0.018717102706432343
279,0.3490560054779053
280,0.3487296998500824
281,-0.015739375725388527
282,0.320096880197525
283,0.36343705654144287
284,0.01621626690030098
285,0.3604194223880768
286,0.3243803381919861
287,-0.03718703240156174
288,0.3164050281047821
289,0.2716492712497711
290,0.00888320803642273
291,0.30792322754859924
292,0.2786821722984314
293,0.017162883654236794
294,0.2976887822151184
295,0.25724202394485474
296,0.057015739381313324
297,0.348341703414917
298,0.2695452570915222
299,-0.004264805931597948
300,0.34137946367263794
301,0.28582483530044556
302,0.01256745494902134
303,0.34785914421081543
304,0.4192395806312561
305,0.00456084031611681
306,0.32519593834877014
307,0.42973148822784424
308,0.08204153925180435
309,0.35692039132118225
310,0.3581150472164154
311,-0.017050238326191902
312,0.36373138427734375
313,0.359602689743042
314,-0.02005894109606743
315,0.35591480135917664
316,0.4174037277698517
317,0.0024991605896502733
318,0.35987040400505066
319,0.4152567386627197
320,-0.00048737184260971844
321,0.3038039207458496
322,0.27293431758880615
323,0.02257925644516945
324,0.3517369329929352
325,0.35952267050743103
326,-0.01482661347836256
327,0.32950931787490845
328,0.26808997988700867
329,0.0015272247837856412
330,0.3266332149505615
331,0.25943523645401
332,0.0008671444957144558
333,0.3163394033908844
334,0.21993885934352875
335,0.02196161076426506
336,0.3006020784378052
337,0.26427149772644043
338,0.03760049119591713
339,0.32172682881355286
340,0.23805245757102966
341,0.011059760116040707
342,0.30030831694602966
343,0.2861379384994507
344,0.034722812473773956
345,0.2983754873275757
346,0.2832772731781006
347,0.05278974026441574
348,0.37241131067276
349,0.39678144454956055
350,-0.023982591927051544
351,0.3661014139652252
352,0.4022656977176666
353,-0.01814713142812252
354,0.36192139983177185
355,0.4076085686683655
356,-0.011874091811478138
357,0.35960182547569275
358,0.35968437790870667
359,-0.016289999708533287
360,0.35790005326271057
361,0.41661715507507324
362,0.0007971882587298751
363,0.36053091287612915
364,0.41765210032463074
365,-0.005091650411486626
366,0.3609258234500885
367,0.41404110193252563
368,-0.0009273025789298117
369,0.35828375816345215
370,0.35175472497940063
371,-0.028047192841768265
372,0.36738502979278564
373,0.4087441861629486
374,-0.009838243946433067
375,0.3715687692165375
376,0.4063341021537781
377,-0.014332097955048084
378,0.37682923674583435
379,0.4042302966117859
380,-0.0184404868632555
381,0.38042402267456055
382,0.4425920844078064
383,-0.012685836292803288
384,0.3776392936706543
385,0.4297342002391815
386,-0.02001560851931572
387,0.3767677843570709
388,0.4218446910381317
389,-0.02080531232059002
390,0.3765448033809662
391,0.41445374488830566
392,-0.018767403438687325
393,0.37695783376693726
394,0.40973445773124695
395,-0.01727905496954918
396,0.36672812700271606
397,0.41285115480422974
398,-0.008972405456006527
399,0.3654933273792267
400,0.4150487184524536
401,-0.010484241880476475
402,0.3639307916164398
403,0.4192671775817871
404,-0.011663096025586128
405,0.3629133403301239
406,0.4241143763065338
407,-0.010159340687096119
408,0.35088473558425903
409,0.39408740401268005
410,-0.007173989899456501
411,0.31159496307373047
412,0.37768229842185974
413,0.10048208385705948
414,0.3738062083721161
415,0.35590672492980957
416,-0.029637081548571587
417,0.36418965458869934
418,0.4138813614845276
419,-0.004193360451608896
420,0.36237362027168274
421,0.4152473509311676
422,-0.005169320851564407
423,0.36675959825515747
424,0.36393973231315613
425,-0.020917754620313644
426,0.3563186824321747
427,0.3660006821155548
428,-0.010423487983644009
429,0.36533698439598083
430,0.36186736822128296
431,-0.0206671841442585
432,0.3433736562728882
433,0.33229199051856995
434,0.0038928883150219917
435,0.33321860432624817
436,0.34403786063194275
437,0.007794646080583334
438,0.3496074378490448
439,0.3546410799026489
440,-0.011456036008894444
441,0.3034701943397522
442,0.23719865083694458
443,0.03889989107847214
444,0.30775171518325806
445,0.24894529581069946
446,0.024008138105273247
447,0.3128569722175598
448,0.263693630695343
449,0.011856072582304478
450,0.3615467846393585
451,0.43476325273513794
452,-0.004205270670354366
453,0.34348589181900024
454,0.2561880946159363
455,-0.00613921694457531
456,0.3379669487476349
457,0.23073700070381165
458,0.0019352099625393748
459,0.3329593539237976
460,0.20792944729328156
461,0.010110471397638321
462,0.3206409215927124
463,0.31622636318206787
464,0.022877255454659462
465,0.3081040680408478
466,0.33341923356056213
467,0.03654033690690994
468,0.34895095229148865
469,0.3003654181957245
470,0.013351465575397015
471,0.3095402121543884
472,0.302377313375473
473,0.029472874477505684
474,0.35329630970954895
475,0.3133436441421509
476,-0.0031456174328923225
477,0.3523668050765991
478,0.3471580445766449
479,-0.026969579979777336
480,0.30350661277770996
481,0.34411633014678955
482,0.046369895339012146
483,0.3123966455459595
484,0.33895885944366455
485,0.027851158753037453
486,0.32066282629966736
487,0.33925217390060425
488,0.018296852707862854
489,0.33329689502716064
490,0.3322848677635193
491,0.01209826860576868
492,0.3424813747406006
493,0.32388684153556824
494,0.008713187649846077
495,0.3491446375846863
496,0.3155646324157715
497,0.005457620602101088
498,0.3594265878200531
499,0.2944585978984833
500,-0.012356472201645374
501,0.3070244789123535
502,0.3667822778224945
503,0.04204805940389633
504,0.3046732246875763
505,0.3029858469963074
506,0.03469083085656166
507,0.36853569746017456
508,0.3537259101867676
509,-0.038472533226013184
510,0.3508627712726593
511,0.3325234353542328
512,-0.004178163595497608
513,0.3027879595756531
514,0.3292471468448639
515,0.09950849413871765
516,0.3535374104976654
517,0.3072529435157776
518,0.0037576768081635237
519,0.3502270579338074
520,0.3563673198223114
521,-0.0034487599041312933
522,0.31435006856918335
523,0.3088335692882538
524,0.03072529099881649
525,0.3516687750816345
526,0.3408207595348358
527,-0.023376358672976494
528,0.31706035137176514
529,0.40348127484321594
530,0.09369805455207825
531,0.3486236333847046
532,0.2964557111263275
533,0.01602470874786377
534,0.3555264174938202
535,0.3314308226108551
536,-0.03159785270690918
537,0.33607017993927
538,0.4499813914299011
539,0.03463215380907059
540,0.34127259254455566
541,0.46397513151168823
542,0.04785189777612686
543,0.30569058656692505
544,0.3736090362071991
545,0.07166676968336105
546,0.3272845149040222
547,0.4372836649417877
548,0.047518011182546616
549,0.29899415373802185
550,0.30375805497169495
551,0.06486814469099045
552,0.3670773208141327
553,0.48037397861480713
554,0.0018922927556559443
555,0.3709260821342468
556,0.35651296377182007
557,-0.02866322360932827
558,0.34636190533638
559,0.343472957611084
560,-0.0008630164084024727
561,0.3025366961956024
562,0.32331639528274536
563,0.050703201442956924
564,0.3254680931568146
565,0.3091444671154022
566,0.019254134967923164
567,0.33178356289863586
568,0.30773499608039856
569,0.01624888926744461
570,0.3588637411594391
571,0.42067980766296387
572,-0.0035328594967722893
573,0.31224995851516724
574,0.3887419104576111
575,0.04199985787272453
576,0.3841066062450409
577,0.4947742223739624
578,0.000420349242631346
579,0.36091431975364685
580,0.48433399200439453
581,0.021504376083612442
582,0.35160550475120544
583,0.4761374592781067
584,0.033125150948762894
585,0.35773640871047974
586,0.2237837314605713
587,-0.00336111499927938
588,0.401346892118454
589,0.4928387701511383
590,-0.004873006138950586
591,0.33787840604782104
592,0.30486756563186646
593,0.01480831392109394
594,0.34333670139312744
595,0.3009493350982666
596,0.014999591745436192
597,0.34685635566711426
598,0.2983107566833496
599,0.016197444871068
600,0.30120915174484253
601,0.3031443953514099
602,0.04408636316657066
603,0.34173232316970825
604,0.29303643107414246
605,0.014478592202067375
606,0.3353145718574524
607,0.29347217082977295
608,0.014082088135182858
609,0.3290049135684967
610,0.2951202094554901
611,0.01562189869582653
612,0.3230191469192505
613,0.29868394136428833
614,0.01860872097313404
615,0.3195817470550537
616,0.3025037944316864
617,0.021873485296964645
618,0.2983401417732239
619,0.30237793922424316
620,0.08841991424560547
621,0.3213728368282318
622,0.30919981002807617
623,0.022677378728985786
624,0.3770880699157715
625,0.36943620443344116
626,-0.023350125178694725
627,0.3554346561431885
628,0.38406825065612793
629,-0.011903387494385242
630,0.3558533787727356
631,0.356039822101593
632,-0.01996818371117115
633,0.36733511090278625
634,0.37423714995384216
635,-0.021103190258145332
636,0.3653703033924103
637,0.2773309350013733
638,-0.010007673874497414
639,0.34613922238349915
640,0.462289422750473
641,0.023589231073856354
642,0.3561279773712158
643,0.47145527601242065
644,0.013082088902592659
645,0.38091209530830383
646,0.48479896783828735
647,-0.008642253465950489
648,0.3334275782108307
649,0.44981011748313904
650,0.06560068577528
651,0.3463329076766968
652,0.29457396268844604
653,0.015438978560268879
654,0.3563605546951294
655,0.3127502202987671
656,-0.015317942015826702
657,0.3982125520706177
658,0.48303458094596863
659,-0.013414493761956692
660,0.37129753828048706
661,0.4911037087440491
662,0.009670661762356758
663,0.31159263849258423
664,0.39740586280822754
665,0.0676923543214798
666,0.3711056709289551
667,0.41129541397094727
668,-0.013255637139081955
669,0.3701200485229492
670,0.41499844193458557
671,-0.014845109544694424
672,0.3693337142467499
673,0.42093342542648315
674,-0.01624181866645813
675,0.36929139494895935
676,0.42818063497543335
677,-0.015220219269394875
678,0.3698740005493164
679,0.4399564862251282
680,-0.009192008525133133
681,0.36201709508895874
682,0.41275554895401
683,-0.005182713270187378
684,0.359074205160141
685,0.412670761346817
686,-0.004681370221078396
687,0.3564038872718811
688,0.41173622012138367
689,-0.004163452424108982
690,0.34800300002098083
691,0.40619489550590515
692,-0.0008859693771228194
693,0.32007908821105957
694,0.3901696801185608
695,0.0232621431350708
696,0.3564087152481079
697,0.3030813932418823
698,-0.007169506978243589
699,0.35236868262290955
700,0.2866331934928894
701,0.008851193822920322
702,0.3487853705883026
703,0.2900945544242859
704,0.013310737907886505
705,0.3640221357345581
706,0.4107571244239807
707,-0.004701673984527588
708,0.32528141140937805
709,0.41870832443237305
710,0.03301997110247612
711,0.3569612503051758
712,0.2831108570098877
713,-0.002783183241263032
714,0.36796465516090393
715,0.4527803659439087
716,-0.005047654267400503
717,0.3664802014827728
718,0.30960503220558167
719,-0.032601017504930496
720,0.35981741547584534
721,0.30456480383872986
722,-0.02127986028790474
723,0.36612367630004883
724,0.2994324564933777
725,-0.0243180263787508
726,0.3535550534725189
727,0.3316515386104584
728,-0.015683656558394432
729,0.3952592611312866
730,0.46944716572761536
731,-0.016758037731051445
732,0.39269697666168213
733,0.45387133955955505
734,-0.015512708574533463
735,0.3799624443054199
736,0.4558667838573456
737,-0.011949234642088413
738,0.34889498353004456
739,0.4358929395675659
740,0.006339576095342636
741,0.3464188575744629
742,0.3679867684841156
743,-0.0011944418074563146
744,0.35786929726600647
745,0.4461354613304138
746,0.0008562675793655217
747,0.3310161828994751
748,0.37324416637420654
749,0.005627293139696121
750,0.34194862842559814
751,0.38212472200393677
752,0.0003998200409114361
753,0.32919827103614807
754,0.39436250925064087
755,0.01156231015920639
756,0.3795911371707916
757,0.4712328016757965
758,-0.011872152797877789
759,0.3511740267276764
760,0.34022796154022217
761,-0.009847193956375122
762,0.34494084119796753
763,0.44759833812713623
764,0.014715200290083885
765,0.3555852770805359
766,0.4579145908355713
767,0.006981681566685438
768,0.3411814272403717
769,0.4230080842971802
770,0.009633539244532585
771,0.31768888235092163
772,0.40745624899864197
773,0.042582567781209946
774,0.3340601623058319
775,0.42829328775405884
776,0.01938975229859352
777,0.3184998333454132
778,0.41883257031440735
779,0.061354417353868484
780,0.3396656811237335
781,0.4001227915287018
782,0.00397909851744771
783,0.3537061810493469
784,0.3224155902862549
785,-0.00928031001240015
786,0.3553886115550995
787,0.35080182552337646
788,-0.02926010824739933
789,0.3526417016983032
790,0.3564120829105377
791,-0.020507514476776123
792,0.35610431432724
793,0.341804563999176
794,-0.03527165576815605
795,0.3451779782772064
796,0.2802078127861023
797,0.008166493847966194
798,0.332490473985672
799,0.27877742052078247
800,0.00878062006086111
801,0.3221563994884491
802,0.28110477328300476
803,0.011139968410134315
804,0.31433039903640747
805,0.28577569127082825
806,0.016163907945156097
807,0.31007662415504456
808,0.29268744587898254
809,0.022330326959490776
810,0.3109276592731476
811,0.3133811354637146
812,0.03459571674466133
813,0.30171892046928406
814,0.3503967225551605
815,0.07247515022754669
816,0.317024827003479
817,0.3260044753551483
818,0.026098577305674553
819,0.32386425137519836
820,0.3259950578212738
821,0.01956598088145256
822,0.33284643292427063
823,0.3224760591983795
824,0.014515148475766182
825,0.3414607346057892
826,0.3165229558944702
827,0.011642519384622574
828,0.3479713499546051
829,0.3099546730518341
830,0.01002434454858303
831,0.3521305322647095
832,0.30419647693634033
833,0.00892880279570818
834,0.3076416552066803
835,0.3534645736217499
836,0.10294046252965927
837,0.3542628288269043
838,0.35977718234062195
839,-0.016843490302562714
840,0.3563983738422394
841,0.32161957025527954
842,-0.02224995195865631
843,0.35942721366882324
844,0.3487668037414551
845,-0.03663387522101402
846,0.36550799012184143
847,0.3534129559993744
848,-0.03480178117752075
849,0.3606419265270233
850,0.3509760797023773
851,-0.03284026309847832
852,0.3576779067516327
853,0.362816721200943
854,-0.014954461716115475
855,0.36643922328948975
856,0.3538356125354767
857,-0.03722020238637924
858,0.3686913251876831
859,0.35658755898475647
860,-0.02826138772070408
861,0.35105156898498535
862,0.2958812415599823
863,0.013873748481273651
864,0.3549066483974457
865,0.29667943716049194
866,0.0076124961487948895
867,0.3563348054885864
868,0.2970842719078064
869,0.0010478254407644272
870,0.3176534175872803
871,0.3051687180995941
872,0.024903444573283195
873,0.3132442235946655
874,0.30209705233573914
875,0.026083780452609062
876,0.37387898564338684
877,0.3095231354236603
878,-0.03128880262374878
879,0.4286836087703705
880,0.2719699442386627
881,0.005587614141404629
882,0.38097506761550903
883,0.35084185004234314
884,-0.03002951480448246
885,0.45629656314849854
886,0.22571420669555664
887,0.04212336614727974
888,0.4063684940338135
889,0.2877659797668457
890,0.00022246249136514962
891,0.41452786326408386
892,0.28651461005210876
893,-0.0005275503499433398
894,0.4223693907260895
895,0.2840156555175781
896,0.00042981075239367783
897,0.43283456563949585
898,0.2753520607948303
899,0.005750207230448723
900,0.39918410778045654
901,0.2867656946182251
902,0.002439793199300766
903,0.41202884912490845
904,0.25735384225845337
905,-0.002975146984681487
906,0.40367385745048523
907,0.2608051300048828
908,-0.00113849772606045
909,0.4205159842967987
910,0.2562662661075592
911,-0.001741177518852055
912,0.42695942521095276
913,0.2583238482475281
914,0.0006889039650559425
915,0.44042807817459106
916,0.2812962532043457
917,0.008309937082231045
918,0.4259450137615204
919,0.45008325576782227
920,-0.01135864295065403
921,0.43136972188949585
922,0.26852360367774963
923,0.007845407351851463
924,0.46755534410476685
925,0.27247217297554016
926,0.04025956615805626
927,0.4491066634654999
928,0.27186405658721924
929,0.01563243195414543
930,0.416364461183548
931,0.3309592604637146
932,-0.01115941721946001
933,0.38909050822257996
934,0.3833364248275757
935,-0.027735520154237747
936,0.3902651369571686
937,0.39707380533218384
938,-0.024632127955555916
939,0.40065354108810425
940,0.3848137855529785
941,-0.02505742385983467
942,0.4086182117462158
943,0.38883358240127563
944,-0.020741863176226616
945,0.39821916818618774
946,0.3960126042366028
947,-0.022985100746154785
948,0.4046085476875305
949,0.3963755667209625
950,-0.018572619184851646
951,0.4240569770336151
952,0.40711236000061035
953,-0.010891050100326538
954,0.3769831657409668
955,0.3440622389316559
956,-0.04352569952607155
957,0.37605321407318115
958,0.33279168605804443
959,-0.0453890897333622
960,0.4379808306694031
961,0.24345004558563232
962,0.0022240218240767717
963,0.39654412865638733
964,0.30749261379241943
965,-0.008225860074162483
966,0.3990965783596039
967,0.3378060758113861
968,-0.026690417900681496
969,0.39953944087028503
970,0.33233872056007385
971,-0.023968243971467018
972,0.44199618697166443
973,0.3247263431549072
974,-0.005170494318008423
975,0.37461766600608826
976,0.31987571716308594
977,-0.0398060567677021
978,0.4146670401096344
979,0.23757827281951904
980,-0.007766603492200375
981,0.4276200234889984
982,0.23761704564094543
983,-0.003730134340003133
984,0.44279244542121887
985,0.20708538591861725
986,0.02946924977004528
987,0.3802308142185211
988,0.2585641145706177
989,-0.009624268859624863
990,0.39707034826278687
991,0.26644575595855713
992,0.002253094455227256
993,0.42802271246910095
994,0.3937811255455017
995,-0.009661388583481312
996,0.48108580708503723
997,0.3832939863204956
998,0.05316445603966713
999,0.3942309617996216
1000,0.3458113670349121
1001,-0.023044932633638382
1002,0.3878726065158844
1003,0.35176968574523926
1004,-0.023057278245687485
1005,0.4183275103569031
1006,0.39664027094841003
1007,-0.009692722000181675
1008,0.4143698811531067
1009,0.39691033959388733
1010,-0.011110743507742882
1011,0.4313954710960388
1012,0.22916936874389648
1013,0.00039302778895944357
1014,0.4009006917476654
1015,0.34357473254203796
1016,-0.02262192964553833
1017,0.3989550471305847
1018,0.2439737617969513
1019,-0.009794297628104687
1020,0.39870399236679077
1021,0.23428316414356232
1022,-0.010822332464158535
1023,0.40211665630340576
1024,0.18946322798728943
1025,0.0062255640514194965
1026,0.4364825189113617
1027,0.21761026978492737
1028,0.013054868206381798
1029,0.3990749716758728
1030,0.21080797910690308
1031,-0.0025853293482214212
1032,0.4428721070289612
1033,0.23782652616500854
1034,0.008879498578608036
1035,0.449384868144989
1036,0.2322797328233719
1037,0.024699773639440536
1038,0.38982489705085754
1039,0.39098691940307617
1040,-0.02725176140666008
1041,0.39916953444480896
1042,0.3913480043411255
1043,-0.024576939642429352
1044,0.4064706563949585
1045,0.39271432161331177
1046,-0.02039332129061222
1047,0.39263856410980225
1048,0.348893940448761
1049,-0.021121928468346596
1050,0.41615012288093567
1051,0.39700841903686523
1052,-0.010486803017556667
1053,0.41310375928878784
1054,0.4002150595188141
1055,-0.014530336484313011
1056,0.41360142827033997
1057,0.39648228883743286
1058,-0.011213241145014763
1059,0.38784635066986084
1060,0.3418969213962555
1061,-0.03357095643877983
1062,0.40345093607902527
1063,0.39657941460609436
1064,-0.017134014517068863
1065,0.39729079604148865
1066,0.3977028727531433
1067,-0.019792651757597923
1068,0.39032915234565735
1069,0.39965391159057617
1070,-0.02144083008170128
1071,0.40129753947257996
1072,0.4363524913787842
1073,-0.015483998693525791
1074,0.39712268114089966
1075,0.4236243963241577
1076,-0.023097272962331772
1077,0.3948988914489746
1078,0.41612207889556885
1079,-0.024053391069173813
1080,0.3929803967475891
1081,0.4091317057609558
1082,-0.021954329684376717
1083,0.3918127715587616
1084,0.4049578607082367
1085,-0.020316574722528458
1086,0.40513452887535095
1087,0.4001469910144806
1088,-0.016173241659998894
1089,0.40654653310775757
1090,0.4015241861343384
1091,-0.017742983996868134
1092,0.4090592563152313
1093,0.4044879674911499
1094,-0.019157182425260544
1095,0.411750465631485
1096,0.4083486497402191
1097,-0.018152227625250816
1098,0.4142836332321167
1099,0.373830109834671
1100,-0.01784403808414936
1101,0.48134130239486694
1102,0.32435843348503113
1103,0.06822127848863602
1104,0.4092068672180176
1105,0.39892977476119995
1106,-0.013193175196647644
1107,0.410740464925766
1108,0.3991978168487549
1109,-0.014242582954466343
1110,0.38589707016944885
1111,0.35777196288108826
1112,-0.02385461889207363
1113,0.39966174960136414
1114,0.3521025478839874
1115,-0.01664070412516594
1116,0.38682079315185547
1117,0.35486847162246704
1118,-0.023562174290418625
1119,0.4063694179058075
1120,0.3118918538093567
1121,-0.007344832178205252
1122,0.4204969108104706
1123,0.3160363733768463
1124,-0.007402173243463039
1125,0.40217214822769165
1126,0.3376521170139313
1127,-0.01998535543680191
1128,0.4252977669239044
1129,0.19437067210674286
1130,0.016369393095374107
1131,0.4203610122203827
1132,0.2095881700515747
1133,0.004206228535622358
1134,0.4161382019519806
1135,0.2277565747499466
1136,-0.0057587455958127975
1137,0.4187500774860382
1138,0.41736358404159546
1139,-0.013671905733644962
1140,0.3801846504211426
1141,0.24324624240398407
1142,-0.012069244869053364
1143,0.379167765378952
1144,0.21630634367465973
1145,-0.00512405252084136
1146,0.37948116660118103
1147,0.19130678474903107
1148,0.002087398897856474
1149,0.4292481243610382
1150,0.28030818700790405
1151,0.0029281661845743656
1152,0.45039400458335876
1153,0.2872021198272705
1154,0.01106676459312439
1155,0.3944091796875
1156,0.2849605977535248
1157,0.004291353281587362
1158,0.4373002052307129
1159,0.2594040334224701
1160,0.006169857922941446
1161,0.3891526162624359
1162,0.3016010522842407
1163,-0.009926150552928448
1164,0.392201691865921
1165,0.33409082889556885
1166,-0.03345080837607384
1167,0.4614977240562439
1168,0.2933024764060974
1169,0.017444761469960213
1170,0.4450322687625885
1171,0.29603683948516846
1172,0.004021492786705494
1173,0.43419918417930603
1174,0.3025524616241455
1175,-0.0019051677081733942
1176,0.4182056188583374
1177,0.30473899841308594
1178,-0.0032306404318660498
1179,0.4061615765094757
1180,0.30300173163414
1181,-0.002947716973721981
1182,0.396642804145813
1183,0.29996541142463684
1184,-0.0033392079640179873
1185,0.37435075640678406
1186,0.28951495885849
1187,-0.015291869640350342
1188,0.46355533599853516
1189,0.3172478675842285
1190,0.013397670350968838
1191,0.44408515095710754
1192,0.25648292899131775
1193,0.009195356629788876
1194,0.3761829435825348
1195,0.3511446714401245
1196,-0.03994029387831688
1197,0.39658230543136597
1198,0.3177783489227295
1199,-0.012293350882828236
1200,0.47356265783309937
1201,0.27353549003601074
1202,0.06633856147527695
1203,0.38903647661209106
1204,0.2954658567905426
1205,-0.0031226342543959618
1206,0.4040170907974243
1207,0.3390069603919983
1208,-0.011767121963202953
1209,0.4346420168876648
1210,0.26829764246940613
1211,0.008694112300872803
1212,0.3924744427204132
1213,0.327546626329422
1214,-0.029955295845866203
1215,0.4832400679588318
1216,0.35249876976013184
1217,0.06281404197216034
1218,0.3941851854324341
1219,0.28100186586380005
1220,0.006617753766477108
1221,0.3832851052284241
1222,0.32244235277175903
1223,-0.036396849900484085
1224,0.4614720940589905
1225,0.414103627204895
1226,0.013221235945820808
1227,0.4665956199169159
1228,0.42902451753616333
1229,0.025842802599072456
1230,0.4759967029094696
1231,0.3200400173664093
1232,0.04019033536314964
1233,0.4699940085411072
1234,0.39535805583000183
1235,0.022352926433086395
1236,0.4585208296775818
1237,0.25078147649765015
1238,0.034818194806575775
1239,0.4311876893043518
1240,0.4632264971733093
1241,-0.008291760459542274
1242,0.376862108707428
1243,0.3544962704181671
1244,-0.029547207057476044
1245,0.4054269790649414
1246,0.32444819808006287
1247,-0.010835188440978527
1248,0.4572477340698242
1249,0.27277666330337524
1250,0.022389264777302742
1251,0.42063218355178833
1252,0.277351438999176
1253,0.0018036504043266177
1254,0.4135957658290863
1255,0.2801112234592438
1256,0.0007534112082794309
1257,0.4157920777797699
1258,0.4019104838371277
1259,-0.01363906916230917
1260,0.4659823179244995
1261,0.3409203290939331
1262,0.014398902654647827
1263,0.4192393720149994
1264,0.4856258034706116
1265,-0.005222720094025135
1266,0.44498857855796814
1267,0.46211910247802734
1268,0.007275220472365618
1269,0.45540136098861694
1270,0.4481663107872009
1271,0.015312053263187408
1272,0.40679556131362915
1273,0.28136056661605835
1274,0.0015935006085783243
1275,0.4004226326942444
1276,0.28139400482177734
1277,0.0037013425026088953
1278,0.3964076340198517
1279,0.28148192167282104
1280,0.0060281893238425255
1281,0.4503788352012634
1282,0.25336340069770813
1283,0.01657070778310299
1284,0.3998620808124542
1285,0.27336716651916504
1286,0.002901244442909956
1287,0.40623247623443604
1288,0.2693379819393158
1289,0.000594509590882808
1290,0.4127282500267029
1291,0.26675352454185486
1292,-0.00010998653306160122
1293,0.4199792444705963
1294,0.2659551501274109
1295,0.0007504296372644603
1296,0.42508795857429504
1297,0.2668386399745941
1298,0.0027201685588806868
1299,0.4659048914909363
1300,0.24658998847007751
1301,0.056090231984853745
1302,0.425340473651886
1303,0.2745645344257355
1304,0.003680270630866289
1305,0.40565693378448486
1306,0.36809033155441284
1307,-0.02004491351544857
1308,0.3936770558357239
1309,0.3434172570705414
1310,-0.025580745190382004
1311,0.38832253217697144
1312,0.36742547154426575
1313,-0.024538200348615646
1314,0.4523240923881531
1315,0.4327009916305542
1316,0.006292515434324741
1317,0.44255298376083374
1318,0.44811946153640747
1319,-0.0006301957182586193
1320,0.4162641167640686
1321,0.47543978691101074
1322,-0.014135329984128475
1323,0.4748852849006653
1324,0.4090260863304138
1325,0.03965822234749794
1326,0.39569923281669617
1327,0.2779858112335205
1328,0.005076861009001732
1329,0.381748765707016
1330,0.3045448362827301
1331,-0.019895488396286964
1332,0.4331069588661194
1333,0.4749297499656677
1334,-0.0008372815791517496
1335,0.47759488224983215
1336,0.3462614119052887
1337,0.03747817873954773
1338,0.39883074164390564
1339,0.4021616578102112
1340,-0.01874569058418274
1341,0.4005436301231384
1342,0.4050237536430359
1343,-0.020412245765328407
1344,0.40282106399536133
1345,0.4100334942340851
1346,-0.022039350122213364
1347,0.40542227029800415
1348,0.41668984293937683
1349,-0.02130836807191372
1350,0.41135701537132263
1351,0.4274658262729645
1352,-0.01596813276410103
1353,0.41030561923980713
1354,0.3964894115924835
1355,-0.014761063270270824
1356,0.4125114679336548
1357,0.39475497603416443
1358,-0.015260398387908936
1359,0.4147646427154541
1360,0.39222753047943115
1361,-0.015423782169818878
1362,0.42212551832199097
1363,0.38247886300086975
1364,-0.014097894541919231
1365,0.4532996714115143
1366,0.34869447350502014
1367,0.00027435633819550276
1368,0.3815503418445587
1369,0.29480528831481934
1370,-0.012027322314679623
1371,0.38534262776374817
1372,0.27547791600227356
1373,0.0027859508991241455
1374,0.39121749997138977
1375,0.27564483880996704
1376,0.004568809177726507
1377,0.4086669683456421
1378,0.3957365155220032
1379,-0.013805754482746124
1380,0.4605451822280884
1381,0.3778574764728546
1382,0.009588471613824368
1383,0.3766617774963379
1384,0.27648767828941345
1385,-0.006299907341599464
1386,0.4189597964286804
1387,0.4382210671901703
1388,-0.012837657704949379
1389,0.37422218918800354
1390,0.2999177575111389
1391,-0.023770613595843315
1392,0.3900335729122162
1393,0.31985825300216675
1394,-0.02175220474600792
1395,0.4063805639743805
1396,0.44850656390190125
1397,-0.01580194942653179
1398,0.4344562888145447
1399,0.41044774651527405
1400,-0.007313229143619537
1401,0.4123455286026001
1402,0.347024530172348
1403,-0.01163661852478981
1404,0.42819783091545105
1405,0.4257998764514923
1406,-0.009873561561107635
1407,0.4312707781791687
1408,0.3416372239589691
1409,-0.01078301016241312
1410,0.42146340012550354
1411,0.3572182357311249
1412,-0.012561628594994545
1413,0.4419167637825012
1414,0.35947176814079285
1415,-0.00715644983574748
1416,0.4118504822254181
1417,0.46238622069358826
1418,-0.01704307831823826
1419,0.39697766304016113
1420,0.32541826367378235
1421,-0.017307206988334656
1422,0.44510000944137573
1423,0.418732613325119
1424,-0.0014153743395581841
1425,0.4361034631729126
1426,0.435433954000473
1427,-0.005437992513179779
1428,0.4380795955657959
1429,0.39338988065719604
1430,-0.006909252144396305
1431,0.4673266112804413
1432,0.36177465319633484
1433,0.016231315210461617
1434,0.4508547782897949
1435,0.3934735953807831
1436,-9.570784459356219e-05
1437,0.4764377772808075
1438,0.371187299489975
1439,0.03273831307888031
1440,0.43040549755096436
1441,0.37174031138420105
1442,-0.011343828402459621
1443,0.3890717029571533
1444,0.3109934628009796
1445,-0.015747975558042526
1446,0.38999661803245544
1447,0.3392946720123291
1448,-0.035146910697221756
1449,0.39698562026023865
1450,0.34182682633399963
1451,-0.027339424937963486
1452,0.3842628300189972
1453,0.33263978362083435
1454,-0.04007977619767189
1455,0.38995805382728577
1456,0.264859676361084
1457,-0.0001417566236341372
1458,0.4016914963722229
1459,0.25473129749298096
1460,-0.00328459613956511
1461,0.41280752420425415
1462,0.24964845180511475
1463,-0.004746251739561558
1464,0.42312583327293396
1465,0.24834087491035461
1466,-0.0032944506965577602
1467,0.43154579401016235
1468,0.2512720823287964
1469,0.0005302030476741493
1470,0.4409668445587158
1471,0.2701619863510132
1472,0.011014866642653942
1473,0.472896546125412
1474,0.29559412598609924
1475,0.04026355221867561
1476,0.4362916648387909
1477,0.28691887855529785
1478,0.004653723910450935
1479,0.4277147948741913
1480,0.29213306307792664
1481,0.000932126073166728
1482,0.41677597165107727
1483,0.29488056898117065
1484,-0.0008378807106055319
1485,0.40613359212875366
1486,0.29495424032211304
1487,-0.00044036697363480926
1488,0.39757823944091797
1489,0.29333019256591797
1490,0.0008437372744083405
1491,0.39139989018440247
1492,0.2910124659538269
1493,0.0014545335434377193
1494,0.4778152406215668
1495,0.2989129424095154
1496,0.06991242617368698
1497,0.39769792556762695
1498,0.3455761671066284
1499,-0.023465309292078018
1500,0.38184797763824463
1501,0.31336700916290283
1502,-0.027009539306163788
1503,0.38311776518821716
1504,0.34093520045280457
1505,-0.04047363996505737
1506,0.3804488182067871
1507,0.34846004843711853
1508,-0.03695815056562424
1509,0.3841663599014282
1510,0.3431023955345154
1511,-0.03672487288713455
1512,0.39630597829818726
1513,0.3503624498844147
1514,-0.020519616082310677
1515,0.3787737190723419
1516,0.3497171998023987
1517,-0.038983896374702454
1518,0.3793894648551941
1519,0.3530445098876953
1520,-0.02977069281041622
1521,0.3909093141555786
1522,0.2823171317577362
1523,0.005900459364056587
1524,0.38597121834754944
1525,0.28617870807647705
1526,0.0017330227419734001
1527,0.3826652467250824
1528,0.2882310152053833
1529,-0.0037867615465074778
1530,0.4284070134162903
1531,0.26778459548950195
1532,0.004870915319770575
1533,0.4325096011161804
1534,0.26157715916633606
1535,0.004628708120435476
1536,0.0
1537,0.0
1538,0.0
1539,0.0
1540,0.0
1541,0.0
1542,0.0
1543,0.0
1544,0.0
1545,0.0
1546,0.0
1547,0.0
1548,0.0
1549,0.0
1550,0.0
1551,0.0
1552,0.0
1553,0.0
1554,0.0
1555,0.0
1556,0.0
1557,0.0
1558,0.0
1559,0.0
1560,0.0
1561,0.0
1562,0.0
1563,0.0
1564,0.0
1565,0.0
1566,0.0
1567,0.0
1568,0.0
1569,0.0
1570,0.0
1571,0.0
1572,0.0
1573,0.0
1574,0.0
1575,0.0
1576,0.0
1577,0.0
1578,0.0
1579,0.0
1580,0.0
1581,0.0
1582,0.0
1583,0.0
1584,0.0
1585,0.0
1586,0.0
1587,0.0
1588,0.0
1589,0.0
1590,0.0
1591,0.0
1592,0.0
1593,0.0
1594,0.0
1595,0.0
1596,0.0
1597,0.0
1598,0.0
1599,0.0
1600,0.0
1601,0.0
1602,0.0
1603,0.0
1604,0.0
1605,0.0
1606,0.0
1607,0.0
1608,0.0
1609,0.0
1610,0.0
1611,0.0
1612,0.0
1613,0.0
1614,0.0
1615,0.0
1616,0.0
1617,0.0
1618,0.0
1619,0.0
1620,0.0
1621,0.0
1622,0.0
1623,0.0
1624,0.0
1625,0.0
1626,0.0
1627,0.0
1628,0.0
1629,0.0
1630,0.0
1631,0.0
1632,0.0
1633,0.0
1634,0.0
1635,0.0
1636,0.0
1637,0.0
1638,0.0
1639,0.0
1640,0.0
1641,0.0
1642,0.0
1643,0.0
1644,0.0
1645,0.0
1646,0.0
1647,0.0
1648,0.0
1649,0.0
1650,0.0
1651,0.0
1652,0.0
1653,0.0
1654,0.0
1655,0.0
1656,0.0
1657,0.0
1658,0.0
1659,0.0
1660,0.0
1661,0.0
