,0
0,0.39136558771133423
1,0.32953739166259766
2,-0.640531063079834
3,0.9999854564666748
4,0.41435664892196655
5,0.27800947427749634
6,-0.5868856906890869
7,0.9999731779098511
8,0.43244805932044983
9,0.27828332781791687
10,-0.5863368511199951
11,0.999977707862854
12,0.447890043258667
13,0.27964287996292114
14,-0.5858734846115112
15,0.9999769926071167
16,0.36247068643569946
17,0.28667718172073364
18,-0.58354651927948
19,0.9999724626541138
20,0.3467179536819458
21,0.29197511076927185
22,-0.5825137495994568
23,0.9999734163284302
24,0.3327508568763733
25,0.2968027889728546
26,-0.5826270580291748
27,0.999970018863678
28,0.4669795036315918
29,0.316733717918396
30,-0.26430535316467285
31,0.9999745488166809
32,0.3206886649131775
33,0.33302178978919983
34,-0.2467787265777588
35,0.9999734163284302
36,0.4349243640899658
37,0.39188680052757263
38,-0.5297263860702515
39,0.9999824166297913
40,0.3656671643257141
41,0.3973832428455353
42,-0.5237372517585754
43,0.9999814033508301
44,0.6175922751426697
45,0.6609984636306763
46,-0.15469864010810852
47,0.9998908042907715
48,0.20475605130195618
49,0.692688524723053
50,-0.12698817253112793
51,0.9997009634971619
52,0.7223992347717285
53,1.0021216869354248
54,-0.5273691415786743
55,0.7314104437828064
56,0.10907076299190521
57,0.9864232540130615
58,-0.17917855083942413
59,0.3572269380092621
60,0.7109811902046204
61,0.6807211637496948
62,-0.9420434236526489
63,0.6254404187202454
64,0.09896508604288101
65,1.4213875532150269
66,-0.5642428994178772
67,0.13155870139598846
68,0.6638915538787842
69,0.52694171667099
70,-1.0476410388946533
71,0.6169803142547607
72,0.07317453622817993
73,1.5338541269302368
74,-0.6210954189300537
75,0.16346478462219238
76,0.6369831562042236
77,0.4987325966358185
78,-0.9326450228691101
79,0.6358358263969421
80,0.11167486757040024
81,1.5293165445327759
82,-0.698952853679657
83,0.23195776343345642
84,0.6320656538009644
85,0.5458965301513672
86,-0.9175102114677429
87,0.6306207776069641
88,0.1278270035982132
89,1.4906032085418701
90,-0.6165469884872437
91,0.2451024055480957
92,0.5631786584854126
93,1.44632887840271
94,-0.055373985320329666
95,0.0030898619443178177
96,0.27810138463974
97,1.4491181373596191
98,0.061680860817432404
99,0.0023071137256920338
100,0.5578848123550415
101,2.096308469772339
102,-0.16518506407737732
103,0.0004355992132332176
104,0.2929408550262451
105,2.0917747020721436
106,0.07625418901443481
107,0.00017564861627761275
108,0.5579540729522705
109,2.6699912548065186
110,0.2686815857887268
111,4.1091738239629194e-05
112,0.3015119433403015
113,2.669299602508545
114,0.3852611780166626
115,8.247457117249724e-06
116,0.5658363103866577
117,2.7508158683776855
118,0.2816791236400604
119,3.71725982404314e-05
120,0.2971978485584259
121,2.758476495742798
122,0.40140658617019653
123,1.5889403584878892e-05
124,0.5137342810630798
125,2.8491086959838867
126,-0.2601555585861206
127,7.648502651136369e-05
128,0.3373385965824127
129,2.8456716537475586
130,-0.17010465264320374
131,3.3699314371915534e-05
132,0.37595030665397644
133,0.392738401889801
134,-0.027008289471268654
135,0.36438730359077454
136,0.3518477976322174
137,-0.04397716745734215
138,0.3703479766845703
139,0.3644033372402191
140,-0.024491220712661743
141,0.3540041446685791
142,0.3190198540687561
143,-0.029743699356913567
144,0.3619682788848877
145,0.3403058648109436
146,-0.04608786106109619
147,0.36044245958328247
148,0.3260772228240967
149,-0.042000409215688705
150,0.3587902784347534
151,0.2933533489704132
152,-0.01858995296061039
153,0.31204891204833984
154,0.3123677968978882
155,0.024608466774225235
156,0.35609331727027893
157,0.27010267972946167
158,-0.012028034776449203
159,0.35357198119163513
160,0.25628507137298584
161,-0.012701017782092094
162,0.3460739552974701
163,0.20370909571647644
164,0.00047579201054759324
165,0.37728485465049744
166,0.3987553119659424
167,-0.02656639739871025
168,0.37889814376831055
169,0.4040263295173645
170,-0.024079635739326477
171,0.38033992052078247
172,0.40685898065567017
173,-0.020616410300135612
174,0.3838236927986145
175,0.4244145154953003
176,-0.015699753537774086
177,0.3847437798976898
178,0.4308616518974304
179,-0.017010366544127464
180,0.38602927327156067
181,0.4387132227420807
182,-0.018229655921459198
183,0.3878341019153595
184,0.4464297890663147
185,-0.015807166695594788
186,0.390862375497818
187,0.45552289485931396
188,-0.0066986833699047565
189,0.36663785576820374
190,0.35791337490081787
191,-0.040265779942274094
192,0.3613637387752533
193,0.3601771593093872
194,-0.02822943776845932
195,0.29058024287223816
196,0.28381431102752686
197,0.07116790860891342
198,0.33343788981437683
199,0.31334155797958374
200,0.012045892886817455
201,0.326619029045105
202,0.31712275743484497
203,0.013845766894519329
204,0.3200019598007202
205,0.3193947672843933
206,0.017321089282631874
207,0.31081870198249817
208,0.31737932562828064
209,0.025996768847107887
210,0.3387349247932434
211,0.30806422233581543
212,0.011274482123553753
213,0.31855320930480957
214,0.2901749908924103
215,0.011978445574641228
216,0.32661449909210205
217,0.2879488468170166
218,0.010178156197071075
219,0.31181928515434265
220,0.2943997383117676
221,0.01576608046889305
222,0.308162122964859
223,0.2998276352882385
224,0.01983403041958809
225,0.30756327509880066
226,0.32694125175476074
227,0.03023502230644226
228,0.36604270339012146
229,0.47388607263565063
230,0.005503695458173752
231,0.30947399139404297
232,0.3109607994556427
233,0.027792837470769882
234,0.2947271764278412
235,0.3301873207092285
236,0.07093488425016403
237,0.300495982170105
238,0.32277819514274597
239,0.04043401777744293
240,0.3344264626502991
241,0.3598775565624237
242,0.001775193028151989
243,0.36683815717697144
244,0.3942890763282776
245,-0.023700304329395294
246,0.372253954410553
247,0.40697774291038513
248,-0.021086951717734337
249,0.3599640727043152
250,0.40219175815582275
251,-0.017326556146144867
252,0.35765984654426575
253,0.41057848930358887
254,-0.010071779601275921
255,0.3673834502696991
256,0.4106670618057251
257,-0.016260245814919472
258,0.3646797239780426
259,0.4148692488670349
260,-0.00961932260543108
261,0.3550661504268646
262,0.4366260766983032
263,0.00456163240596652
264,0.35830560326576233
265,0.3538263440132141
266,-0.042299579828977585
267,0.35496851801872253
268,0.343362033367157
269,-0.04401440918445587
270,0.29710111021995544
271,0.2936857342720032
272,0.0249533262103796
273,0.3433367609977722
274,0.32684463262557983
275,-0.0007657421519979835
276,0.3444285988807678
277,0.35871580243110657
278,-0.018967051059007645
279,0.34336352348327637
280,0.3535546064376831
281,-0.01602167822420597
282,0.3161506652832031
283,0.3678378462791443
284,0.016149092465639114
285,0.3540440499782562
286,0.32989954948425293
287,-0.038100920617580414
288,0.3089580237865448
289,0.2767808437347412
290,0.007058774121105671
291,0.30078592896461487
292,0.2836950421333313
293,0.015518063679337502
294,0.2909596264362335
295,0.26217514276504517
296,0.05498666316270828
297,0.34080228209495544
298,0.2740905284881592
299,-0.006377527490258217
300,0.33416998386383057
301,0.2885991334915161
302,0.011109273880720139
303,0.3483361601829529
304,0.42530298233032227
305,0.0073529379442334175
306,0.3240191340446472
307,0.4296260476112366
308,0.08352409303188324
309,0.3515946865081787
310,0.3626037836074829
311,-0.017176011577248573
312,0.3583434224128723
313,0.3640546202659607
314,-0.020282868295907974
315,0.3569706976413727
316,0.42507806420326233
317,0.004798886366188526
318,0.3613411486148834
319,0.42285779118537903
320,0.0017308553215116262
321,0.29680776596069336
322,0.27829355001449585
323,0.020940298214554787
324,0.3465832769870758
325,0.364106148481369
326,-0.01489658560603857
327,0.3218904137611389
328,0.2730010449886322
329,-0.0004462817159947008
330,0.31889379024505615
331,0.2648795545101166
332,-0.001277853618375957
333,0.308022677898407
334,0.2259063720703125
335,0.01910780370235443
336,0.2937784492969513
337,0.2695842385292053
338,0.03577675297856331
339,0.31365370750427246
340,0.24397361278533936
341,0.008440562523901463
342,0.2938206195831299
343,0.2909461557865143
344,0.03339711204171181
345,0.2921491265296936
346,0.2877187132835388
347,0.05132656544446945
348,0.36937442421913147
349,0.40138229727745056
350,-0.02335437759757042
351,0.36382976174354553
352,0.40715262293815613
353,-0.017245352268218994
354,0.36092662811279297
355,0.4128568470478058
356,-0.010581214912235737
357,0.35431143641471863
358,0.3641127049922943
359,-0.016507470980286598
360,0.35915255546569824
361,0.4244169592857361
362,0.002967488719150424
363,0.3614961504936218
364,0.428335964679718
365,-0.0017601074650883675
366,0.36248496174812317
367,0.4212397336959839
368,0.0013308519264683127
369,0.35254231095314026
370,0.35672706365585327
371,-0.028443818911910057
372,0.3671702742576599
373,0.41383421421051025
374,-0.008692371658980846
375,0.3701287806034088
376,0.4112752676010132
377,-0.013549254275858402
378,0.37461328506469727
379,0.40897247195243835
380,-0.017855824902653694
381,0.3801387548446655
382,0.45707741379737854
383,-0.005022920668125153
384,0.3775736391544342
385,0.4476868510246277
386,-0.013566453941166401
387,0.3767107129096985
388,0.4399181008338928
389,-0.015318850055336952
390,0.37645381689071655
391,0.43156129121780396
392,-0.013995872810482979
393,0.3768334984779358
394,0.4259031414985657
395,-0.01283226627856493
396,0.36787158250808716
397,0.4254184365272522
398,-0.005076865665614605
399,0.36639612913131714
400,0.4281320869922638
401,-0.006252637133002281
402,0.3644222915172577
403,0.4326728582382202
404,-0.006994579453021288
405,0.3630509376525879
406,0.4372379779815674
407,-0.005352976731956005
408,0.34873995184898376
409,0.39904704689979553
410,-0.0060952575877308846
411,0.30834537744522095
412,0.37802428007125854
413,0.10051528364419937
414,0.36835938692092896
415,0.3604787588119507
416,-0.02998892031610012
417,0.36568644642829895
418,0.42429423332214355
419,-0.0010610077297315001
420,0.36358821392059326
421,0.4260605275630951
422,-0.0018110256642103195
423,0.3615875840187073
424,0.3682847023010254
425,-0.020732996985316277
426,0.3514559268951416
427,0.3704391121864319
428,-0.010221290402114391
429,0.3600268065929413
430,0.366291344165802
431,-0.02077101729810238
432,0.3374556005001068
433,0.3363371193408966
434,0.003190150484442711
435,0.32794544100761414
436,0.3482956290245056
437,0.007307779975235462
438,0.3442319333553314
439,0.35930973291397095
440,-0.011566264554858208
441,0.29588189721107483
442,0.24284973740577698
443,0.03644295781850815
444,0.30022427439689636
445,0.2547804117202759
446,0.02184988558292389
447,0.305400013923645
448,0.2692605257034302
449,0.00995519757270813
450,0.36130303144454956
451,0.44465136528015137
452,0.0008709899266250432
453,0.3356773853302002
454,0.2613334655761719
455,-0.008450685068964958
456,0.3296813666820526
457,0.2363511621952057
458,-0.0009634855668991804
459,0.32423922419548035
460,0.21375541388988495
461,0.006865526083856821
462,0.3143150508403778
463,0.31984812021255493
464,0.021969985216856003
465,0.3026715815067291
466,0.3375268578529358
467,0.03573033586144447
468,0.3419570028781891
469,0.3033834993839264
470,0.011970789171755314
471,0.3028099536895752
472,0.3063642978668213
473,0.02843715064227581
474,0.3467899560928345
475,0.31755268573760986
476,-0.004310438875108957
477,0.34643903374671936
478,0.35226500034332275
479,-0.027414023876190186
480,0.29856622219085693
481,0.3478287160396576
482,0.04573717713356018
483,0.3070564270019531
484,0.3432551324367523
485,0.027203328907489777
486,0.31528398394584656
487,0.34360596537590027
488,0.017760740593075752
489,0.3275908827781677
490,0.33628392219543457
491,0.011348962783813477
492,0.3363417983055115
493,0.3275946378707886
494,0.007836596108973026
495,0.34269002079963684
496,0.3193094730377197
497,0.004282607231289148
498,0.35255253314971924
499,0.2990227937698364
500,-0.0140196168795228
501,0.30303215980529785
502,0.37031683325767517
503,0.04185894504189491
504,0.29833143949508667
505,0.3072068393230438
506,0.03360321372747421
507,0.3628990054130554
508,0.3589031398296356
509,-0.038972388952970505
510,0.34478020668029785
511,0.3368592858314514
512,-0.004906699527055025
513,0.29807913303375244
514,0.33117878437042236
515,0.09866443276405334
516,0.3468553125858307
517,0.3110993504524231
518,0.002343544503673911
519,0.3450112044811249
520,0.3607836365699768
521,-0.003396332962438464
522,0.3075082004070282
523,0.3123180568218231
524,0.02975396439433098
525,0.3455917239189148
526,0.34583577513694763
527,-0.023928606882691383
528,0.3144826292991638
529,0.40330225229263306
530,0.09431633353233337
531,0.34151846170425415
532,0.29938846826553345
533,0.014629284851253033
534,0.3492550253868103
535,0.33675986528396606
536,-0.032324451953172684
537,0.3362903296947479
538,0.4528261125087738
539,0.038620367646217346
540,0.34109044075012207
541,0.4658316671848297
542,0.051472507417201996
543,0.3017352521419525
544,0.37574201822280884
545,0.07159842550754547
546,0.32737815380096436
547,0.4391160309314728
548,0.05017872154712677
549,0.2932099997997284
550,0.3075019121170044
551,0.06366462260484695
552,0.3668314516544342
553,0.4872041940689087
554,0.009671345353126526
555,0.3653881549835205
556,0.3612018823623657
557,-0.02899051085114479
558,0.3406679332256317
559,0.347740113735199
560,-0.0012257727794349194
561,0.29697129130363464
562,0.32705527544021606
563,0.049845851957798004
564,0.3189472258090973
565,0.312678724527359
566,0.018323112279176712
567,0.32520660758018494
568,0.311061829328537
569,0.01520749181509018
570,0.35956063866615295
571,0.430804967880249
572,-0.0003048572689294815
573,0.3095017671585083
574,0.39155837893486023
575,0.04247169941663742
576,0.3838699758052826
577,0.5026862025260925
578,0.00873026717454195
579,0.36008068919181824
580,0.48917824029922485
581,0.027903897687792778
582,0.35097259283065796
583,0.47942543029785156
584,0.03821883350610733
585,0.3493625521659851
586,0.22885434329509735
587,-0.006540397647768259
588,0.40168261528015137
589,0.501072347164154
590,0.0034129240084439516
591,0.3311660885810852
592,0.30803182721138
593,0.013645071536302567
594,0.3364332616329193
595,0.3039841949939728
596,0.01370747946202755
597,0.33983689546585083
598,0.3012632131576538
599,0.014807494357228279
600,0.29512229561805725
601,0.3073362112045288
602,0.04302111640572548
603,0.33470767736434937
604,0.29620808362960815
605,0.013164895586669445
606,0.32834795117378235
607,0.29669973254203796
608,0.012794054113328457
609,0.3219560384750366
610,0.29854920506477356
611,0.01445302926003933
612,0.31597545742988586
613,0.30225643515586853
614,0.01752195879817009
615,0.3126595914363861
616,0.306142657995224
617,0.020895030349493027
618,0.2928524613380432
619,0.30540916323661804
620,0.08709260076284409
621,0.31484976410865784
622,0.31282928586006165
623,0.02173328958451748
624,0.3724963665008545
625,0.3735780417919159
626,-0.023055164143443108
627,0.3517620265483856
628,0.38887879252433777
629,-0.011113439686596394
630,0.3503694534301758
631,0.36066895723342896
632,-0.020290616899728775
633,0.36284711956977844
634,0.37879085540771484
635,-0.020341340452432632
636,0.35811588168144226
637,0.28152650594711304
638,-0.012068161740899086
639,0.3459400534629822
640,0.4662420153617859
641,0.02898407354950905
642,0.35586366057395935
643,0.47655433416366577
644,0.01979762315750122
645,0.38091543316841125
646,0.4931296706199646
647,-2.1765611109003657e-06
648,0.3331958055496216
649,0.4505656361579895
650,0.06780502200126648
651,0.3391913175582886
652,0.2976793944835663
653,0.014031849801540375
654,0.34983789920806885
655,0.3175159990787506
656,-0.016526367515325546
657,0.39850538969039917
658,0.491987943649292
659,-0.004682099912315607
660,0.37060707807540894
661,0.4977436065673828
662,0.017238674685359
663,0.3087426424026489
664,0.3990495800971985
665,0.0682823657989502
666,0.37154972553253174
667,0.42604362964630127
668,-0.008988775312900543
669,0.3704398572444916
670,0.43043601512908936
671,-0.010125696659088135
672,0.3693629801273346
673,0.4370462894439697
674,-0.010899788700044155
675,0.3690573275089264
676,0.4442366361618042
677,-0.009413812309503555
678,0.3693399727344513
679,0.4524657726287842
680,-0.0027363637927919626
681,0.36275818943977356
682,0.41860252618789673
683,-0.003612495493143797
684,0.3594669997692108
685,0.41858699917793274
686,-0.003073620842769742
687,0.3565787672996521
688,0.41757190227508545
689,-0.0025562585797160864
690,0.34763315320014954
691,0.4114397466182709
692,0.0008148378110490739
693,0.31796103715896606
694,0.39363086223602295
695,0.024140452966094017
696,0.34969159960746765
697,0.30745363235473633
698,-0.008585399948060513
699,0.34515637159347534
700,0.2901432514190674
701,0.007069665938615799
702,0.34157639741897583
703,0.29303178191185
704,0.011725977063179016
705,0.3648872971534729
706,0.4162220060825348
707,-0.003099871100857854
708,0.32487723231315613
709,0.42145320773124695
710,0.0351707898080349
711,0.34976324439048767
712,0.2871944308280945
713,-0.004571633879095316
714,0.36754685640335083
715,0.46182531118392944
716,0.0021515008993446827
717,0.35990267992019653
718,0.31469589471817017
719,-0.033835265785455704
720,0.3531285226345062
721,0.30949723720550537
722,-0.022691715508699417
723,0.359356552362442
724,0.30426666140556335
725,-0.02583397924900055
726,0.34736254811286926
727,0.3363898694515228
728,-0.016485517844557762
729,0.39542677998542786
730,0.4792681932449341
731,-0.007857001386582851
732,0.39282363653182983
733,0.46586066484451294
734,-0.006883008871227503
735,0.379844605922699
736,0.4669848382472992
737,-0.003405652940273285
738,0.34866368770599365
739,0.441798597574234
740,0.010699720121920109
741,0.3420066237449646
742,0.3723716735839844
743,-0.0006621790234930813
744,0.3573664724826813
745,0.45331549644470215
746,0.006724081933498383
747,0.32782286405563354
748,0.37768828868865967
749,0.006550570018589497
750,0.33918458223342896
751,0.38658347725868225
752,0.0014334566658362746
753,0.32782259583473206
754,0.3982298672199249
755,0.013283229433000088
756,0.3796076476573944
757,0.4802350699901581
758,-0.0031313318759202957
759,0.3452557921409607
760,0.34475815296173096
761,-0.01034611091017723
762,0.3446613550186157
763,0.4525344967842102
764,0.019563376903533936
765,0.3552301526069641
766,0.46381688117980957
767,0.013366380706429482
768,0.3412001132965088
769,0.42794403433799744
770,0.012862320989370346
771,0.3162146210670471
772,0.4097508490085602
773,0.043848540633916855
774,0.33396604657173157
775,0.4323052763938904
776,0.022564955055713654
777,0.3171759843826294
778,0.42019137740135193
779,0.0628233402967453
780,0.33893734216690063
781,0.40447667241096497
782,0.0057152132503688335
783,0.34738588333129883
784,0.32695695757865906
785,-0.010271316394209862
786,0.3496047854423523
787,0.35587769746780396
788,-0.029695965349674225
789,0.34719789028167725
790,0.36110496520996094
791,-0.020729701966047287
792,0.3500572443008423
793,0.34725111722946167
794,-0.035944003611803055
795,0.33785074949264526
796,0.28363579511642456
797,0.006415190640836954
798,0.3250167965888977
799,0.28237032890319824
800,0.007114063948392868
801,0.3145333528518677
802,0.28499123454093933
803,0.009627040475606918
804,0.3068585693836212
805,0.289936363697052
806,0.014789883978664875
807,0.30289122462272644
808,0.29687345027923584
809,0.0211021825671196
810,0.30461210012435913
811,0.31723999977111816
812,0.033592622727155685
813,0.2971419095993042
814,0.3529427647590637
815,0.0720202773809433
816,0.3110990524291992
817,0.32995232939720154
818,0.025340188294649124
819,0.3179875910282135
820,0.3299998939037323
821,0.01871756836771965
822,0.32679420709609985
823,0.3261245787143707
824,0.01358475536108017
825,0.33511239290237427
826,0.31989750266075134
827,0.01066844817250967
828,0.34132230281829834
829,0.31326696276664734
830,0.008698524907231331
831,0.34531453251838684
832,0.30759814381599426
833,0.007531085982918739
834,0.30372726917266846
835,0.35453692078590393
836,0.1025107130408287
837,0.349047988653183
838,0.36432981491088867
839,-0.016983775421977043
840,0.3500056862831116
841,0.3266478180885315
842,-0.02326096221804619
843,0.35358378291130066
844,0.35417288541793823
845,-0.03716975450515747
846,0.3597453534603119
847,0.35848918557167053
848,-0.035298604518175125
849,0.35487425327301025
850,0.35614123940467834
851,-0.033318448811769485
852,0.35259735584259033
853,0.3672521710395813
854,-0.014989852905273438
855,0.36072903871536255
856,0.35900816321372986
857,-0.037700388580560684
858,0.36307626962661743
859,0.36137309670448303
860,-0.02859252691268921
861,0.34396231174468994
862,0.2988363206386566
863,0.01235163863748312
864,0.3479275703430176
865,0.3001231849193573
866,0.005973738618195057
867,0.34940916299819946
868,0.3009799122810364
869,-0.0005977776017971337
870,0.31081622838974
871,0.3087942600250244
872,0.023946883156895638
873,0.30613940954208374
874,0.30567413568496704
875,0.025104280561208725
876,0.36737990379333496
877,0.3142911195755005
878,-0.0326642207801342
879,0.42147141695022583
880,0.2730655372142792
881,0.0027267022524029016
882,0.3756367862224579
883,0.35510310530662537
884,-0.03055434860289097
885,0.4486757516860962
886,0.2254236340522766
887,0.037504568696022034
888,0.3994026184082031
889,0.28934144973754883
890,-0.0021373333875089884
891,0.4075055718421936
892,0.2879015803337097
893,-0.003093862673267722
894,0.41536378860473633
895,0.2852344810962677
896,-0.0023026138078421354
897,0.4257785975933075
898,0.27617037296295166
899,0.0028045407962054014
900,0.3922468423843384
901,0.28849995136260986
902,0.00012670111027546227
903,0.40464404225349426
904,0.25821971893310547
905,-0.005846791435033083
906,0.39605510234832764
907,0.2619222402572632
908,-0.003834280651062727
909,0.4133355915546417
910,0.25700312852859497
911,-0.004703280050307512
912,0.4199259877204895
913,0.25898537039756775
914,-0.0023257385473698378
915,0.4335451126098633
916,0.2820374071598053
917,0.005234485492110252
918,0.4253491759300232
919,0.45626264810562134
920,-0.004742087330669165
921,0.4242337942123413
922,0.269514262676239
923,0.0048509640619158745
924,0.46088868379592896
925,0.2711330056190491
926,0.03657102584838867
927,0.4421781003475189
928,0.2721659243106842
929,0.012247366830706596
930,0.41065990924835205
931,0.3331506848335266
932,-0.012453409843146801
933,0.38561105728149414
934,0.3874877095222473
935,-0.02756405994296074
936,0.3871549069881439
937,0.4015277028083801
938,-0.024618683382868767
939,0.39739954471588135
940,0.38896918296813965
941,-0.02510993555188179
942,0.4053027629852295
943,0.39342638850212097
944,-0.020688658580183983
945,0.39498215913772583
946,0.40070641040802
947,-0.02319956012070179
948,0.4011427164077759
949,0.4015212655067444
950,-0.018686776980757713
951,0.42231062054634094
952,0.41363370418548584
953,-0.008775034919381142
954,0.3712128698825836
955,0.34920230507850647
956,-0.044265542179346085
957,0.37007009983062744
958,0.3380085229873657
959,-0.04626556485891342
960,0.4304701089859009
961,0.2451397180557251
962,-0.0013848146190866828
963,0.3902783691883087
964,0.31015437841415405
965,-0.010100917890667915
966,0.39344242215156555
967,0.3411957621574402
968,-0.02771611511707306
969,0.39384254813194275
970,0.3355894386768341
971,-0.025078848004341125
972,0.43566709756851196
973,0.3261145353317261
974,-0.007547296117991209
975,0.3683295249938965
976,0.32491952180862427
977,-0.04093201458454132
978,0.4069381058216095
979,0.24034738540649414
980,-0.0112266531214118
981,0.4199991226196289
982,0.23990873992443085
983,-0.007423644419759512
984,0.43473297357559204
985,0.20799684524536133
986,0.024792635813355446
987,0.37259235978126526
988,0.26219409704208374
989,-0.012291847728192806
990,0.3894861936569214
991,0.2678305506706238
992,-0.00027839679387398064
993,0.424909383058548
994,0.3987453281879425
995,-0.008612312376499176
996,0.4762643575668335
997,0.38060462474823
998,0.052070025354623795
999,0.38871437311172485
1000,0.3492923676967621
1001,-0.023763427510857582
1002,0.38257333636283875
1003,0.35539817810058594
1004,-0.02355239912867546
1005,0.4157389998435974
1006,0.4037231504917145
1007,-0.00907894317060709
1008,0.411302775144577
1009,0.4043657183647156
1010,-0.010491005145013332
1011,0.4236157238483429
1012,0.2316124141216278
1013,-0.003471510950475931
1014,0.3953721523284912
1015,0.34680137038230896
1016,-0.023515518754720688
1017,0.3911447823047638
1018,0.24714846909046173
1019,-0.012889550998806953
1020,0.3907199203968048
1021,0.23781120777130127
1022,-0.014097411185503006
1023,0.3933163285255432
1024,0.19271878898143768
1025,0.0018942808965221047
1026,0.42849427461624146
1027,0.21940116584300995
1028,0.008816641755402088
1029,0.39065784215927124
1030,0.21441331505775452
1031,-0.006466591265052557
1032,0.4352399706840515
1033,0.23929700255393982
1034,0.0051401536911726
1035,0.441764771938324
1036,0.23291906714439392
1037,0.020560188218951225
1038,0.38656550645828247
1039,0.39517301321029663
1040,-0.027208222076296806
1041,0.39605534076690674
1042,0.3957144320011139
1043,-0.024687325581908226
1044,0.403219997882843
1045,0.3975456953048706
1046,-0.02044236846268177
1047,0.3872283697128296
1048,0.3523821532726288
1049,-0.021807389333844185
1050,0.4134359657764435
1051,0.4044313132762909
1052,-0.009898639284074306
1053,0.41150516271591187
1054,0.4102281332015991
1055,-0.01267831027507782
1056,0.41027408838272095
1057,0.4037417471408844
1058,-0.010545282624661922
1059,0.38226553797721863
1060,0.34607234597206116
1061,-0.03445396199822426
1062,0.3997367024421692
1063,0.40178564190864563
1064,-0.017278240993618965
1065,0.39395761489868164
1066,0.4025316834449768
1067,-0.020022092387080193
1068,0.38731101155281067
1069,0.40422022342681885
1070,-0.021491639316082
1071,0.4020649194717407
1072,0.4499448239803314
1073,-0.008464100770652294
1074,0.39851927757263184
1075,0.44063878059387207
1076,-0.017474567517638206
1077,0.39591291546821594
1078,0.43343043327331543
1079,-0.019420424476265907
1080,0.39326390624046326
1081,0.4257276654243469
1082,-0.017962856218218803
1083,0.3916308283805847
1084,0.42084527015686035
1085,-0.01661461777985096
1086,0.4034866988658905
1087,0.412597119808197
1088,-0.01361112855374813
1089,0.4053785800933838
1090,0.4141586720943451
1091,-0.014848788268864155
1092,0.40856504440307617
1093,0.4169813096523285
1094,-0.01587190479040146
1095,0.41170960664749146
1096,0.4201850891113281
1097,-0.014760302379727364
1098,0.41012078523635864
1099,0.37750792503356934
1100,-0.018105467781424522
1101,0.47541069984436035
1102,0.320980429649353
1103,0.06544540077447891
1104,0.40680527687072754
1105,0.4093582034111023
1106,-0.011514118872582912
1107,0.408841073513031
1108,0.40967848896980286
1109,-0.012397944927215576
1110,0.38089385628700256
1111,0.3614291846752167
1112,-0.023960400372743607
1113,0.39446163177490234
1114,0.35523244738578796
1115,-0.01712222583591938
1116,0.3816653788089752
1117,0.3585309684276581
1118,-0.02392083965241909
1119,0.40011680126190186
1120,0.31409940123558044
1121,-0.009289611130952835
1122,0.4142741560935974
1123,0.31786370277404785
1124,-0.009564328007400036
1125,0.39662718772888184
1126,0.3407359719276428
1127,-0.02103131078183651
1128,0.41680026054382324
1129,0.1963738352060318
1130,0.01175304502248764
1131,0.4121250510215759
1132,0.21233969926834106
1133,0.00016484330990351737
1134,0.40822020173072815
1135,0.23081469535827637
1136,-0.009438608773052692
1137,0.41822007298469543
1138,0.42579156160354614
1139,-0.010023766197264194
1140,0.37222763895988464
1141,0.24736446142196655
1142,-0.014946004375815392
1143,0.3707175850868225
1144,0.22059845924377441
1145,-0.008622568100690842
1146,0.3705735206604004
1147,0.19554460048675537
1148,-0.0018917513079941273
1149,0.42220333218574524
1150,0.2812694311141968
1151,6.186070095282048e-05
1152,0.4437239170074463
1153,0.2875119149684906
1154,0.007919469848275185
1155,0.3874022364616394
1156,0.28683972358703613
1157,0.00202287663705647
1158,0.4301533102989197
1159,0.2603585422039032
1160,0.0029753476846963167
1161,0.38274237513542175
1162,0.30468326807022095
1163,-0.011822382919490337
1164,0.3864571452140808
1165,0.33801543712615967
1166,-0.03447465971112251
1167,0.45499739050865173
1168,0.2929018437862396
1169,0.014216894283890724
1170,0.4384826719760895
1171,0.29668956995010376
1172,0.0011118826223537326
1173,0.4277617037296295
1174,0.3036959767341614
1175,-0.00454793032258749
1176,0.41175577044487
1177,0.3063806891441345
1178,-0.005650544539093971
1179,0.39968976378440857
1180,0.304965078830719
1181,-0.005124123767018318
1182,0.39016029238700867
1183,0.3023153841495514
1184,-0.00541955279186368
1185,0.3674990236759186
1186,0.29360875487327576
1187,-0.017200330272316933
1188,0.45722201466560364
1189,0.31692615151405334
1190,0.01057466957718134
1191,0.43684622645378113
1192,0.2573046386241913
1193,0.005749785341322422
1194,0.37068310379981995
1195,0.356070339679718
1196,-0.0405438058078289
1197,0.3905896246433258
1198,0.3206460475921631
1199,-0.013908891007304192
1200,0.4668812155723572
1201,0.2711365818977356
1202,0.062326829880476
1203,0.38248229026794434
1204,0.2982202172279358
1205,-0.005223457235842943
1206,0.39856502413749695
1207,0.34179291129112244
1208,-0.012732462957501411
1209,0.4276820719242096
1210,0.26893556118011475
1211,0.005655274260789156
1212,0.38663309812545776
1213,0.331261545419693
1214,-0.031106064096093178
1215,0.47794824838638306
1216,0.3489375114440918
1217,0.06082118675112724
1218,0.3871106505393982
1219,0.28283020853996277
1220,0.004287405405193567
1221,0.37722504138946533
1222,0.32687291502952576
1223,-0.037558600306510925
1224,0.458185076713562
1225,0.41536745429039
1226,0.015336692333221436
1227,0.464004248380661
1228,0.42920413613319397
1229,0.02764686942100525
1230,0.4702003002166748
1231,0.31805121898651123
1232,0.03732820227742195
1233,0.4653512239456177
1234,0.39547106623649597
1235,0.02278168499469757
1236,0.4513283371925354
1237,0.25037646293640137
1238,0.030870400369167328
1239,0.4310053288936615
1240,0.4687187373638153
1241,-0.001411081524565816
1242,0.37146252393722534
1243,0.358945369720459
1244,-0.029950544238090515
1245,0.3996199369430542
1246,0.32685530185699463
1247,-0.012317009270191193
1248,0.4504552483558655
1249,0.2725461721420288
1250,0.018879037350416183
1251,0.4133685231208801
1252,0.278702974319458
1253,-0.0008533321670256555
1254,0.40636181831359863
1255,0.2815825939178467
1256,-0.0018106827046722174
1257,0.41444680094718933
1258,0.41111499071121216
1259,-0.0119163291528821
1260,0.45986807346343994
1261,0.3405606150627136
1262,0.012193393893539906
1263,0.41991475224494934
1264,0.4925999641418457
1265,0.0024479469284415245
1266,0.44480225443840027
1267,0.46519654989242554
1268,0.012428857386112213
1269,0.4543319642543793
1270,0.4496304392814636
1271,0.01890498772263527
1272,0.39964041113853455
1273,0.2829532027244568
1274,-0.000881905376445502
1275,0.3932837247848511
1276,0.2830955684185028
1277,0.001255825744010508
1278,0.3892570436000824
1279,0.2832638919353485
1280,0.0036272211000323296
1281,0.44313785433769226
1282,0.25384581089019775
1283,0.012937038205564022
1284,0.3926202952861786
1285,0.2751423120498657
1286,0.00040828445344232023
1287,0.39893245697021484
1288,0.270923376083374
1289,-0.002107447711750865
1290,0.40545496344566345
1291,0.26827457547187805
1292,-0.0029157509561628103
1293,0.4127393066883087
1294,0.267334520816803
1295,-0.002151637803763151
1296,0.41788721084594727
1297,0.2681125998497009
1298,-0.00020080074318684638
1299,0.458761990070343
1300,0.24521741271018982
1301,0.051682811230421066
1302,0.4180922508239746
1303,0.27579042315483093
1304,0.0008776654722169042
1305,0.4014190435409546
1306,0.3715739846229553
1307,-0.02028687112033367
1308,0.3881088197231293
1309,0.34701940417289734
1310,-0.0264377873390913
1311,0.3840733766555786
1312,0.37126070261001587
1313,-0.0242244191467762
1314,0.45048320293426514
1315,0.4349645674228668
1316,0.010158225893974304
1317,0.44157925248146057
1318,0.4517505466938019
1319,0.00482978206127882
1320,0.4164861738681793
1321,0.4830007553100586
1322,-0.006052835378795862
1323,0.47093063592910767
1324,0.4078802466392517
1325,0.03962984308600426
1326,0.38858479261398315
1327,0.2798735499382019
1328,0.002656172029674053
1329,0.3753160536289215
1330,0.30850768089294434
1331,-0.021570300683379173
1332,0.4335474371910095
1333,0.48002493381500244
1334,0.005747637711465359
1335,0.4722215533256531
1336,0.3443281948566437
1337,0.03542337939143181
1338,0.3980766832828522
1339,0.4166563153266907
1340,-0.015625666826963425
1341,0.4002717137336731
1342,0.4199167788028717
1343,-0.01687050610780716
1344,0.4033629298210144
1345,0.4251694679260254
1346,-0.017960892990231514
1347,0.4065232276916504
1348,0.43136513233184814
1349,-0.01673898845911026
1350,0.4118766188621521
1351,0.43854695558547974
1352,-0.01078038290143013
1353,0.4067577123641968
1354,0.4024065434932709
1355,-0.014667286537587643
1356,0.40922659635543823
1357,0.4004211127758026
1358,-0.015186000615358353
1359,0.4114898443222046
1360,0.3976265490055084
1361,-0.015333601273596287
1362,0.4181067943572998
1363,0.386747807264328
1364,-0.014004197902977467
1365,0.44701868295669556
1366,0.349652498960495
1367,-0.001333543099462986
1368,0.37490901350975037
1369,0.29840922355651855
1370,-0.013971633277833462
1371,0.3781592547893524
1372,0.2780701816082001
1373,0.0004174533823970705
1374,0.38395121693611145
1375,0.2774588167667389
1376,0.0021277463529258966
1377,0.4048648476600647
1378,0.40145185589790344
1379,-0.013687970116734505
1380,0.4552456736564636
1381,0.37870168685913086
1382,0.009456980042159557
1383,0.36950963735580444
1384,0.2799684405326843
1385,-0.008500841446220875
1386,0.4186703562736511
1387,0.44602203369140625
1388,-0.0066966102458536625
1389,0.3675832152366638
1390,0.3043656349182129
1391,-0.02539622224867344
1392,0.3840668499469757
1393,0.3234213888645172
1394,-0.02313566952943802
1395,0.4065108597278595
1396,0.4589129388332367
1397,-0.007738081738352776
1398,0.4323326349258423
1399,0.4147447347640991
1400,-0.004648096393793821
1401,0.4071454703807831
1402,0.34957051277160645
1403,-0.01235985103994608
1404,0.4272839426994324
1405,0.4313504993915558
1406,-0.005380828864872456
1407,0.4252600073814392
1408,0.34391888976097107
1409,-0.011730620637536049
1410,0.41628894209861755
1411,0.3599686622619629
1412,-0.013032360933721066
1413,0.43583232164382935
1414,0.3616078197956085
1415,-0.007573738228529692
1416,0.41175806522369385
1417,0.47070422768592834
1418,-0.008865954354405403
1419,0.39117079973220825
1420,0.32847997546195984
1421,-0.01863802969455719
1422,0.4429572820663452
1423,0.4219183921813965
1424,0.001813950133509934
1425,0.435024231672287
1426,0.439791738986969
1427,-0.0002810301666613668
1428,0.43447941541671753
1429,0.39685365557670593
1430,-0.005702140741050243
1431,0.4616345763206482
1432,0.3615144193172455
1433,0.014926155097782612
1434,0.44682562351226807
1435,0.3958228826522827
1436,0.0009943132754415274
1437,0.4712527096271515
1438,0.3699037730693817
1439,0.03163700923323631
1440,0.42530739307403564
1441,0.37479260563850403
1442,-0.011460463516414165
1443,0.3828901946544647
1444,0.3143981695175171
1445,-0.017368292436003685
1446,0.38433870673179626
1447,0.3434410095214844
1448,-0.03609509766101837
1449,0.3913816213607788
1450,0.34532564878463745
1451,-0.028222495689988136
1452,0.3783913850784302
1453,0.3372519910335541
1454,-0.041135724633932114
1455,0.3823930621147156
1456,0.2671527862548828
1457,-0.002777654444798827
1458,0.3940024673938751
1459,0.25663644075393677
1460,-0.006193724926561117
1461,0.40532076358795166
1462,0.251299649477005
1463,-0.007843779399991035
1464,0.4158037304878235
1465,0.24985463917255402
1466,-0.006543279159814119
1467,0.4242986738681793
1468,0.2525879442691803
1469,-0.002744491444900632
1470,0.4339632987976074
1471,0.2707917392253876
1472,0.007799934595823288
1473,0.4666217565536499
1474,0.2938650846481323
1475,0.036912430077791214
1476,0.4295315742492676
1477,0.2877580523490906
1478,0.0017546252347528934
1479,0.4210304021835327
1480,0.2933383285999298
1481,-0.0017979625845327973
1482,0.41007623076438904
1483,0.2963413596153259
1484,-0.003348825266584754
1485,0.39944466948509216
1486,0.2966635227203369
1487,-0.0026719055604189634
1488,0.3909037411212921
1489,0.2953096926212311
1490,-0.0014100229600444436
1491,0.3846571445465088
1492,0.29328152537345886
1493,-0.0006983814528211951
1494,0.47150948643684387
1495,0.29595670104026794
1496,0.06639683991670609
1497,0.39218080043792725
1498,0.34892910718917847
1499,-0.024304451420903206
1500,0.375593900680542
1501,0.31758934259414673
1502,-0.028464751318097115
1503,0.37743228673934937
1504,0.34570783376693726
1505,-0.04130038619041443
1506,0.3750331401824951
1507,0.35302862524986267
1508,-0.03763388469815254
1509,0.3786005973815918
1510,0.3476388454437256
1511,-0.037570927292108536
1512,0.3909553289413452
1513,0.3536665737628937
1514,-0.02112104371190071
1515,0.3733139932155609
1516,0.35448402166366577
1517,-0.03961021453142166
1518,0.3740726411342621
1519,0.35739368200302124
1520,-0.030231468379497528
1521,0.38379260897636414
1522,0.28429728746414185
1523,0.0036331003066152334
1524,0.3790911138057709
1525,0.28871864080429077
1526,-0.0004680918937083334
1527,0.3758872449398041
1528,0.29129931330680847
1529,-0.005940290633589029
1530,0.421244353055954
1531,0.2689690589904785
1532,0.0019191887695342302
1533,0.4254439175128937
1534,0.2623109817504883
1535,0.0015954890986904502
1536,0.6970499157905579
1537,0.6939394474029541
1538,-5.430055125543731e-07
1539,0.6311139464378357
1540,0.634291410446167
1541,0.015590702183544636
1542,0.5938577055931091
1543,0.578229546546936
1544,0.013834437355399132
1545,0.5672683119773865
1546,0.5386826992034912
1547,0.0003826224710792303
1548,0.5633686184883118
1549,0.5054318904876709
1550,-0.012206833809614182
1551,0.6446002125740051
1552,0.48480531573295593
1553,0.03758671507239342
1554,0.5980271697044373
1555,0.4234216809272766
1556,0.017207156866788864
1557,0.5659154653549194
1558,0.4626912772655487
1559,-0.001600514049641788
1560,0.5577415227890015
1561,0.5088987350463867
1562,-0.011192469857633114
1563,0.6579071283340454
1564,0.4844987690448761
1565,0.015992317348718643
1566,0.5960352420806885
1567,0.42107057571411133
1568,-0.0035281686577945948
1569,0.5610377192497253
1570,0.4706478714942932
1571,-0.018657954409718513
1572,0.5576387643814087
1573,0.5192675590515137
1574,-0.024958675727248192
1575,0.6684707999229431
1576,0.4904012680053711
1577,-0.009115053340792656
1578,0.6080754995346069
1579,0.4268290400505066
1580,-0.026618003845214844
1581,0.5710228681564331
1582,0.4737119674682617
1583,-0.03204689547419548
1584,0.5660676956176758
1585,0.52512526512146
1586,-0.031038571149110794
1587,0.6717709898948669
1588,0.5042024254798889
1589,-0.0340457446873188
1590,0.6222229599952698
1591,0.4474125802516937
1592,-0.042512599378824234
1593,0.5913073420524597
1594,0.4747070074081421
1595,-0.04004912078380585
1596,0.5813596844673157
1597,0.5184327960014343
1598,-0.035547368228435516
1599,0.0
1600,0.0
1601,0.0
1602,0.0
1603,0.0
1604,0.0
1605,0.0
1606,0.0
1607,0.0
1608,0.0
1609,0.0
1610,0.0
1611,0.0
1612,0.0
1613,0.0
1614,0.0
1615,0.0
1616,0.0
1617,0.0
1618,0.0
1619,0.0
1620,0.0
1621,0.0
1622,0.0
1623,0.0
1624,0.0
1625,0.0
1626,0.0
1627,0.0
1628,0.0
1629,0.0
1630,0.0
1631,0.0
1632,0.0
1633,0.0
1634,0.0
1635,0.0
1636,0.0
1637,0.0
1638,0.0
1639,0.0
1640,0.0
1641,0.0
1642,0.0
1643,0.0
1644,0.0
1645,0.0
1646,0.0
1647,0.0
1648,0.0
1649,0.0
1650,0.0
1651,0.0
1652,0.0
1653,0.0
1654,0.0
1655,0.0
1656,0.0
1657,0.0
1658,0.0
1659,0.0
1660,0.0
1661,0.0
