,0
0,0.511009931564331
1,0.3375853896141052
2,-0.6799769997596741
3,0.9999944567680359
4,0.5417895317077637
5,0.2752918601036072
6,-0.6221767663955688
7,0.9999883770942688
8,0.5604693293571472
9,0.27567383646965027
10,-0.6218819618225098
11,0.9999846816062927
12,0.5752276182174683
13,0.2768348157405853
14,-0.6218279004096985
15,0.9999884963035583
16,0.48268213868141174
17,0.2774461805820465
18,-0.6033655405044556
19,0.9999886155128479
20,0.46269169449806213
21,0.27774369716644287
22,-0.6024337410926819
23,0.9999852776527405
24,0.44635453820228577
25,0.2791949212551117
26,-0.6024384498596191
27,0.9999903440475464
28,0.5984944105148315
29,0.31509244441986084
30,-0.2733076810836792
31,0.99998539686203
32,0.42492398619651794
33,0.31346312165260315
34,-0.16267479956150055
35,0.9999875426292419
36,0.5513680577278137
37,0.407352477312088
38,-0.5584221482276917
39,0.9999921917915344
40,0.4729865491390228
41,0.4075254201889038
42,-0.5291478037834167
43,0.999991774559021
44,0.7340893745422363
45,0.7017495632171631
46,-0.14337466657161713
47,0.9998148679733276
48,0.299389511346817
49,0.6653192043304443
50,-0.05915234610438347
51,0.999876081943512
52,0.8142115473747253
53,1.080151081085205
54,-0.16323727369308472
55,0.5481200218200684
56,0.10979584604501724
57,1.0009911060333252
58,-0.5196479558944702
59,0.9525290727615356
60,0.8042106628417969
61,1.5378514528274536
62,-0.37226244807243347
63,0.20886503159999847
64,0.1305634081363678
65,0.5736454129219055
66,-1.3562802076339722
67,0.9498453736305237
68,0.8225723505020142
69,1.6586240530014038
70,-0.4663306176662445
71,0.23322252929210663
72,0.09875842183828354
73,0.39081916213035583
74,-1.5512239933013916
75,0.9181891679763794
76,0.7638474106788635
77,1.6272727251052856
78,-0.5116544961929321
79,0.33320510387420654
80,0.1436467468738556
81,0.36487922072410583
82,-1.4913380146026611
83,0.9277792572975159
84,0.7441456317901611
85,1.5853005647659302
86,-0.4108582139015198
87,0.34458842873573303
88,0.18057461082935333
89,0.4472234547138214
90,-1.3743107318878174
91,0.9227283596992493
92,0.644209623336792
93,1.5213866233825684
94,-0.059180885553359985
95,0.0014956941595301032
96,0.3302615284919739
97,1.5057297945022583
98,0.06500997394323349
99,0.001955104526132345
100,0.6152238249778748
101,2.212930917739868
102,-0.21458539366722107
103,0.00033527924097143114
104,0.3299522399902344
105,2.203796863555908
106,-0.004163533449172974
107,0.0002978839329443872
108,0.5988074541091919
109,2.8372063636779785
110,0.2797599732875824
111,2.28910557780182e-05
112,0.3299860954284668
113,2.8164267539978027
114,0.25359198451042175
115,3.5993277833767934e-06
116,0.6071981191635132
117,2.9262149333953857
118,0.2881450951099396
119,1.3846564797859173e-05
120,0.3233201503753662
121,2.8984556198120117
122,0.2651389539241791
123,5.413014150690287e-06
124,0.5499566793441772
125,3.0194058418273926
126,-0.3390331566333771
127,1.3857118574378546e-05
128,0.3611017167568207
129,3.0242292881011963
130,-0.4195123314857483
131,1.2751171198033262e-05
132,0.49384352564811707
133,0.40894845128059387
134,-0.023086300119757652
135,0.4897579550743103
136,0.3664027452468872
137,-0.04579012840986252
138,0.4926925003528595
139,0.37908995151519775
140,-0.02328339032828808
141,0.4830595850944519
142,0.327322393655777
143,-0.034537896513938904
144,0.48904547095298767
145,0.3539729118347168
146,-0.049092717468738556
147,0.48929721117019653
148,0.33794817328453064
149,-0.04617782309651375
150,0.49100103974342346
151,0.2999626100063324
152,-0.024997256696224213
153,0.43654781579971313
154,0.3005310893058777
155,0.017851490527391434
156,0.49108344316482544
157,0.27423280477523804
158,-0.020770447328686714
159,0.49043670296669006
160,0.25868842005729675
161,-0.02342725731432438
162,0.4893951416015625
163,0.19462861120700836
164,-0.015897054225206375
165,0.49423789978027344
166,0.41535791754722595
167,-0.02186199091374874
168,0.49487534165382385
169,0.42023104429244995
170,-0.018762987107038498
171,0.4956655502319336
172,0.4221481680870056
173,-0.014738867990672588
174,0.4959836006164551
175,0.42590633034706116
176,-0.013622770085930824
177,0.4960150718688965
178,0.431651771068573
179,-0.014810223132371902
180,0.49619853496551514
181,0.438781201839447
182,-0.01621847040951252
183,0.4968138039112091
184,0.4464173913002014
185,-0.014348436146974564
186,0.49846351146698
187,0.4576476812362671
188,-0.004861656576395035
189,0.49073654413223267
190,0.37268856167793274
191,-0.04125312343239784
192,0.4843086302280426
193,0.37230440974235535
194,-0.028417617082595825
195,0.4133468568325043
196,0.2584484815597534
197,0.06019669771194458
198,0.45977142453193665
199,0.3093174993991852
200,0.006535215303301811
201,0.451907753944397
202,0.3107902705669403
203,0.008085666224360466
204,0.4443414509296417
205,0.3109617829322815
206,0.011364064179360867
207,0.4343629777431488
208,0.3052922487258911
209,0.019666608422994614
210,0.46617385745048523
211,0.3059329092502594
212,0.006014338228851557
213,0.4475651979446411
214,0.28310567140579224
215,0.003546827007085085
216,0.4562556743621826
217,0.28315842151641846
218,0.002086772583425045
219,0.43977388739585876
220,0.2850947380065918
221,0.007356110028922558
222,0.43491578102111816
223,0.2888582944869995
224,0.011623479425907135
225,0.42899131774902344
226,0.3138078451156616
227,0.024839814752340317
228,0.47011327743530273
229,0.4754197597503662
230,0.010102328844368458
231,0.4338342845439911
232,0.29804494976997375
233,0.02083892934024334
234,0.41198205947875977
235,0.30978772044181824
236,0.06635978817939758
237,0.42125552892684937
238,0.3069973886013031
239,0.03423882648348808
240,0.45394644141197205
241,0.35950466990470886
242,0.00025407076464034617
243,0.48383674025535583
244,0.40721479058265686
245,-0.020595230162143707
246,0.4866058826446533
247,0.4203348457813263
248,-0.01622244343161583
249,0.4744788408279419
250,0.4112621247768402
251,-0.013920105062425137
252,0.4691978096961975
253,0.41658028960227966
254,-0.006175364833325148
255,0.4798699915409088
256,0.4210423529148102
257,-0.011484579183161259
258,0.47494494915008545
259,0.42240390181541443
260,-0.0045134020037949085
261,0.4619196951389313
262,0.4360724985599518
263,0.009656247682869434
264,0.483053058385849
265,0.36644354462623596
266,-0.04437688738107681
267,0.48121756315231323
268,0.35468408465385437
269,-0.047255635261535645
270,0.4228483736515045
271,0.27888354659080505
272,0.014511847868561745
273,0.46906232833862305
274,0.32818663120269775
275,-0.004372670315206051
276,0.4661523401737213
277,0.3644426763057709
278,-0.02043670415878296
279,0.46575596928596497
280,0.35812002420425415
281,-0.017787104472517967
282,0.43198755383491516
283,0.36012598872184753
284,0.01447566319257021
285,0.4819507300853729
286,0.33974477648735046
287,-0.042350877076387405
288,0.43973588943481445
289,0.26694685220718384
290,-0.004362794104963541
291,0.42918115854263306
292,0.27085480093955994
293,0.004138816613703966
294,0.4178282618522644
295,0.23688700795173645
296,0.040944214910268784
297,0.4745257794857025
298,0.27389395236968994
299,-0.015897303819656372
300,0.4639931321144104
301,0.28576764464378357
302,0.003884380916133523
303,0.45547375082969666
304,0.42446690797805786
305,0.012046939693391323
306,0.4280915856361389
307,0.41863662004470825
308,0.09337223321199417
309,0.4727010726928711
310,0.3706969618797302
311,-0.017590759322047234
312,0.47976940870285034
313,0.3742994964122772
314,-0.019812416285276413
315,0.46386483311653137
316,0.42477548122406006
317,0.010272350162267685
318,0.46796438097953796
319,0.423871785402298
320,0.0072561511769890785
321,0.4251824617385864
322,0.26310449838638306
323,0.008681690320372581
324,0.46684473752975464
325,0.36978986859321594
326,-0.015508962795138359
327,0.45455873012542725
328,0.26728177070617676
329,-0.011279878206551075
330,0.45252761244773865
331,0.2572270631790161
332,-0.013393992558121681
333,0.444070428609848
334,0.20562364161014557
335,0.0018953951075673103
336,0.4215838313102722
337,0.2490711361169815
338,0.022552011534571648
339,0.4489263594150543
340,0.2298060953617096
341,-0.006346217356622219
342,0.4189395308494568
343,0.2737913429737091
344,0.022458048537373543
345,0.4159897565841675
346,0.2663941979408264
347,0.04019380733370781
348,0.485000342130661
349,0.4148128628730774
350,-0.019431529566645622
351,0.4773612320423126
352,0.41718029975891113
353,-0.013073509559035301
354,0.4719811677932739
355,0.4196893572807312
356,-0.006061865948140621
357,0.4751701354980469
358,0.37287724018096924
359,-0.016477830708026886
360,0.4658987522125244
361,0.4245353639125824
362,0.008569112978875637
363,0.4689745306968689
364,0.42698341608047485
365,0.0028412537649273872
366,0.469062477350235
367,0.4230033755302429
368,0.006815759465098381
369,0.4756125807762146
370,0.36628058552742004
371,-0.030199790373444557
372,0.477104514837265
373,0.42169979214668274
374,-0.0032541118562221527
375,0.48218974471092224
376,0.4216809868812561
377,-0.008180958218872547
378,0.4883928596973419
379,0.42197927832603455
380,-0.01245876308530569
381,0.4875297248363495
382,0.4573148488998413
383,-0.0032522184774279594
384,0.4865458607673645
385,0.44551342725753784
386,-0.012424513697624207
387,0.4865724742412567
388,0.43769803643226624
389,-0.013965862803161144
390,0.4871130585670471
391,0.4304366707801819
392,-0.012409910559654236
393,0.4879913926124573
394,0.42567962408065796
395,-0.011206782422959805
396,0.4760676324367523
397,0.42462146282196045
398,-0.0022119085770100355
399,0.47467461228370667
400,0.42651695013046265
401,-0.003497442929074168
402,0.472726970911026
403,0.4302237331867218
404,-0.00421419832855463
405,0.4712884724140167
406,0.4346662163734436
407,-0.0021533314138650894
408,0.46185410022735596
409,0.4026432931423187
410,-0.0030683735385537148
411,0.4181808531284332
412,0.3612816631793976
413,0.10472569614648819
414,0.49169954657554626
415,0.375110924243927
416,-0.02957928739488125
417,0.4729168117046356
418,0.4242902994155884
419,0.0032536035869270563
420,0.47103506326675415
421,0.4251978397369385
422,0.0024564238265156746
423,0.48263484239578247
424,0.3796602785587311
425,-0.0198461152613163
426,0.47064873576164246
427,0.37711405754089355
428,-0.009596400894224644
429,0.48126980662345886
430,0.3771321773529053
431,-0.020142074674367905
432,0.46120890974998474
433,0.3356948792934418
434,0.00020674111146945506
435,0.44880813360214233
436,0.34479910135269165
437,0.004575205501168966
438,0.46529385447502136
439,0.3636031150817871
440,-0.012582520954310894
441,0.42735928297042847
442,0.21900489926338196
443,0.02044517546892166
444,0.432003915309906
445,0.23649591207504272
446,0.00750434584915638
447,0.43677300214767456
448,0.25713714957237244
449,-0.0026533387135714293
450,0.46862584352493286
451,0.4441424012184143
452,0.005088014528155327
453,0.4709678888320923
454,0.25847959518432617
455,-0.01996922306716442
456,0.467482328414917
457,0.22674867510795593
458,-0.015500151552259922
459,0.4640635848045349
460,0.19812531769275665
461,-0.010312184691429138
462,0.43796664476394653
463,0.3092869520187378
464,0.015814945101737976
465,0.42174872756004333
466,0.3230057656764984
467,0.0311496052891016
468,0.47021180391311646
469,0.3025754392147064
470,0.006609249394387007
471,0.4272444248199463
472,0.2924904525279999
473,0.02020994760096073
474,0.4741973876953125
475,0.3200639486312866
476,-0.008584892377257347
477,0.46998491883277893
478,0.3595534563064575
479,-0.0297442264854908
480,0.41527050733566284
481,0.33158376812934875
482,0.04238070175051689
483,0.42625194787979126
484,0.3310738801956177
485,0.023148981854319572
486,0.4356565475463867
487,0.3348945081233978
488,0.013926939107477665
489,0.4503437876701355
490,0.3316316306591034
491,0.007746471557766199
492,0.4611646234989166
493,0.32569313049316406
494,0.004101831000298262
495,0.46909937262535095
496,0.3194611072540283
497,0.000228778415475972
498,0.4834595322608948
499,0.3036912679672241
500,-0.020294776186347008
501,0.4168527126312256
502,0.3564552664756775
503,0.04090537875890732
504,0.42157530784606934
505,0.2916678190231323
506,0.02499690279364586
507,0.48672738671302795
508,0.37242019176483154
509,-0.0401376411318779
510,0.4693378508090973
511,0.3398083448410034
512,-0.007412949111312628
513,0.4136337339878082
514,0.30902987718582153
515,0.09578879177570343
516,0.47480764985084534
517,0.31266406178474426
518,-0.002232316881418228
519,0.46543511748313904
520,0.3645288646221161
521,-0.003710311371833086
522,0.4317106604576111
523,0.2992889881134033
524,0.022852115333080292
525,0.46988028287887573
526,0.3519308269023895
527,-0.0266238022595644
528,0.42185550928115845
529,0.38933420181274414
530,0.10153555870056152
531,0.47018247842788696
532,0.29805782437324524
533,0.008841333910822868
534,0.4755929708480835
535,0.3445875346660614
536,-0.03608663007616997
537,0.4400624632835388
538,0.44720596075057983
539,0.0459158681333065
540,0.4436831474304199
541,0.45967188477516174
542,0.06201620027422905
543,0.41379988193511963
544,0.3595012426376343
545,0.07306549698114395
546,0.4310789406299591
547,0.4311301112174988
548,0.05748065933585167
549,0.41379255056381226
550,0.2862682044506073
551,0.05572894960641861
552,0.46991968154907227
553,0.4872230887413025
554,0.01591310277581215
555,0.4885028600692749
556,0.37482693791389465
557,-0.02867240272462368
558,0.4629734754562378
559,0.3491862714290619
560,-0.0030008747708052397
561,0.4161534607410431
562,0.3095971643924713
563,0.04403533414006233
564,0.4442930221557617
565,0.3034256398677826
566,0.011891838163137436
567,0.45132362842559814
568,0.3039230406284332
569,0.00898838322609663
570,0.46699053049087524
571,0.42943447828292847
572,0.004706242121756077
573,0.42000865936279297
574,0.3801621198654175
575,0.04441836476325989
576,0.48557785153388977
577,0.5035042762756348
578,0.017057837918400764
579,0.46332770586013794
580,0.4865270256996155
581,0.03692321851849556
582,0.4542655348777771
583,0.47543415427207947
584,0.047970548272132874
585,0.48972612619400024
586,0.22513926029205322
587,-0.02019123174250126
588,0.50251305103302
589,0.5058629512786865
590,0.012387346476316452
591,0.4580775499343872
592,0.30277499556541443
593,0.007568875793367624
594,0.4642986059188843
595,0.3005914092063904
596,0.007875540293753147
597,0.4682740271091461
598,0.2992366850376129
599,0.009038258343935013
600,0.41724735498428345
601,0.28960373997688293
602,0.03440741449594498
603,0.4632450342178345
604,0.29114192724227905
605,0.006366870366036892
606,0.45634394884109497
607,0.28879088163375854
608,0.00544686010107398
609,0.44912979006767273
610,0.28855690360069275
611,0.006791819352656603
612,0.44202908873558044
613,0.2906811535358429
614,0.009859525598585606
615,0.43781301379203796
616,0.2938787043094635
617,0.013389673084020615
618,0.4121609926223755
619,0.28106749057769775
620,0.07998179644346237
621,0.4396372437477112
622,0.30208349227905273
623,0.01517757773399353
624,0.4932922124862671
625,0.3886543810367584
626,-0.021032560616731644
627,0.4679182171821594
628,0.39491087198257446
629,-0.008949833922088146
630,0.47203654050827026
631,0.36876776814460754
632,-0.02129179611802101
633,0.4822376072406769
634,0.39027196168899536
635,-0.018942445516586304
636,0.4915659427642822
637,0.28649675846099854
638,-0.01936744526028633
639,0.4499939978122711
640,0.46274399757385254
641,0.036375656723976135
642,0.4595944881439209
643,0.47490471601486206
644,0.0266795102506876
645,0.4834275245666504
646,0.49594226479530334
647,0.005878519266843796
648,0.43559587001800537
649,0.4421785771846771
650,0.07877502590417862
651,0.46794527769088745
652,0.29511234164237976
653,0.007768155541270971
654,0.47815829515457153
655,0.3227546513080597
656,-0.021214598789811134
657,0.5010111927986145
658,0.49813246726989746
659,0.0016969565767794847
660,0.47324973344802856
661,0.4964326322078705
662,0.025485794991254807
663,0.41769713163375854
664,0.38533464074134827
665,0.07255375385284424
666,0.4813024401664734
667,0.4250655174255371
668,-0.006934097968041897
669,0.47995322942733765
670,0.4286034107208252
671,-0.008327152580022812
672,0.47861048579216003
673,0.4342033267021179
674,-0.009143312461674213
675,0.4778529405593872
676,0.44118964672088623
677,-0.007379697170108557
678,0.4768836796283722
679,0.4517197012901306
680,0.00013748757191933692
681,0.4707425832748413
682,0.4231727719306946
683,0.00179168744944036
684,0.467943012714386
685,0.42224735021591187
686,0.002070211572572589
687,0.4653738737106323
688,0.42051607370376587
689,0.0022345262113958597
690,0.45716357231140137
691,0.41276711225509644
692,0.004530566278845072
693,0.4285542666912079
694,0.3861601650714874
695,0.025344355031847954
696,0.4789622128009796
697,0.3110807538032532
698,-0.01384294219315052
699,0.4757463335990906
700,0.2904203534126282
701,0.0007494704332202673
702,0.4711291790008545
703,0.29227665066719055
704,0.005187909118831158
705,0.4729144871234894
706,0.4215397834777832
707,0.002510491758584976
708,0.43109267950057983
709,0.4146425127983093
710,0.03969268873333931
711,0.48169562220573425
712,0.289455384016037
713,-0.01164065022021532
714,0.47327756881713867
715,0.4633055329322815
716,0.00575590692460537
717,0.48992976546287537
718,0.32493263483047485
719,-0.03869181498885155
720,0.4830600619316101
721,0.3160732388496399
722,-0.0284093227237463
723,0.4904639720916748
724,0.3128444254398346
725,-0.03150270879268646
726,0.472835898399353
727,0.3417549133300781
728,-0.01957274228334427
729,0.49991533160209656
730,0.4860687851905823
731,-0.003702556248754263
732,0.4990828037261963
733,0.4709625244140625
734,-0.00421087397262454
735,0.4854556620121002
736,0.4700421988964081
737,-0.0008539943373762071
738,0.4552580714225769
739,0.44088655710220337
740,0.015681477263569832
741,0.4598079323768616
742,0.37483006715774536
743,-0.0004961342201568186
744,0.4636755883693695
745,0.4536512792110443
746,0.01127068791538477
747,0.442722350358963
748,0.3747249245643616
749,0.005823944229632616
750,0.453482061624527
751,0.3876146972179413
752,0.0026121526025235653
753,0.4381316900253296
754,0.39456164836883545
755,0.014460346661508083
756,0.48340967297554016
757,0.4843829870223999
758,0.0006757507799193263
759,0.468924880027771
760,0.3488546311855316
761,-0.012412797659635544
762,0.45012494921684265
763,0.4499342441558838
764,0.025359338149428368
765,0.4601953625679016
766,0.46333199739456177
767,0.018864190205931664
768,0.4482584595680237
769,0.4260028302669525
770,0.01704583689570427
771,0.4239625930786133
772,0.4002077281475067
773,0.04797118902206421
774,0.44013166427612305
775,0.42777061462402344
776,0.027110908180475235
777,0.4230368733406067
778,0.40915679931640625
779,0.0692952573299408
780,0.44891357421875
781,0.40406596660614014
782,0.008007162250578403
783,0.47388288378715515
784,0.33106911182403564
785,-0.013794966973364353
786,0.4727368652820587
787,0.3645343482494354
788,-0.03185628354549408
789,0.4686538279056549
790,0.3680678606033325
791,-0.021818695589900017
792,0.47509685158729553
793,0.3564769923686981
794,-0.03887435421347618
795,0.469093918800354
796,0.2824264168739319
797,-0.0014242682373151183
798,0.45587730407714844
799,0.2778782546520233
800,-0.001948112971149385
801,0.4443923830986023
802,0.27733781933784485
803,0.0001046991819748655
804,0.4351763427257538
805,0.2793077826499939
806,0.005201727617532015
807,0.4293743073940277
808,0.2841479480266571
809,0.011755033396184444
810,0.42722105979919434
811,0.30301716923713684
812,0.026915356516838074
813,0.4117470383644104
814,0.3344220519065857
815,0.07050258666276932
816,0.43284907937049866
817,0.3185977637767792
818,0.020189575850963593
819,0.4406678080558777
820,0.3214094936847687
821,0.01385308988392353
822,0.4509566128253937
823,0.32044604420661926
824,0.008934707380831242
825,0.460752934217453
826,0.3168833255767822
827,0.00618644617497921
828,0.46825361251831055
829,0.3123983144760132
830,0.004200644791126251
831,0.47332245111465454
832,0.30809709429740906
833,0.0028843428008258343
834,0.4161399006843567
835,0.33501145243644714
836,0.10327830910682678
837,0.46964430809020996
838,0.37132152915000916
839,-0.017459645867347717
840,0.4774283766746521
841,0.33337903022766113
842,-0.027334554120898247
843,0.47772452235221863
844,0.36484405398368835
845,-0.039402808994054794
846,0.48324209451675415
847,0.3704887926578522
848,-0.03637281060218811
849,0.4784144163131714
850,0.36670851707458496
851,-0.03510001674294472
852,0.47258317470550537
853,0.3749239146709442
854,-0.014815756119787693
855,0.4843747913837433
856,0.37163040041923523
857,-0.03882655128836632
858,0.4860295355319977
859,0.3741135001182556
860,-0.02854299731552601
861,0.4728040397167206
862,0.2989208400249481
863,0.006864794529974461
864,0.4771936237812042
865,0.3014853000640869
866,0.0007127360440790653
867,0.47906991839408875
868,0.30328553915023804
869,-0.0059709022752940655
870,0.43552327156066895
871,0.2962014377117157
872,0.016681022942066193
873,0.4314690828323364
874,0.2930724322795868
875,0.01735527068376541
876,0.49760425090789795
877,0.32649725675582886
878,-0.03672650456428528
879,0.5567724704742432
880,0.29322269558906555
881,0.0018519837176427245
882,0.4997408390045166
883,0.37167420983314514
884,-0.03012346848845482
885,0.5898570418357849
886,0.24548578262329102
887,0.03553006052970886
888,0.531733512878418
889,0.3048672378063202
890,-0.003801451763138175
891,0.5402802228927612
892,0.30542898178100586
893,-0.0042271860875189304
894,0.5487083196640015
895,0.30468758940696716
896,-0.0030265930108726025
897,0.5603777170181274
898,0.29767680168151855
899,0.0027310987934470177
900,0.5244704484939575
901,0.3022715151309967
902,-0.0021454424131661654
903,0.5419580340385437
904,0.27642959356307983
905,-0.009446653537452221
906,0.5327556133270264
907,0.27755802869796753
908,-0.008156129159033298
909,0.5507131218910217
910,0.2774772644042969
911,-0.007656113710254431
912,0.5568569898605347
913,0.2807120978832245
914,-0.0046223243698477745
915,0.5675411820411682
916,0.3054015338420868
917,0.006512829102575779
918,0.5326495170593262
919,0.4742729961872101
920,0.002768186153843999
921,0.5600224733352661
922,0.2902117669582367
923,0.00404009222984314
924,0.5952123999595642
925,0.29821860790252686
926,0.04106433689594269
927,0.577517032623291
928,0.29716742038726807
929,0.013613149523735046
930,0.538057267665863
931,0.35510262846946716
932,-0.009989060461521149
933,0.5044692158699036
934,0.4063419997692108
935,-0.023292016237974167
936,0.504191517829895
937,0.41957220435142517
938,-0.01865612529218197
939,0.5163586139678955
940,0.4097977876663208
941,-0.019368048757314682
942,0.5243171453475952
943,0.41441553831100464
944,-0.013761579990386963
945,0.5126511454582214
946,0.41983363032341003
947,-0.016362909227609634
948,0.519461989402771
949,0.42058026790618896
950,-0.010915729217231274
951,0.5376668572425842
952,0.43324655294418335
953,-2.1914768240094418e-06
954,0.4970215857028961
955,0.3656306564807892
956,-0.045795947313308716
957,0.49760928750038147
958,0.3537594676017761
959,-0.048934485763311386
960,0.5698832869529724
961,0.2685840427875519
962,-0.004714682698249817
963,0.520029604434967
964,0.32526180148124695
965,-0.011065348982810974
966,0.5201120376586914
967,0.3617728352546692
968,-0.026771849021315575
969,0.5211002826690674
970,0.3554152250289917
971,-0.024395044893026352
972,0.5647960901260376
973,0.3529905080795288
974,-0.002587872091680765
975,0.4974718391895294
976,0.33887559175491333
977,-0.0444357767701149
978,0.5468089580535889
979,0.2587830126285553
980,-0.017546091228723526
981,0.5600882172584534
982,0.26130247116088867
983,-0.012513327412307262
984,0.5790971517562866
985,0.22432725131511688
986,0.01883021369576454
987,0.5088051557540894
988,0.2712307274341583
989,-0.020140498876571655
990,0.5251086354255676
991,0.281332790851593
992,-0.0044447374530136585
993,0.5435821413993835
994,0.42091822624206543
995,0.0004014602745883167
996,0.5927976369857788
997,0.41230493783950806
998,0.07042612135410309
999,0.5140700340270996
1000,0.36879584193229675
1001,-0.022353366017341614
1002,0.5067041516304016
1003,0.37315747141838074
1004,-0.022167179733514786
1005,0.534051239490509
1006,0.42179369926452637
1007,0.00022558045748155564
1008,0.5300796031951904
1009,0.42114418745040894
1010,-0.0015968014486134052
1011,0.5648662447929382
1012,0.2527922987937927
1013,-0.009037916548550129
1014,0.5212562084197998
1015,0.36727145314216614
1016,-0.021727073937654495
1017,0.5298118591308594
1018,0.2614445090293884
1019,-0.020275935530662537
1020,0.5308758616447449
1021,0.2510092258453369
1022,-0.022660616785287857
1023,0.5400358438491821
1024,0.19754768908023834
1025,-0.010724673047661781
1026,0.5713958740234375
1027,0.23777829110622406
1028,0.0028588471468538046
1029,0.5341798663139343
1030,0.22280582785606384
1031,-0.017224276438355446
1032,0.5755306482315063
1033,0.2626740634441376
1034,0.0017906014109030366
1035,0.5825324654579163
1036,0.2544916272163391
1037,0.0176602303981781
1038,0.5044110417366028
1039,0.41404393315315247
1040,-0.022035745903849602
1041,0.5141870379447937
1042,0.4158909320831299
1043,-0.018353518098592758
1044,0.5217795968055725
1045,0.4177110195159912
1046,-0.013031568378210068
1047,0.5120399594306946
1048,0.3712463676929474
1049,-0.02031823806464672
1050,0.5319150686264038
1051,0.42167437076568604
1052,-0.0007689028279855847
1053,0.5281386971473694
1054,0.424456387758255
1055,-0.005125960800796747
1056,0.5292006731033325
1057,0.4205009937286377
1058,-0.0018097248394042253
1059,0.508053719997406
1060,0.36472418904304504
1061,-0.03454217314720154
1062,0.5181494951248169
1063,0.4199095666408539
1064,-0.009290964342653751
1065,0.511444628238678
1066,0.4205625653266907
1067,-0.012643561698496342
1068,0.5038232803344727
1069,0.42129024863243103
1070,-0.014867488294839859
1071,0.5100764632225037
1072,0.4566110372543335
1073,-0.005580554716289043
1074,0.5078045129776001
1075,0.4447324275970459
1076,-0.015092364512383938
1077,0.506590723991394
1078,0.4369688034057617
1079,-0.01664811559021473
1080,0.5055078864097595
1081,0.42977267503738403
1082,-0.015110448934137821
1083,0.5047739148139954
1084,0.42512473464012146
1085,-0.013793332502245903
1086,0.5197550654411316
1087,0.4228202700614929
1088,-0.008266407065093517
1089,0.5210670232772827
1090,0.4244866669178009
1091,-0.009617106057703495
1092,0.5231935381889343
1093,0.4281207323074341
1094,-0.010499403811991215
1095,0.5252202153205872
1096,0.43245136737823486
1097,-0.008884236216545105
1098,0.5315635204315186
1099,0.3996385633945465
1100,-0.011778374202549458
1101,0.6005536317825317
1102,0.3515656292438507
1103,0.07887985557317734
1104,0.5242578983306885
1105,0.4221208989620209
1106,-0.004322996828705072
1107,0.5259017944335938
1108,0.42288675904273987
1109,-0.00522584980353713
1110,0.503900945186615
1111,0.3787868022918701
1112,-0.022159608080983162
1113,0.5188113451004028
1114,0.3750653862953186
1115,-0.014505208469927311
1116,0.5052276253700256
1117,0.37605446577072144
1118,-0.022430870682001114
1119,0.5295186042785645
1120,0.33183377981185913
1121,-0.00882792193442583
1122,0.5437303185462952
1123,0.33950236439704895
1124,-0.007561976555734873
1125,0.5231767892837524
1126,0.3608291745185852
1127,-0.019371720030903816
1128,0.5630556344985962
1129,0.2078649401664734
1130,0.002331039635464549
1131,0.5558836460113525
1132,0.22657722234725952
1133,-0.008355672471225262
1134,0.5494398474693298
1135,0.24836090207099915
1136,-0.01667620986700058
1137,0.530565619468689
1138,0.4420909881591797
1139,-0.00283671822398901
1140,0.5107170343399048
1141,0.2551420331001282
1142,-0.024615174159407616
1143,0.5130271315574646
1144,0.22305643558502197
1145,-0.021095115691423416
1146,0.516309916973114
1147,0.19366468489170074
1148,-0.01671256311237812
1149,0.5561428666114807
1150,0.3022312819957733
1151,-0.0001896294706966728
1152,0.5771431922912598
1153,0.3136976361274719
1154,0.010702280327677727
1155,0.5197790265083313
1156,0.2995598316192627
1157,-0.0006485662888735533
1158,0.5671125054359436
1159,0.28332284092903137
1160,0.0015936228446662426
1161,0.5132887959480286
1162,0.31775206327438354
1163,-0.013998051173985004
1164,0.5136345028877258
1165,0.35738956928253174
1166,-0.034899868071079254
1167,0.5872362852096558
1168,0.3215126097202301
1169,0.019211305305361748
1170,0.5707772374153137
1171,0.3225753605365753
1172,0.004046352114528418
1173,0.5590925216674805
1174,0.3276308476924896
1175,-0.0022812916431576014
1176,0.5422725677490234
1177,0.32623159885406494
1178,-0.004587552510201931
1179,0.5300195813179016
1180,0.32158252596855164
1181,-0.005196194164454937
1182,0.5207804441452026
1183,0.3163968324661255
1184,-0.006819444242864847
1185,0.4998529553413391
1186,0.30261629819869995
1187,-0.0226143728941679
1188,0.5864748954772949
1189,0.3473389446735382
1190,0.01803264580667019
1191,0.5744691491127014
1192,0.2815515995025635
1193,0.004606547299772501
1194,0.4950523376464844
1195,0.3719694912433624
1196,-0.041288141161203384
1197,0.519102156162262
1198,0.33714014291763306
1199,-0.013917604461312294
1200,0.5999759435653687
1201,0.2970532774925232
1202,0.06919652968645096
1203,0.5136391520500183
1204,0.31028857827186584
1205,-0.007686479017138481
1206,0.5246711373329163
1207,0.3616305887699127
1208,-0.010362833738327026
1209,0.5630099773406982
1210,0.29100388288497925
1211,0.005207276437431574
1212,0.5145530104637146
1213,0.3496488630771637
1214,-0.03185500577092171
1215,0.598558783531189
1216,0.38112178444862366
1217,0.0768827423453331
1218,0.5200461149215698
1219,0.2950782775878906
1220,0.0012624473311007023
1221,0.5059910416603088
1222,0.34295743703842163
1223,-0.03989342600107193
1224,0.5710726976394653
1225,0.44378262758255005
1226,0.028894631192088127
1227,0.5727434158325195
1228,0.45699843764305115
1229,0.04463338479399681
1230,0.5971298217773438
1231,0.349753737449646
1232,0.047920938581228256
1233,0.5820711255073547
1234,0.42619580030441284
1235,0.037563394755125046
1236,0.5891998410224915
1237,0.2743627429008484
1238,0.03163865581154823
1239,0.5353441834449768
1240,0.486420601606369
1241,0.007940382696688175
1242,0.4950643479824066
1243,0.3744864761829376
1244,-0.02938622049987316
1245,0.5274133682250977
1246,0.34577029943466187
1247,-0.01103982049971819
1248,0.5855166912078857
1249,0.29899147152900696
1250,0.02131139300763607
1251,0.5477020740509033
1252,0.2971857786178589
1253,-0.002136288210749626
1254,0.5401519536972046
1255,0.2984614670276642
1256,-0.0034251371398568153
1257,0.5305346846580505
1258,0.42678117752075195
1259,-0.0037994778249412775
1260,0.5858237147331238
1261,0.3721144497394562
1262,0.022390568628907204
1263,0.520385205745697
1264,0.5032423734664917
1265,0.012637468986213207
1266,0.5474106073379517
1267,0.48582756519317627
1268,0.02573871612548828
1269,0.5591428279876709
1270,0.4741480350494385
1271,0.03398533910512924
1272,0.5330002903938293
1273,0.29808512330055237
1274,-0.0030033981893211603
1275,0.5262918472290039
1276,0.2966126799583435
1277,-0.0011999172857031226
1278,0.5221216082572937
1279,0.29595261812210083
1280,0.0008346842369064689
1281,0.5811803340911865
1282,0.27853959798812866
1283,0.012344950810074806
1284,0.5270061492919922
1285,0.2869938015937805
1286,-0.003008605446666479
1287,0.5342564582824707
1288,0.28362423181533813
1289,-0.005433054640889168
1290,0.5416060090065002
1291,0.2826063632965088
1292,-0.005860951263457537
1293,0.5493240356445312
1294,0.2839314341545105
1295,-0.004560740198940039
1296,0.5543590784072876
1297,0.2865486741065979
1298,-0.0020426663104444742
1299,0.5963020920753479
1300,0.2683175802230835
1301,0.054005227982997894
1302,0.5529817938804626
1303,0.29531800746917725
1304,-9.400484850630164e-05
1305,0.523171603679657
1306,0.39259204268455505
1307,-0.015579952858388424
1308,0.513831377029419
1309,0.36672648787498474
1310,-0.02569839172065258
1311,0.5053969025611877
1312,0.38931044936180115
1313,-0.021684380248188972
1314,0.5594194531440735
1315,0.46058571338653564
1316,0.0226422231644392
1317,0.5479812026023865
1318,0.47375231981277466
1319,0.015887776389718056
1320,0.5195816159248352
1321,0.4955069124698639
1322,0.001607205136679113
1323,0.5836178064346313
1324,0.43780767917633057
1325,0.05818648263812065
1326,0.5220946073532104
1327,0.2918277680873871
1328,-0.0006063769105821848
1329,0.5058910846710205
1330,0.3211953938007355
1331,-0.024845950305461884
1332,0.534701406955719
1333,0.4959891736507416
1334,0.017271192744374275
1335,0.5952926278114319
1336,0.3770340383052826
1337,0.04849131405353546
1338,0.5127223134040833
1339,0.4238467812538147
1340,-0.011606575921177864
1341,0.5141499638557434
1342,0.42718034982681274
1343,-0.013033980503678322
1344,0.515825092792511
1345,0.4326160252094269
1346,-0.0140963951125741
1347,0.517458438873291
1348,0.43961262702941895
1349,-0.01257121842354536
1350,0.5215630531311035
1351,0.4503224194049835
1352,-0.005563975777477026
1353,0.5257710814476013
1354,0.4208422005176544
1355,-0.006196803878992796
1356,0.5281819701194763
1357,0.4197791814804077
1358,-0.006659184116870165
1359,0.5306600332260132
1360,0.4178345203399658
1361,-0.006993365939706564
1362,0.5389460325241089
1363,0.4092716574668884
1364,-0.006266975309699774
1365,0.5730661749839783
1366,0.3792988359928131
1367,0.006910055410116911
1368,0.5064458847045898
1369,0.30940866470336914
1370,-0.01769803650677204
1371,0.5119355916976929
1372,0.28804802894592285
1373,-0.004181449301540852
1374,0.5179810523986816
1375,0.28922390937805176
1376,-0.0018524545012041926
1377,0.5239962339401245
1378,0.4193803668022156
1379,-0.0050762007012963295
1380,0.5760549306869507
1381,0.4089227020740509
1382,0.020964791998267174
1383,0.5032264590263367
1384,0.2880080044269562
1385,-0.014519421383738518
1386,0.5275717377662659
1387,0.4620170593261719
1388,-0.0005557546974159777
1389,0.49881625175476074
1390,0.31516188383102417
1391,-0.030373305082321167
1392,0.512649655342102
1393,0.3396183252334595
1394,-0.02440556511282921
1395,0.5138063430786133
1396,0.4694863557815552
1397,-0.003928432706743479
1398,0.5466559529304504
1399,0.43798187375068665
1400,0.004595560021698475
1401,0.5322150588035583
1402,0.3713567852973938
1403,-0.008951852098107338
1404,0.53826904296875
1405,0.4517098069190979
1406,0.0025218981318175793
1407,0.5522878170013428
1408,0.3692054748535156
1409,-0.007377352565526962
1410,0.5405958890914917
1411,0.38356590270996094
1412,-0.007912866771221161
1413,0.5607894062995911
1414,0.3889480531215668
1415,-0.0006435765535570681
1416,0.5173957943916321
1417,0.48376384377479553
1418,-0.0033426254522055387
1419,0.5188548564910889
1420,0.3462839126586914
1421,-0.018421264365315437
1422,0.5552043914794922
1423,0.44706010818481445
1424,0.012398705817759037
1425,0.5442466139793396
1426,0.46167653799057007
1427,0.008965851739048958
1428,0.5528180599212646
1429,0.42202702164649963
1430,0.0036313023883849382
1431,0.5843700170516968
1432,0.39329949021339417
1433,0.026961563155055046
1434,0.5646378993988037
1435,0.42341527342796326
1436,0.011358795687556267
1437,0.5912075042724609
1438,0.40233755111694336
1439,0.04658780246973038
1440,0.5482067465782166
1441,0.39960557222366333
1442,-0.0044394140131771564
1443,0.5124050378799438
1444,0.3289567530155182
1445,-0.0190139077603817
1446,0.5106717944145203
1447,0.3626664876937866
1448,-0.03653435409069061
1449,0.517441987991333
1450,0.3657432496547699
1451,-0.027208654209971428
1452,0.5058751106262207
1453,0.35493820905685425
1454,-0.04273034632205963
1455,0.5179362893104553
1456,0.2790193557739258
1457,-0.008145715110003948
1458,0.5313562750816345
1459,0.2723790109157562
1460,-0.011636328883469105
1461,0.5435642004013062
1462,0.2702074646949768
1463,-0.012628480792045593
1464,0.5542652010917664
1465,0.2709621787071228
1466,-0.010386966168880463
1467,0.5623612999916077
1468,0.2749975919723511
1469,-0.005643204785883427
1470,0.5693013668060303
1471,0.2940638065338135
1472,0.008051741868257523
1473,0.5974034070968628
1474,0.32364585995674133
1475,0.04471921548247337
1476,0.5626230239868164
1477,0.310758501291275
1478,0.002979602897539735
1479,0.5533000230789185
1480,0.3146611154079437
1481,-0.0011177645064890385
1482,0.5416767001152039
1483,0.3150119483470917
1484,-0.0033660370390862226
1485,0.5307259559631348
1486,0.3125830590724945
1487,-0.0034777710679918528
1488,0.5222787261009216
1489,0.30905696749687195
1490,-0.0031594715546816587
1491,0.5162558555603027
1492,0.3054426312446594
1493,-0.00311452429741621
1494,0.6006008386611938
1495,0.3240722417831421
1496,0.07679044455289841
1497,0.5177353620529175
1498,0.369113028049469
1499,-0.02273574471473694
1500,0.5052565336227417
1501,0.3317635953426361
1502,-0.031144047155976295
1503,0.5035995244979858
1504,0.3635424077510834
1505,-0.04244190827012062
1506,0.4996306896209717
1507,0.36974483728408813
1508,-0.03813486546278
1509,0.504211962223053
1510,0.3654235899448395
1511,-0.0381624773144722
1512,0.5156511068344116
1513,0.3731350302696228
1514,-0.019265806302428246
1515,0.4978310465812683
1516,0.3709312379360199
1517,-0.04020364210009575
1518,0.49784648418426514
1519,0.3735743463039398
1520,-0.029714420437812805
1521,0.5167094469070435
1522,0.2961849272251129
1523,0.00041674423846416175
1524,0.5113312005996704
1525,0.29933467507362366
1526,-0.003965718671679497
1527,0.5079788565635681
1528,0.3014429211616516
1529,-0.009805139154195786
1530,0.5574395060539246
1531,0.28857481479644775
1532,0.0005696603911928833
1533,0.5619359612464905
1534,0.2845083475112915
1535,0.00015350682951975614
1536,0.0
1537,0.0
1538,0.0
1539,0.0
1540,0.0
1541,0.0
1542,0.0
1543,0.0
1544,0.0
1545,0.0
1546,0.0
1547,0.0
1548,0.0
1549,0.0
1550,0.0
1551,0.0
1552,0.0
1553,0.0
1554,0.0
1555,0.0
1556,0.0
1557,0.0
1558,0.0
1559,0.0
1560,0.0
1561,0.0
1562,0.0
1563,0.0
1564,0.0
1565,0.0
1566,0.0
1567,0.0
1568,0.0
1569,0.0
1570,0.0
1571,0.0
1572,0.0
1573,0.0
1574,0.0
1575,0.0
1576,0.0
1577,0.0
1578,0.0
1579,0.0
1580,0.0
1581,0.0
1582,0.0
1583,0.0
1584,0.0
1585,0.0
1586,0.0
1587,0.0
1588,0.0
1589,0.0
1590,0.0
1591,0.0
1592,0.0
1593,0.0
1594,0.0
1595,0.0
1596,0.0
1597,0.0
1598,0.0
1599,0.12863707542419434
1600,0.5666199922561646
1601,2.7010352710021834e-07
1602,0.17991027235984802
1603,0.5072202086448669
1604,-0.020907841622829437
1605,0.19983842968940735
1606,0.42103904485702515
1607,-0.02829468622803688
1608,0.1995595395565033
1609,0.3486538231372833
1610,-0.03512994199991226
1611,0.21085335314273834
1612,0.2919875979423523
1613,-0.04237637296319008
1614,0.14409492909908295
1615,0.3401179611682892
1616,-0.012882419861853123
1617,0.13845574855804443
1618,0.25348249077796936
1619,-0.030515938997268677
1620,0.13247187435626984
1621,0.20179636776447296
1622,-0.04532666876912117
1623,0.1272634118795395
1624,0.15603628754615784
1625,-0.05623810365796089
1626,0.10817127674818039
1627,0.3404129147529602
1628,-0.01577339507639408
1629,0.09771857410669327
1630,0.2431527078151703
1631,-0.03173457831144333
1632,0.09140835702419281
1633,0.18258488178253174
1634,-0.045715946704149246
1635,0.08633691817522049
1636,0.12953506410121918
1637,-0.05592362955212593
1638,0.07770092785358429
1639,0.35760706663131714
1640,-0.022227296605706215
1641,0.06254715472459793
1642,0.2660619914531708
1643,-0.03896952047944069
1644,0.05663028359413147
1645,0.20717093348503113
1646,-0.050408076494932175
1647,0.05300766974687576
1648,0.15454787015914917
1649,-0.058373961597681046
1650,0.0491332933306694
1651,0.3898477256298065
1652,-0.0308381374925375
1653,0.032421112060546875
1654,0.3224518895149231
1655,-0.046590469777584076
1656,0.02794383466243744
1657,0.27529940009117126
1658,-0.053692951798439026
1659,0.027378633618354797
1660,0.22993890941143036
1661,-0.05834827572107315
