,0
0,0.4220098555088043
1,0.3318440616130829
2,-0.7924961447715759
3,0.9999865293502808
4,0.4501761496067047
5,0.27837079763412476
6,-0.7408140897750854
7,0.9999692440032959
8,0.4680134654045105
9,0.27993157505989075
10,-0.7406436204910278
11,0.9999682307243347
12,0.48070985078811646
13,0.2828408479690552
14,-0.7403717637062073
15,0.9999672770500183
16,0.39614856243133545
17,0.2783564329147339
18,-0.7154950499534607
19,0.9999700784683228
20,0.37870049476623535
21,0.28151649236679077
22,-0.7147213816642761
23,0.9999703168869019
24,0.36165064573287964
25,0.28486329317092896
26,-0.7146064639091492
27,0.9999719858169556
28,0.5018616914749146
29,0.32039874792099
30,-0.4008045792579651
31,0.999964714050293
32,0.3466320037841797
33,0.32189688086509705
34,-0.26507699489593506
35,0.9999704360961914
36,0.45906537771224976
37,0.400146484375
38,-0.67583829164505
39,0.9999808669090271
40,0.38784849643707275
41,0.39874324202537537
42,-0.6359649896621704
43,0.9999778866767883
44,0.6403731107711792
45,0.6917280554771423
46,-0.25350838899612427
47,0.9995259642601013
48,0.23156002163887024
49,0.6794334053993225
50,-0.13906316459178925
51,0.9997367262840271
52,0.7079360485076904
53,1.0465203523635864
54,-0.3346625864505768
55,0.40658971667289734
56,0.08873940259218216
57,1.0618599653244019
58,-0.6032439470291138
59,0.8029212951660156
60,0.7323558330535889
61,1.459120273590088
62,-0.5915525555610657
63,0.3160175085067749
64,0.1110943928360939
65,0.695652425289154
66,-1.5533714294433594
67,0.7858697175979614
68,0.7527299523353577
69,1.5603997707366943
70,-0.6855459809303284
71,0.4178101420402527
72,0.11951620876789093
73,0.5672202706336975
74,-1.7429533004760742
75,0.7827925682067871
76,0.70411217212677
77,1.53180730342865
78,-0.7125897407531738
79,0.524703323841095
80,0.12648072838783264
81,0.5307576060295105
82,-1.6979568004608154
83,0.7908093333244324
84,0.6821335554122925
85,1.4990711212158203
86,-0.6206352710723877
87,0.5359522700309753
88,0.14134430885314941
89,0.5871713161468506
90,-1.5691428184509277
91,0.7899028658866882
92,0.5759862065315247
93,1.4545148611068726
94,-0.08509273827075958
95,0.000929713249206543
96,0.2789633274078369
97,1.456755518913269
98,0.09033117443323135
99,0.0010803663171827793
100,0.5622246265411377
101,2.1144087314605713
102,-0.1564471572637558
103,0.0002009316231124103
104,0.2921634018421173
105,2.121735095977783
106,0.15623266994953156
107,0.00011425159027567133
108,0.5588704347610474
109,2.6921439170837402
110,0.4542578160762787
111,3.203564483555965e-05
112,0.30398744344711304
113,2.690033435821533
114,0.6146278381347656
115,4.843308488489129e-06
116,0.5699113011360168
117,2.7728145122528076
118,0.47553738951683044
119,2.250212310173083e-05
120,0.3013509511947632
121,2.7665162086486816
122,0.6488837003707886
123,1.0055721759272274e-05
124,0.5115196108818054
125,2.8660502433776855
126,-0.16487012803554535
127,2.783133095363155e-05
128,0.3261141777038574
129,2.875892162322998
130,-0.004266322590410709
131,1.686191353655886e-05
132,0.42217299342155457
133,0.39437663555145264
134,-0.025401754304766655
135,0.4197845160961151
136,0.35005277395248413
137,-0.04488120600581169
138,0.42099905014038086
139,0.36391153931617737
140,-0.02452893927693367
141,0.4122907221317291
142,0.3131503462791443
143,-0.032446835190057755
144,0.4194093644618988
145,0.3378763496875763
146,-0.0473758727312088
147,0.4192856252193451
148,0.32285913825035095
149,-0.04361441731452942
150,0.41933900117874146
151,0.2882314622402191
152,-0.020198676735162735
153,0.3628008961677551
154,0.29042232036590576
155,0.014410215429961681
156,0.4192894995212555
157,0.26382702589035034
158,-0.013952638953924179
159,0.41915321350097656
160,0.2490021288394928
161,-0.015072216279804707
162,0.41871485114097595
163,0.19276249408721924
164,-0.003223717212677002
165,0.4224025011062622
166,0.4006611406803131
167,-0.02440568618476391
168,0.4225775897502899
169,0.40565168857574463
170,-0.02171238511800766
171,0.4227374494075775
172,0.40786975622177124
173,-0.018057847395539284
174,0.4230597913265228
175,0.4139254689216614
176,-0.01654857210814953
177,0.4231516420841217
178,0.41928526759147644
179,-0.018072383478283882
180,0.4232746958732605
181,0.4261227250099182
182,-0.020078549161553383
183,0.4234529733657837
184,0.4335019886493683
185,-0.019189108163118362
186,0.4237527847290039
187,0.44543659687042236
188,-0.011760144494473934
189,0.4202137291431427
190,0.3565064072608948
191,-0.04085355997085571
192,0.41258952021598816
193,0.35670363903045654
194,-0.029425349086523056
195,0.33776822686195374
196,0.2526397705078125
197,0.05552830919623375
198,0.38567155599594116
199,0.29912328720092773
200,0.005400678142905235
201,0.37773752212524414
202,0.3005359470844269
203,0.005983871407806873
204,0.37016233801841736
205,0.3005176782608032
206,0.008346701972186565
207,0.36013394594192505
208,0.2950620651245117
209,0.015466488897800446
210,0.39233124256134033
211,0.29569941759109497
212,0.005964769050478935
213,0.37456652522087097
214,0.2718147039413452
215,0.002937325742095709
216,0.38318485021591187
217,0.27215662598609924
218,0.002910014009103179
219,0.36670467257499695
220,0.2737792134284973
221,0.005572183523327112
222,0.3615766763687134
223,0.27773791551589966
224,0.009009923785924911
225,0.3542598485946655
226,0.30339157581329346
227,0.019450616091489792
228,0.39291608333587646
229,0.46336477994918823
230,-0.0013885828666388988
231,0.36007633805274963
232,0.2878965139389038
233,0.01714671030640602
234,0.3338281810283661
235,0.30167946219444275
236,0.056882742792367935
237,0.3458314538002014
238,0.2968558669090271
239,0.028119362890720367
240,0.38003119826316833
241,0.3464544713497162
242,-0.004363222513347864
243,0.4116012156009674
244,0.3930121660232544
245,-0.024046696722507477
246,0.4137181341648102
247,0.40619075298309326
248,-0.020215634256601334
249,0.4012201726436615
250,0.39793267846107483
251,-0.019001087173819542
252,0.39501431584358215
253,0.4040921628475189
254,-0.012521296739578247
255,0.40623098611831665
256,0.40770846605300903
257,-0.01660875603556633
258,0.40059536695480347
259,0.40987667441368103
260,-0.010691042058169842
261,0.38557368516921997
262,0.4243069887161255
263,0.00014018180081620812
264,0.41284045577049255
265,0.35004541277885437
266,-0.04406895488500595
267,0.41131559014320374
268,0.33858722448349
269,-0.046307701617479324
270,0.34948471188545227
271,0.2672058045864105
272,0.011778218671679497
273,0.3955313563346863
274,0.3163173496723175
275,-0.005131733138114214
276,0.3933086395263672
277,0.34964272379875183
278,-0.02307223156094551
279,0.3926737904548645
280,0.3439314067363739
281,-0.020267903804779053
282,0.35721927881240845
283,0.3474757671356201
284,0.006852713879197836
285,0.4116857647895813
286,0.3245460093021393
287,-0.04087041690945625
288,0.3675118088722229
289,0.2542514204978943
290,-0.0028610420413315296
291,0.35656091570854187
292,0.2585548758506775
293,0.0036848720628768206
294,0.3439900577068329
295,0.2310447245836258
296,0.03977818787097931
297,0.4026271104812622
298,0.26231056451797485
299,-0.010836675763130188
300,0.39080822467803955
301,0.27515625953674316
302,0.005249344278126955
303,0.3793494999408722
304,0.41286763548851013
305,0.0026838434860110283
306,0.343831866979599
307,0.41096416115760803
308,0.07450749725103378
309,0.39977753162384033
310,0.35574185848236084
311,-0.020036140456795692
312,0.4070526659488678
313,0.3593752980232239
314,-0.021605268120765686
315,0.3882145583629608
316,0.41396594047546387
317,0.0016021460760384798
318,0.39232951402664185
319,0.4130666255950928
320,-0.0008513965294696391
321,0.3523670434951782
322,0.25139516592025757
323,0.008266737684607506
324,0.3934135138988495
325,0.35547807812690735
326,-0.01864401251077652
327,0.38266459107398987
328,0.2548173666000366
329,-0.007833795621991158
330,0.3810204863548279
331,0.24532178044319153
332,-0.009257711470127106
333,0.3734028935432434
334,0.20106349885463715
335,0.00815663207322359
336,0.3483724296092987
337,0.2404659241437912
338,0.0219076257199049
339,0.3779906928539276
340,0.22174212336540222
341,-0.0009347405866719782
342,0.345308780670166
343,0.2629121243953705
344,0.01932579278945923
345,0.34157222509384155
346,0.25806671380996704
347,0.03651994839310646
348,0.4125339686870575
349,0.40058475732803345
350,-0.023097209632396698
351,0.4039968252182007
352,0.40380218625068665
353,-0.0182090625166893
354,0.3977966606616974
355,0.4071669280529022
356,-0.012330610305070877
357,0.4020996391773224
358,0.35808101296424866
359,-0.01871027983725071
360,0.3902965784072876
361,0.41378694772720337
362,0.00022582941164728254
363,0.3937118947505951
364,0.4159570336341858
365,-0.005146374460309744
366,0.39338815212249756
367,0.412133127450943
368,-0.001189886243082583
369,0.40392762422561646
370,0.35049986839294434
371,-0.0316193625330925
372,0.4024556577205658
373,0.4092937111854553
374,-0.009437830187380314
375,0.4081607460975647
376,0.4084855318069458
377,-0.013445470482110977
378,0.4149675667285919
379,0.40810060501098633
380,-0.01678139716386795
381,0.41245147585868835
382,0.44498395919799805
383,-0.011163988150656223
384,0.412718802690506
385,0.432755708694458
386,-0.01834104023873806
387,0.4132425785064697
388,0.42520999908447266
389,-0.01906408742070198
390,0.41390764713287354
391,0.41826680302619934
392,-0.016881242394447327
393,0.41466665267944336
394,0.41388410329818726
395,-0.015364986844360828
396,0.4014638364315033
397,0.4134473204612732
398,-0.008530265651643276
399,0.4000856280326843
400,0.41519930958747864
401,-0.010052395984530449
402,0.3979853093624115
403,0.4187384247779846
404,-0.01132340170443058
405,0.3961901068687439
406,0.42296651005744934
407,-0.00993281975388527
408,0.38761475682258606
409,0.3897114396095276
410,-0.009682302363216877
411,0.3356212377548218
412,0.3542245328426361
413,0.08900538831949234
414,0.42057427763938904
415,0.3594011664390564
416,-0.030078735202550888
417,0.3978046476840973
418,0.4133169651031494
419,-0.0042845942080020905
420,0.39590322971343994
421,0.4142066240310669
422,-0.005164526868611574
423,0.41007566452026367
424,0.36476659774780273
425,-0.022213168442249298
426,0.3968842625617981
427,0.36318114399909973
428,-0.013067496009171009
429,0.40861430764198303
430,0.362155556678772
431,-0.022112950682640076
432,0.3872993290424347
433,0.32377785444259644
434,-0.0022103951778262854
435,0.3748190701007843
436,0.3324102461338043
437,0.00028161739464849234
438,0.3917011618614197
439,0.34973734617233276
440,-0.015715541318058968
441,0.35508909821510315
442,0.21349376440048218
443,0.022907646372914314
444,0.35978591442108154
445,0.22789469361305237
446,0.009828176349401474
447,0.3646494448184967
448,0.24507829546928406
449,-0.0007614541100338101
450,0.39252981543540955
451,0.43198272585868835
452,-0.004354873206466436
453,0.3997895419597626
454,0.24739015102386475
455,-0.013692506588995457
456,0.3970387578010559
457,0.2199600785970688
458,-0.007388568948954344
459,0.3939589858055115
460,0.1948671191930771
461,-0.000647157896310091
462,0.36377033591270447
463,0.29892605543136597
464,0.012033955194056034
465,0.3462544083595276
466,0.3124123215675354
467,0.024080269038677216
468,0.3965747058391571
469,0.2922877371311188
470,0.007152264006435871
471,0.35334861278533936
472,0.281710684299469
473,0.016342168673872948
474,0.4011688530445099
475,0.30819839239120483
476,-0.008133579976856709
477,0.39819231629371643
478,0.3441478908061981
479,-0.031191740185022354
480,0.33860135078430176
481,0.32130634784698486
482,0.03303241357207298
483,0.3513185381889343
484,0.3197683095932007
485,0.01628664880990982
486,0.3612329959869385
487,0.3230675160884857
488,0.00839739479124546
489,0.3761521875858307
490,0.3201224207878113
491,0.004179982468485832
492,0.38706639409065247
493,0.31451886892318726
494,0.002224283292889595
495,0.39538154006004333
496,0.3083353042602539
497,-0.00011916198127437383
498,0.4115845561027527
499,0.291733980178833
500,-0.016789354383945465
501,0.33983540534973145
502,0.345412939786911
503,0.029968908056616783
504,0.3472784161567688
505,0.2808786928653717
506,0.02045396901667118
507,0.4159896671772003
508,0.3562772274017334
509,-0.040264032781124115
510,0.3958877623081207
511,0.32707059383392334
512,-0.009031952358782291
513,0.3336743712425232
514,0.3029557764530182
515,0.08458299934864044
516,0.40152835845947266
517,0.3015277087688446
518,-0.0013634319184347987
519,0.39134296774864197
520,0.35114407539367676
521,-0.007257463410496712
522,0.3575122356414795
523,0.2889544367790222
524,0.018705446273088455
525,0.3977198004722595
526,0.3372795581817627
527,-0.027777498587965965
528,0.3380487561225891
529,0.38188907504081726
530,0.08401216566562653
531,0.3965277373790741
532,0.28799521923065186
533,0.009548661299049854
534,0.40454351902008057
535,0.3296434283256531
536,-0.035816434770822525
537,0.35874223709106445
538,0.4369930028915405
539,0.03060588613152504
540,0.3600013852119446
541,0.45119842886924744
542,0.044220343232154846
543,0.33380094170570374
544,0.3503217101097107
545,0.059412214905023575
546,0.34951263666152954
547,0.4212210476398468
548,0.04120585694909096
549,0.3377244770526886
550,0.2781583070755005
551,0.04911135509610176
552,0.3911522924900055
553,0.47649529576301575
554,0.002895969897508621
555,0.41723817586898804
556,0.35911327600479126
557,-0.029491299763321877
558,0.3890523612499237
559,0.33652573823928833
560,-0.006011280696839094
561,0.3397858440876007
562,0.2998637557029724
563,0.03656831011176109
564,0.3704998195171356
565,0.29335761070251465
566,0.009397965855896473
567,0.377442330121994
568,0.2939172387123108
569,0.007234457414597273
570,0.39145511388778687
571,0.4182654619216919
572,-0.0037224716506898403
573,0.3418672978878021
574,0.36906319856643677
575,0.031839512288570404
576,0.406533420085907
577,0.49417561292648315
578,0.004013842437416315
579,0.3814905881881714
580,0.477730393409729
581,0.021493693813681602
582,0.37126773595809937
583,0.46672844886779785
584,0.031530626118183136
585,0.41891369223594666
586,0.21960127353668213
587,-0.009575068019330502
588,0.42456525564193726
589,0.49631330370903015
590,0.001216685981489718
591,0.3842151165008545
592,0.2928939461708069
593,0.006734216585755348
594,0.3905213475227356
595,0.29074400663375854
596,0.00776771130040288
597,0.39454400539398193
598,0.28931689262390137
599,0.009463679045438766
600,0.34236788749694824
601,0.27955514192581177
602,0.029020175337791443
603,0.38964325189590454
604,0.2816145122051239
605,0.006824128329753876
606,0.3827371895313263
607,0.27954989671707153
608,0.005395926535129547
609,0.3758874833583832
610,0.2792420983314514
611,0.0059068151749670506
612,0.36899080872535706
613,0.2811336815357208
614,0.007988438941538334
615,0.36465904116630554
616,0.28398725390434265
617,0.010744966566562653
618,0.3346213102340698
619,0.2751222848892212
620,0.07199158519506454
621,0.36590152978897095
622,0.29194825887680054
623,0.012058146297931671
624,0.42143598198890686
625,0.3737938404083252
626,-0.0228953305631876
627,0.3940754234790802
628,0.38137564063072205
629,-0.014309383928775787
630,0.3994300067424774
631,0.35351595282554626
632,-0.023176269605755806
633,0.4097369909286499
634,0.3757913410663605
635,-0.02204473875463009
636,0.41939273476600647
637,0.27598118782043457
638,-0.01372777670621872
639,0.36906465888023376
640,0.45247936248779297
641,0.02171877585351467
642,0.37952643632888794
643,0.4645536243915558
644,0.012737909331917763
645,0.40598011016845703
646,0.4846549332141876
647,-0.005741213448345661
648,0.3515007197856903
649,0.434070348739624
650,0.059872958809137344
651,0.3943897485733032
652,0.285243421792984
653,0.008430112153291702
654,0.4062212109565735
655,0.30970656871795654
656,-0.01973574422299862
657,0.424269437789917
658,0.48676955699920654
659,-0.008160998113453388
660,0.39286690950393677
661,0.4873592257499695
662,0.011104680597782135
663,0.33670589327812195
664,0.37604838609695435
665,0.057272735983133316
666,0.4074247181415558
667,0.4134846031665802
668,-0.012270008213818073
669,0.406069815158844
670,0.41679736971855164
671,-0.013869552873075008
672,0.40457063913345337
673,0.42210549116134644
674,-0.015454122796654701
675,0.40342435240745544
676,0.4288083016872406
677,-0.014478404074907303
678,0.40115872025489807
679,0.43947044014930725
680,-0.00881118793040514
681,0.3956702649593353
682,0.41150176525115967
683,-0.005499666556715965
684,0.39290475845336914
685,0.41067197918891907
686,-0.005409782286733389
687,0.3903346657752991
688,0.4089498817920685
689,-0.005372561514377594
690,0.3822118043899536
691,0.4005500078201294
692,-0.0033691369462758303
693,0.3520408868789673
694,0.3738088309764862
695,0.014923334121704102
696,0.40652015805244446
697,0.2991589903831482
698,-0.011809990741312504
699,0.40273237228393555
700,0.28003013134002686
701,0.0034872577525675297
702,0.39786916971206665
703,0.28200000524520874
704,0.0067565711215138435
705,0.39774829149246216
706,0.4098803997039795
707,-0.004737572278827429
708,0.3520756661891937
709,0.4032265543937683
710,0.026445593684911728
711,0.40926593542099
712,0.27864643931388855
713,-0.007633858360350132
714,0.39683812856674194
715,0.4508551359176636
716,-0.004614967852830887
717,0.41929692029953003
718,0.3108489513397217
719,-0.03544924408197403
720,0.41174420714378357
721,0.3029220402240753
722,-0.025368666276335716
723,0.41932862997055054
724,0.299868106842041
725,-0.02746269293129444
726,0.40038925409317017
727,0.327989786863327
728,-0.02004600316286087
729,0.4240209460258484
730,0.47346556186676025
731,-0.012274165637791157
732,0.42385849356651306
733,0.4582882821559906
734,-0.01182717178016901
735,0.40996336936950684
736,0.45735862851142883
737,-0.009814229793846607
738,0.37789806723594666
739,0.42882588505744934
740,0.005061911419034004
741,0.3855361342430115
742,0.36150115728378296
743,-0.00543227419257164
744,0.3864414691925049
745,0.4414675533771515
746,0.0005255545838735998
747,0.36838170886039734
748,0.3614262044429779
749,-0.0010462597711011767
750,0.379150927066803
751,0.37426528334617615
752,-0.004029240924865007
753,0.36251017451286316
754,0.3815454840660095
755,0.005390685983002186
756,0.40724366903305054
757,0.47171932458877563
758,-0.00956837646663189
759,0.39555269479751587
760,0.33542001247406006
761,-0.014195987023413181
762,0.3712014853954315
763,0.43843674659729004
764,0.012712491676211357
765,0.3818665146827698
766,0.45174509286880493
767,0.0066195400431752205
768,0.3713454008102417
769,0.41387903690338135
770,0.00669435691088438
771,0.3445670008659363
772,0.38930806517601013
773,0.03410527855157852
774,0.3616923391819
775,0.4160701632499695
776,0.015086978673934937
777,0.3413848876953125
778,0.3997368812561035
779,0.05275069177150726
780,0.37379592657089233
781,0.3911919891834259
782,-0.00012186656385893002
783,0.40118226408958435
784,0.3182227909564972
785,-0.013954216614365578
786,0.4011080265045166
787,0.3487992584705353
788,-0.033166106790304184
789,0.3959483504295349
790,0.352970153093338
791,-0.02421937696635723
792,0.40436649322509766
793,0.3406624495983124
794,-0.03914574533700943
795,0.3964008688926697
796,0.2714463472366333
797,0.0012974757701158524
798,0.38326895236968994
799,0.26605409383773804
800,-0.0001031090141623281
801,0.3718256652355194
802,0.2652336657047272
803,0.0004922937951050699
804,0.3624532222747803
805,0.2674104571342468
806,0.004027013201266527
807,0.3562234938144684
808,0.2726863622665405
809,0.009261783212423325
810,0.3525238633155823
811,0.29278475046157837
812,0.02208898775279522
813,0.3326265215873718
814,0.3256579041481018
815,0.05865542218089104
816,0.3583466410636902
817,0.3078039586544037
818,0.015092195942997932
819,0.36627838015556335
820,0.3104006052017212
821,0.00975407287478447
822,0.3766733407974243
823,0.309664785861969
824,0.006124874111264944
825,0.3866044580936432
826,0.3062822222709656
827,0.004639254882931709
828,0.3944151997566223
829,0.30179738998413086
830,0.004045733716338873
831,0.399764746427536
832,0.29746299982070923
833,0.0036211921833455563
834,0.3347107470035553
835,0.32865768671035767
836,0.0896667093038559
837,0.39650455117225647
838,0.35664284229278564
839,-0.020208705216646194
840,0.40599536895751953
841,0.31933972239494324
842,-0.026580797508358955
843,0.40696990489959717
844,0.3486638069152832
845,-0.03982580825686455
846,0.4120151102542877
847,0.3546541929244995
848,-0.03685341030359268
849,0.40719783306121826
850,0.35075557231903076
851,-0.03583585098385811
852,0.39920347929000854
853,0.3605630397796631
854,-0.017577754333615303
855,0.41344010829925537
856,0.35559090971946716
857,-0.03908837214112282
858,0.41448667645454407
859,0.3584774136543274
860,-0.029452374204993248
861,0.3994136154651642
862,0.2885016202926636
863,0.008075574412941933
864,0.40392792224884033
865,0.2909126281738281
866,0.0026618638075888157
867,0.406170517206192
868,0.29229286313056946
869,-0.0035726414062082767
870,0.3620971441268921
871,0.28607624769210815
872,0.013538679108023643
873,0.35773295164108276
874,0.2823120951652527
875,0.013930077664554119
876,0.4266037344932556
877,0.31273168325424194
878,-0.03275715932250023
879,0.4790761172771454
880,0.2881854772567749
881,0.012095975689589977
882,0.4286084473133087
883,0.3561088740825653
884,-0.02967863716185093
885,0.5059764385223389
886,0.247630774974823
887,0.05219513550400734
888,0.4557673931121826
889,0.29771244525909424
890,0.0037321709096431732
891,0.4639528691768646
892,0.29866355657577515
893,0.004080810584127903
894,0.47178882360458374
895,0.2981490194797516
896,0.006147105246782303
897,0.4821562170982361
898,0.29244861006736755
899,0.013041574507951736
900,0.4487724006175995
901,0.29467466473579407
902,0.004688856191933155
903,0.46606120467185974
904,0.2702929675579071
905,0.0010853831190615892
906,0.4574275612831116
907,0.2709241509437561
908,0.0014265518402680755
909,0.47414839267730713
910,0.27181851863861084
911,0.00350070558488369
912,0.47964200377464294
913,0.2754923701286316
914,0.006716197822242975
915,0.48855525255203247
916,0.2998597025871277
917,0.01669377274811268
918,0.4554491937160492
919,0.46165594458580017
920,-0.002607956761494279
921,0.4818671643733978
922,0.2856576144695282
923,0.014753926545381546
924,0.51137375831604
925,0.2965635657310486
926,0.053383082151412964
927,0.49730733036994934
928,0.2927978038787842
929,0.025164928287267685
930,0.4627738296985626
931,0.34347379207611084
932,-0.006090599577873945
933,0.4327487349510193
934,0.39172375202178955
935,-0.02436758764088154
936,0.4316524565219879
937,0.40503546595573425
938,-0.02057815156877041
939,0.44387781620025635
940,0.39528319239616394
941,-0.019665271043777466
942,0.45091086626052856
943,0.4003942310810089
944,-0.013547834008932114
945,0.4396112859249115
946,0.4055088460445404
947,-0.017339255660772324
948,0.44570454955101013
949,0.4067610502243042
950,-0.011624894104897976
951,0.4618072211742401
952,0.42032843828201294
953,-0.0013519382337108254
954,0.4269213080406189
955,0.34951475262641907
956,-0.04426034539937973
957,0.42769280076026917
958,0.338049054145813
959,-0.04649092257022858
960,0.49167436361312866
961,0.26426011323928833
962,0.009110060520470142
963,0.4456588923931122
964,0.3148114085197449
965,-0.006173370406031609
966,0.44794392585754395
967,0.3474191129207611
968,-0.023863114416599274
969,0.4485201835632324
970,0.3417108952999115
971,-0.021130818873643875
972,0.48662877082824707
973,0.34303778409957886
974,0.004009487107396126
975,0.42714083194732666
976,0.32409608364105225
977,-0.0411701574921608
978,0.47216910123825073
979,0.2527306377887726
980,-0.005013555753976107
981,0.48365068435668945
982,0.25627315044403076
983,0.0010900703491643071
984,0.49798527359962463
985,0.2264806181192398
986,0.03674209862947464
987,0.43646150827407837
988,0.2620142996311188
989,-0.011548629961907864
990,0.44991999864578247
991,0.27417242527008057
992,0.004015803337097168
993,0.467517614364624
994,0.40825122594833374
995,0.0008240247261710465
996,0.5066683292388916
997,0.4067722260951996
998,0.07134128361940384
999,0.4419844150543213
1000,0.3539443612098694
1001,-0.02081579901278019
1002,0.4348829984664917
1003,0.3581687808036804
1004,-0.021983124315738678
1005,0.45880797505378723
1006,0.40926748514175415
1007,7.76827655499801e-05
1008,0.45466169714927673
1009,0.40869709849357605
1010,-0.0020956513471901417
1011,0.48785439133644104
1012,0.2488926649093628
1013,0.005689875688403845
1014,0.44852885603904724
1015,0.3531172573566437
1016,-0.01950221136212349
1017,0.45667073130607605
1018,0.25389984250068665
1019,-0.00933093298226595
1020,0.4580027759075165
1021,0.2441965639591217
1022,-0.010674426332116127
1023,0.46549734473228455
1024,0.19831536710262299
1025,0.006413444876670837
1026,0.4926011264324188
1027,0.2368653565645218
1028,0.019214199855923653
1029,0.46086400747299194
1030,0.2198818027973175
1031,-0.0025064577348530293
1032,0.4962393641471863
1033,0.2594061493873596
1034,0.01647491194307804
1035,0.5010492205619812
1036,0.2538459300994873
1037,0.033475037664175034
1038,0.4323965907096863
1039,0.3993530869483948
1040,-0.023493964225053787
1041,0.4415515959262848
1042,0.40134069323539734
1043,-0.018918633460998535
1044,0.448311984539032
1045,0.40373530983924866
1046,-0.013284478336572647
1047,0.4398905336856842
1048,0.35645803809165955
1049,-0.019267570227384567
1050,0.4566860795021057
1051,0.40915152430534363
1052,-0.001182632870040834
1053,0.4533544182777405
1054,0.412049263715744
1055,-0.006181544158607721
1056,0.45359426736831665
1057,0.4080873131752014
1058,-0.002407359890639782
1059,0.43684595823287964
1060,0.34929126501083374
1061,-0.032222431153059006
1062,0.44394147396087646
1063,0.40631744265556335
1064,-0.010297910310328007
1065,0.43786463141441345
1066,0.4064963757991791
1067,-0.0141410818323493
1068,0.43069353699684143
1069,0.4070209264755249
1070,-0.01716000586748123
1071,0.4351218342781067
1072,0.44403988122940063
1073,-0.01156188640743494
1074,0.4342769980430603
1075,0.4316663444042206
1076,-0.01868436671793461
1077,0.43344730138778687
1078,0.424156129360199
1079,-0.019452743232250214
1080,0.4324686527252197
1081,0.4172629415988922
1082,-0.017174089327454567
1083,0.43161091208457947
1084,0.4129127562046051
1085,-0.015619066543877125
1086,0.4453602433204651
1087,0.41060471534729004
1088,-0.00928899459540844
1089,0.44677358865737915
1090,0.41221126914024353
1091,-0.010815109126269817
1092,0.44897177815437317
1093,0.41562384366989136
1094,-0.01207093894481659
1095,0.4509376883506775
1096,0.41978350281715393
1097,-0.010762595571577549
1098,0.4572884738445282
1099,0.38626599311828613
1100,-0.010823620483279228
1101,0.5135125517845154
1102,0.34923845529556274
1103,0.0853644609451294
1104,0.44917309284210205
1105,0.4099350869655609
1106,-0.00524061918258667
1107,0.4510716497898102
1108,0.41058117151260376
1109,-0.00620384281501174
1110,0.43217840790748596
1111,0.363698273897171
1112,-0.02256537601351738
1113,0.4458026587963104
1114,0.3609570264816284
1115,-0.01373577956110239
1116,0.43346965312957764
1117,0.36102235317230225
1118,-0.022458812221884727
1119,0.4545367956161499
1120,0.3216359615325928
1121,-0.0037070063408464193
1122,0.4676932692527771
1123,0.32932227849960327
1124,-0.0018347979057580233
1125,0.4500732719898224
1126,0.34727591276168823
1127,-0.016681339591741562
1128,0.48524829745292664
1129,0.20960018038749695
1130,0.02032509073615074
1131,0.4799653887748718
1132,0.2250327467918396
1133,0.0076191844418644905
1134,0.4747791886329651
1135,0.24331089854240417
1136,-0.002867349423468113
1137,0.4550132155418396
1138,0.4290686845779419
1139,-0.005507823079824448
1140,0.4389483630657196
1141,0.24694624543190002
1142,-0.014470481313765049
1143,0.4412602186203003
1144,0.2189248502254486
1145,-0.008154245093464851
1146,0.44403892755508423
1147,0.1932893991470337
1148,-0.0015610241098329425
1149,0.47843271493911743
1150,0.29632803797721863
1151,0.009647700004279613
1152,0.49714845418930054
1153,0.30796709656715393
1154,0.02108551375567913
1155,0.44436344504356384
1156,0.29161351919174194
1157,0.0060353511944413185
1158,0.48856180906295776
1159,0.2787814140319824
1160,0.013699340634047985
1161,0.43942728638648987
1162,0.3071460425853729
1163,-0.00900731235742569
1164,0.4422125518321991
1165,0.34258216619491577
1166,-0.03184989467263222
1167,0.5057618021965027
1168,0.31634071469306946
1169,0.029662473127245903
1170,0.4917489290237427
1171,0.31545814871788025
1172,0.013470110483467579
1173,0.4814506471157074
1174,0.31918561458587646
1175,0.005812480580061674
1176,0.4660589396953583
1177,0.3173166513442993
1178,0.0021539616864174604
1179,0.45461609959602356
1180,0.3125545084476471
1181,0.0007513077580370009
1182,0.4458288550376892
1183,0.3070667088031769
1184,-0.0012900260044261813
1185,0.42754483222961426
1186,0.29138436913490295
1187,-0.017188914120197296
1188,0.5051368474960327
1189,0.34027227759361267
1190,0.026613201946020126
1191,0.4950277805328369
1192,0.2773304581642151
1193,0.017595423385500908
1194,0.42452722787857056
1195,0.35592323541641235
1196,-0.04040394723415375
1197,0.44536706805229187
1198,0.32544344663619995
1199,-0.0099189393222332
1200,0.513279914855957
1201,0.29771530628204346
1202,0.0808432325720787
1203,0.439186692237854
1204,0.30068814754486084
1205,-0.002245402429252863
1206,0.4509177505970001
1207,0.34864452481269836
1208,-0.008114333264529705
1209,0.4846382737159729
1210,0.2863527834415436
1211,0.016139617189764977
1212,0.4426737427711487
1213,0.33565041422843933
1214,-0.028464820235967636
1215,0.5119177103042603
1216,0.3772106170654297
1217,0.08068586140871048
1218,0.44444209337234497
1219,0.2875051200389862
1220,0.008424947038292885
1221,0.43489089608192444
1222,0.32858479022979736
1223,-0.036414895206689835
1224,0.4902009963989258
1225,0.4334730803966522
1226,0.027974862605333328
1227,0.4902912676334381
1228,0.4482250511646271
1229,0.041761741042137146
1230,0.5131317973136902
1231,0.3451264798641205
1232,0.05586884543299675
1233,0.4993133544921875
1234,0.4171578288078308
1235,0.038363318890333176
1236,0.5062564611434937
1237,0.27342021465301514
1238,0.04584908485412598
1239,0.45780736207962036
1240,0.4749223589897156
1241,0.0016631101025268435
1242,0.4240102469921112
1243,0.35882681608200073
1244,-0.02959057316184044
1245,0.4530089497566223
1246,0.3341568112373352
1247,-0.007222350221127272
1248,0.5040475130081177
1249,0.29535508155822754
1250,0.03341042250394821
1251,0.4710875451564789
1252,0.2914011478424072
1253,0.007298443000763655
1254,0.46393927931785583
1255,0.2922957241535187
1256,0.005313572473824024
1257,0.4556923508644104
1258,0.4142090082168579
1259,-0.00487757520750165
1260,0.5042756199836731
1261,0.36390426754951477
1262,0.028492460027337074
1263,0.44272634387016296
1264,0.4934319257736206
1265,0.0033231012057513
1266,0.4683515727519989
1267,0.4759112000465393
1268,0.01986558362841606
1269,0.47881069779396057
1270,0.4644552767276764
1271,0.029534241184592247
1272,0.4570005536079407
1273,0.2916377782821655
1274,0.005070903338491917
1275,0.4505385458469391
1276,0.28973445296287537
1277,0.006319558713585138
1278,0.4464972913265228
1279,0.2886400818824768
1280,0.008138748817145824
1281,0.500467836856842
1282,0.275360643863678
1283,0.025986552238464355
1284,0.45126375555992126
1285,0.28087177872657776
1286,0.005345840938389301
1287,0.45819398760795593
1288,0.27857303619384766
1289,0.003714843885973096
1290,0.4651249051094055
1291,0.27801206707954407
1292,0.0040135313756763935
1293,0.47217848896980286
1294,0.27953338623046875
1295,0.005857134237885475
1296,0.4767664074897766
1297,0.2820398211479187
1298,0.00853588804602623
1299,0.5107508301734924
1300,0.26992353796958923
1301,0.06851397454738617
1302,0.4758109450340271
1303,0.2898457646369934
1304,0.009825287386775017
1305,0.44991010427474976
1306,0.37866124510765076
1307,-0.015219426713883877
1308,0.44197025895118713
1309,0.3517809510231018
1310,-0.0237886980175972
1311,0.4334036111831665
1312,0.37455424666404724
1313,-0.02246267907321453
1314,0.4799819886684418
1315,0.44958364963531494
1316,0.01964801922440529
1317,0.469524621963501
1318,0.4624214172363281
1319,0.011119688861072063
1320,0.4426221251487732
1321,0.48379483819007874
1322,-0.006489389110356569
1323,0.49898800253868103
1324,0.43053942918777466
1325,0.05706871673464775
1326,0.4464547038078308
1327,0.28463926911354065
1328,0.007144792936742306
1329,0.433476060628891
1330,0.30898284912109375
1331,-0.02028067782521248
1332,0.4566497206687927
1333,0.48601531982421875
1334,0.009895263239741325
1335,0.5111802220344543
1336,0.3710717558860779
1337,0.05392442271113396
1338,0.43911197781562805
1339,0.41153842210769653
1340,-0.012815761379897594
1341,0.4405549466609955
1342,0.41474610567092896
1343,-0.014382571913301945
1344,0.4422217607498169
1345,0.41996240615844727
1346,-0.01601560227572918
1347,0.4436410069465637
1348,0.42668241262435913
1349,-0.01510223001241684
1350,0.44639021158218384
1351,0.43751755356788635
1352,-0.00963275320827961
1353,0.45108842849731445
1354,0.4076583683490753
1355,-0.006684610620141029
1356,0.4537088871002197
1357,0.4065430462360382
1358,-0.006772676482796669
1359,0.45620542764663696
1360,0.4045748710632324
1361,-0.006674769334495068
1362,0.4637008011341095
1363,0.39630943536758423
1364,-0.004930712282657623
1365,0.493503212928772
1366,0.36904698610305786
1367,0.011881894432008266
1368,0.43330803513526917
1369,0.29852157831192017
1370,-0.01251465454697609
1371,0.43753138184547424
1372,0.2796454131603241
1373,0.002766320714727044
1374,0.4427613914012909
1375,0.28142762184143066
1376,0.005801389925181866
1377,0.4489634335041046
1378,0.4063439965248108
1379,-0.005834742449223995
1380,0.4952660799026489
1381,0.3987376093864441
1382,0.023501327261328697
1383,0.4301477372646332
1384,0.278409481048584
1385,-0.008004149422049522
1386,0.4510912001132965
1387,0.4489745497703552
1388,-0.005616302136331797
1389,0.42722561955451965
1390,0.30253154039382935
1391,-0.025687314569950104
1392,0.4400140047073364
1393,0.3266453742980957
1394,-0.020686175674200058
1395,0.4378882348537445
1396,0.45643502473831177
1397,-0.010403147898614407
1398,0.46960020065307617
1399,0.42527487874031067
1400,0.003353935433551669
1401,0.45772433280944824
1402,0.3585609197616577
1403,-0.00673294672742486
1404,0.46148359775543213
1405,0.4387202560901642
1406,-0.0008295075967907906
1407,0.47557923197746277
1408,0.3576151132583618
1409,-0.0034404995385557413
1410,0.465125173330307
1411,0.3708871901035309
1412,-0.005696674808859825
1413,0.4828778803348541
1414,0.3773227334022522
1415,0.002799617126584053
1416,0.4409320652484894
1417,0.47082486748695374
1418,-0.010260473005473614
1419,0.4456356465816498
1420,0.3335909843444824
1421,-0.01499608252197504
1422,0.4768669307231903
1423,0.4351012110710144
1424,0.010743948630988598
1425,0.46653079986572266
1426,0.4492829144001007
1427,0.005076774396002293
1428,0.4755491614341736
1429,0.4096490740776062
1430,0.004448532592505217
1431,0.5025262832641602
1432,0.3844628930091858
1433,0.030928371474146843
1434,0.485689640045166
1435,0.4119640290737152
1436,0.012499270960688591
1437,0.5072406530380249
1438,0.39513108134269714
1439,0.04959939420223236
1440,0.47165411710739136
1441,0.3870752155780792
1442,-0.002260797657072544
1443,0.43927475810050964
1444,0.3170150816440582
1445,-0.014689257368445396
1446,0.43950751423835754
1447,0.3473395109176636
1448,-0.03380411118268967
1449,0.44545692205429077
1450,0.3510128855705261
1451,-0.024935077875852585
1452,0.4353092312812805
1453,0.33961042761802673
1454,-0.039800871163606644
1455,0.443797767162323
1456,0.2708487808704376
1457,0.0003511355316732079
1458,0.4569355547428131
1459,0.26496070623397827
1460,-0.0015015965327620506
1461,0.46838778257369995
1462,0.2636752128601074
1463,-0.0014276258880272508
1464,0.4780507981777191
1465,0.2652466893196106
1466,0.0016910944832488894
1467,0.48493704199790955
1468,0.27010250091552734
1469,0.0067891343496739864
1470,0.49014508724212646
1471,0.28952857851982117
1472,0.01927095465362072
1473,0.513395369052887
1474,0.32047876715660095
1475,0.055050939321517944
1476,0.4843132197856903
1477,0.30438587069511414
1478,0.012495189905166626
1479,0.4760188162326813
1480,0.3073466122150421
1481,0.0074589066207408905
1482,0.4653289318084717
1483,0.30730053782463074
1484,0.004147418774664402
1485,0.4549652934074402
1486,0.3045492470264435
1487,0.0031223632395267487
1488,0.44680964946746826
1489,0.30064424872398376
1490,0.0028695526998490095
1491,0.4411677420139313
1492,0.29670268297195435
1493,0.0026287224609404802
1494,0.5134625434875488
1495,0.3234623968601227
1496,0.0859515517950058
1497,0.44537806510925293
1498,0.35452860593795776
1499,-0.020906168967485428
1500,0.43347984552383423
1501,0.31844741106033325
1502,-0.027152044698596
1503,0.43312621116638184
1504,0.3477199971675873
1505,-0.04026421159505844
1506,0.4288133680820465
1507,0.353988379240036
1508,-0.03705722838640213
1509,0.433349609375
1510,0.3497834801673889
1511,-0.0362628810107708
1512,0.4430961608886719
1513,0.35864540934562683
1514,-0.018233107402920723
1515,0.42719757556915283
1516,0.3550627827644348
1517,-0.03925302252173424
1518,0.4267602264881134
1519,0.3579327166080475
1520,-0.02961558662354946
1521,0.441397100687027
1522,0.2880265414714813
1523,0.007058012764900923
1524,0.4366195797920227
1525,0.2904887795448303
1526,0.0019521008944138885
1527,0.4340428113937378
1528,0.2917897701263428
1529,-0.004242492374032736
1530,0.47957029938697815
1531,0.2840620279312134
1532,0.011193267069756985
1533,0.4839225709438324
1534,0.2797541320323944
1535,0.011414353735744953
1536,0.0
1537,0.0
1538,0.0
1539,0.0
1540,0.0
1541,0.0
1542,0.0
1543,0.0
1544,0.0
1545,0.0
1546,0.0
1547,0.0
1548,0.0
1549,0.0
1550,0.0
1551,0.0
1552,0.0
1553,0.0
1554,0.0
1555,0.0
1556,0.0
1557,0.0
1558,0.0
1559,0.0
1560,0.0
1561,0.0
1562,0.0
1563,0.0
1564,0.0
1565,0.0
1566,0.0
1567,0.0
1568,0.0
1569,0.0
1570,0.0
1571,0.0
1572,0.0
1573,0.0
1574,0.0
1575,0.0
1576,0.0
1577,0.0
1578,0.0
1579,0.0
1580,0.0
1581,0.0
1582,0.0
1583,0.0
1584,0.0
1585,0.0
1586,0.0
1587,0.0
1588,0.0
1589,0.0
1590,0.0
1591,0.0
1592,0.0
1593,0.0
1594,0.0
1595,0.0
1596,0.0
1597,0.0
1598,0.0
1599,0.12383739650249481
1600,0.6652625799179077
1601,-8.959006692066396e-08
1602,0.17087054252624512
1603,0.6352395415306091
1604,-0.005204451270401478
1605,0.19875429570674896
1606,0.5588487982749939
1607,-0.002139437012374401
1608,0.20909255743026733
1609,0.5047927498817444
1610,-0.0018456276739016175
1611,0.22187885642051697
1612,0.47173547744750977
1613,-0.001220362726598978
1614,0.15921849012374878
1615,0.47516027092933655
1616,0.00848815031349659
1617,0.1661149263381958
1618,0.4030921161174774
1619,0.00310465763323009
1620,0.17045776546001434
1621,0.36086708307266235
1622,0.0013259676052257419
1623,0.171372652053833
1624,0.32159775495529175
1625,-0.00023936262005008757
1626,0.13231635093688965
1627,0.47328293323516846
1628,0.0018153261626139283
1629,0.14129017293453217
1630,0.3997134566307068
1631,-0.024895116686820984
1632,0.15954066812992096
1633,0.44291847944259644
1634,-0.03761208802461624
1635,0.16522812843322754
1636,0.48862379789352417
1637,-0.03695401921868324
1638,0.10586230456829071
1639,0.4783371686935425
1640,-0.005712835118174553
1641,0.1117868721485138
1642,0.40639883279800415
1643,-0.03173914551734924
1644,0.1334611475467682
1645,0.45463696122169495
1646,-0.03485851734876633
1647,0.14159750938415527
1648,0.4987294375896454
1649,-0.02765129692852497
1650,0.07765017449855804
1651,0.48980262875556946
1652,-0.013377009890973568
1653,0.06252504140138626
1654,0.42234912514686584
1655,-0.02847498469054699
1656,0.06176653504371643
1657,0.3791928291320801
1658,-0.03302597254514694
1659,0.059126660227775574
1660,0.3359406590461731
1661,-0.03307149559259415
