,0
0,0.225274920463562
1,0.4895995557308197
2,-1.0572679042816162
3,0.9861333966255188
4,0.27683770656585693
5,0.40668168663978577
6,-1.0751575231552124
7,0.9834586381912231
8,0.30112624168395996
9,0.411347895860672
10,-1.0756913423538208
11,0.9872786402702332
12,0.3298364281654358
13,0.4176490008831024
14,-1.0757197141647339
15,0.9864842295646667
16,0.23848406970500946
17,0.4005507826805115
18,-0.9735501408576965
19,0.979802668094635
20,0.2317262589931488
21,0.40059560537338257
22,-0.9732875823974609
23,0.9802054762840271
24,0.2250499278306961
25,0.4021150469779968
26,-0.9741924405097961
27,0.9761829376220703
28,0.4171596169471741
29,0.46868792176246643
30,-0.8877323865890503
31,0.9924185872077942
32,0.2847883105278015
33,0.44939935207366943
34,-0.4070590138435364
35,0.9754403233528137
36,0.27790001034736633
37,0.5844337940216064
38,-0.9664863348007202
39,0.9826753735542297
40,0.22961995005607605
41,0.5795044302940369
42,-0.8322515487670898
43,0.9722253680229187
44,0.6692754030227661
45,0.8483092188835144
46,-0.9033311605453491
47,0.9414356350898743
48,0.158431276679039
49,0.8623363971710205
50,-0.10168279707431793
51,0.9149550795555115
52,0.6679490804672241
53,1.311340570449829
54,-1.8997809886932373
55,0.5047398805618286
56,0.0606112964451313
57,1.2506765127182007
58,-0.871538519859314
59,0.061222221702337265
60,0.32221394777297974
61,1.0003527402877808
62,-2.328258991241455
63,0.781812846660614
64,0.12789669632911682
65,0.9674506783485413
66,-2.1562795639038086
67,0.23469839990139008
68,0.20851700007915497
69,0.9453256726264954
70,-2.4551374912261963
71,0.7815514802932739
72,0.12842229008674622
73,0.9020061492919922
74,-2.3818273544311523
75,0.2583058774471283
76,0.2179383784532547
77,0.8893275856971741
78,-2.2981958389282227
79,0.8190642595291138
80,0.14069673418998718
81,0.8500250577926636
82,-2.277468204498291
83,0.33332887291908264
84,0.2523188292980194
85,0.9007193446159363
86,-2.299604892730713
87,0.7526261210441589
88,0.1618955284357071
89,0.8703016638755798
90,-2.1703994274139404
91,0.2939086854457855
92,0.5962141752243042
93,1.828380823135376
94,-0.19392716884613037
95,0.0014253774425014853
96,0.23707278072834015
97,1.8082821369171143
98,0.19875840842723846
99,0.0010316565167158842
100,0.5768643021583557
101,2.584376811981201
102,-0.25237154960632324
103,0.009071893990039825
104,0.2567591965198517
105,2.5299675464630127
106,-0.19643324613571167
107,0.0028685082215815783
108,0.6167328953742981
109,3.2868571281433105
110,0.29986709356307983
111,0.00027227032114751637
112,0.29834988713264465
113,3.242125988006592
114,0.1459994614124298
115,7.769904186716303e-05
116,0.6355984807014465
117,3.406020164489746
118,0.31526458263397217
119,0.00017433305038139224
120,0.3102191984653473
121,3.3492038249969482
122,0.15173418819904327
123,8.824968972476199e-05
124,0.5413839221000671
125,3.4837546348571777
126,-0.45002907514572144
127,0.0005404549883678555
128,0.2938132584095001
129,3.4479517936706543
130,-0.595151424407959
131,0.0006785727455280721
132,0.20114603638648987
133,0.5073556303977966
134,-0.045801591128110886
135,0.19085612893104553
136,0.43838104605674744
137,-0.04240374639630318
138,0.2080712467432022
139,0.46958601474761963
140,-0.032574303448200226
141,0.20481884479522705
142,0.4001813530921936
143,-0.007554377429187298
144,0.1920042484998703
145,0.4216742217540741
146,-0.040234167128801346
147,0.20096266269683838
148,0.406283974647522
149,-0.030780106782913208
150,0.22778266668319702
151,0.3733096122741699
152,0.008412877097725868
153,0.20602020621299744
154,0.4075729548931122
155,0.09470190107822418
156,0.23719683289527893
157,0.34194496273994446
158,0.0275130495429039
159,0.2377723902463913
160,0.32150018215179443
161,0.034799735993146896
162,0.25409555435180664
163,0.2570001482963562
164,0.07284760475158691
165,0.20110726356506348
166,0.5165435671806335
167,-0.046888504177331924
168,0.2036413848400116
169,0.5262230634689331
170,-0.04612079635262489
171,0.20753948390483856
172,0.5325043201446533
173,-0.04427926987409592
174,0.20703379809856415
175,0.5422244668006897
176,-0.04576229676604271
177,0.20466049015522003
178,0.548704981803894
179,-0.04883693903684616
180,0.20321781933307648
181,0.5576799511909485
182,-0.05256745591759682
183,0.20377638936042786
184,0.569097101688385
185,-0.054668769240379333
186,0.20964202284812927
187,0.591854989528656
188,-0.05312265083193779
189,0.1959209144115448
190,0.45143699645996094
191,-0.04108869656920433
192,0.19864660501480103
193,0.4590010941028595
194,-0.026519186794757843
195,0.22304007411003113
196,0.37355250120162964
197,0.18623292446136475
198,0.2180194854736328
199,0.40973004698753357
200,0.06312813609838486
201,0.21217823028564453
202,0.41322559118270874
203,0.07065840810537338
204,0.20773380994796753
205,0.4150528311729431
206,0.07973561435937881
207,0.2066788226366043
208,0.4148801267147064
209,0.09666986018419266
210,0.22306939959526062
211,0.4036969840526581
212,0.05709662660956383
213,0.21108081936836243
214,0.37386855483055115
215,0.07982999831438065
216,0.2175111174583435
217,0.3719123601913452
218,0.07113434374332428
219,0.20613215863704681
220,0.37905353307724
221,0.08848434686660767
222,0.20415058732032776
223,0.3870922029018402
224,0.09479419142007828
225,0.2033686339855194
226,0.42551255226135254
227,0.10154447704553604
228,0.18895111978054047
229,0.6246082782745361
230,-0.02703266404569149
231,0.20614537596702576
232,0.4070731997489929
233,0.10079880058765411
234,0.2163824737071991
235,0.43512383103370667
236,0.16314731538295746
237,0.2052728235721588
238,0.4197176694869995
239,0.12159665673971176
240,0.1941465139389038
241,0.46299630403518677
242,0.031113000586628914
243,0.1935310959815979
244,0.5076617002487183
245,-0.03437073156237602
246,0.19787494838237762
247,0.5289082527160645
248,-0.03627995401620865
249,0.1884881556034088
250,0.5194052457809448
251,-0.021078968420624733
252,0.18791797757148743
253,0.5331076383590698
254,-0.01008372101932764
255,0.19501768052577972
256,0.5338821411132812
257,-0.025049205869436264
258,0.19386698305606842
259,0.5402819514274597
260,-0.015277499333024025
261,0.18765239417552948
262,0.5703479647636414
263,-0.0021172326523810625
264,0.18656252324581146
265,0.44118937849998474
266,-0.03629593178629875
267,0.18645107746124268
268,0.4253653883934021
269,-0.03299830108880997
270,0.2018948197364807
271,0.3778802752494812
272,0.11515331268310547
273,0.21290066838264465
274,0.42198240756988525
275,0.03202274069190025
276,0.18866249918937683
277,0.4558161795139313
278,0.00011050365719711408
279,0.19185636937618256
280,0.45012858510017395
281,0.005270014982670546
282,0.18563123047351837
283,0.47403720021247864
284,0.06581654399633408
285,0.19515031576156616
286,0.41080084443092346
287,-0.02070671133697033
288,0.20668140053749084
289,0.3507387042045593
290,0.08689608424901962
291,0.20249652862548828
292,0.3620408773422241
293,0.10312797874212265
294,0.22006180882453918
295,0.34018927812576294
296,0.17299138009548187
297,0.22510778903961182
298,0.34637510776519775
299,0.045610956847667694
300,0.22375263273715973
301,0.37414616346359253
302,0.06534011662006378
303,0.18532001972198486
304,0.5561119318008423
305,0.012287377379834652
306,0.22233572602272034
307,0.5925651788711548
308,0.11368446797132492
309,0.19505365192890167
310,0.4639998972415924
311,-0.005833076313138008
312,0.20040687918663025
313,0.46710512042045593
314,-0.01857483573257923
315,0.19054844975471497
316,0.5537929534912109
317,0.005755602847784758
318,0.1950594186782837
319,0.5510521531105042
320,-0.0007153891492635012
321,0.20390301942825317
322,0.355820894241333
323,0.11534693092107773
324,0.19254058599472046
325,0.46574002504348755
326,0.0008578249835409224
327,0.21364888548851013
328,0.3442363739013672
329,0.06750211119651794
330,0.2133287787437439
331,0.3322495222091675
332,0.07257536053657532
333,0.2272343635559082
334,0.2851221561431885
335,0.12414425611495972
336,0.2107638269662857
337,0.34633392095565796
338,0.14122092723846436
339,0.21947389841079712
340,0.3056764006614685
341,0.0987803116440773
342,0.2039373815059662
343,0.3751539885997772
344,0.13014735281467438
345,0.21207252144813538
346,0.3745957612991333
347,0.15722240507602692
348,0.19461911916732788
349,0.5190387964248657
350,-0.03591800853610039
351,0.19095978140830994
352,0.5272935628890991
353,-0.02379464916884899
354,0.1900765299797058
355,0.536510169506073
356,-0.013793078251183033
357,0.19810310006141663
358,0.4672205150127411
359,-0.008651313371956348
360,0.1924532651901245
361,0.5527282953262329
362,0.0018420227570459247
363,0.19179615378379822
364,0.553219199180603
365,-0.009887143038213253
366,0.1970980167388916
367,0.5497239232063293
368,-0.0020828924607485533
369,0.19047954678535461
370,0.4515385031700134
371,-0.01443365216255188
372,0.1984005868434906
373,0.5400914549827576
374,-0.01592268794775009
375,0.19959211349487305
376,0.5363184213638306
377,-0.024581557139754295
378,0.20258145034313202
379,0.5338660478591919
380,-0.03441039100289345
381,0.20058943331241608
382,0.5914663672447205
383,-0.043976038694381714
384,0.19546949863433838
385,0.569074273109436
386,-0.04402824118733406
387,0.195652037858963
388,0.5579099655151367
389,-0.04172297567129135
390,0.19801808893680573
391,0.5486547946929932
392,-0.03744549676775932
393,0.20087900757789612
394,0.5432606935501099
395,-0.035107601433992386
396,0.196746826171875
397,0.5471814870834351
398,-0.016941847279667854
399,0.1944844275712967
400,0.5495060682296753
401,-0.019389942288398743
402,0.19136345386505127
403,0.5543432831764221
404,-0.021983779966831207
405,0.18931171298027039
406,0.5615130066871643
407,-0.020305348560214043
408,0.18664555251598358
409,0.5161451101303101
410,0.0016518678748980165
411,0.233076274394989
412,0.5170819759368896
413,0.1653878390789032
414,0.20244044065475464
415,0.45989692211151123
416,-0.03474302589893341
417,0.1971474289894104
418,0.5489489436149597
419,-0.008406583219766617
420,0.19432683289051056
421,0.5501245260238647
422,-0.010014223866164684
423,0.20110614597797394
424,0.4734928011894226
425,-0.022676924243569374
426,0.19739490747451782
427,0.4764625132083893
428,-0.0025400673039257526
429,0.2006681263446808
430,0.47042983770370483
431,-0.02056528814136982
432,0.206857368350029
433,0.4348040223121643
434,0.03856674209237099
435,0.19665807485580444
436,0.4486030042171478
437,0.0487193763256073
438,0.19411739706993103
439,0.4595842957496643
440,0.007566280197352171
441,0.22209472954273224
442,0.31035035848617554
443,0.15050728619098663
444,0.21461841464042664
445,0.32354259490966797
446,0.12198065966367722
447,0.20721426606178284
448,0.3406478464603424
449,0.09664060175418854
450,0.18986272811889648
451,0.5784076452255249
452,-0.01490415632724762
453,0.2234167605638504
454,0.3267372250556946
455,0.052177928388118744
456,0.229082852602005
457,0.2950236201286316
458,0.07604669779539108
459,0.2367658168077469
460,0.2685827910900116
461,0.09638907015323639
462,0.20618760585784912
463,0.4166727662086487
464,0.08914384990930557
465,0.1994774341583252
466,0.43817782402038574
467,0.10949733853340149
468,0.22647395730018616
469,0.3977659344673157
470,0.05646528676152229
471,0.20398877561092377
472,0.3971986174583435
473,0.10943583399057388
474,0.21668721735477448
475,0.40858933329582214
476,0.02777778171002865
477,0.18686002492904663
478,0.4437609016895294
479,-0.008984215557575226
480,0.19810351729393005
481,0.4540083706378937
482,0.12283007055521011
483,0.19474780559539795
484,0.4438799321651459
485,0.09398320317268372
486,0.1945190727710724
487,0.4429110884666443
488,0.07481840997934341
489,0.20346540212631226
490,0.4348023235797882
491,0.05843806266784668
492,0.21215179562568665
493,0.4251890480518341
494,0.048354197293519974
495,0.2184772491455078
496,0.41453486680984497
497,0.04111572727560997
498,0.22189591825008392
499,0.38080230355262756
500,0.01834864355623722
501,0.1907149851322174
502,0.48391416668891907
503,0.10839881002902985
504,0.20387595891952515
505,0.3978060483932495
506,0.12124788761138916
507,0.19343191385269165
508,0.4522961676120758
509,-0.03656534478068352
510,0.2066982388496399
511,0.433133989572525
512,0.022116664797067642
513,0.2356993705034256
514,0.44526171684265137
515,0.19244082272052765
516,0.2229558378458023
517,0.4032059907913208
518,0.03816498443484306
519,0.19846825301647186
520,0.4644879400730133
521,0.013586237095296383
522,0.20640268921852112
523,0.40842390060424805
524,0.10453839600086212
525,0.19160878658294678
526,0.43668514490127563
527,-0.003005016129463911
528,0.2284402996301651
529,0.5544664263725281
530,0.14275386929512024
531,0.22848331928253174
532,0.3933393955230713
533,0.06222735717892647
534,0.19286313652992249
535,0.4213416576385498
536,-0.012275445275008678
537,0.1909378468990326
538,0.6080837845802307
539,0.043659355491399765
540,0.20367902517318726
541,0.6357092261314392
542,0.049711503088474274
543,0.20720750093460083
544,0.5014148354530334
545,0.13995544612407684
546,0.1961040496826172
547,0.5921383500099182
548,0.07052219659090042
549,0.21505501866340637
550,0.40287286043167114
551,0.16430696845054626
552,0.18847760558128357
553,0.6471048593521118
554,-0.02772764302790165
555,0.200444296002388
556,0.4603904187679291
557,-0.031552836298942566
558,0.2024279534816742
559,0.44842836260795593
560,0.025921883061528206
561,0.20684385299682617
562,0.42669835686683655
563,0.13613572716712952
564,0.20810270309448242
565,0.40642815828323364
566,0.08217775076627731
567,0.2122688591480255
568,0.40504783391952515
569,0.07448702305555344
570,0.19009876251220703
571,0.5575046539306641
572,-0.007333936635404825
573,0.18928903341293335
574,0.515710711479187
575,0.09453324228525162
576,0.2001802623271942
577,0.6759755611419678
578,-0.047448836266994476
579,0.19513675570487976
580,0.65953528881073
581,-0.0007808447116985917
582,0.19753770530223846
583,0.6502673029899597
584,0.022121937945485115
585,0.24412858486175537
586,0.2871350646018982
587,0.05402306467294693
588,0.21574345231056213
589,0.680245041847229
590,-0.06678394228219986
591,0.21730397641658783
592,0.40243104100227356
593,0.06802227348089218
594,0.2225380688905716
595,0.3985622227191925
596,0.0643482655286789
597,0.2263491153717041
598,0.3954974114894867
599,0.0634666308760643
600,0.20665588974952698
601,0.39927300810813904
602,0.13585405051708221
603,0.22295495867729187
604,0.38861513137817383
605,0.06832464039325714
606,0.2174912691116333
607,0.38882210850715637
608,0.0732414498925209
609,0.2123936116695404
610,0.3901554048061371
611,0.07965198159217834
612,0.20834776759147644
613,0.3940938711166382
614,0.08671295642852783
615,0.20650477707386017
616,0.39907482266426086
617,0.09164519608020782
618,0.22898712754249573
619,0.40603482723236084
620,0.19375582039356232
621,0.20656326413154602
622,0.4070000946521759
623,0.08904125541448593
624,0.20684552192687988
625,0.4820074439048767
626,-0.03545815497636795
627,0.18996134400367737
628,0.5011670589447021
629,-0.0064927563071250916
630,0.19261746108531952
631,0.45993682742118835
632,-0.007400341331958771
633,0.19758522510528564
634,0.48730865120887756
635,-0.025611288845539093
636,0.23607656359672546
637,0.35974836349487305
638,0.021060235798358917
639,0.18890967965126038
640,0.6241685748100281
641,0.01757049933075905
642,0.1887131631374359
643,0.6357523798942566
644,-0.005404339637607336
645,0.19331368803977966
646,0.6556060314178467
647,-0.051511604338884354
648,0.21329501271247864
649,0.619311511516571
650,0.08177129179239273
651,0.22654636204242706
652,0.3907860815525055
653,0.06501740217208862
654,0.21034851670265198
655,0.4030914604663849
656,0.011119182221591473
657,0.2077619433403015
658,0.6593850255012512
659,-0.07031566649675369
660,0.19459760189056396
661,0.6681704521179199
662,-0.0241093672811985
663,0.20500048995018005
664,0.5360209345817566
665,0.12109159678220749
666,0.19765989482402802
667,0.5447665452957153
668,-0.025322500616312027
669,0.19483894109725952
670,0.5489691495895386
671,-0.027475083246827126
672,0.1922072172164917
673,0.5560519695281982
674,-0.030506577342748642
675,0.1905273199081421
676,0.5664193034172058
677,-0.030775172635912895
678,0.1934800148010254
679,0.5857998132705688
680,-0.028639839962124825
681,0.19438576698303223
682,0.546409010887146
683,-0.006202151533216238
684,0.19109368324279785
685,0.5459029674530029
686,-0.0030967090278863907
687,0.18884395062923431
688,0.5443576574325562
689,-0.00010445551743032411
690,0.18481417000293732
691,0.5352652668952942
692,0.010562197305262089
693,0.18398407101631165
694,0.513737678527832
695,0.06527671962976456
696,0.21986491978168488
697,0.39354196190834045
698,0.023775756359100342
699,0.2310878038406372
700,0.37568575143814087
701,0.05092988908290863
702,0.22917070984840393
703,0.3820245563983917
704,0.0606595054268837
705,0.19813600182533264
706,0.5440150499343872
707,-0.007493752054870129
708,0.18744049966335297
709,0.5593257546424866
710,0.06226533278822899
711,0.23037242889404297
712,0.3681601285934448
713,0.035011257976293564
714,0.19252368807792664
715,0.6048403978347778
716,-0.0280513484030962
717,0.21053215861320496
718,0.3952493667602539
719,-0.017492113634943962
720,0.212811678647995
721,0.39105409383773804
722,0.004402375314384699
723,0.21899046003818512
724,0.3847918212413788
725,-0.0037483375053852797
726,0.20138177275657654
727,0.42753082513809204
728,0.006734588649123907
729,0.20576733350753784
730,0.6358870267868042
731,-0.06748754531145096
732,0.20793965458869934
733,0.6118323802947998
734,-0.060043878853321075
735,0.19791096448898315
736,0.6107453107833862
737,-0.04713475704193115
738,0.18536773324012756
739,0.5811662077903748
740,0.005330197978764772
741,0.19399994611740112
742,0.4802214205265045
743,0.017263440415263176
744,0.18852853775024414
745,0.5955629944801331
746,-0.011874789372086525
747,0.18509048223495483
748,0.48609185218811035
749,0.03756773844361305
750,0.18743473291397095
751,0.49924835562705994
752,0.01975717581808567
753,0.182120680809021
754,0.5178425312042236
755,0.04091038927435875
756,0.19353049993515015
757,0.6329447627067566
758,-0.04948340728878975
759,0.2010211944580078
760,0.4414740800857544
761,0.012434389442205429
762,0.18497596681118011
763,0.5991678833961487
764,0.013389522209763527
765,0.18731480836868286
766,0.6132389903068542
767,-0.008233371190726757
768,0.18274086713790894
769,0.5617846250534058
770,0.021562887355685234
771,0.1903471052646637
772,0.544606626033783
773,0.0831364318728447
774,0.18355105817317963
775,0.5713228583335876
776,0.03599797561764717
777,0.20180410146713257
778,0.56742924451828
779,0.10014422982931137
780,0.18359318375587463
781,0.5260863304138184
782,0.023151801899075508
783,0.20894978940486908
784,0.4180111289024353
785,0.017135189846158028
786,0.1874934732913971
787,0.4489993453025818
788,-0.013508422300219536
789,0.1896418035030365
790,0.45962682366371155
791,-0.005856736563146114
792,0.18573503196239471
793,0.43301939964294434
794,-0.019667653366923332
795,0.22625449299812317
796,0.3640650510787964
797,0.05949222669005394
798,0.2169007509946823
799,0.36090147495269775
800,0.07096349447965622
801,0.2090545892715454
802,0.36391681432724
803,0.08156207948923111
804,0.20376336574554443
805,0.3706873059272766
806,0.09312216192483902
807,0.20213377475738525
808,0.3822373151779175
809,0.10280217975378036
810,0.2060253620147705
811,0.41373345255851746
812,0.11106149107217789
813,0.2110949605703354
814,0.4681219458580017
815,0.15416362881660461
816,0.20137518644332886
817,0.4285678267478943
818,0.09128981083631516
819,0.2024877667427063
820,0.42765378952026367
821,0.07798926532268524
822,0.20858004689216614
823,0.4235415756702423
824,0.0652373731136322
825,0.216194748878479
826,0.4171753227710724
827,0.055817633867263794
828,0.22231724858283997
829,0.4092891812324524
830,0.04947205260396004
831,0.22631743550300598
832,0.40164995193481445
833,0.0456940159201622
834,0.236850768327713
835,0.48153582215309143
836,0.1830245703458786
837,0.1931036114692688
838,0.4660465121269226
839,-0.004074610769748688
840,0.20226463675498962
841,0.4117721915245056
842,0.0005238395533524454
843,0.18600235879421234
844,0.44339001178741455
845,-0.025991370901465416
846,0.1942228227853775
847,0.4534863829612732
848,-0.03084053471684456
849,0.1901477873325348
850,0.4490891098976135
851,-0.023076077923178673
852,0.1972254514694214
853,0.47139832377433777
854,-0.006933152209967375
855,0.19311022758483887
856,0.4531896114349365
857,-0.034548189491033554
858,0.1991271674633026
859,0.4607373774051666
860,-0.029063429683446884
861,0.2294846624135971
862,0.39133352041244507
863,0.055898264050483704
864,0.23015162348747253
865,0.3910020589828491
866,0.044221214950084686
867,0.22740525007247925
868,0.38906705379486084
869,0.034976329654455185
870,0.20580869913101196
871,0.40319859981536865
872,0.09604606032371521
873,0.20428943634033203
874,0.39709246158599854
875,0.10078210383653641
876,0.2187168300151825
877,0.39701414108276367
878,-0.02365180291235447
879,0.31968173384666443
880,0.3724018633365631
881,-0.019758472219109535
882,0.2121628224849701
883,0.4558662176132202
884,-0.038672126829624176
885,0.40251678228378296
886,0.32452553510665894
887,0.010737488977611065
888,0.2870303988456726
889,0.3871023952960968
890,-0.010874312371015549
891,0.2962154150009155
892,0.38712602853775024
893,-0.018102191388607025
894,0.3070862591266632
895,0.3864705264568329
896,-0.02288922481238842
897,0.3276425302028656
898,0.37912771105766296
899,-0.024446159601211548
900,0.2803369462490082
901,0.3846105635166168
902,-0.0011443706462159753
903,0.2961394488811493
904,0.3394731283187866
905,-0.012009474448859692
906,0.28621548414230347
907,0.3428843021392822
908,-0.001513863098807633
909,0.3086463212966919
910,0.3404165208339691
911,-0.01817438378930092
912,0.31925734877586365
913,0.34629470109939575
914,-0.02076871693134308
915,0.33718451857566833
916,0.390555739402771
917,-0.02853946015238762
918,0.25584593415260315
919,0.6244678497314453
920,-0.08129362016916275
921,0.3256278932094574
922,0.36903202533721924
923,-0.019157225266098976
924,0.4014625549316406
925,0.39617398381233215
926,-0.01745971478521824
927,0.3563915491104126
928,0.38113635778427124
929,-0.02530302107334137
930,0.27619636058807373
931,0.44794517755508423
932,-0.04286429286003113
933,0.2136835753917694
934,0.5039647221565247
935,-0.053525410592556
936,0.2146647572517395
937,0.5266419649124146
938,-0.05358510836958885
939,0.23141896724700928
940,0.5142773985862732
941,-0.06071168929338455
942,0.24455919861793518
943,0.5261742472648621
944,-0.06451622396707535
945,0.2281942069530487
946,0.5304951667785645
947,-0.05917998030781746
948,0.23974087834358215
949,0.5361340641975403
950,-0.06086970120668411
951,0.2676803767681122
952,0.5633726119995117
953,-0.07194872200489044
954,0.199264258146286
955,0.43777358531951904
956,-0.04655821621417999
957,0.20177233219146729
958,0.42181190848350525
959,-0.045284952968358994
960,0.33964407444000244
961,0.3313041031360626
962,-0.021680695936083794
963,0.26276665925979614
964,0.4104001224040985
965,-0.01635107956826687
966,0.24238190054893494
967,0.4462430477142334
968,-0.04595738649368286
969,0.24740034341812134
970,0.4403225779533386
971,-0.04200923070311546
972,0.31650131940841675
973,0.4506368041038513
974,-0.05686354637145996
975,0.210016667842865
976,0.4076644778251648
977,-0.036484066396951675
978,0.3017802834510803
979,0.3113909065723419
980,-0.008023545145988464
981,0.3219464123249054
982,0.31709372997283936
983,-0.01558884046971798
984,0.37724384665489197
985,0.2896551787853241
986,0.01583879627287388
987,0.25589486956596375
988,0.3321780562400818
989,0.015079015865921974
990,0.2793329060077667
991,0.35054710507392883
992,0.006204670295119286
993,0.2767064869403839
994,0.5464181900024414
995,-0.07245755940675735
996,0.40543505549430847
997,0.5797985196113586
998,-0.052711956202983856
999,0.23507103323936462
1000,0.4566662013530731
1001,-0.04016846790909767
1002,0.2257341742515564
1003,0.46324896812438965
1004,-0.035439763218164444
1005,0.2626227140426636
1006,0.5470026731491089
1007,-0.06725075840950012
1008,0.2591348886489868
1009,0.5462175607681274
1010,-0.06461064517498016
1011,0.33198779821395874
1012,0.3079424500465393
1013,-0.011534496210515499
1014,0.2466774433851242
1015,0.45785319805145264
1016,-0.04408632963895798
1017,0.27983346581459045
1018,0.3149052858352661
1019,0.002426975406706333
1020,0.2814910113811493
1021,0.3012845814228058
1022,0.005089292768388987
1023,0.31152454018592834
1024,0.2499570995569229
1025,0.03382490575313568
1026,0.352588415145874
1027,0.29769366979599
1028,0.0004866707313340157
1029,0.29371675848960876
1030,0.27324363589286804
1031,0.020313847810029984
1032,0.3525450825691223
1033,0.3272431790828705
1034,-0.016907425597310066
1035,0.3758428990840912
1036,0.3264874815940857
1037,-0.002778006484732032
1038,0.21335941553115845
1039,0.5159428715705872
1040,-0.05486655980348587
1041,0.22829023003578186
1042,0.5229946970939636
1043,-0.060744281858205795
1044,0.241177499294281
1045,0.5309445261955261
1046,-0.06347020715475082
1047,0.2338678240776062
1048,0.46162042021751404
1049,-0.03668808192014694
1050,0.2602015435695648
1051,0.5467804074287415
1052,-0.06526901572942734
1053,0.2526700496673584
1054,0.5475231409072876
1055,-0.06668692827224731
1056,0.2593645751476288
1057,0.5454626679420471
1058,-0.06388604640960693
1059,0.22118468582630157
1060,0.4440840184688568
1061,-0.04605705291032791
1062,0.2416040599346161
1063,0.537168562412262
1064,-0.05920076742768288
1065,0.2300141602754593
1066,0.533859133720398
1067,-0.056402262300252914
1068,0.21780680119991302
1069,0.5318891406059265
1070,-0.0521666593849659
1071,0.22417089343070984
1072,0.5901275873184204
1073,-0.06137736141681671
1074,0.21750503778457642
1075,0.5663857460021973
1076,-0.06325417757034302
1077,0.21588397026062012
1078,0.5550009608268738
1079,-0.061480455100536346
1080,0.2161768674850464
1081,0.5459761619567871
1082,-0.057274479418992996
1083,0.21763503551483154
1084,0.5407648682594299
1085,-0.05385454744100571
1086,0.2418881207704544
1087,0.5426855087280273
1088,-0.06062553822994232
1089,0.24219736456871033
1090,0.5444086194038391
1091,-0.06301004439592361
1092,0.24353095889091492
1093,0.5486307740211487
1094,-0.06700710207223892
1095,0.24562105536460876
1096,0.5552970767021179
1097,-0.06910806149244308
1098,0.25786614418029785
1099,0.5071466565132141
1100,-0.06145137920975685
1101,0.42876309156417847
1102,0.4898799657821655
1103,-0.019815778359770775
1104,0.25049155950546265
1105,0.5449861884117126
1106,-0.06256989389657974
1107,0.25088420510292053
1108,0.5453507900238037
1109,-0.06452663987874985
1110,0.2214280068874359
1111,0.47085440158843994
1112,-0.039013709872961044
1113,0.24573567509651184
1114,0.4710318446159363
1115,-0.038494907319545746
1116,0.22329850494861603
1117,0.46728816628456116
1118,-0.03683040291070938
1119,0.27374425530433655
1120,0.4200560748577118
1121,-0.025817418470978737
1122,0.2885391414165497
1123,0.4295201599597931
1124,-0.038343969732522964
1125,0.25188660621643066
1126,0.45047950744628906
1127,-0.04136243090033531
1128,0.3471534550189972
1129,0.2638648748397827
1130,0.022311946377158165
1131,0.3260619640350342
1132,0.2795880436897278
1133,0.00828179158270359
1134,0.3074093163013458
1135,0.29901987314224243
1136,-0.0041732508689165115
1137,0.25563475489616394
1138,0.5739651918411255
1139,-0.07246307283639908
1140,0.2578902542591095
1141,0.30987441539764404
1142,0.018162749707698822
1143,0.26787206530570984
1144,0.2774254381656647
1145,0.03488057851791382
1146,0.28161779046058655
1147,0.24876521527767181
1148,0.05095050483942032
1149,0.3193816840648651
1150,0.38406652212142944
1151,-0.024803167209029198
1152,0.35051214694976807
1153,0.4033411741256714
1154,-0.03556625172495842
1155,0.2759304642677307
1156,0.38104724884033203
1157,0.00431840680539608
1158,0.3376171588897705
1159,0.3554539978504181
1160,-0.023110348731279373
1161,0.254461407661438
1162,0.3989720344543457
1163,-0.01094107236713171
1164,0.22953268885612488
1165,0.4345363974571228
1166,-0.046369846910238266
1167,0.3696856200695038
1168,0.4186352789402008
1169,-0.04230499640107155
1170,0.3355846405029297
1171,0.41245993971824646
1172,-0.04219488427042961
1173,0.31464579701423645
1174,0.4163146913051605
1175,-0.04041685163974762
1176,0.29229652881622314
1177,0.413865864276886
1178,-0.029298817738890648
1179,0.27922070026397705
1180,0.4083086848258972
1181,-0.018263768404722214
1182,0.2688383162021637
1183,0.4011823534965515
1184,-0.008957024663686752
1185,0.23730209469795227
1186,0.37606915831565857
1187,0.0018570473184809089
1188,0.36303427815437317
1189,0.454889178276062
1190,-0.05617354437708855
1191,0.34999924898147583
1192,0.35500800609588623
1193,-0.024006711319088936
1194,0.2003227025270462
1195,0.45026272535324097
1196,-0.04484942927956581
1197,0.25606799125671387
1198,0.4230377972126007
1199,-0.024729939177632332
1200,0.43044957518577576
1201,0.40790268778800964
1202,0.0023395807947963476
1203,0.2605758309364319
1204,0.392107754945755
1205,-0.0010165066923946142
1206,0.2579352855682373
1207,0.45575207471847534
1208,-0.0349893756210804
1209,0.33307281136512756
1210,0.36899104714393616
1211,-0.021157367154955864
1212,0.23603083193302155
1213,0.42805078625679016
1214,-0.04090198129415512
1215,0.4214038848876953
1216,0.5335264801979065
1217,-0.03500675410032272
1218,0.27819687128067017
1219,0.37610185146331787
1220,0.007601386401802301
1221,0.22202461957931519
1222,0.41524672508239746
1223,-0.04003264009952545
1224,0.33592507243156433
1225,0.6028117537498474
1226,-0.08002931624650955
1227,0.35088634490966797
1228,0.634905993938446
1229,-0.07693959772586823
1230,0.3987678587436676
1231,0.4714639484882355
1232,-0.04052550345659256
1233,0.36122754216194153
1234,0.5825238227844238
1235,-0.07498490065336227
1236,0.3906565308570862
1237,0.3592502474784851
1238,-0.007726373616605997
1239,0.2612650394439697
1240,0.6492105722427368
1241,-0.08651433885097504
1242,0.20582786202430725
1243,0.45894163846969604
1244,-0.03656994551420212
1245,0.2659825384616852
1246,0.4363841414451599
1247,-0.03175656870007515
1248,0.37272539734840393
1249,0.38759028911590576
1250,-0.025747522711753845
1251,0.3055434823036194
1252,0.37592756748199463
1253,-0.018466418609023094
1254,0.2959924638271332
1255,0.37741944193840027
1256,-0.014572781510651112
1257,0.25599685311317444
1258,0.5510867834091187
1259,-0.06853266060352325
1260,0.3613535761833191
1261,0.4921964406967163
1262,-0.06424598395824432
1263,0.24045228958129883
1264,0.678828239440918
1265,-0.08033645153045654
1266,0.29304397106170654
1267,0.6634013056755066
1268,-0.08265908807516098
1269,0.31926414370536804
1270,0.6522672176361084
1271,-0.08076762408018112
1272,0.28900331258773804
1273,0.37798815965652466
1274,-0.007968376390635967
1275,0.28369390964508057
1276,0.3774874806404114
1277,-0.0007720743888057768
1278,0.2801550030708313
1279,0.37711140513420105
1280,0.004920784384012222
1281,0.36531153321266174
1282,0.35540783405303955
1283,-0.020663514733314514
1284,0.2831806540489197
1285,0.36640533804893494
1286,0.0014575175009667873
1287,0.289071261882782
1288,0.3615281879901886
1289,-0.004216245841234922
1290,0.2958235740661621
1291,0.35913583636283875
1292,-0.01031362172216177
1293,0.3057730495929718
1294,0.3596530258655548
1295,-0.015635604038834572
1296,0.313728928565979
1297,0.36279526352882385
1298,-0.017998456954956055
1299,0.41966158151626587
1300,0.36182138323783875
1301,0.008610429242253304
1302,0.31322431564331055
1303,0.3740837275981903
1304,-0.020036742091178894
1305,0.2474081665277481
1306,0.4947706460952759
1307,-0.05417654663324356
1308,0.2326529324054718
1309,0.45146575570106506
1310,-0.03974344581365585
1311,0.22056494653224945
1312,0.48412367701530457
1313,-0.04512146860361099
1314,0.3111686706542969
1315,0.6220524907112122
1316,-0.08237963169813156
1317,0.2876356244087219
1318,0.6367121934890747
1319,-0.08450722694396973
1320,0.233120396733284
1321,0.65693199634552
1322,-0.08339561522006989
1323,0.3800795376300812
1324,0.6134681701660156
1325,-0.067142054438591
1326,0.27962344884872437
1327,0.3725249767303467
1328,0.005185138899832964
1329,0.23692628741264343
1330,0.3966602087020874
1331,-0.015265576541423798
1332,0.26601657271385193
1333,0.6721299886703491
1334,-0.0848134309053421
1335,0.3941445052623749
1336,0.5127978324890137
1337,-0.052253641188144684
1338,0.22976666688919067
1339,0.5407187938690186
1340,-0.05824727565050125
1341,0.22982299327850342
1342,0.5444080233573914
1343,-0.0614849254488945
1344,0.23038671910762787
1345,0.5511690378189087
1346,-0.0660267099738121
1347,0.2316834032535553
1348,0.5612859129905701
1349,-0.06828200072050095
1350,0.24068477749824524
1351,0.583038330078125
1352,-0.07027043402194977
1353,0.25139716267585754
1354,0.5419436693191528
1355,-0.0630304142832756
1356,0.25293871760368347
1357,0.5398645401000977
1358,-0.06551345437765121
1359,0.25604569911956787
1360,0.5370334386825562
1361,-0.0667552649974823
1362,0.26800528168678284
1363,0.5253157615661621
1364,-0.06777752190828323
1365,0.3308737576007843
1366,0.4937555491924286
1367,-0.06787076592445374
1368,0.2458094209432602
1369,0.38619905710220337
1370,-0.0034321181010454893
1371,0.26524731516838074
1372,0.36254212260246277
1373,0.016169516369700432
1374,0.2736889123916626
1375,0.3648998439311981
1376,0.010837526991963387
1377,0.2516942322254181
1378,0.5407876968383789
1379,-0.061607468873262405
1380,0.34081560373306274
1381,0.5452074408531189
1382,-0.07396047562360764
1383,0.2503882944583893
1384,0.360393226146698
1385,0.014682401902973652
1386,0.24993671476840973
1387,0.6035505533218384
1388,-0.07455366849899292
1389,0.22775328159332275
1390,0.3871179223060608
1391,-0.009765524417161942
1392,0.24063123762607574
1393,0.4196436405181885
1394,-0.027826650068163872
1395,0.2272571176290512
1396,0.6104259490966797
1397,-0.06944415718317032
1398,0.283214271068573
1399,0.5738016963005066
1400,-0.0761079490184784
1401,0.26632994413375854
1402,0.46986255049705505
1403,-0.04360971972346306
1404,0.26885002851486206
1405,0.5920196175575256
1406,-0.0763455405831337
1407,0.29205864667892456
1408,0.4685348570346832
1409,-0.05746184289455414
1410,0.2738870680332184
1411,0.48701202869415283
1412,-0.05610981211066246
1413,0.30547815561294556
1414,0.501188337802887
1415,-0.06773657351732254
1416,0.22925075888633728
1417,0.6331477761268616
1418,-0.07951478660106659
1419,0.2511313855648041
1420,0.432151198387146
1421,-0.031019391492009163
1422,0.2990548610687256
1423,0.5934121608734131
1424,-0.08042731881141663
1425,0.278462290763855
1426,0.6113225817680359
1427,-0.08063770830631256
1428,0.29269182682037354
1429,0.5508041977882385
1430,-0.07605952769517899
1431,0.3597903549671173
1432,0.5261523723602295
1433,-0.06918104737997055
1434,0.3161015510559082
1435,0.5603717565536499
1436,-0.07765478640794754
1437,0.3841046094894409
1438,0.550952136516571
1439,-0.06455934792757034
1440,0.2832399606704712
1441,0.5134307742118835
1442,-0.0662265494465828
1443,0.2465926706790924
1444,0.40966933965682983
1445,-0.020180920138955116
1446,0.22390449047088623
1447,0.44060152769088745
1448,-0.047532740980386734
1449,0.23733395338058472
1450,0.4506663978099823
1451,-0.044868916273117065
1452,0.21482589840888977
1453,0.4265933632850647
1454,-0.04718203842639923
1455,0.27034592628479004
1456,0.34492698311805725
1457,0.011615365743637085
1458,0.2838623523712158
1459,0.33170661330223083
1460,0.0012940972810611129
1461,0.29779794812202454
1462,0.3272336721420288
1463,-0.009535538963973522
1464,0.3131554126739502
1465,0.32969051599502563
1466,-0.017975077033042908
1467,0.327404260635376
1468,0.3389008641242981
1469,-0.021806053817272186
1470,0.34305086731910706
1471,0.37475425004959106
1472,-0.023308683186769485
1473,0.4015631675720215
1474,0.4327893555164337
1475,-0.030715031549334526
1476,0.3274596035480499
1477,0.39605316519737244
1478,-0.030508482828736305
1479,0.3115236759185791
1480,0.399813711643219
1481,-0.028543733060359955
1482,0.29589179158210754
1483,0.39997434616088867
1484,-0.02235788106918335
1485,0.28383415937423706
1486,0.39746522903442383
1487,-0.01331319473683834
1488,0.2751958668231964
1489,0.39332494139671326
1490,-0.002859084401279688
1491,0.268574595451355
1492,0.38811802864074707
1493,0.0030642214696854353
1494,0.43190133571624756
1495,0.449640154838562
1496,-0.006549521815031767
1497,0.24043861031532288
1498,0.45842596888542175
1499,-0.04219095781445503
1500,0.22906826436519623
1501,0.4059745967388153
1502,-0.026610085740685463
1503,0.20968404412269592
1504,0.43774524331092834
1505,-0.047764867544174194
1506,0.2082672119140625
1507,0.44989246129989624
1508,-0.04360384866595268
1509,0.21337419748306274
1510,0.4431803822517395
1511,-0.04531915858387947
1512,0.2397550493478775
1513,0.4660203158855438
1514,-0.038850948214530945
1515,0.20427212119102478
1516,0.45001038908958435
1517,-0.04467111825942993
1518,0.2093406319618225
1519,0.45818617939949036
1520,-0.03762046992778778
1521,0.2725534737110138
1522,0.37599778175354004
1523,0.010602501221001148
1524,0.2634369432926178
1525,0.3791990280151367
1526,0.01103917509317398
1527,0.255070298910141
1528,0.37956058979034424
1529,0.007132948376238346
1530,0.3196667432785034
1531,0.365923672914505
1532,-0.018845276907086372
1533,0.3293647766113281
1534,0.3559455871582031
1535,-0.021889332681894302
1536,0.34083038568496704
1537,1.022737741470337
1538,3.106119663698337e-07
1539,0.3152112364768982
1540,0.9184577465057373
1541,0.010531488806009293
1542,0.25030195713043213
1543,0.8637903332710266
1544,0.015278813429176807
1545,0.18770340085029602
1546,0.8506086468696594
1547,0.020970432087779045
1548,0.14445555210113525
1549,0.8607012629508972
1550,0.028414228931069374
1551,0.19277310371398926
1552,0.8883731365203857
1553,-0.013607824221253395
1554,0.09544633328914642
1555,0.8512879610061646
1556,-0.016144080087542534
1557,0.05960874259471893
1558,0.8354071378707886
1559,-0.010308269411325455
1560,0.04543381184339523
1561,0.827836275100708
1562,-0.0024008818436414003
1563,0.17231759428977966
1564,0.9548853039741516
1565,-0.016458988189697266
1566,0.06514136493206024
1567,0.9215202331542969
1568,-0.02084806002676487
1569,0.03565368056297302
1570,0.8907385468482971
1571,-0.0128006711602211
1572,0.028606191277503967
1573,0.8680346608161926
1574,-0.0032842960208654404
1575,0.16332876682281494
1576,1.0139790773391724
1577,-0.016247184947133064
1578,0.06636485457420349
1579,0.9834391474723816
1580,-0.013516923412680626
1581,0.0448453426361084
1582,0.9472071528434753
1583,-0.002705889753997326
1584,0.04281212389469147
1585,0.919571042060852
1586,0.006435205694288015
1587,0.16506019234657288
1588,1.0588665008544922
1589,-0.014334194362163544
1590,0.0870809555053711
1591,1.0331474542617798
1592,-0.0038066674023866653
1593,0.06133400648832321
1594,1.0033304691314697
1595,0.010452784597873688
1596,0.052710212767124176
1597,0.9765132665634155
1598,0.022396298125386238
1599,0.0
1600,0.0
1601,0.0
1602,0.0
1603,0.0
1604,0.0
1605,0.0
1606,0.0
1607,0.0
1608,0.0
1609,0.0
1610,0.0
1611,0.0
1612,0.0
1613,0.0
1614,0.0
1615,0.0
1616,0.0
1617,0.0
1618,0.0
1619,0.0
1620,0.0
1621,0.0
1622,0.0
1623,0.0
1624,0.0
1625,0.0
1626,0.0
1627,0.0
1628,0.0
1629,0.0
1630,0.0
1631,0.0
1632,0.0
1633,0.0
1634,0.0
1635,0.0
1636,0.0
1637,0.0
1638,0.0
1639,0.0
1640,0.0
1641,0.0
1642,0.0
1643,0.0
1644,0.0
1645,0.0
1646,0.0
1647,0.0
1648,0.0
1649,0.0
1650,0.0
1651,0.0
1652,0.0
1653,0.0
1654,0.0
1655,0.0
1656,0.0
1657,0.0
1658,0.0
1659,0.0
1660,0.0
1661,0.0
