,0
0,0.424887478351593
1,0.33049821853637695
2,-0.8272789120674133
3,0.9999867677688599
4,0.45276013016700745
5,0.27729442715644836
6,-0.7701985836029053
7,0.9999686479568481
8,0.4699033796787262
9,0.279030442237854
10,-0.7700433731079102
11,0.9999670386314392
12,0.4824422001838684
13,0.28209957480430603
14,-0.7698060274124146
15,0.999965250492096
16,0.3985733389854431
17,0.27649858593940735
18,-0.7480608224868774
19,0.9999701380729675
20,0.3809666037559509
21,0.2788929343223572
22,-0.74733567237854
23,0.9999707937240601
24,0.36341506242752075
25,0.2820345163345337
26,-0.7473167181015015
27,0.999972939491272
28,0.503886342048645
29,0.32057178020477295
30,-0.4062158465385437
31,0.9999626278877258
32,0.34768980741500854
33,0.3206672668457031
34,-0.28007346391677856
35,0.9999706149101257
36,0.46095818281173706
37,0.39978471398353577
38,-0.7020183801651001
39,0.999980092048645
40,0.39028221368789673
41,0.39786145091056824
42,-0.6674383878707886
43,0.999977171421051
44,0.6402402520179749
45,0.6944630742073059
46,-0.2566385865211487
47,0.9994325637817383
48,0.23209401965141296
49,0.6750207543373108
50,-0.1476403921842575
51,0.9997421503067017
52,0.6978825330734253
53,1.051851749420166
54,-0.279786616563797
55,0.3964987099170685
56,0.0915873572230339
57,1.0659873485565186
58,-0.6506427526473999
59,0.8492151498794556
60,0.7126427888870239
61,1.4815869331359863
62,-0.4865080714225769
63,0.3378969728946686
64,0.12000329792499542
65,0.6929623484611511
66,-1.6237201690673828
67,0.8635023236274719
68,0.7323118448257446
69,1.5880681276321411
70,-0.5676182508468628
71,0.4473048150539398
72,0.12049202620983124
73,0.5650628209114075
74,-1.816409707069397
75,0.8600859642028809
76,0.6860353946685791
77,1.5634264945983887
78,-0.6030699014663696
79,0.5589428544044495
80,0.13413837552070618
81,0.5270200967788696
82,-1.7697937488555908
83,0.8662291765213013
84,0.6644694805145264
85,1.5255082845687866
86,-0.5172971487045288
87,0.5741170048713684
88,0.15378205478191376
89,0.5847331881523132
90,-1.6394284963607788
91,0.8652231097221375
92,0.5753234028816223
93,1.4580402374267578
94,-0.08529794961214066
95,0.00079631112748757
96,0.2781113088130951
97,1.460739254951477
98,0.09018649905920029
99,0.001000579446554184
100,0.5658929944038391
101,2.118091344833374
102,-0.11763092130422592
103,0.00016584379773121327
104,0.297982782125473
105,2.1274681091308594
106,0.19008010625839233
107,0.00010610232857288793
108,0.562414824962616
109,2.6942293643951416
110,0.5411612391471863
111,3.069582089665346e-05
112,0.3122010827064514
113,2.6944704055786133
114,0.7213053703308105
115,3.5303839922562474e-06
116,0.5725110769271851
117,2.77119779586792
118,0.5658351182937622
119,1.9236680600442924e-05
120,0.31009718775749207
121,2.7677550315856934
122,0.7626877427101135
123,7.213502158265328e-06
124,0.5174399018287659
125,2.868015766143799
126,-0.06040996313095093
127,2.2365602490026504e-05
128,0.3342224657535553
129,2.8834545612335205
130,0.09090066701173782
131,1.4414495126402471e-05
132,0.42257365584373474
133,0.3959580361843109
134,-0.023954223841428757
135,0.42021632194519043
136,0.35222765803337097
137,-0.044114578515291214
138,0.42138904333114624
139,0.36532169580459595
140,-0.023162541911005974
141,0.4133961796760559
142,0.31453076004981995
143,-0.03300026059150696
144,0.4199855923652649
145,0.3400838375091553
146,-0.046946026384830475
147,0.42008641362190247
148,0.32474660873413086
149,-0.04367600753903389
150,0.42080172896385193
151,0.28905412554740906
152,-0.021973302587866783
153,0.3650358319282532
154,0.28901955485343933
155,0.012520065531134605
156,0.4212338626384735
157,0.26496025919914246
158,-0.01709424890577793
159,0.4213428795337677
160,0.25017595291137695
161,-0.018949057906866074
162,0.4215039014816284
163,0.19208121299743652
164,-0.009272289462387562
165,0.4227693974971771
166,0.40235602855682373
167,-0.02291039749979973
168,0.4230005145072937
169,0.4074629545211792
170,-0.02003401704132557
171,0.42321085929870605
172,0.4097616672515869
173,-0.016197724267840385
174,0.42360857129096985
175,0.4160366356372833
176,-0.014807228930294514
177,0.42366015911102295
178,0.4219711422920227
179,-0.01606515422463417
180,0.4237422049045563
181,0.42936646938323975
182,-0.017467115074396133
183,0.4238991141319275
184,0.4370936155319214
185,-0.01568429544568062
186,0.42413923144340515
187,0.4483642578125
188,-0.006746178958564997
189,0.4205384850502014
190,0.35839882493019104
191,-0.03994704410433769
192,0.41326406598091125
193,0.3580361306667328
194,-0.028424426913261414
195,0.3399505615234375
196,0.24936991930007935
197,0.051470622420310974
198,0.3877357840538025
199,0.29776638746261597
200,0.0038573374040424824
201,0.37997740507125854
202,0.29917895793914795
203,0.004466956946998835
204,0.37247389554977417
205,0.29918408393859863
206,0.006826329510658979
207,0.3623374402523041
208,0.2936234176158905
209,0.013768295757472515
210,0.39417675137519836
211,0.2944193482398987
212,0.0042840889655053616
213,0.3768755793571472
214,0.2719312906265259
215,0.0004685182066168636
216,0.38525232672691345
217,0.2722017765045166
218,0.0003586526436265558
219,0.3692147135734558
220,0.2736237943172455
221,0.0031964012887328863
222,0.3641400635242462
223,0.27721157670021057
224,0.006729595363140106
225,0.35655567049980164
226,0.3018058240413666
227,0.01789276674389839
228,0.3936220407485962
229,0.4646682143211365
230,0.0038391894195228815
231,0.3622581362724304
232,0.28656911849975586
233,0.015122479759156704
234,0.33613961935043335
235,0.29858964681625366
236,0.054876115173101425
237,0.34815382957458496
238,0.29501718282699585
239,0.026165680959820747
240,0.38215285539627075
241,0.34633174538612366
242,-0.0035949675366282463
243,0.4126279056072235
244,0.39426189661026
245,-0.0224868543446064
246,0.4148879051208496
247,0.4077756106853485
248,-0.018505893647670746
249,0.40303075313568115
250,0.3988874554634094
251,-0.01734786294400692
252,0.39748844504356384
253,0.4050043225288391
254,-0.010979197919368744
255,0.40803244709968567
256,0.4090348780155182
257,-0.014967408962547779
258,0.40301692485809326
259,0.4110104441642761
260,-0.009074851870536804
261,0.38812705874443054
262,0.42540258169174194
263,0.0026194751262664795
264,0.4133537709712982
265,0.35203805565834045
266,-0.04331289604306221
267,0.41204017400741577
268,0.34059053659439087
269,-0.045861680060625076
270,0.3520272672176361
271,0.2664579749107361
272,0.008849171921610832
273,0.3972172141075134
274,0.3160747289657593
275,-0.00582603644579649
276,0.39473047852516174
277,0.350347638130188
278,-0.02230699174106121
279,0.3941881060600281
280,0.34445449709892273
281,-0.0196819044649601
282,0.3599102795124054
283,0.3468419909477234
284,0.007231489755213261
285,0.4126098155975342
286,0.32628512382507324
287,-0.040888380259275436
288,0.370173841714859
289,0.25456157326698303
290,-0.006287408992648125
291,0.35920625925064087
292,0.258384108543396
293,0.000343699794029817
294,0.34644055366516113
295,0.22834700345993042
296,0.034905754029750824
297,0.40492570400238037
298,0.2632094621658325
299,-0.014025927521288395
300,0.3926554322242737
301,0.2749340832233429
302,0.0027864999137818813
303,0.3823699355125427
304,0.41354039311408997
305,0.004552640952169895
306,0.34602993726730347
307,0.40733978152275085
308,0.07733795791864395
309,0.40103062987327576
310,0.35650795698165894
311,-0.01908078044652939
312,0.4081035852432251
313,0.3602963387966156
314,-0.02049689181149006
315,0.39155298471450806
316,0.41499629616737366
317,0.0032139697577804327
318,0.3956035375595093
319,0.41403478384017944
320,0.0007424716022796929
321,0.35503020882606506
322,0.2509360611438751
323,0.00460567744448781
324,0.3949485421180725
325,0.35596027970314026
326,-0.017678560689091682
327,0.3852703869342804
328,0.2554748058319092
329,-0.01126291323453188
330,0.383707195520401
331,0.24590319395065308
332,-0.013026510365307331
333,0.3761807978153229
334,0.19954562187194824
335,0.0023729850072413683
336,0.350944459438324
337,0.23883473873138428
338,0.0176236629486084
339,0.38073381781578064
340,0.22124195098876953
341,-0.005772129166871309
342,0.34779465198516846
343,0.2617856562137604
344,0.016155844554305077
345,0.3438872694969177
346,0.255817711353302
347,0.03286372870206833
348,0.4136580526828766
349,0.40201127529144287
350,-0.021488863974809647
351,0.4058059751987457
352,0.40494415163993835
353,-0.016585974022746086
354,0.4002388119697571
355,0.40819859504699707
356,-0.010723505169153214
357,0.4033925235271454
358,0.35880595445632935
359,-0.017754292115569115
360,0.39364227652549744
361,0.414819598197937
362,0.0018322902033105493
363,0.3965628743171692
364,0.41723382472991943
365,-0.0031610066071152687
366,0.3965657353401184
367,0.4129564166069031
368,0.0004126266576349735
369,0.4048418700695038
370,0.3517943322658539
371,-0.030849644914269447
372,0.404914528131485
373,0.4104771614074707
374,-0.007820460014045238
375,0.40997859835624695
376,0.4099099636077881
377,-0.01168806478381157
378,0.4161635637283325
379,0.40977537631988525
380,-0.014936028979718685
381,0.4131353795528412
382,0.44760140776634216
383,-0.006188289728015661
384,0.4135301113128662
385,0.43599480390548706
386,-0.014884840697050095
387,0.414131760597229
388,0.4281666874885559
389,-0.01631147414445877
390,0.4149118661880493
391,0.4206152558326721
392,-0.014779362827539444
393,0.41577354073524475
394,0.4157891273498535
395,-0.013505697250366211
396,0.40379518270492554
397,0.41479605436325073
398,-0.006682228296995163
399,0.4023601710796356
400,0.4167429804801941
401,-0.00799300242215395
402,0.40024226903915405
403,0.4204631447792053
404,-0.008881386369466782
405,0.3983854651451111
406,0.4247887134552002
407,-0.00725984200835228
408,0.3899631202220917
409,0.39017030596733093
410,-0.00821214634925127
411,0.33770471811294556
412,0.3503379821777344
413,0.08933315426111221
414,0.42091959714889526
415,0.3609834313392639
416,-0.028955185785889626
417,0.40052685141563416
418,0.4144473671913147
419,-0.002476644003763795
420,0.39870551228523254
421,0.4154471158981323
422,-0.003251125104725361
423,0.41102802753448486
424,0.36581194400787354
425,-0.020764291286468506
426,0.39847901463508606
427,0.3636402189731598
428,-0.0117849912494421
429,0.40961310267448425
430,0.363179087638855
431,-0.0208791084587574
432,0.3892051577568054
433,0.32334956526756287
434,-0.002532509621232748
435,0.37702658772468567
436,0.332011342048645
437,0.0002436353242956102
438,0.39330995082855225
439,0.35008156299591064
440,-0.014917880296707153
441,0.3577970564365387
442,0.21136608719825745
443,0.0174876656383276
444,0.3625722825527191
445,0.22681298851966858
446,0.0052278670482337475
447,0.3673922121524811
448,0.24517260491847992
449,-0.004582574591040611
450,0.3944205045700073
451,0.4335099756717682
452,-0.001045295037329197
453,0.40230435132980347
454,0.24828699231147766
455,-0.01751081645488739
456,0.3996790945529938
457,0.21976427733898163
458,-0.012360143475234509
459,0.39674729108810425
460,0.19378598034381866
461,-0.006562389433383942
462,0.36602383852005005
463,0.29752570390701294
464,0.010453370399773121
465,0.34869253635406494
466,0.31066420674324036
467,0.022793585434556007
468,0.3982541859149933
469,0.2911047041416168
470,0.005321823060512543
471,0.35574617981910706
472,0.2805241346359253
473,0.014024794101715088
474,0.40276119112968445
475,0.30821356177330017
476,-0.00910905096679926
477,0.39934733510017395
478,0.34531301259994507
479,-0.030601119622588158
480,0.3411102890968323
481,0.3191831111907959
482,0.032024990767240524
483,0.35375604033470154
484,0.31843262910842896
485,0.01544162631034851
486,0.3635654151439667
487,0.3222208321094513
488,0.007807688321918249
489,0.3782840371131897
490,0.3194158971309662
491,0.0034892584662884474
492,0.3890189230442047
493,0.3137770891189575
494,0.0013595239724963903
495,0.3971574902534485
496,0.3077542185783386
497,-0.0012309885350987315
498,0.4130897521972656
499,0.29234591126441956
500,-0.01848411187529564
501,0.34262707829475403
502,0.343564510345459
503,0.02990533597767353
504,0.34962770342826843
505,0.2794727683067322
506,0.01799263432621956
507,0.4164322316646576
508,0.35809776186943054
509,-0.03932885825634003
510,0.3975386619567871
511,0.3271571397781372
512,-0.00914003886282444
513,0.3357293903827667
514,0.29903897643089294
515,0.0826190933585167
516,0.4031584560871124
517,0.3012087941169739
518,-0.0027866587042808533
519,0.3930481970310211
520,0.35126999020576477
521,-0.0064054932445287704
522,0.3598007559776306
523,0.2875950038433075
524,0.016687139868736267
525,0.3989965617656708
526,0.33818188309669495
527,-0.027413951233029366
528,0.3402392566204071
529,0.3780345022678375
530,0.08556884527206421
531,0.3981412649154663
532,0.28684112429618835
533,0.007465222384780645
534,0.40561485290527344
535,0.33100610971450806
536,-0.035659968852996826
537,0.36101919412612915
538,0.4355648458003998
539,0.034213870763778687
540,0.3619375228881836
541,0.44897928833961487
542,0.04861053079366684
543,0.336375892162323
544,0.3473346531391144
545,0.059454839676618576
546,0.35222622752189636
547,0.4189419150352478
548,0.04432635009288788
549,0.3399474322795868
550,0.27539390325546265
551,0.046176113188266754
552,0.3917500674724579
553,0.4775124192237854
554,0.008676172234117985
555,0.4176784157752991
556,0.36064696311950684
557,-0.02837757207453251
558,0.3909030556678772
559,0.33641088008880615
560,-0.005696095060557127
561,0.3421526849269867
562,0.29762256145477295
563,0.03463510423898697
564,0.3728431165218353
565,0.29186996817588806
566,0.0075974296778440475
567,0.37971600890159607
568,0.2924109399318695
569,0.005473613739013672
570,0.3943104147911072
571,0.4195352792739868
572,-0.001682724105194211
573,0.34493696689605713
574,0.36711585521698
575,0.032837171107530594
576,0.40668627619743347
577,0.49562323093414307
578,0.010765706188976765
579,0.3823803663253784
580,0.4774060547351837
581,0.02704571932554245
582,0.37264779210090637
583,0.46553388237953186
584,0.03646368533372879
585,0.4214631915092468
586,0.21973636746406555
587,-0.014544282108545303
588,0.4245821237564087
589,0.4982196092605591
590,0.008040721528232098
591,0.38632848858833313
592,0.29139718413352966
593,0.004926168359816074
594,0.39239805936813354
595,0.2892734110355377
596,0.005840579513460398
597,0.39622876048088074
598,0.2879466712474823
599,0.007425093092024326
600,0.3447153866291046
601,0.2777601480484009
602,0.026438144966959953
603,0.39149540662765503
604,0.28088265657424927
605,0.004527552984654903
606,0.38476070761680603
607,0.2790150046348572
608,0.0030184423085302114
609,0.37803733348846436
610,0.27876293659210205
611,0.003563969163224101
612,0.3711835741996765
613,0.2804858982563019
614,0.005764697212725878
615,0.3668611943721771
616,0.2831677198410034
617,0.00860719382762909
618,0.3366679549217224
619,0.2714572250843048
620,0.0688914880156517
621,0.3682214021682739
622,0.2905047833919525
623,0.010235841386020184
624,0.4218781888484955
625,0.37516599893569946
626,-0.021335266530513763
627,0.39595693349838257
628,0.38188037276268005
629,-0.01261371560394764
630,0.40059664845466614
631,0.3543865978717804
632,-0.02240723930299282
633,0.41077354550361633
634,0.3767847716808319
635,-0.02035873755812645
636,0.4211057126522064
637,0.27671268582344055
638,-0.016134416684508324
639,0.3706737160682678
640,0.4518427848815918
641,0.02601773291826248
642,0.38062116503715515
643,0.4647279679775238
644,0.01785510592162609
645,0.40617695450782776
646,0.48653700947761536
647,0.0006316146464087069
648,0.3536596894264221
649,0.4310346841812134
650,0.06365589052438736
651,0.3960532546043396
652,0.2842256426811218
653,0.006219995208084583
654,0.4076201319694519
655,0.3104298412799835
656,-0.020608028396964073
657,0.4243606925010681
658,0.489268958568573
659,-0.0016625967109575868
660,0.39334937930107117
661,0.4879871606826782
662,0.017297077924013138
663,0.3394121825695038
664,0.37302008271217346
665,0.05851539596915245
666,0.40913620591163635
667,0.4151613712310791
668,-0.010367242619395256
669,0.4077129065990448
670,0.41876673698425293
671,-0.011800497770309448
672,0.4061143100261688
673,0.424468457698822
674,-0.012811873108148575
675,0.40482625365257263
676,0.43144410848617554
677,-0.011367945931851864
678,0.4024474620819092
679,0.441536545753479
680,-0.004650461953133345
681,0.3987349569797516
682,0.4124756455421448
683,-0.003933809697628021
684,0.3960045874118805
685,0.41159260272979736
686,-0.003933886531740427
687,0.3934447169303894
688,0.4098023772239685
689,-0.00393861485645175
690,0.38503697514533997
691,0.40109384059906006
692,-0.0019804108887910843
693,0.3551575541496277
694,0.3727111220359802
695,0.016198469325900078
696,0.4080488681793213
697,0.2994890511035919
698,-0.013183632865548134
699,0.4045248329639435
700,0.2796570360660553
701,0.0010651095071807504
702,0.39958080649375916
703,0.2813218832015991
704,0.004387559834867716
705,0.40067872405052185
706,0.41081130504608154
707,-0.003101166570559144
708,0.3551201820373535
709,0.4017429053783417
710,0.028730342164635658
711,0.4110223352909088
712,0.27899134159088135
713,-0.009941091760993004
714,0.3978610634803772
715,0.45244044065475464
716,0.00030677177710458636
717,0.4203459620475769
718,0.31239593029022217
719,-0.03605835884809494
720,0.41307103633880615
721,0.3038995862007141
722,-0.026538951322436333
723,0.42059552669525146
724,0.30101481080055237
725,-0.028704741969704628
726,0.4017481803894043
727,0.32868492603302
728,-0.020150257274508476
729,0.42422181367874146
730,0.47621119022369385
731,-0.006315464619547129
732,0.4241439700126648
733,0.46111106872558594
734,-0.006323832552880049
735,0.41045844554901123
736,0.459613174200058
737,-0.004383479710668325
738,0.38000422716140747
739,0.4293839633464813
740,0.007909522391855717
741,0.38745200634002686
742,0.361574649810791
743,-0.004237392917275429
744,0.38799044489860535
745,0.4425138235092163
746,0.004497310146689415
747,0.3709701895713806
748,0.36121731996536255
749,0.0002097294054692611
750,0.3814253509044647
751,0.37437528371810913
752,-0.0025813330430537462
753,0.3654053509235382
754,0.38116300106048584
755,0.007023644167929888
756,0.40753403306007385
757,0.473823606967926
758,-0.003719780594110489
759,0.3971044719219208
760,0.33573225140571594
761,-0.013973130844533443
762,0.37302160263061523
763,0.4384765625
764,0.016229890286922455
765,0.38314491510391235
766,0.4524000883102417
767,0.011135827749967575
768,0.3740195631980896
769,0.41411057114601135
770,0.00884174183011055
771,0.3476863205432892
772,0.38725727796554565
773,0.03591779246926308
774,0.3644074499607086
775,0.415459543466568
776,0.017575908452272415
777,0.34409284591674805
778,0.3968101143836975
779,0.05503179877996445
780,0.3764769732952118
781,0.3913894593715668
782,0.0014207782223820686
783,0.40265485644340515
784,0.31859302520751953
785,-0.014444970525801182
786,0.40209636092185974
787,0.35006505250930786
788,-0.03250683471560478
789,0.39723026752471924
790,0.3537645637989044
791,-0.023351717740297318
792,0.40524908900260925
793,0.3422783613204956
794,-0.03866664692759514
795,0.3984176814556122
796,0.2714829444885254
797,-0.0014550097985193133
798,0.3855944275856018
799,0.26634329557418823
800,-0.003036491572856903
801,0.374345988035202
802,0.2653803825378418
803,-0.002415541559457779
804,0.3650463819503784
805,0.26723361015319824
806,0.0012585147051140666
807,0.3587506413459778
808,0.27203384041786194
809,0.006683687213808298
810,0.35480719804763794
811,0.2911885380744934
812,0.02004304528236389
813,0.3350314199924469
814,0.3226194679737091
815,0.057656046003103256
816,0.36063235998153687
817,0.30646103620529175
818,0.013837500475347042
819,0.36854198575019836
820,0.3092851936817169
821,0.008609171025454998
822,0.3788127601146698
823,0.3085697591304779
824,0.004984603729099035
825,0.3885888457298279
826,0.30521583557128906
827,0.0034557897597551346
828,0.39621469378471375
829,0.3008502423763275
830,0.002619014820083976
831,0.40144768357276917
832,0.29670804738998413
833,0.0020402949303388596
834,0.3367426097393036
835,0.3247106969356537
836,0.08877134323120117
837,0.3978889584541321
838,0.35728585720062256
839,-0.019224079325795174
840,0.4072006642818451
841,0.3204076886177063
842,-0.026940438896417618
843,0.4076569974422455
844,0.3503533899784088
845,-0.0391240194439888
846,0.4126342833042145
847,0.3562128245830536
848,-0.035969074815511703
849,0.4079529643058777
850,0.35227078199386597
851,-0.035062503069639206
852,0.40065494179725647
853,0.36116650700569153
854,-0.016461558640003204
855,0.4139697551727295
856,0.3572799861431122
857,-0.03816540911793709
858,0.4150395393371582
859,0.3599007725715637
860,-0.028372082859277725
861,0.40097448229789734
862,0.28753164410591125
863,0.006063411477953196
864,0.4055587351322174
865,0.2903699278831482
866,0.0007257656543515623
867,0.4077831208705902
868,0.29216623306274414
869,-0.005399518180638552
870,0.3642829358577728
871,0.2850269675254822
872,0.011473402380943298
873,0.36016857624053955
874,0.28132277727127075
875,0.01179121807217598
876,0.42760199308395386
877,0.3142995238304138
878,-0.033366601914167404
879,0.4805798828601837
880,0.28830429911613464
881,0.009876064024865627
882,0.4287094175815582
883,0.35761722922325134
884,-0.02871403656899929
885,0.5083032846450806
886,0.24661898612976074
887,0.04765807464718819
888,0.4569784998893738
889,0.2972789406776428
890,0.001984142465516925
891,0.4650707542896271
892,0.29845479130744934
893,0.002328930189833045
894,0.47288990020751953
895,0.29818108677864075
896,0.004305914044380188
897,0.48353639245033264
898,0.2925809919834137
899,0.010954220779240131
900,0.45021355152130127
901,0.2940962016582489
902,0.002808335702866316
903,0.4677823483943939
904,0.2715761363506317
905,-0.0017022981774061918
906,0.45925864577293396
907,0.27192825078964233
908,-0.0014183811144903302
909,0.47570353746414185
910,0.2730502486228943
911,0.0007767524803057313
912,0.4810822606086731
913,0.2764718532562256
914,0.0040750871412456036
915,0.48962345719337463
916,0.300026535987854
917,0.014733212999999523
918,0.4553993046283722
919,0.4638538956642151
920,0.0024436679668724537
921,0.4834582805633545
922,0.2859010398387909
923,0.012341701425611973
924,0.5123139023780823
925,0.29578855633735657
926,0.05092490836977959
927,0.4985046982765198
928,0.29286789894104004
929,0.022788031026721
930,0.46286633610725403
931,0.34453195333480835
932,-0.005630965810269117
933,0.43269991874694824
934,0.39338046312332153
935,-0.022985896095633507
936,0.4315353333950043
937,0.4069698452949524
938,-0.01905708946287632
939,0.44330528378486633
940,0.39706796407699585
941,-0.01836785115301609
942,0.4499448835849762
943,0.40238112211227417
944,-0.012423916719853878
945,0.4390338361263275
946,0.40744829177856445
947,-0.016020141541957855
948,0.44474348425865173
949,0.40875741839408875
950,-0.010430822148919106
951,0.460860013961792
952,0.4226570725440979
953,0.0006465920014306903
954,0.42723560333251953
955,0.3516409993171692
956,-0.043535444885492325
957,0.428205281496048
958,0.34024563431739807
959,-0.04612407833337784
960,0.4936327338218689
961,0.2652466893196106
962,0.005779939703643322
963,0.4465904235839844
964,0.3152989149093628
965,-0.007062041200697422
966,0.44775062799453735
967,0.3489671051502228
968,-0.023309776559472084
969,0.44845741987228394
970,0.3431131839752197
971,-0.02076159603893757
972,0.48641765117645264
973,0.3441977798938751
974,0.003983638249337673
975,0.42785048484802246
976,0.3260153532028198
977,-0.041225139051675797
978,0.4741876721382141
979,0.2543412446975708
980,-0.008680806495249271
981,0.4857282340526581
982,0.2576848566532135
983,-0.002563469111919403
984,0.5006778240203857
985,0.22581100463867188
986,0.03142252191901207
987,0.4382902979850769
988,0.2633129060268402
989,-0.014816769398748875
990,0.4518415927886963
991,0.274717777967453
992,0.0012938620056957006
993,0.4663350582122803
994,0.410373330116272
995,0.002211794489994645
996,0.5052083730697632
997,0.4052257239818573
998,0.0737488865852356
999,0.4417250454425812
1000,0.35537922382354736
1001,-0.01999746635556221
1002,0.43474280834198
1003,0.35951799154281616
1004,-0.02093689516186714
1005,0.4573715627193451
1006,0.411572128534317
1007,0.0012372920755296946
1008,0.4532455801963806
1009,0.41080373525619507
1010,-0.000971980975009501
1011,0.4901202917098999
1012,0.25010037422180176
1013,0.0016340619185939431
1014,0.4481417238712311
1015,0.3545101284980774
1016,-0.018750851973891258
1017,0.4585891366004944
1018,0.2555014193058014
1019,-0.012879898771643639
1020,0.4601063132286072
1021,0.24572192132472992
1022,-0.014597204513847828
1023,0.4683206379413605
1024,0.19795815646648407
1025,0.000384845829103142
1026,0.4950968325138092
1027,0.23705950379371643
1028,0.014569432474672794
1029,0.46336933970451355
1030,0.22037038207054138
1031,-0.007521274033933878
1032,0.4983278512954712
1033,0.26010334491729736
1034,0.012887723743915558
1035,0.5032652616500854
1036,0.25366854667663574
1037,0.029313333332538605
1038,0.4323003590106964
1039,0.40113407373428345
1040,-0.022056587040424347
1041,0.44098469614982605
1042,0.4032585620880127
1043,-0.017637550830841064
1044,0.44738030433654785
1045,0.4057391285896301
1046,-0.012137827463448048
1047,0.43960055708885193
1048,0.35779839754104614
1049,-0.018406834453344345
1050,0.4552280008792877
1051,0.4114294946193695
1052,-6.241173105081543e-05
1053,0.4522819519042969
1054,0.4143950343132019
1055,-0.004697293974459171
1056,0.45224621891975403
1057,0.41001853346824646
1058,-0.0012819713447242975
1059,0.4368598461151123
1060,0.35098543763160706
1061,-0.031591735780239105
1062,0.4430011808872223
1063,0.40828442573547363
1064,-0.009030917659401894
1065,0.4373278021812439
1066,0.40847843885421753
1067,-0.012714101001620293
1068,0.43060803413391113
1069,0.40899765491485596
1070,-0.015503578819334507
1071,0.4352811276912689
1072,0.44698870182037354
1073,-0.006741760298609734
1074,0.4345129728317261
1075,0.4352802038192749
1076,-0.015476101078093052
1077,0.433660626411438
1078,0.42743805050849915
1079,-0.016988757997751236
1080,0.43262842297554016
1081,0.41990914940834045
1082,-0.01531235408037901
1083,0.431773841381073
1084,0.4151257872581482
1085,-0.014003133401274681
1086,0.44462206959724426
1087,0.4127054512500763
1088,-0.007833166047930717
1089,0.44608989357948303
1090,0.4145261347293854
1091,-0.009173830039799213
1092,0.4483191668987274
1093,0.41819608211517334
1094,-0.010084048844873905
1095,0.4502960741519928
1096,0.42251044511795044
1097,-0.008491916581988335
1098,0.4565345048904419
1099,0.3878754675388336
1100,-0.009782897308468819
1101,0.5131796002388
1102,0.3476285934448242
1103,0.08520504832267761
1104,0.44817569851875305
1105,0.41194406151771545
1106,-0.0039049771148711443
1107,0.4499968886375427
1108,0.4128165543079376
1109,-0.004778166301548481
1110,0.43205326795578003
1111,0.36509180068969727
1112,-0.02117510698735714
1113,0.4453136622905731
1114,0.3622019588947296
1115,-0.01263135951012373
1116,0.4333238899707794
1117,0.36239275336265564
1118,-0.021304793655872345
1119,0.45516133308410645
1120,0.3221803307533264
1121,-0.004288836847990751
1122,0.4680965840816498
1123,0.3302270174026489
1124,-0.0021647517569363117
1125,0.4498531222343445
1126,0.3486177325248718
1127,-0.01613670401275158
1128,0.4880225658416748
1129,0.209123432636261
1130,0.014479347504675388
1131,0.4824787974357605
1132,0.22542107105255127
1133,0.0026912640314549208
1134,0.4769727885723114
1135,0.2447529435157776
1136,-0.006922649685293436
1137,0.4544951319694519
1138,0.4315710663795471
1139,-0.0025890280958265066
1140,0.4410131573677063
1141,0.2482946515083313
1142,-0.018350139260292053
1143,0.4437471330165863
1144,0.21924367547035217
1145,-0.013147830963134766
1146,0.446842759847641
1147,0.19284144043922424
1148,-0.0076165092177689075
1149,0.47967374324798584
1150,0.29644083976745605
1151,0.0076982490718364716
1152,0.4978542923927307
1153,0.30815389752388
1154,0.019367557018995285
1155,0.4460311532020569
1156,0.2910279333591461
1157,0.0040175956673920155
1158,0.4901743531227112
1159,0.27929139137268066
1160,0.011016643606126308
1161,0.44061145186424255
1162,0.3076639771461487
1163,-0.010182448662817478
1164,0.44230911135673523
1165,0.34434863924980164
1166,-0.03139791265130043
1167,0.5060806274414062
1168,0.3163672387599945
1169,0.028218284249305725
1170,0.49233245849609375
1171,0.31597569584846497
1172,0.012230399064719677
1173,0.48204222321510315
1174,0.31995153427124023
1175,0.004824804607778788
1176,0.4668291211128235
1177,0.3178197145462036
1178,0.0011519135441631079
1179,0.45551198720932007
1180,0.3127553164958954
1181,-0.00038686610059812665
1182,0.44696998596191406
1183,0.3071800172328949
1184,-0.002606860361993313
1185,0.42902833223342896
1186,0.29218289256095886
1187,-0.018930858001112938
1188,0.5046843886375427
1189,0.3405942916870117
1190,0.026166051626205444
1191,0.49665600061416626
1192,0.27776899933815
1193,0.014752265065908432
1194,0.4248076379299164
1195,0.3578260838985443
1196,-0.03950430825352669
1197,0.4459342658519745
1198,0.32627707719802856
1199,-0.010217862203717232
1200,0.5143260359764099
1201,0.29619210958480835
1202,0.0783538967370987
1203,0.4405563473701477
1204,0.3008435368537903
1205,-0.00382676487788558
1206,0.4506624639034271
1207,0.3497447669506073
1208,-0.007501806132495403
1209,0.4861302077770233
1210,0.2866120934486389
1211,0.01374137680977583
1212,0.442879855632782
1213,0.33723771572113037
1214,-0.02826748974621296
1215,0.5108994841575623
1216,0.3755756616592407
1217,0.08178235590457916
1218,0.4462932050228119
1219,0.28688666224479675
1220,0.0061946469359099865
1221,0.43545225262641907
1222,0.33037421107292175
1223,-0.03634386137127876
1224,0.488972932100296
1225,0.43393322825431824
1226,0.0313008688390255
1227,0.4890182614326477
1228,0.4478127956390381
1229,0.045837342739105225
1230,0.5124867558479309
1231,0.3444631099700928
1232,0.05548573285341263
1233,0.4977436065673828
1234,0.4170064926147461
1235,0.041088785976171494
1236,0.5078588724136353
1237,0.2728700041770935
1238,0.042430393397808075
1239,0.4576888084411621
1240,0.47690796852111816
1241,0.00730622373521328
1242,0.42424798011779785
1243,0.3604124188423157
1244,-0.028507355600595474
1245,0.45327672362327576
1246,0.3350222110748291
1247,-0.007170713972300291
1248,0.5050880908966064
1249,0.2952063977718353
1250,0.031054217368364334
1251,0.47231438755989075
1252,0.2912314832210541
1253,0.005235586315393448
1254,0.4651595652103424
1255,0.291933536529541
1256,0.0033174266573041677
1257,0.4545865058898926
1258,0.41659337282180786
1259,-0.003321745665743947
1260,0.5031038522720337
1261,0.3641919791698456
1262,0.029053010046482086
1263,0.4426800608634949
1264,0.4953885078430176
1265,0.009936092421412468
1266,0.46787989139556885
1267,0.4768824279308319
1268,0.02517382986843586
1269,0.478007435798645
1270,0.4647999703884125
1271,0.03419024124741554
1272,0.4583759307861328
1273,0.2910724878311157
1274,0.0030125149060040712
1275,0.45209768414497375
1276,0.2889912724494934
1277,0.004193986766040325
1278,0.44822418689727783
1279,0.2879011631011963
1280,0.005948865320533514
1281,0.5020933151245117
1282,0.27553802728652954
1283,0.022945210337638855
1284,0.4531114995479584
1285,0.2808959484100342
1286,0.00283452239818871
1287,0.45996689796447754
1288,0.2789917290210724
1289,0.001043081865645945
1290,0.4668256938457489
1291,0.2786104679107666
1292,0.0013674752553924918
1293,0.4738295078277588
1294,0.28020763397216797
1295,0.003251022892072797
1296,0.47841253876686096
1297,0.2826562821865082
1298,0.006024557631462812
1299,0.5125005841255188
1300,0.26863572001457214
1301,0.06482420116662979
1302,0.4771685004234314
1303,0.2898460924625397
1304,0.0076661682687699795
1305,0.44928327202796936
1306,0.3801262080669403
1307,-0.013871033675968647
1308,0.44179537892341614
1309,0.35328200459480286
1310,-0.02311699464917183
1311,0.4333893954753876
1312,0.3759666681289673
1313,-0.02090136706829071
1314,0.47928935289382935
1315,0.4505750238895416
1316,0.023670358583331108
1317,0.4691230356693268
1318,0.4638969898223877
1319,0.01597938872873783
1320,0.44271519780158997
1321,0.4861849248409271
1322,-0.00020091694022994488
1323,0.4974369406700134
1324,0.4294392764568329
1325,0.06036790460348129
1326,0.44834190607070923
1327,0.28423091769218445
1328,0.004755344707518816
1329,0.43461039662361145
1330,0.3100764751434326
1331,-0.021253211423754692
1332,0.4564371109008789
1333,0.48756319284439087
1334,0.015872547402977943
1335,0.5099080801010132
1336,0.3703171908855438
1337,0.054721880704164505
1338,0.4388374090194702
1339,0.4137372076511383
1340,-0.011321437545120716
1341,0.44028332829475403
1342,0.41727036237716675
1343,-0.012681551277637482
1344,0.44202080368995667
1345,0.4228833019733429
1346,-0.0137625215575099
1347,0.4435010850429535
1348,0.4298962950706482
1349,-0.012361726723611355
1350,0.44623419642448425
1351,0.4402311444282532
1352,-0.005804903339594603
1353,0.449727326631546
1354,0.4096983075141907
1355,-0.005568646360188723
1356,0.45234864950180054
1357,0.40861445665359497
1358,-0.005742592271417379
1359,0.45487281680107117
1360,0.4066689908504486
1361,-0.005721294786781073
1362,0.46264269948005676
1363,0.39817407727241516
1364,-0.004035302437841892
1365,0.4923691749572754
1366,0.36996039748191833
1367,0.01272798702120781
1368,0.43470174074172974
1369,0.2991836369037628
1370,-0.014007053337991238
1371,0.43933314085006714
1372,0.27976885437965393
1373,0.00019995532056782395
1374,0.44463032484054565
1375,0.2813176214694977
1376,0.0032273647375404835
1377,0.4477611780166626
1378,0.4082086682319641
1379,-0.004654513671994209
1380,0.4937875270843506
1381,0.3993188142776489
1382,0.02539624460041523
1383,0.4318532347679138
1384,0.2790124714374542
1385,-0.010420972481369972
1386,0.45097923278808594
1387,0.451351523399353
1388,-0.0009486321941949427
1389,0.4284672439098358
1390,0.3037150502204895
1391,-0.026900798082351685
1392,0.4406190812587738
1393,0.32794189453125
1394,-0.020944969728589058
1395,0.4380868077278137
1396,0.4591272473335266
1397,-0.005066378973424435
1398,0.46891114115715027
1399,0.42723074555397034
1400,0.005802453495562077
1401,0.4573833644390106
1402,0.3597469627857208
1403,-0.005856518168002367
1404,0.46109864115715027
1405,0.44089949131011963
1406,0.0027966659981757402
1407,0.4752230644226074
1408,0.35893410444259644
1409,-0.002533941064029932
1410,0.4646807312965393
1411,0.3722822368144989
1412,-0.0046118563041090965
1413,0.48196089267730713
1414,0.3786676228046417
1415,0.004021777771413326
1416,0.44110241532325745
1417,0.473411500453949
1418,-0.004533115774393082
1419,0.445910781621933
1420,0.3347129225730896
1421,-0.014985986985266209
1422,0.4762483537197113
1423,0.43665727972984314
1424,0.013891404494643211
1425,0.4662076532840729
1426,0.45117560029029846
1427,0.00927673652768135
1428,0.4745849668979645
1429,0.41142696142196655
1430,0.0061536082066595554
1431,0.5010493993759155
1432,0.38463345170021057
1433,0.032352715730667114
1434,0.4845011830329895
1435,0.4131816625595093
1436,0.014599389396607876
1437,0.5056887269020081
1438,0.39443784952163696
1439,0.05144570767879486
1440,0.4708930552005768
1441,0.38877174258232117
1442,-0.0012141648912802339
1443,0.4401645362377167
1444,0.3179461658000946
1445,-0.01531921699643135
1446,0.43952512741088867
1447,0.34912198781967163
1448,-0.03324100375175476
1449,0.4452414810657501
1450,0.35259151458740234
1451,-0.024234827607870102
1452,0.43560856580734253
1453,0.3416318893432617
1454,-0.03943033888936043
1455,0.44565311074256897
1456,0.27151739597320557
1457,-0.002587257418781519
1458,0.4587422311306
1459,0.26617684960365295
1460,-0.004644628148525953
1461,0.4701644480228424
1462,0.2650695741176605
1463,-0.004560782574117184
1464,0.479807585477829
1465,0.266525000333786
1466,-0.0013723947340622544
1467,0.48665934801101685
1468,0.2710564136505127
1469,0.003881912911310792
1470,0.49152708053588867
1471,0.28965020179748535
1472,0.01684361882507801
1473,0.5135660171508789
1474,0.3197832405567169
1475,0.05355948582291603
1476,0.485301673412323
1477,0.30469149351119995
1478,0.010812072083353996
1479,0.4769099950790405
1480,0.30770760774612427
1481,0.005951269529759884
1482,0.466285765171051
1483,0.30741918087005615
1484,0.0027073200326412916
1485,0.45605355501174927
1486,0.3044067621231079
1487,0.0016986980335786939
1488,0.4481334686279297
1489,0.3003680109977722
1490,0.0012413260992616415
1491,0.44265857338905334
1492,0.2964632213115692
1493,0.0009122986812144518
1494,0.5138453245162964
1495,0.32184967398643494
1496,0.08452589809894562
1497,0.44503331184387207
1498,0.35596880316734314
1499,-0.02012292668223381
1500,0.434352308511734
1501,0.31989359855651855
1502,-0.02761651575565338
1503,0.43331557512283325
1504,0.34971150755882263
1505,-0.039630502462387085
1506,0.4289554953575134
1507,0.3556947708129883
1508,-0.03622276335954666
1509,0.4334788918495178
1510,0.3515850007534027
1511,-0.035569630563259125
1512,0.4426731765270233
1513,0.35997599363327026
1514,-0.017286570742726326
1515,0.4274095594882965
1516,0.35686999559402466
1517,-0.03835524991154671
1518,0.4268970489501953
1519,0.35949257016181946
1520,-0.028588153421878815
1521,0.44322603940963745
1522,0.2875796854496002
1523,0.004878740292042494
1524,0.43826887011528015
1525,0.2903491258621216
1526,-0.00010741960431914777
1527,0.4356001615524292
1528,0.2920305132865906
1529,-0.006130367983132601
1530,0.48121896386146545
1531,0.2845273017883301
1532,0.008754778653383255
1533,0.4854423403739929
1534,0.28034281730651855
1535,0.008910862728953362
1536,0.0
1537,0.0
1538,0.0
1539,0.0
1540,0.0
1541,0.0
1542,0.0
1543,0.0
1544,0.0
1545,0.0
1546,0.0
1547,0.0
1548,0.0
1549,0.0
1550,0.0
1551,0.0
1552,0.0
1553,0.0
1554,0.0
1555,0.0
1556,0.0
1557,0.0
1558,0.0
1559,0.0
1560,0.0
1561,0.0
1562,0.0
1563,0.0
1564,0.0
1565,0.0
1566,0.0
1567,0.0
1568,0.0
1569,0.0
1570,0.0
1571,0.0
1572,0.0
1573,0.0
1574,0.0
1575,0.0
1576,0.0
1577,0.0
1578,0.0
1579,0.0
1580,0.0
1581,0.0
1582,0.0
1583,0.0
1584,0.0
1585,0.0
1586,0.0
1587,0.0
1588,0.0
1589,0.0
1590,0.0
1591,0.0
1592,0.0
1593,0.0
1594,0.0
1595,0.0
1596,0.0
1597,0.0
1598,0.0
1599,0.12171620875597
1600,0.6507246494293213
1601,-6.021868159677979e-08
1602,0.17073982954025269
1603,0.6227880120277405
1604,-0.011073491536080837
1605,0.20260348916053772
1606,0.5512882471084595
1607,-0.012120229192078114
1608,0.21576134860515594
1609,0.49432089924812317
1610,-0.014738031663000584
1611,0.22876568138599396
1612,0.4595317542552948
1613,-0.017024626955389977
1614,0.15994217991828918
1615,0.46421054005622864
1616,0.0031572699081152678
1617,0.16794976592063904
1618,0.3933098316192627
1619,-0.003524713683873415
1620,0.17130394279956818
1621,0.35080426931381226
1622,-0.006351484917104244
1623,0.17224806547164917
1624,0.3115612864494324
1625,-0.008596576750278473
1626,0.13172075152397156
1627,0.4621202349662781
1628,-0.00125525938346982
1629,0.14089561998844147
1630,0.39284926652908325
1631,-0.029960598796606064
1632,0.15554893016815186
1633,0.4386516809463501
1634,-0.04372347146272659
1635,0.16032491624355316
1636,0.4866940975189209
1637,-0.04335390403866768
1638,0.10365017503499985
1639,0.46741628646850586
1640,-0.006818445399403572
1641,0.10927987098693848
1642,0.4000355899333954
1643,-0.03443428874015808
1644,0.12925659120082855
1645,0.4465552568435669
1646,-0.03833848610520363
1647,0.13780249655246735
1648,0.4900076687335968
1649,-0.03137960284948349
1650,0.07377119362354279
1651,0.47989919781684875
1652,-0.012895196676254272
1653,0.05431172996759415
1654,0.414619117975235
1655,-0.02748044580221176
1656,0.051683247089385986
1657,0.372802197933197
1658,-0.03132878988981247
1659,0.049068473279476166
1660,0.3311897814273834
1661,-0.030830705538392067
