,0
0,0.39700621366500854
1,0.3413253128528595
2,-0.6830986738204956
3,0.9999876618385315
4,0.4242830276489258
5,0.2875675559043884
6,-0.6246090531349182
7,0.9999772310256958
8,0.4409644603729248
9,0.28746262192726135
10,-0.6240109205245972
11,0.9999808073043823
12,0.45374900102615356
13,0.2886563241481781
14,-0.6234990954399109
15,0.9999790191650391
16,0.37126782536506653
17,0.29262495040893555
18,-0.6274793148040771
19,0.9999768733978271
20,0.3537246584892273
21,0.29559603333473206
22,-0.6263390779495239
23,0.999978244304657
24,0.33830201625823975
25,0.29894134402275085
26,-0.6263824701309204
27,0.9999749660491943
28,0.47462376952171326
29,0.323501318693161
30,-0.2909702956676483
31,0.9999777674674988
32,0.3210623264312744
33,0.3337570130825043
34,-0.30272823572158813
35,0.9999802112579346
36,0.4355010986328125
37,0.4080635905265808
38,-0.5661171674728394
39,0.9999854564666748
40,0.36822620034217834
41,0.409554123878479
42,-0.5696258544921875
43,0.99998539686203
44,0.6153668165206909
45,0.6687421798706055
46,-0.15895162522792816
47,0.9998716711997986
48,0.19689567387104034
49,0.6947701573371887
50,-0.1629566103219986
51,0.9996820092201233
52,0.7364703416824341
53,1.047627568244934
54,-0.5057770013809204
55,0.7288292646408081
56,0.10532691329717636
57,1.0148110389709473
58,-0.1684984564781189
59,0.35151615738868713
60,0.7676816582679749
61,0.6615074872970581
62,-0.9450501203536987
63,0.6971868872642517
64,0.09429701417684555
65,1.4560608863830566
66,-0.5400878190994263
67,0.1782301366329193
68,0.7246202230453491
69,0.5217610001564026
70,-1.0643951892852783
71,0.6936426758766174
72,0.059366144239902496
73,1.5660414695739746
74,-0.6030503511428833
75,0.22620247304439545
76,0.6976730823516846
77,0.4809492230415344
78,-0.9637982249259949
79,0.7144564390182495
80,0.08723486214876175
81,1.5565472841262817
82,-0.696398138999939
83,0.31460538506507874
84,0.6840451955795288
85,0.5312725901603699
86,-0.9518072009086609
87,0.7101702094078064
88,0.11189542710781097
89,1.5184723138809204
90,-0.5972316861152649
91,0.32746464014053345
92,0.5625942945480347
93,1.4647432565689087
94,-0.057363640516996384
95,0.003243429586291313
96,0.2748735249042511
97,1.468109130859375
98,0.0638645738363266
99,0.0021680782083421946
100,0.5484539270401001
101,2.1281349658966064
102,-0.16601423919200897
103,0.0003398474073037505
104,0.28473249077796936
105,2.1243574619293213
106,0.075517937541008
107,0.00012014330422971398
108,0.537283718585968
109,2.7158048152923584
110,0.28227174282073975
111,2.6194236852461472e-05
112,0.2861274480819702
113,2.703474283218384
114,0.32495540380477905
115,5.063476237410214e-06
116,0.5457175970077515
117,2.796337842941284
118,0.29682010412216187
119,2.4687125915079378e-05
120,0.27817559242248535
121,2.7874042987823486
122,0.3369961977005005
123,1.1386377082089894e-05
124,0.4878329336643219
125,2.8933377265930176
126,-0.2357940673828125
127,5.393647006712854e-05
128,0.32769426703453064
129,2.884765386581421
130,-0.20737656950950623
131,2.5150828150799498e-05
132,0.3904903531074524
133,0.40031543374061584
134,-0.02507459931075573
135,0.3853395879268646
136,0.35731783509254456
137,-0.044718723744153976
138,0.38774004578590393
139,0.37064042687416077
140,-0.024061299860477448
141,0.3771956264972687
142,0.3214940130710602
143,-0.032688017934560776
144,0.3844556212425232
145,0.3453212380409241
146,-0.04735610634088516
147,0.3839733600616455
148,0.3305240571498871
149,-0.043751075863838196
150,0.38360100984573364
151,0.29655054211616516
152,-0.021410536020994186
153,0.3291119635105133
154,0.3015148937702179
155,0.014826999977231026
156,0.3828579783439636
157,0.2727564871311188
158,-0.01601296104490757
159,0.3820907771587372
160,0.25829339027404785
161,-0.01754464954137802
162,0.37944185733795166
163,0.20171105861663818
164,-0.006841354072093964
165,0.3911024332046509
166,0.40655767917633057
167,-0.02427217736840248
168,0.3917458653450012
169,0.41177302598953247
170,-0.02159957028925419
171,0.3922606110572815
172,0.41433992981910706
173,-0.017922066152095795
174,0.3932676613330841
175,0.42939621210098267
176,-0.014083235524594784
177,0.39357757568359375
178,0.43565094470977783
179,-0.015354011207818985
180,0.39404305815696716
181,0.44322484731674194
182,-0.016643930226564407
183,0.3946576416492462
184,0.45098915696144104
185,-0.014407675713300705
186,0.3956248164176941
187,0.4608173072338104
188,-0.005234454292804003
189,0.3861648738384247
190,0.36358797550201416
191,-0.0406808964908123
192,0.37930068373680115
193,0.3641412556171417
194,-0.02908310666680336
195,0.30423465371131897
196,0.26651081442832947
197,0.0556831881403923
198,0.35183948278427124
199,0.30866146087646484
200,0.005344298668205738
201,0.3441920280456543
202,0.3106290102005005
203,0.006151152309030294
204,0.3367982506752014
205,0.311200886964798
206,0.008708031848073006
207,0.32670751214027405
208,0.306275874376297
209,0.01604948192834854
210,0.35810330510139465
211,0.3048080801963806
212,0.005513367243111134
213,0.3397049903869629
214,0.28237345814704895
215,0.0028235185891389847
216,0.3482897877693176
217,0.2822002172470093
218,0.002353618387132883
219,0.33202841877937317
220,0.2846892774105072
221,0.005732676014304161
222,0.32717305421829224
223,0.28891652822494507
224,0.009346691891551018
225,0.32147741317749023
226,0.31529733538627625
227,0.020156871527433395
228,0.3668588697910309
229,0.47530627250671387
230,0.005226926412433386
231,0.3263479173183441
232,0.2992202639579773
233,0.017604675143957138
234,0.3027442693710327
235,0.3149034380912781
236,0.05798886716365814
237,0.3133465647697449
238,0.3095186650753021
239,0.02888079360127449
240,0.34834057092666626
241,0.35631507635116577
242,-0.003075354266911745
243,0.38055047392845154
244,0.39955297112464905
245,-0.023196350783109665
246,0.38381126523017883
247,0.41293585300445557
248,-0.01971162110567093
249,0.3715045750141144
250,0.40519121289253235
251,-0.017788246273994446
252,0.36685600876808167
253,0.4121936559677124
254,-0.010929645970463753
255,0.377391517162323
256,0.4150426387786865
257,-0.01573239266872406
258,0.3730041980743408
259,0.4180009365081787
260,-0.009435629472136497
261,0.35942766070365906
262,0.43581661581993103
263,0.003727099858224392
264,0.37866759300231934
265,0.3577105402946472
266,-0.043755196034908295
267,0.3767634630203247
268,0.3465263247489929
269,-0.04605646803975105
270,0.3153446912765503
271,0.28023988008499146
272,0.012145422399044037
273,0.3618355095386505
274,0.3254762589931488
275,-0.005168896168470383
276,0.3608960211277008
277,0.3582080602645874
278,-0.022375330328941345
279,0.3601205348968506
280,0.3526626527309418
281,-0.0196189247071743
282,0.3265339136123657
283,0.3591803014278412
284,0.00834704004228115
285,0.3767606317996979
286,0.3326842784881592
287,-0.04078928008675575
288,0.33217760920524597
289,0.26675906777381897
290,-0.0035788642708212137
291,0.3217264711856842
292,0.2714015543460846
293,0.0034199177753180265
294,0.3091341555118561
295,0.2449684590101242
296,0.03933245316147804
297,0.36664271354675293
298,0.27267324924468994
299,-0.012474874034523964
300,0.35592716932296753
301,0.2846736013889313
302,0.00445299269631505
303,0.3534823954105377
304,0.4233362674713135
305,0.0054349033161997795
306,0.3191710114479065
307,0.42159464955329895
308,0.07763799279928207
309,0.3675212860107422
310,0.3637737035751343
311,-0.01934891752898693
312,0.3746315538883209
313,0.367020845413208
314,-0.021147333085536957
315,0.3623174726963043
316,0.42470985651016235
317,0.003926982171833515
318,0.36664044857025146
319,0.4236961603164673
320,0.001406152849085629
321,0.31752336025238037
322,0.2647744119167328
323,0.00802270695567131
324,0.3616410195827484
325,0.363899290561676
326,-0.017847325652837753
327,0.34694236516952515
328,0.26662081480026245
329,-0.00904639158397913
330,0.3449300229549408
331,0.25753098726272583
332,-0.010595252737402916
333,0.33567917346954346
334,0.21337665617465973
335,0.0061759790405631065
336,0.3134976625442505
337,0.2541780471801758
338,0.02155044861137867
339,0.34094497561454773
340,0.23391589522361755
341,-0.0027295644395053387
342,0.31130626797676086
343,0.2764189839363098
344,0.019765080884099007
345,0.30781376361846924
346,0.2717726230621338
347,0.036774616688489914
348,0.38205695152282715
349,0.40708214044570923
350,-0.022418228909373283
351,0.3746979534626007
352,0.4109611511230469
353,-0.017180172726511955
354,0.3698309063911438
355,0.41521990299224854
356,-0.010876862332224846
357,0.36997249722480774
358,0.3659318685531616
359,-0.01819455809891224
360,0.36448413133621216
361,0.42453503608703613
362,0.002466370351612568
363,0.36718136072158813
364,0.428655743598938
365,-0.002008982002735138
366,0.36777690052986145
367,0.4225305914878845
368,0.0010855727596208453
369,0.37061837315559387
370,0.3585267663002014
371,-0.03107704035937786
372,0.37511223554611206
373,0.4173942804336548
374,-0.008289356715977192
375,0.3795822858810425
376,0.4159408211708069
377,-0.01267252303659916
378,0.38537997007369995
379,0.41504088044166565
380,-0.0162691418081522
381,0.3843373954296112
382,0.4603668451309204
383,-0.004416031297296286
384,0.3838673532009125
385,0.45015856623649597
386,-0.013225800357758999
387,0.384094774723053
388,0.44242987036705017
389,-0.014927320182323456
390,0.3846536874771118
391,0.4345400035381317
392,-0.013584046624600887
393,0.3854358494281769
394,0.4294033348560333
395,-0.012352551333606243
396,0.3743830919265747
397,0.42720454931259155
398,-0.005327207967638969
399,0.3728344142436981
400,0.4293442666530609
401,-0.006537922658026218
402,0.3706011474132538
403,0.43317317962646484
404,-0.0072949910536408424
405,0.3687850534915924
406,0.43739110231399536
407,-0.005680231377482414
408,0.35883569717407227
409,0.3986152410507202
410,-0.007955444045364857
411,0.30786842107772827
412,0.36602941155433655
413,0.09100550413131714
414,0.3868340849876404
415,0.36634671688079834
416,-0.029874440282583237
417,0.3715015947818756
418,0.42584726214408875
419,-0.001339781447313726
420,0.36941513419151306
421,0.4269444942474365
422,-0.0020774079021066427
423,0.3777296841144562
424,0.37213191390037537
425,-0.021374333649873734
426,0.36551788449287415
427,0.3713112473487854
428,-0.012160963378846645
429,0.3762350082397461
430,0.3696909248828888
431,-0.02155408263206482
432,0.35419926047325134
433,0.3333222568035126
434,-0.0018459036946296692
435,0.34251052141189575
436,0.3428479731082916
437,0.0010935044847428799
438,0.35970112681388855
439,0.3584575653076172
440,-0.014941832050681114
441,0.3188227415084839
442,0.22696055471897125
443,0.021756289526820183
444,0.32380956411361694
445,0.24109813570976257
446,0.008785701356828213
447,0.3290894627571106
448,0.25804170966148376
449,-0.0015684751560911536
450,0.365594744682312
451,0.44481658935546875
452,0.0004108276916667819
453,0.3631989359855652
454,0.25839895009994507
455,-0.015578613616526127
456,0.3592914640903473
457,0.23065537214279175
458,-0.009837220422923565
459,0.35526320338249207
460,0.20566904544830322
461,-0.00343386922031641
462,0.3304499685764313
463,0.3099457621574402
464,0.01255966629832983
465,0.3142778277397156
466,0.3248796761035919
467,0.02511526457965374
468,0.3621096909046173
469,0.30114641785621643
470,0.006498120259493589
471,0.31957828998565674
472,0.29381006956100464
473,0.016918836161494255
474,0.3669559061527252
475,0.31719160079956055
476,-0.008428716100752354
477,0.3648855984210968
478,0.3526042699813843
479,-0.03063439205288887
480,0.30752843618392944
481,0.33413341641426086
482,0.03440728038549423
483,0.319279283285141
484,0.33187416195869446
485,0.01740211620926857
486,0.32891765236854553
487,0.3345647156238556
488,0.009403212927281857
489,0.3432789742946625
490,0.33050844073295593
491,0.0046959021128714085
492,0.3536806106567383
493,0.324107825756073
494,0.0023647956550121307
495,0.36149752140045166
496,0.3174905776977539
497,-0.0004171639448031783
498,0.3762659728527069
499,0.30051347613334656
500,-0.017746850848197937
501,0.3099114000797272
502,0.3578850328922272
503,0.031707994639873505
504,0.3139071464538574
505,0.29372814297676086
506,0.021158821880817413
507,0.38213470578193665
508,0.36364614963531494
509,-0.03994462266564369
510,0.3625761568546295
511,0.33600884675979614
512,-0.008801965974271297
513,0.30315661430358887
514,0.3160328269004822
515,0.08571518212556839
516,0.36713966727256775
517,0.3104528486728668
518,-0.002015728037804365
519,0.35957711935043335
520,0.35988089442253113
521,-0.006442927289754152
522,0.3238334059715271
523,0.3003457486629486
524,0.019247326999902725
525,0.364306777715683
526,0.34587231278419495
527,-0.027313733473420143
528,0.31169915199279785
529,0.39297035336494446
530,0.08656544238328934
531,0.36199361085891724
532,0.2968849837779999
533,0.008811600506305695
534,0.37027961015701294
535,0.33808115124702454
536,-0.0355185903608799
537,0.3346291780471802
538,0.4478442072868347
539,0.034997645765542984
540,0.3364720642566681
541,0.46150702238082886
542,0.0486447736620903
543,0.30494752526283264
544,0.36266806721687317
545,0.061296433210372925
546,0.32524847984313965
547,0.43217867612838745
548,0.04493006318807602
549,0.30512258410453796
550,0.2917014956474304
551,0.04975992441177368
552,0.365857869386673
553,0.48812204599380493
554,0.009716993197798729
555,0.38367050886154175
556,0.36628293991088867
557,-0.029217315837740898
558,0.35651034116744995
559,0.34571409225463867
560,-0.005362044554203749
561,0.30789321660995483
562,0.3128800392150879
563,0.03754498437047005
564,0.3367825448513031
565,0.3039528429508209
566,0.009620104916393757
567,0.3436048626899719
568,0.30404335260391235
569,0.007279181852936745
570,0.3649669587612152
571,0.43069857358932495
572,-0.0006080447346903384
573,0.31363779306411743
574,0.38092976808547974
575,0.0340234600007534
576,0.3812740743160248
577,0.5059152841567993
578,0.011057420633733273
579,0.35691678524017334
580,0.48845145106315613
581,0.027474762871861458
582,0.34727105498313904
583,0.47707751393318176
584,0.03674720600247383
585,0.38066303730010986
586,0.22855086624622345
587,-0.01265309564769268
588,0.39919984340667725
589,0.5076688528060913
590,0.007889068685472012
591,0.3501766622066498
592,0.3025495111942291
593,0.006531698629260063
594,0.3561865985393524
595,0.299996554851532
596,0.007326880469918251
597,0.3600684106349945
598,0.2982863783836365
599,0.00881173275411129
600,0.3093350827693939
601,0.29282715916633606
602,0.02982214279472828
603,0.3552034795284271
604,0.2914142608642578
605,0.006256846711039543
606,0.3484562039375305
607,0.28993189334869385
608,0.004988084547221661
609,0.3416501581668854
610,0.2900402545928955
611,0.005772345699369907
612,0.334898442029953
613,0.2922622263431549
614,0.008128895424306393
615,0.3307265043258667
616,0.29526251554489136
617,0.011064065620303154
618,0.30240267515182495
619,0.2887258529663086
620,0.07261236011981964
621,0.3322334289550781
622,0.3028649687767029
623,0.01242012158036232
624,0.3888216018676758
625,0.3803114593029022
626,-0.022175345569849014
627,0.3639293313026428
628,0.38962414860725403
629,-0.012720823287963867
630,0.3668726086616516
631,0.3616049289703369
632,-0.02267495170235634
633,0.37795642018318176
634,0.38294363021850586
635,-0.020778631791472435
636,0.3834272027015686
637,0.2844589054584503
638,-0.015355898067355156
639,0.34457892179489136
640,0.46327969431877136
641,0.026948299258947372
642,0.3547356128692627
643,0.47554004192352295
644,0.018849385902285576
645,0.38028913736343384
646,0.49672359228134155
647,0.0015348127344623208
648,0.3278457820415497
649,0.44457972049713135
650,0.06354165077209473
651,0.3598262071609497
652,0.2944478988647461
653,0.007752126548439264
654,0.37159955501556396
655,0.31846681237220764
656,-0.020074419677257538
657,0.39831963181495667
658,0.49866634607315063
659,-0.0011448663426563144
660,0.3678542673587799
661,0.4986998438835144
662,0.01780063286423683
663,0.3093869686126709
664,0.38778531551361084
665,0.059713661670684814
666,0.3791883587837219
667,0.4284096360206604
668,-0.009069024585187435
669,0.3777601718902588
670,0.4322776198387146
671,-0.010288950987160206
672,0.376143217086792
673,0.43823450803756714
674,-0.01111360639333725
675,0.37507128715515137
676,0.44513845443725586
677,-0.009562458842992783
678,0.37349069118499756
679,0.4538513720035553
680,-0.0028963005170226097
681,0.369345098733902
682,0.42053118348121643
683,-0.0037796234246343374
684,0.36632925271987915
685,0.41972655057907104
686,-0.003635803237557411
687,0.36360204219818115
688,0.4180511236190796
689,-0.003560182871297002
690,0.3551371395587921
691,0.41013216972351074
692,-0.001330251689068973
693,0.32383403182029724
694,0.38531896471977234
695,0.01713334582746029
696,0.3717101812362671
697,0.30803245306015015
698,-0.01248269621282816
699,0.36759915947914124
700,0.2891131341457367
701,0.002189082093536854
702,0.36301952600479126
703,0.29092156887054443
704,0.005789913237094879
705,0.3714659512042999
706,0.4186924695968628
707,-0.003029697807505727
708,0.3263905346393585
709,0.41438180208206177
710,0.029564570635557175
711,0.37372100353240967
712,0.28772133588790894
713,-0.00892708171159029
714,0.37002256512641907
715,0.46344688534736633
716,0.0019302848959341645
717,0.38386815786361694
718,0.3187636733055115
719,-0.03590414300560951
720,0.3765835762023926
721,0.31150728464126587
722,-0.02598862536251545
723,0.3837520182132721
724,0.30797383189201355
725,-0.028317995369434357
726,0.36662933230400085
727,0.33668336272239685
728,-0.019921468570828438
729,0.39736199378967285
730,0.48593124747276306
731,-0.0051905689761042595
732,0.3964027464389801
733,0.4719739556312561
734,-0.0048796385526657104
735,0.3826909363269806
736,0.4708859324455261
737,-0.002651842311024666
738,0.3519479036331177
739,0.43986350297927856
740,0.009152617305517197
741,0.35472527146339417
742,0.3706377148628235
743,-0.004026232287287712
744,0.3600805699825287
745,0.4530896246433258
746,0.005946218501776457
747,0.33840277791023254
748,0.3722485601902008
749,0.0009735317435115576
750,0.3497397303581238
751,0.3840254247188568
752,-0.0020966650918126106
753,0.3346942067146301
754,0.39251628518104553
755,0.007937408983707428
756,0.3808080852031708
757,0.4842199683189392
758,-0.0022809060756117105
759,0.36256080865859985
760,0.3441981375217438
761,-0.013815718702971935
762,0.34583884477615356
763,0.44956764578819275
764,0.01738358475267887
765,0.35623833537101746
766,0.4630272388458252
767,0.012377332895994186
768,0.34549516439437866
769,0.4245925545692444
770,0.009904617443680763
771,0.3179982602596283
772,0.40069517493247986
773,0.036788519471883774
774,0.3362404406070709
775,0.42714816331863403
776,0.018614789471030235
777,0.3158215880393982
778,0.41099849343299866
779,0.05580967664718628
780,0.3464242219924927
781,0.40130820870399475
782,0.0021831300109624863
783,0.367182195186615
784,0.3270602822303772
785,-0.01399884931743145
786,0.3678112030029297
787,0.35699450969696045
788,-0.03263087570667267
789,0.3635369539260864
790,0.36126595735549927
791,-0.023532075807452202
792,0.3703463077545166
793,0.34889835119247437
794,-0.0387553796172142
795,0.36113646626472473
796,0.28114503622055054
797,0.00012944158515892923
798,0.3480141758918762
799,0.2766703963279724
800,-0.0009529914823360741
801,0.33669084310531616
802,0.2764695882797241
803,6.383541040122509e-05
804,0.32761070132255554
805,0.2791858911514282
806,0.00400453619658947
807,0.3218434751033783
808,0.28475329279899597
809,0.009578422643244267
810,0.3193863332271576
811,0.30480659008026123
812,0.022700568661093712
813,0.3026157319545746
814,0.3385353684425354
815,0.060206323862075806
816,0.3254985213279724
817,0.3193448483943939
818,0.015886645764112473
819,0.3333495557308197
820,0.3214779198169708
821,0.010386930778622627
822,0.3434394299983978
823,0.31989914178848267
824,0.006423396989703178
825,0.3529801368713379
826,0.3158571720123291
827,0.0046873935498297215
828,0.36035194993019104
829,0.3108866214752197
830,0.0035775250289589167
831,0.36536267399787903
832,0.3063219487667084
833,0.0029230057261884212
834,0.3056265711784363
835,0.34107351303100586
836,0.09123220294713974
837,0.3645196855068207
838,0.3648472726345062
839,-0.019507834687829018
840,0.3714695870876312
841,0.32794666290283203
842,-0.02662322111427784
843,0.37314340472221375
844,0.35661864280700684
845,-0.03940907120704651
846,0.37843284010887146
847,0.36224645376205444
848,-0.0365261510014534
849,0.37361079454421997
850,0.35864773392677307
851,-0.03540504351258278
852,0.36746159195899963
853,0.3685409724712372
854,-0.01687188446521759
855,0.37971943616867065
856,0.363125205039978
857,-0.038773324340581894
858,0.38110604882240295
859,0.3657943904399872
860,-0.029120126739144325
861,0.3647594451904297
862,0.297213613986969
863,0.007188152056187391
864,0.36914461851119995
865,0.299642950296402
866,0.0015921799931675196
867,0.37127116322517395
868,0.30110466480255127
869,-0.004636429715901613
870,0.32826969027519226
871,0.2973877489566803
872,0.01397102139890194
873,0.32370513677597046
874,0.29376235604286194
875,0.014439212158322334
876,0.3912019729614258
877,0.32010936737060547
878,-0.033527273684740067
879,0.44402122497558594
880,0.2915767431259155
881,0.008540834300220013
882,0.39442211389541626
883,0.3626343309879303
884,-0.02975853905081749
885,0.4707494080066681
886,0.24922777712345123
887,0.04617072269320488
888,0.4209935665130615
889,0.3027072548866272
890,0.0011067488230764866
891,0.4291990399360657
892,0.3031352460384369
893,0.0011703793425112963
894,0.43702834844589233
895,0.3020719885826111
896,0.002903702901676297
897,0.44736894965171814
898,0.29552799463272095
899,0.009395298548042774
900,0.41395026445388794
901,0.300080806016922
902,0.0022226134315133095
903,0.43010589480400085
904,0.27424341440200806
905,-0.002318974584341049
906,0.42139098048210144
907,0.275579571723938
908,-0.001694990205578506
909,0.43838420510292053
910,0.27509233355522156
911,-8.977315883385018e-05
912,0.4441208839416504
913,0.2783834934234619
914,0.0030344994738698006
915,0.45401817560195923
916,0.3026266396045685
917,0.012855962850153446
918,0.42826971411705017
919,0.470270574092865
920,0.002147903200238943
921,0.4467887282371521
922,0.2888326048851013
923,0.011033155955374241
924,0.47764596343040466
925,0.2974454462528229
926,0.04825201258063316
927,0.4626019299030304
928,0.2949129343032837
929,0.02083532325923443
930,0.42896395921707153
931,0.3480471074581146
932,-0.007506603840738535
933,0.40083831548690796
934,0.39729344844818115
935,-0.024415694177150726
936,0.4005049169063568
937,0.41093993186950684
938,-0.020947953686118126
939,0.4120821952819824
940,0.4007071852684021
941,-0.020193686708807945
942,0.4192557632923126
943,0.4060882031917572
944,-0.014309457503259182
945,0.4082253575325012
946,0.4114288091659546
947,-0.018126673996448517
948,0.4141484200954437
949,0.41291189193725586
950,-0.012492568232119083
951,0.43184372782707214
952,0.4279136061668396
953,-0.0006037689163349569
954,0.3922922909259796
955,0.35627996921539307
956,-0.044306784868240356
957,0.3926832973957062
958,0.3449174463748932
959,-0.046661097556352615
960,0.4556492567062378
961,0.2668560743331909
962,0.004783974029123783
963,0.4111023545265198
964,0.3206506669521332
965,-0.007971423678100109
966,0.41315463185310364
967,0.3527950942516327
968,-0.024815060198307037
969,0.4137231409549713
970,0.34711676836013794
971,-0.02221808396279812
972,0.45303744077682495
973,0.34623855352401733
974,0.0011234665289521217
975,0.3917830288410187
976,0.33121392130851746
977,-0.04158484563231468
978,0.435131311416626
979,0.2570596933364868
980,-0.008780821226537228
981,0.4470507800579071
982,0.2595624029636383
983,-0.003102655755355954
984,0.4612919092178345
985,0.22891494631767273
986,0.030825819820165634
987,0.39977073669433594
988,0.2695614695549011
989,-0.01413056068122387
990,0.41408419609069824
991,0.279468297958374
992,0.0011244892375543714
993,0.436374306678772
994,0.41416579484939575
995,0.00039411618490703404
996,0.4774399697780609
997,0.4076201319694519
998,0.0687955841422081
999,0.40745365619659424
1000,0.35964974761009216
1001,-0.021412402391433716
1002,0.4006651043891907
1003,0.3642756938934326
1004,-0.022163936868309975
1005,0.42772236466407776
1006,0.4166925847530365
1007,-0.0005236499710008502
1008,0.42330026626586914
1009,0.4164644479751587
1010,-0.002549723954871297
1011,0.45106127858161926
1012,0.25197678804397583
1013,0.001140227192081511
1014,0.4139678478240967
1015,0.3584325611591339
1016,-0.020377933979034424
1017,0.4194963574409485
1018,0.2597697675228119
1019,-0.01258414052426815
1020,0.4203725755214691
1021,0.25013431906700134
1022,-0.014177353121340275
1023,0.42645660042762756
1024,0.2035118043422699
1025,0.0013726893812417984
1026,0.4557454288005829
1027,0.23971733450889587
1028,0.014052923768758774
1029,0.4223918914794922
1030,0.22545930743217468
1031,-0.00684280414134264
1032,0.46020177006721497
1033,0.2617782950401306
1034,0.011830554343760014
1035,0.46537619829177856
1036,0.25591734051704407
1037,0.028118126094341278
1038,0.4008888304233551
1039,0.404936283826828
1040,-0.023706460371613503
1041,0.4100660979747772
1042,0.40695270895957947
1043,-0.019601959735155106
1044,0.41677552461624146
1045,0.4096033573150635
1046,-0.014125817455351353
1047,0.4054816663265228
1048,0.36227700114250183
1049,-0.019750921055674553
1050,0.425484836101532
1051,0.4168538451194763
1052,-0.001731162192299962
1053,0.42277535796165466
1054,0.42186999320983887
1055,-0.0055755688808858395
1056,0.422105610370636
1057,0.41572266817092896
1058,-0.0027834863867610693
1059,0.40224289894104004
1060,0.35538846254348755
1061,-0.032765306532382965
1062,0.412334680557251
1063,0.41263583302497864
1064,-0.011135104112327099
1065,0.4065840244293213
1066,0.4126574993133545
1067,-0.014918159693479538
1068,0.39984047412872314
1069,0.41322457790374756
1070,-0.0175455454736948
1071,0.4073446989059448
1072,0.45815229415893555
1073,-0.005676881410181522
1074,0.4059007167816162
1075,0.44789785146713257
1076,-0.014638056047260761
1077,0.40450146794319153
1078,0.4403250217437744
1079,-0.016475291922688484
1080,0.40292614698410034
1081,0.43261510133743286
1082,-0.01497151143848896
1083,0.40175044536590576
1084,0.42766469717025757
1085,-0.01368654239922762
1086,0.41457176208496094
1087,0.42234811186790466
1088,-0.008188153617084026
1089,0.41631120443344116
1090,0.42410194873809814
1091,-0.009439032524824142
1092,0.4190097451210022
1093,0.4274927079677582
1094,-0.010259910486638546
1095,0.4214458763599396
1096,0.4313570261001587
1097,-0.008725553750991821
1098,0.42488279938697815
1099,0.3913964033126831
1100,-0.01163167878985405
1101,0.4825925827026367
1102,0.34927406907081604
1103,0.08095699548721313
1104,0.41808557510375977
1105,0.42007845640182495
1106,-0.004762386437505484
1107,0.42024457454681396
1108,0.42072761058807373
1109,-0.005599197465926409
1110,0.39839881658554077
1111,0.3698813021183014
1112,-0.02233993448317051
1113,0.41172805428504944
1114,0.36638402938842773
1115,-0.014143452979624271
1116,0.3994501531124115
1117,0.3671766519546509
1118,-0.022502003237605095
1119,0.42017069458961487
1120,0.3267599642276764
1121,-0.005689855199307203
1122,0.4336613714694977
1123,0.33361053466796875
1124,-0.004141032695770264
1125,0.41555172204971313
1126,0.35256797075271606
1127,-0.017720161005854607
1128,0.4471743106842041
1129,0.2131364643573761
1130,0.014749059453606606
1131,0.4421182870864868
1132,0.2288847267627716
1133,0.00277631520293653
1134,0.4373355507850647
1135,0.24760720133781433
1136,-0.006992754992097616
1137,0.4261513948440552
1138,0.4386143088340759
1139,-0.003145361552014947
1140,0.40150895714759827
1141,0.2545878291130066
1142,-0.017357630655169487
1143,0.4027295410633087
1144,0.22610679268836975
1145,-0.01184926275163889
1146,0.4046144485473633
1147,0.20023316144943237
1148,-0.005880681797862053
1149,0.44369956851005554
1150,0.2997126579284668
1151,0.006130068562924862
1152,0.462924987077713
1153,0.3101220726966858
1154,0.017042886465787888
1155,0.40940043330192566
1156,0.2973226010799408
1157,0.003568922867998481
1158,0.4532386362552643
1159,0.2813689410686493
1160,0.009730730205774307
1161,0.4046146273612976
1162,0.31355077028274536
1163,-0.01070027332752943
1164,0.40735313296318054
1165,0.3483794033527374
1166,-0.03259727731347084
1167,0.47205305099487305
1168,0.3177749216556549
1169,0.025332340970635414
1170,0.457678884267807
1171,0.31802353262901306
1172,0.009810194373130798
1173,0.4473871886730194
1174,0.32253530621528625
1175,0.0026943660341203213
1176,0.4318442642688751
1177,0.32168400287628174
1178,-0.0004772560787387192
1179,0.42018890380859375
1180,0.3176875412464142
1181,-0.0015306418063119054
1182,0.4112454354763031
1183,0.3128628134727478
1184,-0.0033774259500205517
1185,0.39196234941482544
1186,0.2990194857120514
1187,-0.018700992688536644
1188,0.47204676270484924
1189,0.3418179750442505
1190,0.022697564214468002
1191,0.4596306085586548
1192,0.27963685989379883
1193,0.013276549056172371
1194,0.3903379440307617
1195,0.36278319358825684
1196,-0.040377989411354065
1197,0.4108579754829407
1198,0.3312024772167206
1199,-0.011413970030844212
1200,0.48055607080459595
1201,0.29821303486824036
1202,0.07532018423080444
1203,0.40438351035118103
1204,0.30704265832901
1205,-0.004252114798873663
1206,0.41665053367614746
1207,0.3538561165332794
1208,-0.00910464022308588
1209,0.44971463084220886
1210,0.2891826629638672
1211,0.012347917072474957
1212,0.40773943066596985
1213,0.3414800763130188
1214,-0.029356857761740685
1215,0.4819246232509613
1216,0.37728163599967957
1217,0.07712659984827042
1218,0.4093500077724457
1219,0.2932335436344147
1220,0.005819706711918116
1221,0.39978015422821045
1222,0.33510345220565796
1223,-0.03704701364040375
1224,0.46115562319755554
1225,0.4373611807823181
1226,0.02828947640955448
1227,0.4627230763435364
1228,0.45177966356277466
1229,0.041963543742895126
1230,0.48111531138420105
1231,0.34565016627311707
1232,0.05152561143040657
1233,0.4693477749824524
1234,0.4197682738304138
1235,0.037181202322244644
1236,0.471535861492157
1237,0.27493220567703247
1238,0.04053407907485962
1239,0.43134331703186035
1240,0.48316189646720886
1241,0.006554733961820602
1242,0.3900781571865082
1243,0.36557525396347046
1244,-0.02949613891541958
1245,0.418770968914032
1246,0.3392969071865082
1247,-0.00873781181871891
1248,0.46962064504623413
1249,0.29693371057510376
1250,0.02874669060111046
1251,0.4359998106956482
1252,0.29541414976119995
1253,0.004068334586918354
1254,0.42888692021369934
1255,0.2968047559261322
1256,0.0023032850585877895
1257,0.4253571033477783
1258,0.4235084354877472
1259,-0.004397696815431118
1260,0.471862256526947
1261,0.3655425012111664
1262,0.025114528834819794
1263,0.4174032211303711
1264,0.5033377408981323
1265,0.009208034723997116
1266,0.4424203634262085
1267,0.48238563537597656
1268,0.02314317785203457
1269,0.45225289463996887
1270,0.469477117061615
1271,0.031378887593746185
1272,0.421986848115921
1273,0.29658812284469604
1274,0.0022437709849327803
1275,0.415487140417099
1276,0.2950476408004761
1277,0.00361165520735085
1278,0.41142895817756653
1279,0.29422181844711304
1280,0.005479057319462299
1281,0.4652270972728729
1282,0.2773517966270447
1283,0.02132207527756691
1284,0.4158608913421631
1285,0.2864387035369873
1286,0.0024472204968333244
1287,0.42264872789382935
1288,0.283744215965271
1289,0.0005811962764710188
1290,0.4294954538345337
1291,0.2826966643333435
1292,0.0006774434586986899
1293,0.43661561608314514
1294,0.2836432456970215
1295,0.0023676473647356033
1296,0.4413626492023468
1297,0.2857590913772583
1298,0.0049895974807441235
1299,0.47673532366752625
1300,0.27091720700263977
1301,0.06260503828525543
1302,0.4407348036766052
1303,0.29352977871894836
1304,0.006391813978552818
1305,0.4169938564300537
1306,0.38395196199417114
1307,-0.015583453699946404
1308,0.40737634897232056
1309,0.3574913442134857
1310,-0.024409936740994453
1311,0.40057727694511414
1312,0.3805156946182251
1313,-0.022025661543011665
1314,0.4521147608757019
1315,0.4546922445297241
1316,0.02154948189854622
1317,0.4424265921115875
1318,0.46893399953842163
1319,0.014575268141925335
1320,0.4165427088737488
1321,0.4939773678779602
1322,-0.00027042062720283866
1323,0.4704987406730652
1324,0.43276849389076233
1325,0.0556081123650074
1326,0.41123703122138977
1327,0.29038769006729126
1328,0.004388649016618729
1329,0.3983301818370819
1330,0.31590479612350464
1331,-0.021547989919781685
1332,0.4311201274394989
1333,0.49418574571609497
1334,0.014575851149857044
1335,0.48005151748657227
1336,0.37178489565849304
1337,0.05037979036569595
1338,0.4088052809238434
1339,0.42500486969947815
1340,-0.011361219920217991
1341,0.41060876846313477
1342,0.42854270339012146
1343,-0.012576590292155743
1344,0.41290631890296936
1345,0.43410590291023254
1346,-0.013552112504839897
1347,0.414984792470932
1348,0.4408147931098938
1349,-0.012032956816256046
1350,0.41833359003067017
1351,0.4493982791900635
1352,-0.005638621747493744
1353,0.41943204402923584
1354,0.4142734408378601
1355,-0.007502598688006401
1356,0.42217421531677246
1357,0.4129221737384796
1358,-0.0076621100306510925
1359,0.4246596097946167
1360,0.4107210040092468
1361,-0.00760508980602026
1362,0.43170687556266785
1363,0.40157514810562134
1364,-0.005935837514698505
1365,0.4606214761734009
1366,0.37175676226615906
1367,0.009299768134951591
1368,0.39812588691711426
1369,0.3055303394794464
1370,-0.014158272184431553
1371,0.40199148654937744
1372,0.28623679280281067
1373,0.00024118497094605118
1374,0.4073556959629059
1375,0.2872614860534668
1376,0.0030688627157360315
1377,0.4172859191894531
1378,0.41288861632347107
1379,-0.006549839396029711
1380,0.4639046788215637
1381,0.40157341957092285
1382,0.021878834813833237
1383,0.394337922334671
1384,0.28589901328086853
1385,-0.010034299455583096
1386,0.4234808385372162
1387,0.45870786905288696
1388,-0.000890553870704025
1389,0.39173465967178345
1390,0.31004729866981506
1391,-0.026762643828988075
1392,0.4052979350090027
1393,0.33281391859054565
1394,-0.021808724850416183
1395,0.41057467460632324
1396,0.468483030796051
1397,-0.004066843073815107
1398,0.4400465488433838
1399,0.4313786029815674
1400,0.004413891118019819
1401,0.42400121688842773
1402,0.3633812665939331
1403,-0.007660591509193182
1404,0.43317508697509766
1405,0.446367472410202
1406,0.002154356800019741
1407,0.44207942485809326
1408,0.36166033148765564
1409,-0.004830917343497276
1410,0.43206727504730225
1411,0.3754793107509613
1412,-0.006604021415114403
1413,0.449876993894577
1414,0.3809860646724701
1415,0.001428141724318266
1416,0.4141417145729065
1417,0.48147639632225037
1418,-0.004014645237475634
1419,0.4110619127750397
1420,0.3392535448074341
1421,-0.01622055098414421
1422,0.4480184316635132
1423,0.44056397676467896
1424,0.01207964401692152
1425,0.4387463629245758
1426,0.45618703961372375
1427,0.008295711129903793
1428,0.44458824396133423
1429,0.4145773947238922
1430,0.004053516313433647
1431,0.47088056802749634
1432,0.3863070607185364
1433,0.028319910168647766
1434,0.4549601078033447
1435,0.41615304350852966
1436,0.01198771595954895
1437,0.4766824245452881
1438,0.3964090943336487
1439,0.046993687748909
1440,0.4392172396183014
1441,0.39151719212532043
1442,-0.0033687863033264875
1443,0.40448087453842163
1444,0.3233584761619568
1445,-0.016067007556557655
1446,0.4047539532184601
1447,0.3532971143722534
1448,-0.03442124277353287
1449,0.4107808768749237
1450,0.3565109670162201
1451,-0.025692792609333992
1452,0.40027812123298645
1453,0.34594160318374634
1454,-0.040404465049505234
1455,0.4077107012271881
1456,0.27704620361328125
1457,-0.0025211044121533632
1458,0.4204823970794678
1459,0.27009326219558716
1460,-0.004713942296802998
1461,0.43198034167289734
1462,0.2677918076515198
1463,-0.0048874965868890285
1464,0.44188737869262695
1465,0.2686152458190918
1466,-0.002043531509116292
1467,0.4491320550441742
1468,0.2729284465312958
1469,0.0029354013968259096
1470,0.4552997946739197
1471,0.29205507040023804
1472,0.01526158582419157
1473,0.48049792647361755
1474,0.32110220193862915
1475,0.05019225552678108
1476,0.4499279260635376
1477,0.3074144124984741
1478,0.008963008411228657
1479,0.4416058659553528
1480,0.3110031485557556
1481,0.004289592616260052
1482,0.4308696389198303
1483,0.31169235706329346
1484,0.0013529225252568722
1485,0.42040324211120605
1486,0.3096238076686859
1487,0.0007236587116494775
1488,0.41217511892318726
1489,0.3062500059604645
1490,0.0005912056658416986
1491,0.4063946604728699
1492,0.3027626872062683
1493,0.0004824827192351222
1494,0.48169082403182983
1495,0.3237038552761078
1496,0.08087197691202164
1497,0.4108346104621887
1498,0.3600112795829773
1499,-0.021609533578157425
1500,0.3983927071094513
1501,0.32522091269493103
1502,-0.028150055557489395
1503,0.3983627259731293
1504,0.35411980748176575
1505,-0.04056320711970329
1506,0.3945021629333496
1507,0.3605453670024872
1508,-0.03714526444673538
1509,0.39876681566238403
1510,0.3561248481273651
1511,-0.03658177703619003
1512,0.4088222086429596
1513,0.3642430901527405
1514,-0.018695510923862457
1515,0.39292705059051514
1516,0.3617248237133026
1517,-0.03926356881856918
1518,0.3926962614059448
1519,0.3645521104335785
1520,-0.029583001509308815
1521,0.4062584638595581
1522,0.29395154118537903
1523,0.004584085196256638
1524,0.40160849690437317
1525,0.2969549298286438
1526,-0.00024344302073586732
1527,0.3989177346229553
1528,0.2986379563808441
1529,-0.006209619343280792
1530,0.444322407245636
1531,0.2874782681465149
1532,0.00757143460214138
1533,0.448650598526001
1534,0.2824787497520447
1535,0.007699870504438877
1536,0.7462058663368225
1537,0.656122088432312
1538,-5.776364560006186e-07
1539,0.6854324340820312
1540,0.6010221838951111
1541,0.02209482342004776
1542,0.6491706371307373
1543,0.5337551236152649
1544,0.027591522783041
1545,0.6208714842796326
1546,0.4931360185146332
1547,0.020065195858478546
1548,0.606584370136261
1549,0.4601828157901764
1550,0.012913323007524014
1551,0.7073439359664917
1552,0.449750691652298
1553,0.0529160276055336
1554,0.6716908812522888
1555,0.3845909833908081
1556,0.03852120041847229
1557,0.6335969567298889
1558,0.4037090539932251
1559,0.022135820239782333
1560,0.6135742664337158
1561,0.4368970990180969
1562,0.012875847518444061
1563,0.7216958403587341
1564,0.44510480761528015
1565,0.02812866121530533
1566,0.6713188886642456
1567,0.37302976846694946
1568,0.012469658628106117
1569,0.6246738433837891
1570,0.4058171510696411
1571,-0.004431051202118397
1572,0.6060554385185242
1573,0.4487995505332947
1574,-0.012829420156776905
1575,0.7320496439933777
1576,0.44858318567276
1577,-0.00018029216153081506
1578,0.6811203360557556
1579,0.37704989314079285
1580,-0.014973283745348454
1581,0.6315534114837646
1582,0.41120845079421997
1583,-0.025148453190922737
1584,0.6112534403800964
1585,0.45724084973335266
1586,-0.02862120233476162
1587,0.7341485023498535
1588,0.459624320268631
1589,-0.027857987210154533
1590,0.6881083846092224
1591,0.40602412819862366
1592,-0.03676999732851982
1593,0.6492394208908081
1594,0.42478930950164795
1595,-0.03930288553237915
1596,0.6294727325439453
1597,0.4620171785354614
1598,-0.03924727067351341
1599,0.0
1600,0.0
1601,0.0
1602,0.0
1603,0.0
1604,0.0
1605,0.0
1606,0.0
1607,0.0
1608,0.0
1609,0.0
1610,0.0
1611,0.0
1612,0.0
1613,0.0
1614,0.0
1615,0.0
1616,0.0
1617,0.0
1618,0.0
1619,0.0
1620,0.0
1621,0.0
1622,0.0
1623,0.0
1624,0.0
1625,0.0
1626,0.0
1627,0.0
1628,0.0
1629,0.0
1630,0.0
1631,0.0
1632,0.0
1633,0.0
1634,0.0
1635,0.0
1636,0.0
1637,0.0
1638,0.0
1639,0.0
1640,0.0
1641,0.0
1642,0.0
1643,0.0
1644,0.0
1645,0.0
1646,0.0
1647,0.0
1648,0.0
1649,0.0
1650,0.0
1651,0.0
1652,0.0
1653,0.0
1654,0.0
1655,0.0
1656,0.0
1657,0.0
1658,0.0
1659,0.0
1660,0.0
1661,0.0
