,0
0,0.41616010665893555
1,0.3114072382450104
2,-0.7097440361976624
3,0.9999547004699707
4,0.44159016013145447
5,0.26034414768218994
6,-0.6602445840835571
7,0.9999170899391174
8,0.4567849040031433
9,0.26188352704048157
10,-0.6599678993225098
11,0.9999296069145203
12,0.4700859487056732
13,0.2633380591869354
14,-0.6598652601242065
15,0.9998965859413147
16,0.3886716663837433
17,0.2617892324924469
18,-0.6631778478622437
19,0.999927818775177
20,0.3713645339012146
21,0.26376473903656006
22,-0.6625771522521973
23,0.9999408721923828
24,0.355800986289978
25,0.26619234681129456
26,-0.6627247929573059
27,0.9999321699142456
28,0.49073004722595215
29,0.2959231436252594
30,-0.3599723279476166
31,0.9999029636383057
32,0.3347737193107605
33,0.29986727237701416
34,-0.35822561383247375
35,0.9999504685401917
36,0.45033225417137146
37,0.3776003420352936
38,-0.6004688739776611
39,0.9999390840530396
40,0.3849151134490967
41,0.378802090883255
42,-0.5992053151130676
43,0.9999528527259827
44,0.6307290196418762
45,0.6665745377540588
46,-0.192527636885643
47,0.9992780089378357
48,0.2105131447315216
49,0.6697889566421509
50,-0.2782905697822571
51,0.9995042681694031
52,0.7054796814918518
53,1.0139294862747192
54,-0.21229350566864014
55,0.7444680333137512
56,0.12132342904806137
57,1.0137059688568115
58,-0.24236884713172913
59,0.8472139835357666
60,0.6777955293655396
61,1.3999468088150024
62,-0.4461113512516022
63,0.7780040502548218
64,0.14967846870422363
65,1.3560216426849365
66,-0.5072636008262634
67,0.8328760862350464
68,0.6970375776290894
69,1.5077173709869385
70,-0.5295082926750183
71,0.7493785619735718
72,0.12440834194421768
73,1.4586150646209717
74,-0.5924133658409119
75,0.8118497133255005
76,0.6539518237113953
77,1.5039891004562378
78,-0.587294340133667
79,0.7743149995803833
80,0.16260457038879395
81,1.4626797437667847
82,-0.6683870553970337
83,0.8272441625595093
84,0.6399925351142883
85,1.4596937894821167
86,-0.4849112033843994
87,0.753596305847168
88,0.18005336821079254
89,1.42178213596344
90,-0.5523830652236938
91,0.8179971575737
92,0.5723719000816345
93,1.4044009447097778
94,-0.01852276548743248
95,0.009356096386909485
96,0.27963191270828247
97,1.4050230979919434
98,0.023785730823874474
99,0.009904767386615276
100,0.5418511033058167
101,2.0067923069000244
102,0.013547325506806374
103,0.0019643784034997225
104,0.2824631631374359
105,2.0066111087799072
106,0.041859619319438934
107,0.0008027631556615233
108,0.5388882756233215
109,2.547184467315674
110,0.5366848707199097
111,0.00019815682026091963
112,0.28540897369384766
113,2.5473036766052246
114,0.3539973199367523
115,2.3629143470316194e-05
116,0.5450586676597595
117,2.6292378902435303
118,0.561968982219696
119,0.0001632923522265628
120,0.2792414724826813
121,2.635223388671875
122,0.3698296844959259
123,5.122370203025639e-05
124,0.4971771240234375
125,2.724004030227661
126,0.0768127590417862
127,0.00019404245540499687
128,0.3251804709434509
129,2.714858293533325
130,-0.1609879434108734
131,0.00012241418880876154
132,0.4075188934803009
133,0.37754881381988525
134,-0.028111031278967857
135,0.4038459360599518
136,0.33568525314331055
137,-0.04572624713182449
138,0.40529146790504456
139,0.3501189649105072
140,-0.02624819613993168
141,0.3944958448410034
142,0.30088189244270325
143,-0.03154835104942322
144,0.402866005897522
145,0.3235250413417816
146,-0.047734204679727554
147,0.4019286036491394
148,0.3091617822647095
149,-0.04330924153327942
150,0.400178462266922
151,0.2767513692378998
152,-0.01808314025402069
153,0.34434962272644043
154,0.2873700261116028
155,0.017068209126591682
156,0.3988276422023773
157,0.252653568983078
158,-0.010465836152434349
159,0.39793574810028076
160,0.2376576066017151
161,-0.010583488270640373
162,0.3947298526763916
163,0.1837223768234253
164,0.004031159449368715
165,0.4079328775405884
166,0.38360247015953064
167,-0.027513904497027397
168,0.4083110988140106
169,0.3886967897415161
170,-0.02514776773750782
171,0.4085938334465027
172,0.3911745846271515
173,-0.021721286699175835
174,0.40915393829345703
175,0.4073559045791626
176,-0.017834031954407692
177,0.40949738025665283
178,0.41286128759384155
179,-0.019530100747942924
180,0.4099003076553345
181,0.4196733832359314
182,-0.021519210189580917
183,0.4104476571083069
184,0.42702680826187134
185,-0.020299743860960007
186,0.4114481806755066
187,0.43756845593452454
188,-0.013028514571487904
189,0.4044923186302185
190,0.34251973032951355
191,-0.04201975464820862
192,0.39697808027267456
193,0.3438572287559509
194,-0.03078775852918625
195,0.31532177329063416
196,0.25357291102409363
197,0.061305105686187744
198,0.36719900369644165
199,0.29322078824043274
200,0.0074431211687624454
201,0.35944104194641113
202,0.2953130602836609
203,0.008174925111234188
204,0.3518992066383362
205,0.2957800328731537
206,0.010654307901859283
207,0.3415641188621521
208,0.29200953245162964
209,0.018010279163718224
210,0.3736317753791809
211,0.28911060094833374
212,0.008062108419835567
213,0.35540837049484253
214,0.2666678726673126
215,0.005978686735033989
216,0.3637780249118805
217,0.2662072479724884
218,0.006005067378282547
219,0.3476483225822449
220,0.2694515883922577
221,0.008761651813983917
222,0.34262382984161377
223,0.27411791682243347
224,0.012224901467561722
225,0.33579355478286743
226,0.30019357800483704
227,0.02170235477387905
228,0.38149693608283997
229,0.45439374446868896
230,-0.00427547050639987
231,0.34157490730285645
232,0.285639226436615
233,0.01999606564640999
234,0.31425338983535767
235,0.30214473605155945
236,0.0597219280898571
237,0.32689741253852844
238,0.2949391305446625
239,0.030923523008823395
240,0.36356082558631897
241,0.3378254771232605
242,-0.004610960837453604
243,0.39637860655784607
244,0.3772658705711365
245,-0.026562435552477837
246,0.3989165127277374
247,0.39008235931396484
248,-0.023555047810077667
249,0.3856317102909088
250,0.3834127187728882
251,-0.021396664902567863
252,0.3793796896934509
253,0.39071154594421387
254,-0.014532522298395634
255,0.3911682069301605
256,0.3926727771759033
257,-0.019655657932162285
258,0.38548699021339417
259,0.39599141478538513
260,-0.013286588713526726
261,0.37122493982315063
262,0.41516339778900146
263,-0.0016122404485940933
264,0.39690065383911133
265,0.33633124828338623
266,-0.04481476545333862
267,0.3949417471885681
268,0.32494351267814636
269,-0.04655938223004341
270,0.3296569287776947
271,0.26456090807914734
272,0.016085179522633553
273,0.3778952956199646
274,0.3076073229312897
275,-0.003995182458311319
276,0.3774808347225189
277,0.3384250998497009
278,-0.023804686963558197
279,0.3765694200992584
280,0.3330495059490204
281,-0.020818626508116722
282,0.34042906761169434
283,0.34127718210220337
284,0.0067925662733614445
285,0.39458030462265015
286,0.31153032183647156
287,-0.04054240882396698
288,0.3472808599472046
289,0.24872039258480072
290,0.0017220532754436135
291,0.33657538890838623
292,0.2547111511230469
293,0.008378490805625916
294,0.3210214078426361
295,0.23071181774139404
296,0.04649904742836952
297,0.38232019543647766
298,0.2526476979255676
299,-0.007135606370866299
300,0.37128788232803345
301,0.268493115901947
302,0.008077041245996952
303,0.3646109104156494
304,0.4029744267463684
305,0.000817654887214303
306,0.33024024963378906
307,0.4107663035392761
308,0.07117201387882233
309,0.3842112421989441
310,0.34410035610198975
311,-0.021206192672252655
312,0.3915145695209503
313,0.3470967411994934
314,-0.023069214075803757
315,0.3726752996444702
316,0.40353283286094666
317,-0.00027084804605692625
318,0.3770048916339874
319,0.40264010429382324
320,-0.0026043071411550045
321,0.33182960748672485
322,0.24816668033599854
323,0.013422011397778988
324,0.3777570128440857
325,0.3442886173725128
326,-0.01969204843044281
327,0.3622205853462219
328,0.24724100530147552
329,-0.0035656157415360212
330,0.36004048585891724
331,0.23789280652999878
332,-0.004390346817672253
333,0.34958624839782715
334,0.19629794359207153
335,0.015615936368703842
336,0.3265438377857208
337,0.23866018652915955
338,0.027949342504143715
339,0.3555103838443756
340,0.21545261144638062
341,0.005444262642413378
342,0.32494354248046875
343,0.2609602212905884
344,0.024036981165409088
345,0.32014209032058716
346,0.25752687454223633
347,0.04182203486561775
348,0.39750435948371887
349,0.38449081778526306
350,-0.02595776878297329
351,0.38862618803977966
352,0.3888458013534546
353,-0.020918546244502068
354,0.3823574185371399
355,0.3934139311313629
356,-0.01463328767567873
357,0.3865768313407898
358,0.34622567892074585
359,-0.019969644024968147
360,0.37482601404190063
361,0.4033195376396179
362,-0.0015590605325996876
363,0.378298819065094
364,0.40737706422805786
365,-0.006355911493301392
366,0.3782777488231659
367,0.4018230438232422
368,-0.0028574366588145494
369,0.3882061541080475
370,0.33843839168548584
371,-0.03237299993634224
372,0.3873448371887207
373,0.39545416831970215
374,-0.012220825999975204
375,0.39315223693847656
376,0.39341551065444946
377,-0.01672564260661602
378,0.4002496302127838
379,0.39211785793304443
380,-0.02032843604683876
381,0.399364173412323
382,0.437713086605072
383,-0.01244452316313982
384,0.39873141050338745
385,0.42669516801834106
386,-0.019380662590265274
387,0.3989362120628357
388,0.41924843192100525
389,-0.020188836380839348
390,0.39939311146736145
391,0.41223493218421936
392,-0.018021507188677788
393,0.40011730790138245
394,0.40767985582351685
395,-0.016407378017902374
396,0.38657140731811523
397,0.4062289595603943
398,-0.009449009783565998
399,0.3850262463092804
400,0.4079735279083252
401,-0.010935690253973007
402,0.38278958201408386
403,0.411466509103775
404,-0.012312829494476318
405,0.3810429573059082
406,0.4155566096305847
407,-0.01098634023219347
408,0.3720712959766388
409,0.37838196754455566
410,-0.011114370077848434
411,0.3186628222465515
412,0.3559513986110687
413,0.08874598890542984
414,0.4048630893230438
415,0.3457561433315277
416,-0.03167080134153366
417,0.3828611671924591
418,0.40510183572769165
419,-0.00536608649417758
420,0.3806186318397522
421,0.40583741664886475
422,-0.006320831831544638
423,0.3945378363132477
424,0.3519637882709503
425,-0.023816918954253197
426,0.3813009262084961
427,0.3515872657299042
428,-0.014401126652956009
429,0.39313721656799316
430,0.34962108731269836
431,-0.023662317544221878
432,0.3698209822177887
433,0.31564393639564514
434,-0.0014716113219037652
435,0.35752254724502563
436,0.3248608112335205
437,0.000782891467679292
438,0.3757384717464447
439,0.33901068568229675
440,-0.016500284895300865
441,0.33163532614707947
442,0.21126128733158112
443,0.030167512595653534
444,0.3375946581363678
445,0.2242087572813034
446,0.01616128347814083
447,0.3438419699668884
448,0.23999786376953125
449,0.004422370810061693
450,0.37835457921028137
451,0.42364203929901123
452,-0.005873775575309992
453,0.37874412536621094
454,0.23774880170822144
455,-0.00908968411386013
456,0.3743831217288971
457,0.21161025762557983
458,-0.0011023716069757938
459,0.3699369430541992
460,0.18791843950748444
461,0.006744293961673975
462,0.34539303183555603
463,0.2950094938278198
464,0.01443877536803484
465,0.3280070126056671
466,0.30942124128341675
467,0.025990251451730728
468,0.3777308464050293
469,0.2851170301437378
470,0.00922536663711071
471,0.33418697118759155
472,0.2792268693447113
473,0.019813433289527893
474,0.383195161819458
475,0.2990221083164215
476,-0.006710731890052557
477,0.3822243809700012
478,0.3324030339717865
479,-0.031653326004743576
480,0.32063502073287964
481,0.3193424344062805
482,0.0345948152244091
483,0.33343252539634705
484,0.3154049217700958
485,0.017755970358848572
486,0.3434814214706421
487,0.31718599796295166
488,0.009631110355257988
489,0.35833612084388733
490,0.31329914927482605
491,0.005346179939806461
492,0.3691645562648773
493,0.307186484336853
494,0.003558775642886758
495,0.3773699104785919
496,0.3003929555416107
497,0.001422732137143612
498,0.3926730453968048
499,0.2811005115509033
500,-0.014647126197814941
501,0.3229394555091858
502,0.34249642491340637
503,0.030268188565969467
504,0.32779979705810547
505,0.27889811992645264
506,0.024187443777918816
507,0.40032216906547546
508,0.34262776374816895
509,-0.041359443217515945
510,0.3788074254989624
511,0.31749698519706726
512,-0.008602608926594257
513,0.31348341703414917
514,0.30507323145866394
515,0.0874350517988205
516,0.3831527531147003
517,0.29291221499443054
518,0.0004247587639838457
519,0.3753107190132141
520,0.3407617211341858
521,-0.00807592086493969
522,0.3387078642845154
523,0.2864517867565155
524,0.021571245044469833
525,0.38139352202415466
526,0.3258790075778961
527,-0.027969947084784508
528,0.32268521189689636
529,0.38277190923690796
530,0.08221554011106491
531,0.37757134437561035
532,0.28125250339508057
533,0.01179556455463171
534,0.38778677582740784
535,0.31744882464408875
536,-0.03567022085189819
537,0.3468124270439148
538,0.4318655729293823
539,0.027323007583618164
540,0.3487909734249115
541,0.4471806585788727
542,0.0397455208003521
543,0.316886842250824
544,0.35003963112831116
545,0.0595446340739727
546,0.33668166399002075
547,0.4181331396102905
548,0.03804289922118187
549,0.31699103116989136
550,0.2783218324184418
551,0.05337636545300484
552,0.3806954622268677
553,0.46727657318115234
554,-0.0007761879242025316
555,0.40154770016670227
556,0.34574759006500244
557,-0.031056025996804237
558,0.37227025628089905
559,0.3273346424102783
560,-0.006011486053466797
561,0.32070061564445496
562,0.298745721578598
563,0.03938182443380356
564,0.3521205484867096
565,0.2890395522117615
566,0.011725882068276405
567,0.35899287462234497
568,0.288969486951828
569,0.009466970339417458
570,0.37609991431236267
571,0.40953952074050903
572,-0.005209940019994974
573,0.32602575421333313
574,0.36587706208229065
575,0.030826302245259285
576,0.3968214988708496
577,0.4838743507862091
578,-0.0006103902705945075
579,0.3713245689868927
580,0.4699951410293579
581,0.017122572287917137
582,0.36074182391166687
583,0.4605008363723755
584,0.027195844799280167
585,0.3962933123111725
586,0.2095341831445694
587,-0.003572552464902401
588,0.4148205816745758
589,0.48487189412117004
590,-0.003582604229450226
591,0.3655432462692261
592,0.2874176502227783
593,0.008974826894700527
594,0.3715970516204834
595,0.28463152050971985
596,0.009947095066308975
597,0.37548941373825073
598,0.2827456295490265
599,0.011683313176035881
600,0.32244813442230225
601,0.27823200821876526
602,0.03292658552527428
603,0.37070953845977783
604,0.27706432342529297
605,0.00934925489127636
606,0.3640097677707672
607,0.2765777111053467
608,0.00804324634373188
609,0.3575650155544281
610,0.27703920006752014
611,0.008672907017171383
612,0.3509329855442047
613,0.27930429577827454
614,0.010827403515577316
615,0.34652674198150635
616,0.28199347853660583
617,0.013574179261922836
618,0.3129897117614746
619,0.27680784463882446
620,0.07650734484195709
621,0.34753185510635376
622,0.2882861793041229
623,0.01453343778848648
624,0.4060678780078888
625,0.3592967391014099
626,-0.02478281781077385
627,0.3786498010158539
628,0.36939680576324463
629,-0.015848807990550995
630,0.38382232189178467
631,0.341922789812088
632,-0.024102499708533287
633,0.3942463994026184
634,0.3621954023838043
635,-0.023720262572169304
636,0.39956900477409363
637,0.2650744318962097
638,-0.01097414642572403
639,0.35783952474594116
640,0.44573917984962463
641,0.0183486919850111
642,0.3687485456466675
643,0.4565032124519348
644,0.009173962287604809
645,0.3957867920398712
646,0.47434279322624207
647,-0.009488552808761597
648,0.3393278121948242
649,0.4322691559791565
650,0.05565858632326126
651,0.3753635883331299
652,0.2791939079761505
653,0.010839536786079407
654,0.38834863901138306
655,0.299038827419281
656,-0.018436048179864883
657,0.4140465557575226
658,0.4752075672149658
659,-0.011988694779574871
660,0.38294556736946106
661,0.4782136380672455
662,0.00671097356826067
663,0.3210614323616028
664,0.3752939701080322
665,0.05595147982239723
666,0.3925759196281433
667,0.407059907913208
668,-0.013223732821643353
669,0.39117878675460815
670,0.41044071316719055
671,-0.014747150242328644
672,0.3896815776824951
673,0.4157910943031311
674,-0.016323577612638474
675,0.3886835277080536
676,0.4223482310771942
677,-0.015433459542691708
678,0.3872990608215332
679,0.4318864941596985
680,-0.010166885331273079
681,0.38044318556785583
682,0.39918360114097595
683,-0.007578173652291298
684,0.37745359539985657
685,0.39839667081832886
686,-0.007397486828267574
687,0.37476372718811035
688,0.39687618613243103
689,-0.007212715223431587
690,0.36695602536201477
691,0.3897712528705597
692,-0.004864620044827461
693,0.3365064561367035
694,0.36849623918533325
695,0.013723899610340595
696,0.38803553581237793
697,0.28928157687187195
698,-0.010099469684064388
699,0.38320618867874146
700,0.27157723903656006
701,0.0060686469078063965
702,0.37862053513526917
703,0.27453213930130005
704,0.009416040033102036
705,0.38253843784332275
706,0.39750540256500244
707,-0.007016193121671677
708,0.33815163373947144
709,0.39863258600234985
710,0.024167656898498535
711,0.38962459564208984
712,0.26887547969818115
713,-0.004997381940484047
714,0.3842838406562805
715,0.4422900676727295
716,-0.006643063388764858
717,0.40132516622543335
718,0.29793381690979004
719,-0.0345330648124218
720,0.39347338676452637
721,0.2914554178714752
722,-0.02372664026916027
723,0.4007839262485504
724,0.2877007722854614
725,-0.025860579684376717
726,0.38344427943229675
727,0.3172331154346466
728,-0.01969035156071186
729,0.4131200909614563
730,0.46244415640830994
731,-0.015091316774487495
732,0.412179559469223
733,0.4486742615699768
734,-0.013867254368960857
735,0.39783602952957153
736,0.44858071208000183
737,-0.011877370998263359
738,0.36463844776153564
739,0.4202697277069092
740,0.0029831326100975275
741,0.36989709734916687
742,0.3516489565372467
743,-0.006200036965310574
744,0.37357357144355774
745,0.4328036904335022
746,-0.0015396556118503213
747,0.3524477481842041
748,0.35374611616134644
749,-0.0016803138423711061
750,0.36374300718307495
751,0.36490175127983093
752,-0.0049270507879555225
753,0.34762299060821533
754,0.37448155879974365
755,0.004120624158531427
756,0.3961634635925293
757,0.4619441032409668
758,-0.012428120709955692
759,0.37897828221321106
760,0.32515108585357666
761,-0.014245684258639812
762,0.35899853706359863
763,0.4308615028858185
764,0.010070686228573322
765,0.37003934383392334
766,0.44327616691589355
767,0.0037918146699666977
768,0.3575495481491089
769,0.40538179874420166
770,0.0047269160859286785
771,0.3297826051712036
772,0.3860248923301697
773,0.03211776912212372
774,0.3484155535697937
775,0.40954118967056274
776,0.012852146290242672
777,0.32713884115219116
778,0.3983065187931061
779,0.050283193588256836
780,0.3588722348213196
781,0.38195639848709106
782,-0.0014329319819808006
783,0.3837132155895233
784,0.30815452337265015
785,-0.01310479361563921
786,0.38531583547592163
787,0.3367944657802582
788,-0.033787403255701065
789,0.3802894651889801
790,0.34157630801200867
791,-0.02518579550087452
792,0.3881959319114685
793,0.3279755115509033
794,-0.03943243250250816
795,0.37655869126319885
796,0.2632705867290497
797,0.0045440359972417355
798,0.3634602725505829
799,0.259048193693161
800,0.0036132612731307745
801,0.3522072732448578
802,0.25945213437080383
803,0.0043512857519090176
804,0.3429749011993408
805,0.2629852294921875
806,0.007930497638881207
807,0.33680373430252075
808,0.2694166898727417
809,0.01323177944868803
810,0.3337022066116333
811,0.2904593348503113
812,0.0249151773750782
813,0.3144923746585846
814,0.3258645236492157
815,0.06014171615242958
816,0.34010928869247437
817,0.3037639856338501
818,0.0170846376568079
819,0.34814995527267456
820,0.30516746640205383
821,0.01170017197728157
822,0.35851573944091797
823,0.3037411868572235
824,0.007872833870351315
825,0.3683566451072693
826,0.2997410297393799
827,0.0063637858256697655
828,0.37600597739219666
829,0.29454493522644043
830,0.005891287699341774
831,0.3811458349227905
832,0.28958702087402344
833,0.005430454388260841
834,0.3160845637321472
835,0.33069556951522827
836,0.09103619307279587
837,0.3809090256690979
838,0.34513962268829346
839,-0.021338794380426407
840,0.3886212706565857
841,0.30782684683799744
842,-0.025889217853546143
843,0.3911607265472412
844,0.3358137309551239
845,-0.04047231003642082
846,0.3963482975959778
847,0.3416801989078522
848,-0.037935566157102585
849,0.391484797000885
850,0.3382463753223419
851,-0.03661418706178665
852,0.38362014293670654
853,0.34882691502571106
854,-0.018897444009780884
855,0.39777764678001404
856,0.342326819896698
857,-0.040185365825891495
858,0.3988899290561676
859,0.34538358449935913
860,-0.03089757263660431
861,0.38045617938041687
862,0.2809624969959259
863,0.010268038138747215
864,0.38490238785743713
865,0.2824713885784149
866,0.004729310981929302
867,0.38725605607032776
868,0.2831267714500427
869,-0.0016045727534219623
870,0.3437976837158203
871,0.28394976258277893
872,0.016278602182865143
873,0.3387828469276428
874,0.279490202665329
875,0.017069416120648384
876,0.4086344242095947
877,0.29947441816329956
878,-0.03205348551273346
879,0.45977455377578735
880,0.2756061553955078
881,0.013369077816605568
882,0.4125131368637085
883,0.34211820363998413
884,-0.03116820752620697
885,0.4874850809574127
886,0.23596791923046112
887,0.05597066134214401
888,0.43715333938598633
889,0.2860775887966156
890,0.00494087440893054
891,0.44545528292655945
892,0.28651162981987
893,0.005244500935077667
894,0.4533371329307556
895,0.2854461967945099
896,0.0071943094953894615
897,0.46340465545654297
898,0.2796655595302582
899,0.014133444055914879
900,0.42996904253959656
901,0.28335657715797424
902,0.00608300743624568
903,0.44590887427330017
904,0.2573399841785431
905,0.0030121132731437683
906,0.43737128376960754
907,0.258504718542099
908,0.0036502762231975794
909,0.45413005352020264
910,0.2585091292858124
911,0.005295119248330593
912,0.4598624110221863
913,0.26219603419303894
914,0.008520131930708885
915,0.4706099033355713
916,0.2864935100078583
917,0.017434272915124893
918,0.44387736916542053
919,0.44868025183677673
920,-0.005835438147187233
921,0.4623447358608246
922,0.2733471989631653
923,0.01614164002239704
924,0.4943067133426666
925,0.28399908542633057
926,0.05430895462632179
927,0.4792451858520508
928,0.2794021964073181
929,0.026238415390253067
930,0.44647398591041565
931,0.32911771535873413
932,-0.007043851539492607
933,0.4184376895427704
934,0.3745346665382385
935,-0.02708306536078453
936,0.41777172684669495
937,0.3877559304237366
938,-0.024087918922305107
939,0.4300466477870941
940,0.37794896960258484
941,-0.022482121363282204
942,0.4372102916240692
943,0.38341692090034485
944,-0.01606180891394615
945,0.4259200096130371
946,0.3882201313972473
947,-0.020685024559497833
948,0.43199071288108826
949,0.38998717069625854
950,-0.014559547416865826
951,0.4484781324863434
952,0.4063331186771393
953,-0.0034881536848843098
954,0.4108300507068634
955,0.33478087186813354
956,-0.04518178105354309
957,0.41096410155296326
958,0.32324302196502686
959,-0.04691954702138901
960,0.47219544649124146
961,0.25003552436828613
962,0.011778301559388638
963,0.42786896228790283
964,0.30244264006614685
965,-0.005689115263521671
966,0.43128442764282227
967,0.33249300718307495
968,-0.025288650766015053
969,0.4315873384475708
970,0.3271480202674866
971,-0.022341957315802574
972,0.4708307385444641
973,0.32776734232902527
974,0.0028007819782942533
975,0.40971922874450684
976,0.3099772036075592
977,-0.04101626202464104
978,0.4514535665512085
979,0.23795261979103088
980,-0.0013574472395703197
981,0.4634385406970978
982,0.24166962504386902
983,0.004453899338841438
984,0.47792956233024597
985,0.21435445547103882
986,0.04161953181028366
987,0.4158421456813812
988,0.24926495552062988
989,-0.008129574358463287
990,0.43002304434776306
991,0.2623569965362549
992,0.006144723389297724
993,0.4534163177013397
994,0.39265555143356323
995,-0.0015276659978553653
996,0.49223792552948
997,0.39508506655693054
998,0.06618504226207733
999,0.42555975914001465
1000,0.3393828570842743
1001,-0.022392340004444122
1002,0.41871824860572815
1003,0.3440198600292206
1004,-0.023622702807188034
1005,0.4451882839202881
1006,0.3943287432193756
1007,-0.0021594029385596514
1008,0.440887987613678
1009,0.3942859470844269
1010,-0.0041729602962732315
1011,0.4676545262336731
1012,0.23424111306667328
1013,0.009436164051294327
1014,0.43204596638679504
1015,0.33827993273735046
1016,-0.021160082891583443
1017,0.43574124574661255
1018,0.23969286680221558
1019,-0.005687033757567406
1020,0.4366556704044342
1021,0.22988401353359222
1022,-0.006511742249131203
1023,0.44251805543899536
1024,0.18630799651145935
1025,0.012887900695204735
1026,0.4725398123264313
1027,0.22355851531028748
1028,0.02358013205230236
1029,0.43867024779319763
1030,0.2066989541053772
1031,0.002998474519699812
1032,0.4769115447998047
1033,0.2453702688217163
1034,0.019375862553715706
1035,0.48225104808807373
1036,0.24100831151008606
1037,0.03686467930674553
1038,0.4183887839317322
1039,0.38188937306404114
1040,-0.026537923142313957
1041,0.4278106689453125
1042,0.3839058578014374
1043,-0.02200067602097988
1044,0.4346405863761902
1045,0.3867146968841553
1046,-0.01607326976954937
1047,0.4235585927963257
1048,0.3420165479183197
1049,-0.020827369764447212
1050,0.4430444538593292
1051,0.39447444677352905
1052,-0.0032501702662557364
1053,0.44002658128738403
1054,0.399776816368103
1055,-0.007783631794154644
1056,0.4396969676017761
1057,0.3938942551612854
1058,-0.004368631634861231
1059,0.4204503297805786
1060,0.3347632586956024
1061,-0.03340853378176689
1062,0.43018412590026855
1063,0.38979965448379517
1064,-0.013388329185545444
1065,0.4241459369659424
1066,0.38944149017333984
1067,-0.017634637653827667
1068,0.416902095079422
1069,0.3900372385978699
1070,-0.020841266959905624
1071,0.4234239161014557
1072,0.43538063764572144
1073,-0.012918833643198013
1074,0.42196890711784363
1075,0.42432084679603577
1076,-0.019832825288176537
1077,0.420727014541626
1078,0.4169526696205139
1079,-0.020714132115244865
1080,0.41933661699295044
1081,0.410013347864151
1082,-0.01850208267569542
1083,0.4180946350097656
1084,0.40556472539901733
1085,-0.01686939410865307
1086,0.4316849112510681
1087,0.40055108070373535
1088,-0.010464233346283436
1089,0.43336090445518494
1090,0.4020719826221466
1091,-0.01198191475123167
1092,0.4359806180000305
1093,0.405192106962204
1094,-0.01333013828843832
1095,0.43830037117004395
1096,0.4089895486831665
1097,-0.012129480950534344
1098,0.44276824593544006
1099,0.3703780174255371
1100,-0.012836417183279991
1101,0.4978281855583191
1102,0.3382944166660309
1103,0.08327113091945648
1104,0.4353838860988617
1105,0.3984273076057434
1106,-0.006649930961430073
1107,0.43753811717033386
1108,0.3987068831920624
1109,-0.0076606906950473785
1110,0.4163252115249634
1111,0.3494701385498047
1112,-0.024370871484279633
1113,0.42972278594970703
1114,0.34618088603019714
1115,-0.01554816123098135
1116,0.4174424111843109
1117,0.34684693813323975
1118,-0.024186447262763977
1119,0.437270849943161
1120,0.30865803360939026
1121,-0.003704226342961192
1122,0.45112359523773193
1123,0.3151942491531372
1124,-0.0021960327867418528
1125,0.43342775106430054
1126,0.33276617527008057
1127,-0.01808246411383152
1128,0.46361780166625977
1129,0.19714602828025818
1130,0.02611670270562172
1131,0.4587436616420746
1132,0.2114790380001068
1133,0.012557676061987877
1134,0.4538106322288513
1135,0.22859027981758118
1136,0.0012049516662955284
1137,0.44251549243927
1138,0.41678985953330994
1139,-0.007305152248591185
1140,0.41755977272987366
1141,0.23375166952610016
1142,-0.010182783007621765
1143,0.4187106788158417
1144,0.2069879174232483
1145,-0.002351245144382119
1146,0.42038002610206604
1147,0.18243327736854553
1148,0.005312817636877298
1149,0.4598873257637024
1150,0.28333476185798645
1151,0.010691925883293152
1152,0.4798416495323181
1153,0.2939271926879883
1154,0.021341165527701378
1155,0.42533382773399353
1156,0.2803642749786377
1157,0.007510028313845396
1158,0.46943041682243347
1159,0.26546162366867065
1160,0.015574498102068901
1161,0.42120084166526794
1162,0.2950619161128998
1163,-0.008173951879143715
1164,0.42541712522506714
1165,0.3276895582675934
1166,-0.03287177160382271
1167,0.4889509677886963
1168,0.302322119474411
1169,0.02941800095140934
1170,0.47475332021713257
1171,0.30095234513282776
1172,0.013347617350518703
1173,0.46459683775901794
1174,0.3047061860561371
1175,0.005774639081209898
1176,0.44893044233322144
1177,0.30399203300476074
1178,0.002368038287386298
1179,0.43694788217544556
1180,0.3002086579799652
1181,0.0011862339451909065
1182,0.4276677668094635
1183,0.29523032903671265
1184,-0.0004083909734617919
1185,0.40849220752716064
1186,0.2794783115386963
1187,-0.01522852759808302
1188,0.4893469214439392
1189,0.325584352016449
1190,0.025196373462677002
1191,0.47614946961402893
1192,0.26375776529312134
1193,0.01958138309419155
1194,0.4086863398551941
1195,0.34169429540634155
1196,-0.04164282977581024
1197,0.42801767587661743
1198,0.3123897612094879
1199,-0.010161026380956173
1200,0.4966312050819397
1201,0.2867532968521118
1202,0.08178798109292984
1203,0.4206351637840271
1204,0.289061039686203
1205,-0.001004955149255693
1206,0.43436145782470703
1207,0.3343747556209564
1208,-0.009522360749542713
1209,0.46555978059768677
1210,0.27355414628982544
1211,0.017554817721247673
1212,0.4255163073539734
1213,0.32115665078163147
1214,-0.02922886610031128
1215,0.4968525767326355
1216,0.3658819794654846
1217,0.07698527723550797
1218,0.4251081049442291
1219,0.2764784097671509
1220,0.010097318328917027
1221,0.4175436794757843
1222,0.3142808973789215
1223,-0.03661245480179787
1224,0.4763329029083252
1225,0.4192359447479248
1226,0.0235856045037508
1227,0.47707536816596985
1228,0.4351399540901184
1229,0.036008428782224655
1230,0.4974953532218933
1231,0.3321479558944702
1232,0.054104480892419815
1233,0.48511770367622375
1234,0.40343305468559265
1235,0.033747412264347076
1236,0.4883430600166321
1237,0.2609354555606842
1238,0.048100654035806656
1239,0.44654837250709534
1240,0.4614381492137909
1241,-0.002482011914253235
1242,0.408154159784317
1243,0.3449789583683014
1244,-0.03121429868042469
1245,0.43615782260894775
1246,0.32059675455093384
1247,-0.00791397038847208
1248,0.4863829016685486
1249,0.28195664286613464
1250,0.034346066415309906
1251,0.4520409405231476
1252,0.27890491485595703
1253,0.008464526385068893
1254,0.44499149918556213
1255,0.2802138030529022
1256,0.00655456492677331
1257,0.4424731433391571
1258,0.40144258737564087
1259,-0.006688160356134176
1260,0.4892270863056183
1261,0.34924712777137756
1262,0.025879213586449623
1263,0.43268901109695435
1264,0.4809114336967468
1265,-0.0016028956742957234
1266,0.4569489359855652
1267,0.46248772740364075
1268,0.014659097418189049
1269,0.46651479601860046
1270,0.45095574855804443
1271,0.024106299504637718
1272,0.4380042850971222
1273,0.28002023696899414
1274,0.006421789992600679
1275,0.4314984679222107
1276,0.27850133180618286
1277,0.007799157872796059
1278,0.42736926674842834
1279,0.27753889560699463
1280,0.009748428128659725
1281,0.48189711570739746
1282,0.2619076073169708
1283,0.028060924261808395
1284,0.4314633011817932
1285,0.2709207832813263
1286,0.007065026555210352
1287,0.4381941854953766
1288,0.26906639337539673
1289,0.005396311637014151
1290,0.4448200762271881
1291,0.26824456453323364
1292,0.0056749130599200726
1293,0.45178931951522827
1294,0.26909613609313965
1295,0.007421232294291258
1296,0.4566199481487274
1297,0.27077844738960266
1298,0.009962767362594604
1299,0.49330395460128784
1300,0.25861313939094543
1301,0.07097986340522766
1302,0.45659685134887695
1303,0.2771676778793335
1304,0.011045866645872593
1305,0.43486684560775757
1306,0.36307111382484436
1307,-0.017215849831700325
1308,0.42548510432243347
1309,0.33713391423225403
1310,-0.0251630749553442
1311,0.41818639636039734
1312,0.3593856990337372
1313,-0.024342868477106094
1314,0.4669545292854309
1315,0.43537598848342896
1316,0.015349103137850761
1317,0.4572780132293701
1318,0.44837504625320435
1319,0.006866187788546085
1320,0.4321213662624359
1321,0.471189022064209
1322,-0.0104560237377882
1323,0.48517435789108276
1324,0.4183017611503601
1325,0.051190946251153946
1326,0.42694249749183655
1327,0.2739903926849365
1328,0.008857344277203083
1329,0.41529375314712524
1330,0.2962454855442047
1331,-0.019324196502566338
1332,0.446058988571167
1333,0.4728092551231384
1334,0.004875887185335159
1335,0.49626606702804565
1336,0.35803595185279846
1337,0.050768569111824036
1338,0.4256030023097992
1339,0.40303367376327515
1340,-0.01406461838632822
1341,0.42737528681755066
1342,0.40618300437927246
1343,-0.015597643330693245
1344,0.42953169345855713
1345,0.41133448481559753
1346,-0.017200814560055733
1347,0.43145114183425903
1348,0.41778647899627686
1349,-0.01627410016953945
1350,0.4345970153808594
1351,0.4271572232246399
1352,-0.011151069775223732
1353,0.43730372190475464
1354,0.3917573094367981
1355,-0.009139278903603554
1356,0.4400113821029663
1357,0.3903345763683319
1358,-0.009078960865736008
1359,0.4424973428249359
1360,0.3882349133491516
1361,-0.008951852098107338
1362,0.4493602514266968
1363,0.380264550447464
1364,-0.006990195717662573
1365,0.47846487164497375
1366,0.3537600636482239
1367,0.009505724534392357
1368,0.41465258598327637
1369,0.2865254282951355
1370,-0.011121599934995174
1371,0.4179189205169678
1372,0.2680908441543579
1373,0.004894194193184376
1374,0.42312756180763245
1375,0.27003124356269836
1376,0.007847297005355358
1377,0.4351196587085724
1378,0.3906695544719696
1379,-0.00838104821741581
1380,0.4807242751121521
1381,0.38406333327293396
1382,0.020022589713335037
1383,0.4104451835155487
1384,0.26679688692092896
1385,-0.005651258863508701
1386,0.439253568649292
1387,0.43693599104881287
1388,-0.0078873997554183
1389,0.40870556235313416
1390,0.28987643122673035
1391,-0.024243300780653954
1392,0.422638863325119
1393,0.3131198287010193
1394,-0.02089095115661621
1395,0.4264623820781708
1396,0.4459089934825897
1397,-0.012569274753332138
1398,0.45605435967445374
1399,0.4107317328453064
1400,0.0008015594212338328
1401,0.4415845274925232
1402,0.34395524859428406
1403,-0.008116152137517929
1404,0.44882258772850037
1405,0.4252373278141022
1406,-0.0032505348790436983
1407,0.4599265158176422
1408,0.342450350522995
1409,-0.004778257105499506
1410,0.4496466815471649
1411,0.35578083992004395
1412,-0.007250756956636906
1413,0.4676802158355713
1414,0.36190009117126465
1415,0.0007363675977103412
1416,0.43000292778015137
1417,0.4589214324951172
1418,-0.013314512558281422
1419,0.4285263419151306
1420,0.31990984082221985
1421,-0.015698563307523727
1422,0.463489294052124
1423,0.4205268323421478
1424,0.007378407288342714
1425,0.45394450426101685
1426,0.43523353338241577
1427,0.0017180891009047627
1428,0.4611911177635193
1429,0.3941969871520996
1430,0.0019226220902055502
1431,0.48791226744651794
1432,0.3699764609336853
1433,0.02753365971148014
1434,0.47135764360427856
1435,0.39687347412109375
1436,0.009464005939662457
1437,0.49269378185272217
1438,0.3818928003311157
1439,0.04535819590091705
1440,0.4567911624908447
1441,0.37132275104522705
1442,-0.004145332612097263
1443,0.4214874804019928
1444,0.30424824357032776
1445,-0.014386462979018688
1446,0.42297375202178955
1447,0.3325629234313965
1448,-0.03485864773392677
1449,0.4289315640926361
1450,0.33616960048675537
1451,-0.026462284848093987
1452,0.41848844289779663
1453,0.32471784949302673
1454,-0.040422238409519196
1455,0.4237223267555237
1456,0.2584172189235687
1457,0.003029018873348832
1458,0.43658745288848877
1459,0.25144073367118835
1460,0.0014393365709111094
1461,0.44803667068481445
1462,0.24957650899887085
1463,0.0014116332167759538
1464,0.45796364545822144
1465,0.25119978189468384
1466,0.004314123652875423
1467,0.46530333161354065
1468,0.2563317120075226
1469,0.009301181882619858
1470,0.4715542197227478
1471,0.2764154374599457
1472,0.02052457444369793
1473,0.4970047175884247
1474,0.30769509077072144
1475,0.054542526602745056
1476,0.4665159583091736
1477,0.29085978865623474
1478,0.013053891249001026
1479,0.4583553075790405
1480,0.29392439126968384
1481,0.008083824068307877
1482,0.44751715660095215
1483,0.29466524720191956
1484,0.004914076067507267
1485,0.4368641972541809
1486,0.29271990060806274
1487,0.003982693422585726
1488,0.42834681272506714
1489,0.28917327523231506
1490,0.0040663001127541065
1491,0.422459214925766
1492,0.28537482023239136
1493,0.003906375728547573
1494,0.49728888273239136
1495,0.3126170337200165
1496,0.08541597425937653
1497,0.42894870042800903
1498,0.3397607207298279
1499,-0.022527646273374557
1500,0.4157300293445587
1501,0.3050007224082947
1502,-0.02683340758085251
1503,0.4167311489582062
1504,0.33295026421546936
1505,-0.041175927966833115
1506,0.41272056102752686
1507,0.3397776484489441
1508,-0.03829445317387581
1509,0.41701215505599976
1510,0.3353041112422943
1511,-0.03734744340181351
1512,0.4269176125526428
1513,0.34400734305381775
1514,-0.019941821694374084
1515,0.4112124741077423
1516,0.3408043682575226
1517,-0.040504805743694305
1518,0.41080063581466675
1519,0.3440132141113281
1520,-0.031179755926132202
1521,0.4220471680164337
1522,0.2767326235771179
1523,0.008701964281499386
1524,0.4175758361816406
1525,0.2791665196418762
1526,0.0035521616227924824
1527,0.41505664587020874
1528,0.28031229972839355
1529,-0.002598320133984089
1530,0.45973289012908936
1531,0.2721789479255676
1532,0.012617924250662327
1533,0.4645158350467682
1534,0.2666541337966919
1535,0.013079013675451279
1536,0.0
1537,0.0
1538,0.0
1539,0.0
1540,0.0
1541,0.0
1542,0.0
1543,0.0
1544,0.0
1545,0.0
1546,0.0
1547,0.0
1548,0.0
1549,0.0
1550,0.0
1551,0.0
1552,0.0
1553,0.0
1554,0.0
1555,0.0
1556,0.0
1557,0.0
1558,0.0
1559,0.0
1560,0.0
1561,0.0
1562,0.0
1563,0.0
1564,0.0
1565,0.0
1566,0.0
1567,0.0
1568,0.0
1569,0.0
1570,0.0
1571,0.0
1572,0.0
1573,0.0
1574,0.0
1575,0.0
1576,0.0
1577,0.0
1578,0.0
1579,0.0
1580,0.0
1581,0.0
1582,0.0
1583,0.0
1584,0.0
1585,0.0
1586,0.0
1587,0.0
1588,0.0
1589,0.0
1590,0.0
1591,0.0
1592,0.0
1593,0.0
1594,0.0
1595,0.0
1596,0.0
1597,0.0
1598,0.0
1599,0.0
1600,0.0
1601,0.0
1602,0.0
1603,0.0
1604,0.0
1605,0.0
1606,0.0
1607,0.0
1608,0.0
1609,0.0
1610,0.0
1611,0.0
1612,0.0
1613,0.0
1614,0.0
1615,0.0
1616,0.0
1617,0.0
1618,0.0
1619,0.0
1620,0.0
1621,0.0
1622,0.0
1623,0.0
1624,0.0
1625,0.0
1626,0.0
1627,0.0
1628,0.0
1629,0.0
1630,0.0
1631,0.0
1632,0.0
1633,0.0
1634,0.0
1635,0.0
1636,0.0
1637,0.0
1638,0.0
1639,0.0
1640,0.0
1641,0.0
1642,0.0
1643,0.0
1644,0.0
1645,0.0
1646,0.0
1647,0.0
1648,0.0
1649,0.0
1650,0.0
1651,0.0
1652,0.0
1653,0.0
1654,0.0
1655,0.0
1656,0.0
1657,0.0
1658,0.0
1659,0.0
1660,0.0
1661,0.0
