,0
0,0.40885061025619507
1,0.35084816813468933
2,-0.69135582447052
3,0.9999781847000122
4,0.4364743232727051
5,0.2883460223674774
6,-0.6366956830024719
7,0.9999393820762634
8,0.45349088311195374
9,0.28877049684524536
10,-0.6363493204116821
11,0.9999368190765381
12,0.4671972692012787
13,0.29022255539894104
14,-0.636115550994873
15,0.9999291896820068
16,0.38353487849235535
17,0.2926725745201111
18,-0.6329678297042847
19,0.9999468922615051
20,0.3662450909614563
21,0.29410213232040405
22,-0.6323720216751099
23,0.9999532103538513
24,0.35054710507392883
25,0.29657289385795593
26,-0.6323962807655334
27,0.9999587535858154
28,0.48495611548423767
29,0.3210900127887726
30,-0.2897903621196747
31,0.9999233484268188
32,0.3333899676799774
33,0.32576268911361694
34,-0.25238940119743347
35,0.999954342842102
36,0.444130003452301
37,0.4203107953071594
38,-0.568078875541687
39,0.9999568462371826
40,0.3772123456001282
41,0.4240433871746063
42,-0.5571548342704773
43,0.9999553561210632
44,0.6314725279808044
45,0.6898383498191833
46,-0.09302712231874466
47,0.9993695020675659
48,0.22359690070152283
49,0.6593923568725586
50,-0.21001775562763214
51,0.9997133016586304
52,0.7069777250289917
53,1.045059323310852
54,-0.061514634639024734
55,0.42157089710235596
56,0.11870799213647842
57,1.0421850681304932
58,-0.6757194399833679
59,0.9094281196594238
60,0.7167144417762756
61,1.433302402496338
62,-0.3167499899864197
63,0.22955864667892456
64,0.22343607246875763
65,0.6920807957649231
66,-1.4939649105072021
67,0.9824031591415405
68,0.74110347032547
69,1.53825044631958
70,-0.3896414339542389
71,0.3285318911075592
72,0.21935749053955078
73,0.5761521458625793
74,-1.6682897806167603
75,0.9748237133026123
76,0.6941295862197876
77,1.5221179723739624
78,-0.42914777994155884
79,0.44867369532585144
80,0.22467494010925293
81,0.5274249315261841
82,-1.6238787174224854
83,0.9791609644889832
84,0.6730417013168335
85,1.4852365255355835
86,-0.35053399205207825
87,0.45603302121162415
88,0.23822374641895294
89,0.5699474811553955
90,-1.5009634494781494
91,0.9742975831031799
92,0.5483859181404114
93,1.4434032440185547
94,-0.02881917729973793
95,0.0006699702935293317
96,0.25485339760780334
97,1.4371241331100464
98,0.03388664126396179
99,0.0008372245356440544
100,0.5199896097183228
101,2.0858874320983887
102,-0.06351665407419205
103,0.0002227401710115373
104,0.2588496804237366
105,2.0860884189605713
106,0.0025409634690731764
107,0.00015942622849252075
108,0.5062631368637085
109,2.656385660171509
110,0.48620644211769104
111,4.591621473082341e-05
112,0.2624855637550354
113,2.6539909839630127
114,0.35614803433418274
115,3.4839933960029157e-06
116,0.5119714736938477
117,2.7338922023773193
118,0.5025690793991089
119,2.6370777050033212e-05
120,0.25736430287361145
121,2.7298738956451416
122,0.3788386285305023
123,6.550865691679064e-06
124,0.4681434631347656
125,2.827662706375122
126,-0.03648138791322708
127,2.3662960302317515e-05
128,0.2964485287666321
129,2.842970132827759
130,-0.24212832748889923
131,1.4099368854658678e-05
132,0.4008116126060486
133,0.4090823829174042
134,-0.022007064893841743
135,0.39857539534568787
136,0.3659970760345459
137,-0.04575750231742859
138,0.3999731242656708
139,0.3782614469528198
140,-0.02303513139486313
141,0.39200738072395325
142,0.3271133303642273
143,-0.03602408617734909
144,0.39837324619293213
145,0.3538619577884674
146,-0.04919031262397766
147,0.3986467719078064
148,0.3381483554840088
149,-0.04656720161437988
150,0.3998756408691406
151,0.30041176080703735
152,-0.026302291080355644
153,0.34288206696510315
154,0.296398788690567
155,0.010540640912950039
156,0.40035781264305115
157,0.27387645840644836
158,-0.022748932242393494
159,0.40043875575065613
160,0.25851011276245117
161,-0.02570093609392643
162,0.4008932411670685
163,0.19734492897987366
164,-0.019871536642313004
165,0.4010177552700043
166,0.4155697524547577
167,-0.020677536725997925
168,0.4013007879257202
169,0.4205077886581421
170,-0.01759359985589981
171,0.4016374349594116
172,0.4224620461463928
173,-0.013570105656981468
174,0.4017103910446167
175,0.43308618664741516
176,-0.010370345786213875
177,0.4016996920108795
178,0.4394221901893616
179,-0.011413049884140491
180,0.40174829959869385
181,0.446980744600296
182,-0.012436514720320702
183,0.4019272029399872
184,0.45462533831596375
185,-0.010036620311439037
186,0.40229129791259766
187,0.4634770452976227
188,-0.00013375429261941463
189,0.3989706337451935
190,0.37199121713638306
191,-0.041120585054159164
192,0.3916570246219635
193,0.3710114359855652
194,-0.02889384515583515
195,0.3187014162540436
196,0.2528727948665619
197,0.04830329865217209
198,0.36634713411331177
199,0.3068843483924866
200,0.0014428321737796068
201,0.358407586812973
202,0.30790936946868896
203,0.002347139408811927
204,0.3507174849510193
205,0.30756253004074097
206,0.004921786021441221
207,0.3403269350528717
208,0.30073291063308716
209,0.012207766063511372
210,0.37290915846824646
211,0.30390840768814087
212,0.001570544671267271
213,0.3549344539642334
214,0.2784181237220764
215,-0.0027547278441488743
216,0.3638724386692047
217,0.27925288677215576
218,-0.0033286346588283777
219,0.34678319096565247
220,0.2799307703971863
221,0.00041104789124801755
222,0.3415148854255676
223,0.2836109399795532
224,0.004245257005095482
225,0.33469536900520325
226,0.30897054076194763
227,0.01700454391539097
228,0.37227219343185425
229,0.47424256801605225
230,0.01302478276193142
231,0.33998504281044006
232,0.2933971583843231
233,0.013234956189990044
234,0.31552714109420776
235,0.3030422329902649
236,0.05546854808926582
237,0.3265964388847351
238,0.30134767293930054
239,0.02531488612294197
240,0.3598754405975342
241,0.35652926564216614
242,-0.0033705495297908783
243,0.3903191387653351
244,0.406735360622406
245,-0.020321620628237724
246,0.3925063908100128
247,0.42014840245246887
248,-0.015716230496764183
249,0.38021349906921387
250,0.41021502017974854
251,-0.014325860887765884
252,0.37441256642341614
253,0.4151275157928467
254,-0.006702597718685865
255,0.3852840065956116
256,0.42051833868026733
257,-0.011491374112665653
258,0.38002994656562805
259,0.4216627776622772
260,-0.0045804791152477264
261,0.36515381932258606
262,0.4351481795310974
263,0.010178687050938606
264,0.3916986584663391
265,0.3655325472354889
266,-0.0448010116815567
267,0.39030778408050537
268,0.35406550765037537
269,-0.04795021191239357
270,0.32987213134765625
271,0.2728463411331177
272,0.0057776193134486675
273,0.3757938742637634
274,0.3264649510383606
275,-0.0075952960178256035
276,0.37285733222961426
277,0.36211884021759033
278,-0.02281225100159645
279,0.37232154607772827
280,0.3559841215610504
281,-0.020339621230959892
282,0.3374903202056885
283,0.35535478591918945
284,0.00842831190675497
285,0.3910144567489624
286,0.33937758207321167
287,-0.043507080525159836
288,0.3480551838874817
289,0.2619696855545044
290,-0.010938105173408985
291,0.33701127767562866
292,0.2651693522930145
293,-0.0036068016197532415
294,0.324839323759079
295,0.23229454457759857
296,0.029756445437669754
297,0.38332998752593994
298,0.27195900678634644
299,-0.019390469416975975
300,0.37155285477638245
301,0.28280436992645264
302,-0.0009504645131528378
303,0.3594781458377838
304,0.4220403730869293
305,0.01119654718786478
306,0.32757654786109924
307,0.41039273142814636
308,0.0860624611377716
309,0.37920451164245605
310,0.36850816011428833
311,-0.019254375249147415
312,0.386292964220047
313,0.37272512912750244
314,-0.020500676706433296
315,0.3677588105201721
316,0.42407920956611633
317,0.009912134148180485
318,0.37201642990112305
319,0.4237055778503418
320,0.007283942773938179
321,0.33299994468688965
322,0.25736820697784424
323,0.00024824729189276695
324,0.37299415469169617
325,0.3674912452697754
326,-0.017715223133563995
327,0.3632345199584961
328,0.26349949836730957
329,-0.016464514657855034
330,0.3617016077041626
331,0.25377315282821655
332,-0.01891598105430603
333,0.3543376326560974
334,0.20427557826042175
335,-0.006250488106161356
336,0.3291136622428894
337,0.24419428408145905
338,0.012894170358777046
339,0.3588348627090454
340,0.22777150571346283
341,-0.013204350136220455
342,0.3258247375488281
343,0.2676168978214264
344,0.012957022525370121
345,0.32223886251449585
346,0.2606574594974518
347,0.029581140726804733
348,0.3912687301635742
349,0.41447240114212036
350,-0.01899622194468975
351,0.38296985626220703
352,0.4163978397846222
353,-0.01324473787099123
354,0.37715280055999756
355,0.41859206557273865
356,-0.006323111243546009
357,0.38149115443229675
358,0.37091895937919617
359,-0.017790911719202995
360,0.36984750628471375
361,0.4241960048675537
362,0.008432677946984768
363,0.37290021777153015
364,0.42878445982933044
365,0.003779561957344413
366,0.37321752309799194
367,0.422775000333786
368,0.006931548938155174
369,0.3831298351287842
370,0.36433738470077515
371,-0.03180466592311859
372,0.3820960223674774
373,0.4210264980792999
374,-0.0032863158266991377
375,0.38739013671875
376,0.4212973713874817
377,-0.0081038111820817
378,0.39393484592437744
379,0.42190179228782654
380,-0.011928458698093891
381,0.3905728757381439
382,0.4621538519859314
383,0.0008228876395151019
384,0.3906356990337372
385,0.45269477367401123
386,-0.008824655786156654
387,0.39119642972946167
388,0.44505423307418823
389,-0.010818890295922756
390,0.3921470642089844
391,0.4372784495353699
392,-0.009680591523647308
393,0.39317458868026733
394,0.43208783864974976
395,-0.00861697643995285
396,0.38069725036621094
397,0.4282512664794922
398,-0.0007246567402034998
399,0.3790726065635681
400,0.43026942014694214
401,-0.001812265138141811
402,0.37669792771339417
403,0.4339526295661926
404,-0.00232899421826005
405,0.3748050928115845
406,0.4380289316177368
407,-0.00027686860994435847
408,0.3672782778739929
409,0.4003489017486572
410,-0.004450795706361532
411,0.3186503052711487
412,0.35312774777412415
413,0.09455358237028122
414,0.3994109332561493
415,0.3743007481098175
416,-0.0294002965092659
417,0.3773191273212433
418,0.426437646150589
419,0.004056529141962528
420,0.3751932680606842
421,0.4273277223110199
422,0.0034161964431405067
423,0.3892282545566559
424,0.37834063172340393
425,-0.020306985825300217
426,0.376358300447464
427,0.3750474750995636
428,-0.011215613223612309
429,0.3878081440925598
430,0.37564727663993835
431,-0.0207283403724432
432,0.36752575635910034
433,0.33326801657676697
434,-0.0035931163001805544
435,0.3549436926841736
436,0.3414275646209717
437,-9.904242324410006e-05
438,0.37138035893440247
439,0.36137548089027405
440,-0.015135927125811577
441,0.3359714150428772
442,0.21570688486099243
443,0.010580376721918583
444,0.3406592011451721
445,0.23273205757141113
446,-0.0009073725086636841
447,0.34533819556236267
448,0.25230684876441956
449,-0.009869681671261787
450,0.37158408761024475
451,0.4449608027935028
452,0.006737426854670048
453,0.38063108921051025
454,0.2566661834716797
455,-0.023859070613980293
456,0.37814652919769287
457,0.2265852838754654
458,-0.02060256339609623
459,0.37530118227005005
460,0.19872158765792847
461,-0.016388140618801117
462,0.34408485889434814
463,0.30527177453041077
464,0.008779998868703842
465,0.32695746421813965
466,0.31756603717803955
467,0.022694360464811325
468,0.3771436810493469
469,0.30081093311309814
470,0.002341287909075618
471,0.33357900381088257
472,0.2870563864707947
473,0.011949590407311916
474,0.3814501166343689
475,0.31889548897743225
476,-0.011464565992355347
477,0.3775114417076111
478,0.3575509190559387
479,-0.03172222152352333
480,0.3197137117385864
481,0.32534950971603394
482,0.03310054540634155
483,0.3317801058292389
484,0.3259788453578949
485,0.015440420247614384
486,0.34158676862716675
487,0.3305354118347168
488,0.007528812624514103
489,0.35655683279037476
490,0.3284096121788025
491,0.002650459297001362
492,0.36754459142684937
493,0.3232666254043579
494,-5.480878098751418e-05
495,0.3757858872413635
496,0.3176940679550171
497,-0.003300492884591222
498,0.39199748635292053
499,0.30349767208099365
500,-0.022400924935936928
501,0.3209345042705536
502,0.34997108578681946
503,0.03236738219857216
504,0.32776275277137756
505,0.2857983410358429
506,0.015998464077711105
507,0.3948424756526947
508,0.3715532124042511
509,-0.040397774428129196
510,0.3759312927722931
511,0.3379996120929718
512,-0.010425799526274204
513,0.3156967759132385
514,0.3018258810043335
515,0.08395050466060638
516,0.38190850615501404
517,0.31144142150878906
518,-0.005458125378936529
519,0.37105488777160645
520,0.36213934421539307
521,-0.006264298688620329
522,0.3376305401325226
523,0.2942233383655548
524,0.015013356693089008
525,0.3772050142288208
526,0.3501317501068115
527,-0.028785713016986847
528,0.32157576084136963
529,0.3808300197124481
530,0.09257998317480087
531,0.37711477279663086
532,0.2963283061981201
533,0.004305821843445301
534,0.38392019271850586
535,0.34358328580856323
536,-0.03777151554822922
537,0.34181326627731323
538,0.44140034914016724
539,0.04320159927010536
540,0.34368205070495605
541,0.45316898822784424
542,0.05879546329379082
543,0.3159946799278259
544,0.3519926369190216
545,0.06337238103151321
546,0.33284443616867065
547,0.42432063817977905
548,0.05253147706389427
549,0.31872034072875977
550,0.28003036975860596
551,0.04478832706809044
552,0.37127628922462463
553,0.4852387309074402
554,0.018775388598442078
555,0.396122008562088
556,0.3738251030445099
557,-0.028759172186255455
558,0.3690035939216614
559,0.3468237817287445
560,-0.006291022524237633
561,0.32088151574134827
562,0.30342400074005127
563,0.034296195954084396
564,0.35096585750579834
565,0.3002125024795532
566,0.005415796302258968
567,0.3580666184425354
568,0.3011319041252136
569,0.003076970111578703
570,0.3706151843070984
571,0.43063634634017944
572,0.005452142562717199
573,0.32344627380371094
574,0.37339773774147034
575,0.03697879612445831
576,0.38592544198036194
577,0.5024896860122681
578,0.021480858325958252
579,0.3632151186466217
580,0.4826045036315918
581,0.03780077025294304
582,0.35417068004608154
583,0.47015511989593506
584,0.04702603816986084
585,0.4006442427635193
586,0.2267448753118515
587,-0.02338995225727558
588,0.40298932790756226
589,0.5059435963630676
590,0.018377816304564476
591,0.36489900946617126
592,0.300383597612381
593,0.0022553761955350637
594,0.37120524048805237
595,0.2985459864139557
596,0.002955386182293296
597,0.37521111965179443
598,0.29742303490638733
599,0.004370489623397589
600,0.32306042313575745
601,0.28344228863716125
602,0.024632269516587257
603,0.37031519412994385
604,0.2887292504310608
605,0.001251762267202139
606,0.3634028136730194
607,0.28573161363601685
608,-0.00017612706869840622
609,0.3561747372150421
610,0.28498077392578125
611,0.0006202341173775494
612,0.3488941192626953
613,0.28665199875831604
614,0.0030985705088824034
615,0.3444632887840271
616,0.2895372807979584
617,0.006240824703127146
618,0.31594008207321167
619,0.2746424078941345
620,0.0678427591919899
621,0.3461805284023285
622,0.2984016239643097
623,0.00818667933344841
624,0.40037915110588074
625,0.38821011781692505
626,-0.020497838035225868
627,0.3734627068042755
628,0.39296308159828186
629,-0.0101966243237257
630,0.37883123755455017
631,0.36649638414382935
632,-0.022937245666980743
633,0.3887661099433899
634,0.3893578052520752
635,-0.01907365769147873
636,0.4002622663974762
637,0.2866401970386505
638,-0.02114882320165634
639,0.3514137268066406
640,0.4580722451210022
641,0.03590239956974983
642,0.36093252897262573
643,0.4713943600654602
644,0.027959879487752914
645,0.38499748706817627
646,0.495603084564209
647,0.010558219626545906
648,0.33534538745880127
649,0.43471717834472656
650,0.07323039323091507
651,0.3749634623527527
652,0.2932295799255371
653,0.002984006656333804
654,0.38625743985176086
655,0.3220820128917694
656,-0.023395029827952385
657,0.4026753008365631
658,0.4990693926811218
659,0.007948464713990688
660,0.3733532726764679
661,0.4940212666988373
662,0.028089694678783417
663,0.31926780939102173
664,0.3776390254497528
665,0.06405146420001984
666,0.3862141966819763
667,0.4302675426006317
668,-0.004992661066353321
669,0.3845996558666229
670,0.4340391159057617
671,-0.0061061386950314045
672,0.38278523087501526
673,0.43986159563064575
674,-0.006647818721830845
675,0.3814731240272522
676,0.44664812088012695
677,-0.004665531683713198
678,0.37959080934524536
679,0.4546854794025421
680,0.0029354102443903685
681,0.37536340951919556
682,0.4222818911075592
683,0.001643243944272399
684,0.3725131154060364
685,0.42107510566711426
686,0.0017316985176876187
687,0.3699919581413269
688,0.4190203845500946
689,0.0016351065132766962
690,0.3622362017631531
691,0.41024473309516907
692,0.003174934536218643
693,0.3331032693386078
694,0.38048478960990906
695,0.01972147263586521
696,0.3868561387062073
697,0.3104415237903595
698,-0.01632557064294815
699,0.38332098722457886
700,0.28908246755599976
701,-0.002939827973023057
702,0.3784184753894806
703,0.29038727283477783
704,0.0007389022503048182
705,0.37760329246520996
706,0.4207094609737396
707,0.0024806419387459755
708,0.33430221676826477
709,0.4085904359817505
710,0.03500683605670929
711,0.38990604877471924
712,0.2887008786201477
713,-0.014442077837884426
714,0.3757762312889099
715,0.46357911825180054
716,0.008712347596883774
717,0.3991023302078247
718,0.32522639632225037
719,-0.0393952801823616
720,0.3918379247188568
721,0.3159441649913788
722,-0.030095700174570084
723,0.39950084686279297
724,0.3132706582546234
725,-0.03256979584693909
726,0.3801332414150238
727,0.3403265178203583
728,-0.021884026005864143
729,0.40247368812561035
730,0.48797935247421265
731,0.0024951223749667406
732,0.40236204862594604
733,0.47460120916366577
734,0.0014298382448032498
735,0.3882844150066376
736,0.47241514921188354
737,0.0037667385768145323
738,0.3583369255065918
739,0.4381262958049774
740,0.015876902267336845
741,0.3652374744415283
742,0.37213215231895447
743,-0.003131294157356024
744,0.3661734163761139
745,0.4521908164024353
746,0.012975051999092102
747,0.3484979271888733
748,0.3709205090999603
749,0.0018757067155092955
750,0.3591131567955017
751,0.3845647871494293
752,5.9199701354373246e-05
753,0.34332960844039917
754,0.389996737241745
755,0.010655364021658897
756,0.3857893645763397
757,0.4849332571029663
758,0.0053993402980268
759,0.3754167854785919
760,0.34689027070999146
761,-0.014982728287577629
762,0.3525249660015106
763,0.44609612226486206
764,0.024963775649666786
765,0.3623509109020233
766,0.4606267809867859
767,0.020341476425528526
768,0.3522164821624756
769,0.42231473326683044
770,0.015606647357344627
771,0.32681965827941895
772,0.3933730125427246
773,0.041576825082302094
774,0.3434605598449707
775,0.42299625277519226
776,0.024529529735445976
777,0.32442548871040344
778,0.401657372713089
779,0.06222997605800629
780,0.3542720079421997
781,0.40042781829833984
782,0.00567056005820632
783,0.38119634985923767
784,0.32987362146377563
785,-0.016426851972937584
786,0.3803144097328186
787,0.36252665519714355
788,-0.03358382359147072
789,0.37541061639785767
790,0.3657163083553314
791,-0.02376522496342659
792,0.3835042715072632
793,0.3551191985607147
794,-0.04028403386473656
795,0.37703442573547363
796,0.28005141019821167
797,-0.005835074000060558
798,0.36388465762138367
799,0.27398836612701416
800,-0.007264984771609306
801,0.3521784842014313
802,0.2725220322608948
803,-0.0061500766314566135
804,0.3426479697227478
805,0.27403509616851807
806,-0.0019488026155158877
807,0.3363468647003174
808,0.27865439653396606
809,0.003914063796401024
810,0.3329692780971527
811,0.2978177070617676
812,0.018698638305068016
813,0.3145817220211029
814,0.3272581398487091
815,0.060026150196790695
816,0.3387112617492676
817,0.3140196204185486
818,0.012907181866466999
819,0.34679675102233887
820,0.31756648421287537
821,0.007508222945034504
822,0.3572787642478943
823,0.31733232736587524
824,0.0035168773028999567
825,0.36722123622894287
826,0.3144495189189911
827,0.0015554999699816108
828,0.3749080300331116
829,0.3104836344718933
830,0.00022562821686733514
831,0.38020092248916626
832,0.30661386251449585
833,-0.0007391077815555036
834,0.3172328472137451
835,0.32735124230384827
836,0.09208790212869644
837,0.37597841024398804
838,0.3690846860408783
839,-0.01934199035167694
840,0.38569143414497375
841,0.3325735628604889
842,-0.029356881976127625
843,0.38598835468292236
844,0.3633875548839569
845,-0.040476731956005096
846,0.39099934697151184
847,0.3692995309829712
848,-0.036903414875268936
849,0.38631051778793335
850,0.36510327458381653
851,-0.036198049783706665
852,0.3786204755306244
853,0.372945636510849
854,-0.016308965161442757
855,0.39238253235816956
856,0.3705655634403229
857,-0.03915891423821449
858,0.3934781849384308
859,0.37296372652053833
860,-0.02878219075500965
861,0.37988951802253723
862,0.29729604721069336
863,0.0027711945585906506
864,0.3843936622142792
865,0.30033063888549805
866,-0.0026691469829529524
867,0.38662979006767273
868,0.3024350702762604
869,-0.008824415504932404
870,0.34191226959228516
871,0.29164406657218933
872,0.00932774692773819
873,0.33775901794433594
874,0.28781265020370483
875,0.009654327295720577
876,0.40654629468917847
877,0.32720181345939636
878,-0.03677808493375778
879,0.4619775414466858
880,0.29760652780532837
881,0.0048139519058167934
882,0.4074305295944214
883,0.3711252808570862
884,-0.02948722057044506
885,0.4917829632759094
886,0.2526658773422241
887,0.03943004086613655
888,0.4373362064361572
889,0.30764657258987427
890,-0.0023449838627129793
891,0.44570010900497437
892,0.308759868144989
893,-0.0021106882486492395
894,0.45384129881858826
895,0.30836057662963867
896,-0.0003118374152109027
897,0.4649832248687744
898,0.30186542868614197
899,0.006141941528767347
900,0.4302912950515747
901,0.30453628301620483
902,-0.0013742131413891912
903,0.44906285405158997
904,0.2791043817996979
905,-0.0073959846049547195
906,0.4398246109485626
907,0.27968108654022217
908,-0.006979481782764196
909,0.4575725197792053
910,0.2808227241039276
911,-0.0049051158130168915
912,0.4632306396961212
913,0.28464213013648987
914,-0.0015456428518518806
915,0.4712284207344055
916,0.309745728969574
917,0.010418759658932686
918,0.4343065023422241
919,0.47568637132644653
920,0.010273697786033154
921,0.4651416838169098
922,0.29470908641815186
923,0.00721323536708951
924,0.49492716789245605
925,0.30350685119628906
926,0.04643579572439194
927,0.48043355345726013
928,0.3019695281982422
929,0.01794983632862568
930,0.4434695839881897
931,0.3569020926952362
932,-0.007229574490338564
933,0.41180527210235596
934,0.40686777234077454
935,-0.02136010304093361
936,0.4107712507247925
937,0.4202302098274231
938,-0.01674058474600315
939,0.4233357310295105
940,0.41057148575782776
941,-0.016381466761231422
942,0.430604487657547
943,0.4153923988342285
944,-0.009628760628402233
945,0.41895464062690735
946,0.4207228720188141
947,-0.013518606312572956
948,0.4252503514289856
949,0.4217490553855896
950,-0.007193250115960836
951,0.4420255422592163
952,0.4356311559677124
953,0.0063537973910570145
954,0.405714213848114
955,0.365535169839859
956,-0.04528464376926422
957,0.40682753920555115
958,0.3541736900806427
959,-0.048477932810783386
960,0.4757092595100403
961,0.2735314965248108
962,-0.0010438282042741776
963,0.42653900384902954
964,0.3267475664615631
965,-0.010019850917160511
966,0.42734450101852417
967,0.36246171593666077
968,-0.02498873509466648
969,0.4282926619052887
970,0.3562775254249573
971,-0.022667663171887398
972,0.46789199113845825
973,0.3558858335018158
974,0.0020949607715010643
975,0.4066493511199951
976,0.3394871652126312
977,-0.044225700199604034
978,0.45545706152915955
979,0.26241201162338257
980,-0.01568097434937954
981,0.46746954321861267
982,0.2657478451728821
983,-0.00965740717947483
984,0.4838120937347412
985,0.23185621201992035
986,0.02180669456720352
987,0.418194979429245
988,0.2721104323863983
989,-0.02091125212609768
990,0.4319777488708496
991,0.28315943479537964
992,-0.0039443327113986015
993,0.44776397943496704
994,0.4224693179130554
995,0.006719376426190138
996,0.48573076725006104
997,0.41273435950279236
998,0.07787452638149261
999,0.4211477041244507
1000,0.36881592869758606
1001,-0.02106211706995964
1002,0.41393518447875977
1003,0.3728794753551483
1004,-0.021364938467741013
1005,0.43942588567733765
1006,0.4241298735141754
1007,0.005965833552181721
1008,0.4351111054420471
1009,0.4236109256744385
1010,0.0038317940197885036
1011,0.4720441401004791
1012,0.2578490078449249
1013,-0.006141211837530136
1014,0.4279862940311432
1015,0.3678283393383026
1016,-0.0199511107057333
1017,0.43927624821662903
1018,0.26384109258651733
1019,-0.019724518060684204
1020,0.4407522976398468
1021,0.2538663148880005
1022,-0.02220786362886429
1023,0.4497275650501251
1024,0.20368389785289764
1025,-0.010699181817471981
1026,0.47756481170654297
1027,0.24416369199752808
1028,0.005852758884429932
1029,0.4442286193370819
1030,0.2275746911764145
1031,-0.017036080360412598
1032,0.4806615710258484
1033,0.26801854372024536
1034,0.005610669497400522
1035,0.4861295819282532
1036,0.26082366704940796
1037,0.02155919559299946
1038,0.41145968437194824
1039,0.414584755897522
1040,-0.020046496763825417
1041,0.420967161655426
1042,0.416676789522171
1043,-0.015330587513744831
1044,0.4280148446559906
1045,0.41874247789382935
1046,-0.009078352712094784
1047,0.41903769969940186
1048,0.3712020218372345
1049,-0.019167426973581314
1050,0.4372555911540985
1051,0.42411041259765625
1052,0.0047231498174369335
1053,0.43376433849334717
1054,0.4288460314273834
1055,0.0006416489486582577
1056,0.43392863869667053
1057,0.42282211780548096
1058,0.00354006071574986
1059,0.41584262251853943
1060,0.36465948820114136
1061,-0.03329828754067421
1062,0.42354559898376465
1063,0.42099839448928833
1064,-0.005731400102376938
1065,0.4172843098640442
1066,0.4214456081390381
1067,-0.009960897266864777
1068,0.4099597930908203
1069,0.42188942432403564
1070,-0.012976130470633507
1071,0.41450023651123047
1072,0.46250614523887634
1073,-0.00023838668130338192
1074,0.4137798845767975
1075,0.452938437461853
1076,-0.010025974363088608
1077,0.41289523243904114
1078,0.44524550437927246
1079,-0.012057650834321976
1080,0.41180500388145447
1081,0.43745946884155273
1082,-0.010852103121578693
1083,0.4108750820159912
1084,0.4322724938392639
1085,-0.009742822498083115
1086,0.42523568868637085
1087,0.42834603786468506
1088,-0.003160312073305249
1089,0.4268154501914978
1090,0.4303249716758728
1091,-0.004314721096307039
1092,0.429237961769104
1093,0.4340796172618866
1094,-0.0048569319769740105
1095,0.4312726855278015
1096,0.4381861984729767
1097,-0.002929255599156022
1098,0.43711403012275696
1099,0.400694340467453
1100,-0.007706796284765005
1101,0.4950713813304901
1102,0.3543544411659241
1103,0.08520061522722244
1104,0.42923837900161743
1105,0.42646917700767517
1106,0.0010448622051626444
1107,0.43135714530944824
1108,0.4274008274078369
1109,0.00034937067539431155
1110,0.4111681580543518
1111,0.3783937096595764
1112,-0.0211640615016222
1113,0.425245076417923
1114,0.3753374516963959
1115,-0.012968378141522408
1116,0.4124425947666168
1117,0.3757506310939789
1118,-0.021581534296274185
1119,0.43542182445526123
1120,0.33360999822616577
1121,-0.006927559617906809
1122,0.4488571286201477
1123,0.34181976318359375
1124,-0.0046266731806099415
1125,0.42990198731422424
1126,0.36165300011634827
1127,-0.01755671389400959
1128,0.47044435143470764
1129,0.21503892540931702
1130,0.004042083863168955
1131,0.4642547070980072
1132,0.2325153946876526
1133,-0.0065379999577999115
1134,0.45829442143440247
1135,0.2525698244571686
1136,-0.014879265800118446
1137,0.4350988268852234
1138,0.44560521841049194
1139,0.003592571010813117
1140,0.4209534823894501
1141,0.2566583752632141
1142,-0.025483388453722
1143,0.4238011837005615
1144,0.2264799028635025
1145,-0.022468077018857002
1146,0.4272560775279999
1147,0.1983136087656021
1148,-0.01865878514945507
1149,0.4609031081199646
1150,0.3062286972999573
1151,0.002994174836203456
1152,0.4797334671020508
1153,0.31814730167388916
1154,0.015366657637059689
1155,0.4258667826652527
1156,0.301449716091156
1157,-0.00026162140420638025
1158,0.4720861613750458
1159,0.2879881262779236
1160,0.005382603034377098
1161,0.4203525185585022
1162,0.31911802291870117
1163,-0.013457408174872398
1164,0.4215998649597168
1165,0.35791561007499695
1166,-0.03348895162343979
1167,0.48819756507873535
1168,0.3260214626789093
1169,0.02478989027440548
1170,0.4740089774131775
1171,0.32653528451919556
1172,0.008594986982643604
1173,0.463326632976532
1174,0.3308965861797333
1175,0.001556898350827396
1176,0.44745442271232605
1177,0.328776091337204
1178,-0.001912198611535132
1179,0.4357791244983673
1180,0.32365405559539795
1181,-0.003453110111877322
1182,0.427017480134964
1183,0.31808871030807495
1184,-0.005908481776714325
1185,0.40830981731414795
1186,0.3035895824432373
1187,-0.023239964619278908
1188,0.4866905212402344
1189,0.35088083148002625
1190,0.024199798703193665
1191,0.478694349527359
1192,0.2864205837249756
1193,0.008750303648412228
1194,0.40327712893486023
1195,0.3715401589870453
1196,-0.040782395750284195
1197,0.4258727431297302
1198,0.3383072018623352
1199,-0.01269898097962141
1200,0.49736636877059937
1201,0.30220532417297363
1202,0.07429561764001846
1203,0.4204096496105194
1204,0.3117460608482361
1205,-0.007441708818078041
1206,0.4309116303920746
1207,0.36242157220840454
1208,-0.008587508462369442
1209,0.46784982085227966
1210,0.2953859269618988
1211,0.008690104819834232
1212,0.4223881959915161
1213,0.3504478931427002
1214,-0.030590644106268883
1215,0.49211156368255615
1216,0.38264432549476624
1217,0.08381886035203934
1218,0.42613306641578674
1219,0.29705357551574707
1220,0.0016216336516663432
1221,0.41460660099983215
1222,0.34372586011886597
1223,-0.03912949562072754
1224,0.4681527614593506
1225,0.44400566816329956
1226,0.03705338016152382
1227,0.4677422046661377
1228,0.4562895894050598
1229,0.052681758999824524
1230,0.49452733993530273
1231,0.35318511724472046
1232,0.05440764129161835
1233,0.47779783606529236
1234,0.42688339948654175
1235,0.04541729763150215
1236,0.4907395839691162
1237,0.28027617931365967
1238,0.03622188791632652
1239,0.43582773208618164
1240,0.48700058460235596
1241,0.015939293429255486
1242,0.4027906656265259
1243,0.3738083839416504
1244,-0.029004745185375214
1245,0.4335396885871887
1246,0.34707677364349365
1247,-0.009211551398038864
1248,0.4872870445251465
1249,0.30402785539627075
1250,0.026233626529574394
1251,0.4532862603664398
1252,0.3012893497943878
1253,0.0004122891987208277
1254,0.4458388686180115
1255,0.30212172865867615
1256,-0.0013720935676246881
1257,0.4361766278743744
1258,0.4307307004928589
1259,0.00209605460986495
1260,0.4848398268222809
1261,0.37467312812805176
1262,0.028955813497304916
1263,0.4206271171569824
1264,0.5035632848739624
1265,0.019831284880638123
1266,0.4456787407398224
1267,0.48514699935913086
1268,0.03384600207209587
1269,0.45602014660835266
1270,0.4731709957122803
1271,0.042098306119441986
1272,0.43876397609710693
1273,0.30132102966308594
1274,-0.0015606980305165052
1275,0.43216007947921753
1276,0.29923301935195923
1277,-0.00030980256269685924
1278,0.4280887544155121
1279,0.2981380224227905
1280,0.001393153565004468
1281,0.4844820201396942
1282,0.2837894558906555
1283,0.016814878210425377
1284,0.43336865305900574
1285,0.2894068956375122
1286,-0.00217997282743454
1287,0.44063442945480347
1288,0.2865312993526459
1289,-0.004129982553422451
1290,0.44800177216529846
1291,0.28598085045814514
1292,-0.003997146617621183
1293,0.4554626941680908
1294,0.2878044545650482
1295,-0.002106802072376013
1296,0.46014541387557983
1297,0.29071399569511414
1298,0.0006991776172071695
1299,0.49589893221855164
1300,0.27473941445350647
1301,0.05855408310890198
1302,0.45836374163627625
1303,0.29959338903427124
1304,0.0027461107820272446
1305,0.4294412434101105
1306,0.3933313488960266
1307,-0.01269762497395277
1308,0.4210880398750305
1309,0.3668149709701538
1310,-0.02450280822813511
1311,0.4125998616218567
1312,0.38946768641471863
1313,-0.0201208908110857
1314,0.4578145146369934
1315,0.46055811643600464
1316,0.03096611797809601
1317,0.4473665952682495
1318,0.47375810146331787
1319,0.024086570367217064
1320,0.4208658039569855
1321,0.49660447239875793
1322,0.008993923664093018
1323,0.4771171510219574
1324,0.43756309151649475
1325,0.06589946895837784
1326,0.42832958698272705
1327,0.29394376277923584
1328,-2.1835581719642505e-05
1329,0.41398435831069946
1330,0.32228773832321167
1331,-0.024699727073311806
1332,0.43421095609664917
1333,0.49589061737060547
1334,0.02514040097594261
1335,0.491524338722229
1336,0.37935417890548706
1337,0.05547119304537773
1338,0.4186897575855255
1339,0.4304659962654114
1340,-0.006975364871323109
1341,0.42030414938926697
1342,0.4342319965362549
1343,-0.00806918554008007
1344,0.4221898913383484
1345,0.4400250315666199
1346,-0.008744164370000362
1347,0.4237080514431
1348,0.4468759596347809
1349,-0.006824856158345938
1350,0.42624154686927795
1351,0.45524197816848755
1352,0.0005539698177017272
1353,0.43107548356056213
1354,0.4223460555076599
1355,-0.0015791032928973436
1356,0.4338003396987915
1357,0.4211905300617218
1358,-0.0017912274925038218
1359,0.436325341463089
1360,0.4191872477531433
1361,-0.0019473768770694733
1362,0.44370749592781067
1363,0.41056472063064575
1364,-0.0009328612359240651
1365,0.4737984538078308
1366,0.38156265020370483
1367,0.012792034074664116
1368,0.4142081141471863
1369,0.3105982542037964
1370,-0.01778925582766533
1371,0.4191916286945343
1372,0.2894746959209442
1373,-0.004736602306365967
1374,0.4246196448802948
1375,0.29088014364242554
1376,-0.0017125181620940566
1377,0.42894652485847473
1378,0.42076942324638367
1379,-0.0005895685753785074
1380,0.4745516777038574
1381,0.41033726930618286
1382,0.028097102418541908
1383,0.41142234206199646
1384,0.2888900339603424
1385,-0.015454127453267574
1386,0.43053239583969116
1387,0.46457991003990173
1388,0.0062345340847969055
1389,0.4075668454170227
1390,0.31600338220596313
1391,-0.030791325494647026
1392,0.4202404320240021
1393,0.34055227041244507
1394,-0.023579180240631104
1395,0.4170760214328766
1396,0.4730071425437927
1397,0.002556700725108385
1398,0.4491526782512665
1399,0.4392998516559601
1400,0.011649494990706444
1401,0.43781253695487976
1402,0.372469425201416
1403,-0.006277505308389664
1404,0.4410143494606018
1405,0.45340219140052795
1406,0.009593289345502853
1407,0.45614442229270935
1408,0.37152451276779175
1409,-0.00319779384881258
1410,0.44525638222694397
1411,0.3850253224372864
1412,-0.0039052022621035576
1413,0.4628314673900604
1414,0.39087599515914917
1415,0.004900882951915264
1416,0.41970112919807434
1417,0.48575013875961304
1418,0.003859965829178691
1419,0.4257635474205017
1420,0.3471876382827759
1421,-0.017142770811915398
1422,0.455652117729187
1423,0.44786953926086426
1424,0.020212406292557716
1425,0.4453328847885132
1426,0.4624663293361664
1427,0.016703320667147636
1428,0.45518746972084045
1429,0.4232321083545685
1430,0.01043026801198721
1431,0.48226988315582275
1432,0.39506906270980835
1433,0.033941600471735
1434,0.4647460877895355
1435,0.42464181780815125
1436,0.018594451248645782
1437,0.48658862709999084
1438,0.4038199186325073
1439,0.05412040278315544
1440,0.45167675614356995
1441,0.4009588956832886
1442,0.0008235511486418545
1443,0.41980764269828796
1444,0.3300934135913849
1445,-0.018283355981111526
1446,0.4185769855976105
1447,0.3628630042076111
1448,-0.03519703820347786
1449,0.4246826469898224
1450,0.3661424219608307
1451,-0.025649631395936012
1452,0.41452571749687195
1453,0.3553806245326996
1454,-0.04175138100981712
1455,0.4257230758666992
1456,0.28041717410087585
1457,-0.008218416012823582
1458,0.43936672806739807
1459,0.27446117997169495
1460,-0.010714403353631496
1461,0.4514350891113281
1462,0.2732042074203491
1463,-0.010676081292331219
1464,0.46154895424842834
1465,0.2748079299926758
1466,-0.007525437977164984
1467,0.4686238765716553
1468,0.27949315309524536
1469,-0.002206261269748211
1470,0.4732527732849121
1471,0.2986907958984375
1472,0.011912141926586628
1473,0.49587923288345337
1474,0.3280908167362213
1475,0.05080820620059967
1476,0.46670717000961304
1477,0.3147130012512207
1478,0.006699228659272194
1479,0.4579448103904724
1480,0.31812915205955505
1481,0.002042971318587661
1482,0.44687211513519287
1483,0.31795457005500793
1484,-0.0009701466769911349
1485,0.4363548159599304
1486,0.314960241317749
1487,-0.001933830906637013
1488,0.4282357096672058
1489,0.310943603515625
1490,-0.002434723312035203
1491,0.4226025938987732
1492,0.30704694986343384
1493,-0.0028982546646147966
1494,0.4963860511779785
1495,0.32806867361068726
1496,0.08247940987348557
1497,0.4246632754802704
1498,0.3694130778312683
1499,-0.02121264673769474
1500,0.41361668705940247
1501,0.3326793909072876
1502,-0.030709104612469673
1503,0.4120177924633026
1504,0.3636248707771301
1505,-0.04149232432246208
1506,0.4076133668422699
1507,0.3693791627883911
1508,-0.037511084228754044
1509,0.4122781753540039
1510,0.365323007106781
1511,-0.03725358843803406
1512,0.4223770499229431
1513,0.3733072280883789
1514,-0.017912091687321663
1515,0.4059620499610901
1516,0.3706131875514984
1517,-0.03961314633488655
1518,0.4055410325527191
1519,0.3729822039604187
1520,-0.029197758063673973
1521,0.4230278432369232
1522,0.29784485697746277
1523,0.00042793480679392815
1524,0.41811326146125793
1525,0.30073097348213196
1526,-0.004328396171331406
1527,0.41532212495803833
1528,0.3027069568634033
1529,-0.010210942476987839
1530,0.4629382789134979
1531,0.2929476201534271
1532,0.0035176125820726156
1533,0.4674187898635864
1534,0.28884127736091614
1535,0.003469096263870597
1536,0.0
1537,0.0
1538,0.0
1539,0.0
1540,0.0
1541,0.0
1542,0.0
1543,0.0
1544,0.0
1545,0.0
1546,0.0
1547,0.0
1548,0.0
1549,0.0
1550,0.0
1551,0.0
1552,0.0
1553,0.0
1554,0.0
1555,0.0
1556,0.0
1557,0.0
1558,0.0
1559,0.0
1560,0.0
1561,0.0
1562,0.0
1563,0.0
1564,0.0
1565,0.0
1566,0.0
1567,0.0
1568,0.0
1569,0.0
1570,0.0
1571,0.0
1572,0.0
1573,0.0
1574,0.0
1575,0.0
1576,0.0
1577,0.0
1578,0.0
1579,0.0
1580,0.0
1581,0.0
1582,0.0
1583,0.0
1584,0.0
1585,0.0
1586,0.0
1587,0.0
1588,0.0
1589,0.0
1590,0.0
1591,0.0
1592,0.0
1593,0.0
1594,0.0
1595,0.0
1596,0.0
1597,0.0
1598,0.0
1599,0.20813296735286713
1600,0.6993598341941833
1601,6.339995195503434e-08
1602,0.18236425518989563
1603,0.6379156112670898
1604,0.0012634721351787448
1605,0.1672159731388092
1606,0.5523950457572937
1607,-0.008478771895170212
1608,0.15537405014038086
1609,0.48246780037879944
1610,-0.01935756765305996
1611,0.13272106647491455
1612,0.4393034279346466
1613,-0.030145900323987007
1614,0.1764877736568451
1615,0.5242352485656738
1616,-0.031366609036922455
1617,0.20780634880065918
1618,0.4327085018157959
1619,-0.047965213656425476
1620,0.23135803639888763
1621,0.3871365189552307
1622,-0.05375688895583153
1623,0.2516016364097595
1624,0.35234034061431885
1625,-0.057115960866212845
1626,0.19866743683815002
1627,0.539256751537323
1628,-0.0409671887755394
1629,0.27077919244766235
1630,0.47887492179870605
1631,-0.061159949749708176
1632,0.2735316753387451
1633,0.5156824588775635
1634,-0.056776292622089386
1635,0.25617656111717224
1636,0.542148768901825
1637,-0.051379624754190445
1638,0.22753338515758514
1639,0.5603803396224976
1640,-0.04874114319682121
1641,0.29161131381988525
1642,0.5126199126243591
1643,-0.06302111595869064
1644,0.28848031163215637
1645,0.5433730483055115
1646,-0.04800618812441826
1647,0.26949095726013184
1648,0.5644823312759399
1649,-0.03686622157692909
1650,0.2568204998970032
1651,0.5838594436645508
1652,-0.05613682419061661
1653,0.30356600880622864
1654,0.5423982739448547
1655,-0.059492889791727066
1656,0.29977431893348694
1657,0.5708403587341309
1658,-0.04535562917590141
1659,0.2826850712299347
1660,0.5911682844161987
1661,-0.03470618650317192
