,0
0,0.43051648139953613
1,0.35157907009124756
2,-0.8219513893127441
3,0.9999784231185913
4,0.4591450095176697
5,0.2909923791885376
6,-0.7595206499099731
7,0.9999498128890991
8,0.47498828172683716
9,0.2921624183654785
10,-0.7593306303024292
11,0.9999469518661499
12,0.4863576889038086
13,0.29419317841529846
14,-0.7591769695281982
15,0.9999380707740784
16,0.4064249098300934
17,0.294977605342865
18,-0.7573577165603638
19,0.999955952167511
20,0.38849857449531555
21,0.29601743817329407
22,-0.7567466497421265
23,0.999961793422699
24,0.3724247217178345
25,0.29792457818984985
26,-0.7568422555923462
27,0.9999651312828064
28,0.5071843266487122
29,0.3275175392627716
30,-0.37213167548179626
31,0.9999318718910217
32,0.3524633049964905
33,0.3280045688152313
34,-0.34101784229278564
35,0.9999648332595825
36,0.46363767981529236
37,0.41992276906967163
38,-0.6861642599105835
39,0.9999672174453735
40,0.3988135755062103
41,0.424646258354187
42,-0.6770538091659546
43,0.999967098236084
44,0.645389199256897
45,0.6846816539764404
46,-0.14162495732307434
47,0.9993053674697876
48,0.24697403609752655
49,0.6658316850662231
50,-0.30485454201698303
51,0.9996988773345947
52,0.7353556752204895
53,1.0076900720596313
54,-0.1039380207657814
55,0.397479772567749
56,0.14331971108913422
57,1.015061855316162
58,-0.8445140719413757
59,0.8924441933631897
60,0.7719477415084839
61,1.371726155281067
62,-0.32019659876823425
63,0.2617420554161072
64,0.2729315459728241
65,0.6296917796134949
66,-1.6888225078582764
67,0.9030967354774475
68,0.8045751452445984
69,1.4652163982391357
70,-0.3861227035522461
71,0.34197017550468445
72,0.29528582096099854
73,0.5172103643417358
74,-1.8728746175765991
75,0.8962008357048035
76,0.7629504203796387
77,1.4543884992599487
78,-0.42816051840782166
79,0.4542083740234375
80,0.2963734269142151
81,0.47928503155708313
82,-1.8352762460708618
83,0.905283510684967
84,0.7349978685379028
85,1.4236613512039185
86,-0.3545148968696594
87,0.45987066626548767
88,0.30001574754714966
89,0.5163208246231079
90,-1.6975748538970947
91,0.9008851647377014
92,0.5678671002388
93,1.4291841983795166
94,-0.041248273104429245
95,0.0011428961297497153
96,0.2833464443683624
97,1.42247474193573
98,0.0457213893532753
99,0.0013308743946254253
100,0.5373566150665283
101,2.0578556060791016
102,-0.14032839238643646
103,0.00043542467756196856
104,0.29173988103866577
105,2.057135820388794
106,0.031142493709921837
107,0.0002636968856677413
108,0.5193189978599548
109,2.6246252059936523
110,0.37604615092277527
111,0.00010067314724437892
112,0.28696146607398987
113,2.6175498962402344
114,0.41548895835876465
115,6.030343229213031e-06
116,0.5237845778465271
117,2.701917886734009
118,0.38869044184684753
119,6.395840318873525e-05
120,0.27974438667297363
121,2.6919310092926025
122,0.4412901997566223
123,1.5079662261996418e-05
124,0.4805983603000641
125,2.7891576290130615
126,-0.19560080766677856
127,4.3514293793123215e-05
128,0.315491646528244
129,2.799163579940796
130,-0.20206525921821594
131,2.7707488698069938e-05
132,0.4176533818244934
133,0.408368855714798
134,-0.023788632825016975
135,0.4163571000099182
136,0.3687266409397125
137,-0.04586784914135933
138,0.4172728359699249
139,0.38060057163238525
140,-0.024147426709532738
141,0.40997740626335144
142,0.3292749524116516
143,-0.03449520841240883
144,0.4162919819355011
145,0.3563440442085266
146,-0.04882737621665001
147,0.41661664843559265
148,0.3403693437576294
149,-0.04555828869342804
150,0.41782402992248535
151,0.30260682106018066
152,-0.023443099111318588
153,0.36093100905418396
154,0.2990737855434418
155,0.012953982688486576
156,0.4184311032295227
157,0.27667105197906494
158,-0.018423305824398994
159,0.4186355471611023
160,0.261353075504303
161,-0.020419031381607056
162,0.41927212476730347
163,0.19973695278167725
164,-0.011445073410868645
165,0.4177374541759491
166,0.414629191160202
167,-0.0226894523948431
168,0.41787105798721313
169,0.41951802372932434
170,-0.019905654713511467
171,0.4180810749530792
172,0.4214789867401123
173,-0.01614009402692318
174,0.4179627597332001
175,0.43162932991981506
176,-0.013689463026821613
177,0.4178997278213501
178,0.437501460313797
179,-0.014990977011620998
180,0.41790109872817993
181,0.44467252492904663
182,-0.01660752296447754
183,0.41796380281448364
184,0.45209917426109314
185,-0.014978236518800259
186,0.41816049814224243
187,0.4619213342666626
188,-0.006467471364885569
189,0.41659849882125854
190,0.37491047382354736
191,-0.04153792932629585
192,0.40878531336784363
193,0.373994916677475
194,-0.029577556997537613
195,0.33538684248924255
196,0.2560423016548157
197,0.0526764914393425
198,0.38397037982940674
199,0.3094751536846161
200,0.003762762760743499
201,0.3760315179824829
202,0.31032276153564453
203,0.0044956873171031475
204,0.3683323264122009
205,0.3098717927932739
206,0.006948007736355066
207,0.35806602239608765
208,0.30342623591423035
209,0.014260570518672466
210,0.39062610268592834
211,0.30664560198783875
212,0.00406477227807045
213,0.37308770418167114
214,0.28136053681373596
215,0.0006145002553239465
216,0.3818526566028595
217,0.2820167541503906
218,0.00024287489941343665
219,0.3650289475917816
220,0.28301307559013367
221,0.003444577334448695
222,0.35976362228393555
223,0.28671252727508545
224,0.007112981751561165
225,0.3518434166908264
226,0.3115787208080292
227,0.01858922652900219
228,0.3876241445541382
229,0.4752134680747986
230,0.005411897785961628
231,0.3580310344696045
232,0.29627689719200134
233,0.015701264142990112
234,0.33097267150878906
235,0.3066643476486206
236,0.056870050728321075
237,0.3434388041496277
238,0.3044799566268921
239,0.02717364765703678
240,0.37646591663360596
241,0.3583641052246094
242,-0.004007730167359114
243,0.4067198932170868
244,0.4062356650829315
245,-0.02223806641995907
246,0.40851476788520813
247,0.4193180501461029
248,-0.018155915662646294
249,0.39588236808776855
250,0.41009521484375
251,-0.016598179936408997
252,0.3895348906517029
253,0.41529232263565063
254,-0.009264367632567883
255,0.40074971318244934
256,0.41999998688697815
257,-0.014031014405190945
258,0.39507120847702026
259,0.4214935004711151
260,-0.007347134407609701
261,0.3801487982273102
262,0.4356066882610321
263,0.005655880086123943
264,0.4093349874019623
265,0.36835184693336487
266,-0.044923439621925354
267,0.4081662893295288
268,0.35650506615638733
269,-0.047589290887117386
270,0.3481466770172119
271,0.2767939567565918
272,0.009108503349125385
273,0.393147736787796
274,0.3287511467933655
275,-0.006285683251917362
276,0.38964390754699707
277,0.3645888566970825
278,-0.023112231865525246
279,0.3892367482185364
280,0.3582629859447479
281,-0.02048182673752308
282,0.3534635901451111
283,0.3570384085178375
284,0.0074904621578752995
285,0.4089750051498413
286,0.3416522741317749
287,-0.04255517199635506
288,0.36688220500946045
289,0.2656271457672119
290,-0.006803734693676233
291,0.35568132996559143
292,0.2691148519515991
293,0.00020238223078195006
294,0.34226807951927185
295,0.2351624220609665
296,0.035460103303194046
297,0.4018176198005676
298,0.27487871050834656
299,-0.015039103105664253
300,0.38943710923194885
301,0.28541892766952515
302,0.0026311944238841534
303,0.3742634057998657
304,0.42287328839302063
305,0.007335191126912832
306,0.3400382995605469
307,0.41634586453437805
308,0.08061450719833374
309,0.3958676755428314
310,0.3712378144264221
311,-0.019796932116150856
312,0.40308356285095215
313,0.3752169609069824
314,-0.021386489272117615
315,0.38231173157691956
316,0.42453253269195557
317,0.006420698016881943
318,0.38663461804389954
319,0.42412567138671875
320,0.0039138589054346085
321,0.35164356231689453
322,0.26149341464042664
323,0.004542984534054995
324,0.3894576132297516
325,0.3697481155395508
326,-0.018382785841822624
327,0.382030189037323
328,0.2667733132839203
329,-0.012057812884449959
330,0.38057082891464233
331,0.25702905654907227
332,-0.013972120359539986
333,0.37275880575180054
334,0.20664606988430023
335,0.0013539120554924011
336,0.34721243381500244
337,0.24758945405483246
338,0.017890697345137596
339,0.37753406167030334
340,0.23043093085289001
341,-0.006785929668694735
342,0.34388771653175354
343,0.2715889513492584
344,0.01658424362540245
345,0.3395995795726776
346,0.26411473751068115
347,0.03371386602520943
348,0.4074426591396332
349,0.41374334692955017
350,-0.021107500419020653
351,0.39854222536087036
352,0.4160376787185669
353,-0.015657717362046242
354,0.39228054881095886
355,0.41856062412261963
356,-0.009022102691233158
357,0.39808493852615356
358,0.3734508454799652
359,-0.018528519198298454
360,0.3844284117221832
361,0.4245670437812805
362,0.0049979048781096935
363,0.38770589232444763
364,0.42874905467033386
365,2.1779938833788037e-05
366,0.3878975212574005
367,0.4233381748199463
368,0.003567199921235442
369,0.4002273380756378
370,0.36757132411003113
371,-0.032035935670137405
372,0.3970857560634613
373,0.4208731949329376
374,-0.006121539976447821
375,0.4027884304523468
376,0.42071691155433655
377,-0.010808918625116348
378,0.4098190367221832
379,0.4210636615753174
380,-0.014601443894207478
381,0.4064532518386841
382,0.4610111117362976
383,-0.0055710263550281525
384,0.4066496789455414
385,0.450577974319458
386,-0.013803582638502121
387,0.4072645604610443
388,0.4430033266544342
389,-0.015110389329493046
390,0.4081316590309143
391,0.4356363117694855
392,-0.013375282287597656
393,0.4091430902481079
394,0.4308517575263977
395,-0.012016789056360722
396,0.39582017064094543
397,0.42786264419555664
398,-0.004182774573564529
399,0.39424166083335876
400,0.4297497272491455
401,-0.005505432840436697
402,0.3919234871864319
403,0.4333164393901825
404,-0.006406823173165321
405,0.39004945755004883
406,0.4373894929885864
407,-0.0046400954015553
408,0.3827204704284668
409,0.40135177969932556
410,-0.006711190566420555
411,0.33210787177085876
412,0.3582755923271179
413,0.0924004539847374
414,0.4169144928455353
415,0.3771858513355255
416,-0.03017088584601879
417,0.39218148589134216
418,0.4264298975467682
419,0.000583221553824842
420,0.3900408446788788
421,0.4272293448448181
422,-0.00018714006000664085
423,0.4060456156730652
424,0.3805128037929535
425,-0.021562714129686356
426,0.3926064968109131
427,0.3770314157009125
428,-0.01228434406220913
429,0.4046105146408081
430,0.3779599666595459
431,-0.021752383559942245
432,0.3846158981323242
433,0.3354543447494507
434,-0.002926831366494298
435,0.371720552444458
436,0.34323805570602417
437,-0.00010880990885198116
438,0.3879935145378113
439,0.3635123372077942
440,-0.015542185865342617
441,0.3539764881134033
442,0.21834836900234222
443,0.017330054193735123
444,0.35924220085144043
445,0.23592516779899597
446,0.004879414569586515
447,0.36424481868743896
448,0.256046861410141
449,-0.0050813136622309685
450,0.38683411478996277
451,0.44490155577659607
452,0.0015172227285802364
453,0.39926981925964355
454,0.259598046541214
455,-0.018722092732787132
456,0.3967254161834717
457,0.22895404696464539
458,-0.013806881383061409
459,0.3937908411026001
460,0.20098575949668884
461,-0.008246289566159248
462,0.3617669641971588
463,0.3077508807182312
464,0.010755523107945919
465,0.3435094356536865
466,0.3201363980770111
467,0.023761557415127754
468,0.3948907256126404
469,0.3035861551761627
470,0.005024363286793232
471,0.3514747619628906
472,0.29042327404022217
473,0.014594127424061298
474,0.39904576539993286
475,0.32121267914772034
476,-0.009765205904841423
477,0.39475131034851074
478,0.3603462278842926
479,-0.03173762932419777
480,0.33559688925743103
481,0.3282853364944458
482,0.033457983285188675
483,0.34849077463150024
484,0.3280998170375824
485,0.016130201518535614
486,0.35845881700515747
487,0.3323502540588379
488,0.008131233975291252
489,0.37363550066947937
490,0.33040857315063477
491,0.0035110663156956434
492,0.3848097324371338
493,0.32557979226112366
494,0.0012291359016671777
495,0.3932461738586426
496,0.32011130452156067
497,-0.001574693014845252
498,0.4099309742450714
499,0.3057219684123993
500,-0.0197288878262043
501,0.3362666368484497
502,0.35271140933036804
503,0.03138802573084831
504,0.34532272815704346
505,0.28934505581855774
506,0.018670890480279922
507,0.41232237219810486
508,0.3744828402996063
509,-0.040820516645908356
510,0.3931252062320709
511,0.3402518332004547
512,-0.00970689207315445
513,0.3304988145828247
514,0.30592018365859985
515,0.08512694388628006
516,0.39954468607902527
517,0.3138466477394104
518,-0.003296754788607359
519,0.3875427842140198
520,0.3642083704471588
521,-0.006793043576180935
522,0.3555096983909607
523,0.2972399890422821
524,0.017286142334342003
525,0.39452508091926575
526,0.35263997316360474
527,-0.028485769405961037
528,0.3344802260398865
529,0.38647931814193726
530,0.08878025412559509
531,0.3949393033981323
532,0.29914751648902893
533,0.007309631910175085
534,0.4016525447368622
535,0.3459431231021881
536,-0.0371161513030529
537,0.35514041781425476
538,0.44515833258628845
539,0.036954112350940704
540,0.35654348134994507
541,0.4583457410335541
542,0.05151541158556938
543,0.3302994966506958
544,0.35608792304992676
545,0.06187473610043526
546,0.34570249915122986
547,0.4287528097629547
548,0.04699421301484108
549,0.3351353108882904
550,0.283447802066803
551,0.04766795411705971
552,0.3862876892089844
553,0.4868246018886566
554,0.01030193455517292
555,0.4134769141674042
556,0.3767538070678711
557,-0.029532721266150475
558,0.3858569860458374
559,0.3489105701446533
560,-0.0061886305920779705
561,0.3371843695640564
562,0.3067563772201538
563,0.03595418483018875
564,0.36891546845436096
565,0.30268174409866333
566,0.007807310204952955
567,0.3759015202522278
568,0.3036375343799591
569,0.0055127800442278385
570,0.385465145111084
571,0.43070369958877563
572,0.001581235439516604
573,0.33788377046585083
574,0.37659403681755066
575,0.03454869985580444
576,0.40110740065574646
577,0.5037593841552734
578,0.011949545703828335
579,0.377524733543396
580,0.4860496520996094
581,0.029385006055235863
582,0.3677595555782318
583,0.4745402932167053
584,0.039216648787260056
585,0.418941468000412
586,0.22920295596122742
587,-0.016428876668214798
588,0.4182852506637573
589,0.5066812038421631
590,0.008939295075833797
591,0.3826830983161926
592,0.3030262589454651
593,0.004860101267695427
594,0.38899245858192444
595,0.30134692788124084
596,0.005716228391975164
597,0.3930216431617737
598,0.3002474308013916
599,0.007240272592753172
600,0.3402194678783417
601,0.28701335191726685
602,0.027329733595252037
603,0.3881961405277252
604,0.291433185338974
605,0.004512644372880459
606,0.381318062543869
607,0.288405179977417
608,0.0030998075380921364
609,0.37427380681037903
610,0.2876763939857483
611,0.003786079352721572
612,0.3671420216560364
613,0.28941047191619873
614,0.006051800213754177
615,0.3626653850078583
616,0.2923091948032379
617,0.009020792320370674
618,0.33172607421875
619,0.27812832593917847
620,0.07077983021736145
621,0.36418136954307556
622,0.3009442687034607
623,0.010556075721979141
624,0.41750067472457886
625,0.38948172330856323
626,-0.021895209327340126
627,0.38936489820480347
628,0.39415687322616577
629,-0.012122114188969135
630,0.39563632011413574
631,0.3694100081920624
632,-0.023296939209103584
633,0.40542519092559814
634,0.39050543308258057
635,-0.02068648673593998
636,0.4182322025299072
637,0.28917941451072693
638,-0.01749391108751297
639,0.36541056632995605
640,0.46130460500717163
641,0.028826018795371056
642,0.37540972232818604
643,0.4739769995212555
644,0.020084114745259285
645,0.4004259407520294
646,0.4961666762828827
647,0.001647482393309474
648,0.3477807641029358
649,0.4404637813568115
650,0.06674013286828995
651,0.3928287625312805
652,0.2959999144077301
653,0.006117561366409063
654,0.40407294034957886
655,0.3243188261985779
656,-0.021672038361430168
657,0.41811203956604004
658,0.4988773763179779
659,-0.0009417601395398378
660,0.38820895552635193
661,0.49633657932281494
662,0.01903049647808075
663,0.3328394293785095
664,0.38219743967056274
665,0.06100185960531235
666,0.40175625681877136
667,0.4293749928474426
668,-0.008413916453719139
669,0.4001803994178772
670,0.432906836271286
671,-0.009795832447707653
672,0.3984622061252594
673,0.43849265575408936
674,-0.0108380988240242
675,0.39718037843704224
676,0.44517743587493896
677,-0.009365553967654705
678,0.3951459527015686
679,0.454080730676651
680,-0.00289896409958601
681,0.39004939794540405
682,0.42255187034606934
683,-0.0013878868194296956
684,0.3872216045856476
685,0.421481192111969
686,-0.0012892637168988585
687,0.3846827745437622
688,0.41947492957115173
689,-0.0013320482103154063
690,0.37715208530426025
691,0.4110991954803467
692,0.0003490795788820833
693,0.3478831648826599
694,0.38282984495162964
695,0.017219047993421555
696,0.4046534597873688
697,0.31271228194236755
698,-0.014117536135017872
699,0.40124452114105225
700,0.29170992970466614
701,0.0006435363902710378
702,0.3962739109992981
703,0.2930600047111511
704,0.004113588947802782
705,0.3923172950744629
706,0.4209800362586975
707,-0.0006294618360698223
708,0.34802067279815674
709,0.4117133915424347
710,0.0307527557015419
711,0.4079170227050781
712,0.291249543428421
713,-0.010925636626780033
714,0.39120742678642273
715,0.4638824462890625
716,0.0018396142404526472
717,0.4170575737953186
718,0.3274281919002533
719,-0.037732597440481186
720,0.4097989797592163
721,0.31809231638908386
722,-0.0279303640127182
723,0.4174455404281616
724,0.3154314458370209
725,-0.030249524861574173
726,0.39759373664855957
727,0.34262508153915405
728,-0.021090514957904816
729,0.41809046268463135
730,0.48723238706588745
731,-0.0056612528860569
732,0.4181217551231384
733,0.4734302759170532
734,-0.005836743861436844
735,0.40401846170425415
736,0.4719489812850952
737,-0.0035993787460029125
738,0.3733421266078949
739,0.4392968416213989
740,0.010761379264295101
741,0.38149410486221313
742,0.3739098608493805
743,-0.004284375347197056
744,0.381390780210495
745,0.4530816674232483
746,0.006861098110675812
747,0.3644111156463623
748,0.37254369258880615
749,0.00019694225920829922
750,0.37493467330932617
751,0.3860377073287964
752,-0.0018660018686205149
753,0.35840314626693726
754,0.3917383849620819
755,0.007971709594130516
756,0.401416152715683
757,0.4849758744239807
758,-0.0027411370538175106
759,0.3924875259399414
760,0.3491808772087097
761,-0.014640109613537788
762,0.3671889305114746
763,0.44811201095581055
764,0.01891995407640934
765,0.37726911902427673
766,0.4622872471809387
767,0.013298793695867062
768,0.36703771352767944
769,0.4236873388290405
770,0.011385086923837662
771,0.3405550718307495
772,0.39697977900505066
773,0.037938378751277924
774,0.35774752497673035
775,0.4252353012561798
776,0.019910234957933426
777,0.33745691180229187
778,0.40643879771232605
779,0.057736366987228394
780,0.36939308047294617
781,0.40158599615097046
782,0.0029405904933810234
783,0.398735374212265
784,0.33215194940567017
785,-0.015220421366393566
786,0.39747536182403564
787,0.36562657356262207
788,-0.03370741382241249
789,0.39216896891593933
790,0.36841851472854614
791,-0.024242041632533073
792,0.4010655879974365
793,0.35786962509155273
794,-0.04012943431735039
795,0.395162433385849
796,0.28281718492507935
797,-0.0018060212023556232
798,0.3821696639060974
799,0.2769705653190613
800,-0.0033350519370287657
801,0.37061357498168945
802,0.2757267653942108
803,-0.0025606423150748014
804,0.3610784113407135
805,0.27742335200309753
806,0.0013488831464201212
807,0.35465529561042786
808,0.282142698764801
809,0.006942614912986755
810,0.35038724541664124
811,0.3008973002433777
812,0.020855359733104706
813,0.3295089602470398
814,0.331086665391922
815,0.05994416028261185
816,0.3559597432613373
817,0.31635475158691406
818,0.014330144971609116
819,0.36406210064888
820,0.31970474123954773
821,0.008893761783838272
822,0.3746030330657959
823,0.3196225166320801
824,0.005060633644461632
825,0.3846606910228729
826,0.31694772839546204
827,0.0033896202221512794
828,0.3924839496612549
829,0.3130764365196228
830,0.0023250894155353308
831,0.3978843092918396
832,0.3092028796672821
833,0.001665818621404469
834,0.3313186764717102
835,0.3319954574108124
836,0.09169529378414154
837,0.3925263285636902
838,0.3715604841709137
839,-0.02000129222869873
840,0.4034896790981293
841,0.3348284959793091
842,-0.0281295794993639
843,0.40343448519706726
844,0.3664754629135132
845,-0.04060378298163414
846,0.4082547128200531
847,0.37236034870147705
848,-0.037331659346818924
849,0.4035648703575134
850,0.368306040763855
851,-0.03641124069690704
852,0.3950158953666687
853,0.375166118144989
854,-0.01715785078704357
855,0.40974926948547363
856,0.3735613226890564
857,-0.039619725197553635
858,0.4106890559196472
859,0.3758901059627533
860,-0.029531454667448997
861,0.39771416783332825
862,0.30003970861434937
863,0.005734102800488472
864,0.40215060114860535
865,0.30291467905044556
866,0.00021027479670010507
867,0.40440672636032104
868,0.3048572838306427
869,-0.0061300345696508884
870,0.3600671589374542
871,0.294470876455307
872,0.011923715472221375
873,0.35582709312438965
874,0.2909606397151947
875,0.012265200726687908
876,0.42439720034599304
877,0.3293367028236389
878,-0.035107772797346115
879,0.47906094789505005
880,0.2998921871185303
881,0.00858114194124937
882,0.42520231008529663
883,0.3740205764770508
884,-0.03007296845316887
885,0.5086306929588318
886,0.2560313940048218
887,0.04618176817893982
888,0.4546659290790558
889,0.3100477159023285
890,0.000808166223578155
891,0.46298307180404663
892,0.31101173162460327
893,0.0010146022541448474
894,0.4710737466812134
895,0.31054970622062683
896,0.002903818152844906
897,0.4821180999279022
898,0.3041919469833374
899,0.009611311368644238
900,0.44765812158584595
901,0.3071187138557434
902,0.0018064221367239952
903,0.4663074016571045
904,0.28155720233917236
905,-0.0029828010592609644
906,0.4571734070777893
907,0.2821362614631653
908,-0.0026007601991295815
909,0.4747353792190552
910,0.28326189517974854
911,-0.0005996209802106023
912,0.48036882281303406
913,0.2870894968509674
914,0.0026671786326915026
915,0.48852816224098206
916,0.3121516704559326
917,0.013618368655443192
918,0.44992464780807495
919,0.47605276107788086
920,0.0033222073689103127
921,0.4821559488773346
922,0.29707300662994385
923,0.011109272949397564
924,0.5123324394226074
925,0.30700168013572693
926,0.05028455704450607
927,0.4977804124355316
928,0.30483004450798035
929,0.02164151519536972
930,0.4609489440917969
931,0.35865968465805054
932,-0.007003252860158682
933,0.42892077565193176
934,0.40623563528060913
935,-0.02305600233376026
936,0.4276796579360962
937,0.41927415132522583
938,-0.018947318196296692
939,0.44067272543907166
940,0.41006916761398315
941,-0.018219510093331337
942,0.4479406476020813
943,0.4150441884994507
944,-0.011560892686247826
945,0.43608126044273376
946,0.4199044704437256
947,-0.015615055337548256
948,0.44239529967308044
949,0.4211837649345398
950,-0.009401081129908562
951,0.45828378200531006
952,0.43547651171684265
953,0.0027965130284428596
954,0.4235624372959137
955,0.36834707856178284
956,-0.04534589499235153
957,0.42469072341918945
958,0.3565804958343506
959,-0.048041656613349915
960,0.49282392859458923
961,0.27668243646621704
962,0.003957998938858509
963,0.4439868628978729
964,0.3289966285228729
965,-0.008311830461025238
966,0.4452400803565979
967,0.36469313502311707
968,-0.024950843304395676
969,0.4460354447364807
970,0.35841935873031616
971,-0.02239024080336094
972,0.48548299074172974
973,0.3574829399585724
974,0.0027641148772090673
975,0.42454275488853455
976,0.3417467772960663
977,-0.04315205290913582
978,0.4726578891277313
979,0.2653800845146179
980,-0.010378287173807621
981,0.48464125394821167
982,0.2688615620136261
983,-0.004382710438221693
984,0.5009163022041321
985,0.23493197560310364
986,0.029614776372909546
987,0.43581563234329224
988,0.27488699555397034
989,-0.01619500108063221
990,0.4493677020072937
991,0.2856350541114807
992,0.0003024158359039575
993,0.4644958972930908
994,0.42271292209625244
995,0.003998586442321539
996,0.502936065196991
997,0.4176790118217468
998,0.07459133118391037
999,0.4389858543872833
1000,0.3712558150291443
1001,-0.021401744335889816
1002,0.43167757987976074
1003,0.3751925230026245
1004,-0.02215850166976452
1005,0.4562179446220398
1006,0.4239034354686737
1007,0.003461973974481225
1008,0.45188772678375244
1009,0.42347294092178345
1010,0.0013495511375367641
1011,0.4892101287841797
1012,0.2611091434955597
1013,-0.00023837013577576727
1014,0.4458335340023041
1015,0.36981552839279175
1016,-0.020227134227752686
1017,0.456624835729599
1018,0.2666803002357483
1019,-0.014528232626616955
1020,0.45819807052612305
1021,0.2567603290081024
1022,-0.01644395850598812
1023,0.46756163239479065
1024,0.20631568133831024
1025,-0.0019394300179556012
1026,0.49464648962020874
1027,0.24731875956058502
1028,0.012666694819927216
1029,0.4618891179561615
1030,0.2301967740058899
1031,-0.009697049856185913
1032,0.497714638710022
1033,0.2713422477245331
1034,0.011075707152485847
1035,0.5030787587165833
1036,0.2640864849090576
1037,0.027745625004172325
1038,0.42846015095710754
1039,0.41373175382614136
1040,-0.021972008049488068
1041,0.4381709396839142
1042,0.4159693121910095
1043,-0.017314452677965164
1044,0.4452204704284668
1045,0.4182679057121277
1046,-0.011161595582962036
1047,0.4368916153907776
1048,0.373479425907135
1049,-0.01970663107931614
1050,0.45407480001449585
1051,0.4238716661930084
1052,0.0022804473992437124
1053,0.45033013820648193
1054,0.42822539806365967
1055,-0.002323450753465295
1056,0.4506652355194092
1057,0.42279139161109924
1058,0.0010714770760387182
1059,0.433759868144989
1060,0.36769333481788635
1061,-0.03329537808895111
1062,0.4406335949897766
1063,0.420490562915802
1064,-0.008002850227057934
1065,0.4343357980251312
1066,0.4205898642539978
1067,-0.012273602187633514
1068,0.4267778992652893
1069,0.42097941040992737
1070,-0.015410213731229305
1071,0.4302941560745239
1072,0.4611911475658417
1073,-0.006378449499607086
1074,0.4296683371067047
1075,0.4506935477256775
1076,-0.014719489961862564
1077,0.4289429783821106
1078,0.44305968284606934
1079,-0.0160599984228611
1080,0.4280606210231781
1081,0.43572914600372314
1082,-0.014224658720195293
1083,0.4272223114967346
1084,0.4308732748031616
1085,-0.012850349768996239
1086,0.4417697787284851
1087,0.4275529980659485
1088,-0.006005697418004274
1089,0.44330739974975586
1090,0.42938870191574097
1091,-0.0073428587056696415
1092,0.44557610154151917
1093,0.43298524618148804
1094,-0.008252808824181557
1095,0.44749271869659424
1096,0.4371104836463928
1097,-0.006597291212528944
1098,0.45457106828689575
1099,0.40140286087989807
1100,-0.009227082133293152
1101,0.5123666524887085
1102,0.3590274155139923
1103,0.08554345369338989
1104,0.44585272669792175
1105,0.42601868510246277
1106,-0.0016339679714292288
1107,0.44796204566955566
1108,0.42676976323127747
1109,-0.002475193003192544
1110,0.42877331376075745
1111,0.38047686219215393
1112,-0.022244902327656746
1113,0.44300103187561035
1114,0.3770514130592346
1115,-0.013756831176578999
1116,0.4301535189151764
1117,0.37794679403305054
1118,-0.02247457019984722
1119,0.45287150144577026
1120,0.33574217557907104
1121,-0.005577193573117256
1122,0.4662950932979584
1123,0.34360721707344055
1124,-0.0035696483682841063
1125,0.4476447105407715
1126,0.3636055886745453
1127,-0.017543906345963478
1128,0.4879160523414612
1129,0.21790993213653564
1130,0.012497975490987301
1131,0.4816058278083801
1132,0.23548467457294464
1133,0.0006163491634652019
1134,0.47556978464126587
1135,0.2556566894054413
1136,-0.008875626139342785
1137,0.4511350393295288
1138,0.44504058361053467
1139,-0.0008238778100349009
1140,0.438732773065567
1141,0.2593957185745239
1142,-0.019941268488764763
1143,0.4417707324028015
1144,0.22886702418327332
1145,-0.015252026729285717
1146,0.44542068243026733
1147,0.20077647268772125
1148,-0.009960406459867954
1149,0.47809934616088867
1150,0.30844563245773315
1151,0.006306469440460205
1152,0.49718087911605835
1153,0.32062697410583496
1154,0.018276397138834
1155,0.44327104091644287
1156,0.3040560185909271
1157,0.0030135244596749544
1158,0.4892325699329376
1159,0.29075726866722107
1160,0.00960749015212059
1161,0.43787461519241333
1162,0.32138997316360474
1163,-0.011389673687517643
1164,0.4394530653953552
1165,0.3605286180973053
1166,-0.03321586176753044
1167,0.5057371258735657
1168,0.3287680149078369
1169,0.027324743568897247
1170,0.4913635849952698
1171,0.3286018371582031
1172,0.010953345336019993
1173,0.4806309640407562
1174,0.33270639181137085
1175,0.0035907714627683163
1176,0.46476802229881287
1177,0.33077049255371094
1178,-1.9313152733957395e-05
1179,0.45312193036079407
1180,0.3259245753288269
1181,-0.0014430213486775756
1182,0.44440436363220215
1183,0.3204483687877655
1184,-0.0037044710479676723
1185,0.42612725496292114
1186,0.30578118562698364
1187,-0.02039528265595436
1188,0.5043540596961975
1189,0.3533903658390045
1190,0.025330431759357452
1191,0.49589282274246216
1192,0.2894972562789917
1193,0.013212325982749462
1194,0.42100536823272705
1195,0.37446045875549316
1196,-0.04115378484129906
1197,0.4433901011943817
1198,0.34050917625427246
1199,-0.01157922763377428
1200,0.5144286155700684
1201,0.306304007768631
1202,0.07814943045377731
1203,0.4378695785999298
1204,0.31410640478134155
1205,-0.00489147799089551
1206,0.44857871532440186
1207,0.36434289813041687
1208,-0.008674707263708115
1209,0.4849078059196472
1210,0.2979010045528412
1211,0.012531614862382412
1212,0.44013822078704834
1213,0.3528108596801758
1214,-0.030006205663084984
1215,0.5093451142311096
1216,0.38756266236305237
1217,0.0823335200548172
1218,0.44354352355003357
1219,0.2996568977832794
1220,0.005266592372208834
1221,0.43239888548851013
1222,0.346040815114975
1223,-0.038237910717725754
1224,0.48503077030181885
1225,0.446521133184433
1226,0.03239700570702553
1227,0.48436790704727173
1228,0.4599272310733795
1229,0.04690368473529816
1230,0.5121514797210693
1231,0.35683533549308777
1232,0.05525070056319237
1233,0.4952276647090912
1234,0.43018829822540283
1235,0.04172579571604729
1236,0.5078684091567993
1237,0.28362196683883667
1238,0.04132561758160591
1239,0.4513890743255615
1240,0.48782598972320557
1241,0.008152216672897339
1242,0.42040684819221497
1243,0.376712828874588
1244,-0.02975967526435852
1245,0.4510825574398041
1246,0.3490877151489258
1247,-0.008534125983715057
1248,0.5047197341918945
1249,0.307136207818985
1250,0.02996256947517395
1251,0.47049832344055176
1252,0.3034980595111847
1253,0.003946033772081137
1254,0.4631439447402954
1255,0.3043838441371918
1256,0.0020967598538845778
1257,0.45265138149261475
1258,0.43020597100257874
1259,-0.0009595485171303153
1260,0.50263512134552
1261,0.37739917635917664
1262,0.02855297364294529
1263,0.4359319806098938
1264,0.5044342279434204
1265,0.01070358045399189
1266,0.46134063601493835
1267,0.4873812794685364
1268,0.026338282972574234
1269,0.47205209732055664
1270,0.4760495722293854
1271,0.03547268733382225
1272,0.4560953676700592
1273,0.30368244647979736
1274,0.0018960086163133383
1275,0.449539452791214
1276,0.30180415511131287
1277,0.0031915034633129835
1278,0.44548019766807556
1279,0.3007608950138092
1280,0.004954606294631958
1281,0.5016641020774841
1282,0.28705543279647827
1283,0.021501557901501656
1284,0.45072871446609497
1285,0.2919340431690216
1286,0.0018394545186311007
1287,0.45792728662490845
1288,0.2889266610145569
1289,3.779833423322998e-05
1290,0.4652147889137268
1291,0.2882901132106781
1292,0.0001790139067452401
1293,0.47256582975387573
1294,0.2900616228580475
1295,0.0020214824471622705
1296,0.4771903455257416
1297,0.29297494888305664
1298,0.004796875175088644
1299,0.5128175020217896
1300,0.27838748693466187
1301,0.06402570754289627
1302,0.4755379557609558
1303,0.30180472135543823
1304,0.0064069046638906
1305,0.4469655156135559
1306,0.3942357897758484
1307,-0.014114807359874249
1308,0.4389890432357788
1309,0.3694760799407959
1310,-0.024641048163175583
1311,0.4299165904521942
1312,0.39050763845443726
1313,-0.021552838385105133
1314,0.4740406274795532
1315,0.46258100867271423
1316,0.025070741772651672
1317,0.46317195892333984
1318,0.4752277731895447
1319,0.01716325432062149
1320,0.4362831711769104
1321,0.49674150347709656
1322,0.00042747732368297875
1323,0.4941220283508301
1324,0.4419960677623749
1325,0.06127144396305084
1326,0.44572874903678894
1327,0.2965205907821655
1328,0.003805385436862707
1329,0.4316348433494568
1330,0.3244926631450653
1331,-0.022724967449903488
1332,0.44963955879211426
1333,0.4973493218421936
1334,0.01682797074317932
1335,0.5091594457626343
1336,0.38320598006248474
1337,0.05467131361365318
1338,0.4351624548435211
1339,0.42930352687835693
1340,-0.009927422739565372
1341,0.4366905093193054
1342,0.4328465461730957
1343,-0.011290845461189747
1344,0.43836677074432373
1345,0.4383874237537384
1346,-0.012410762719810009
1347,0.439693421125412
1348,0.44509628415107727
1349,-0.010936291888356209
1350,0.4421314001083374
1351,0.4543211758136749
1352,-0.00463737640529871
1353,0.4481149911880493
1354,0.4220799505710602
1355,-0.0038732863031327724
1356,0.4509281516075134
1357,0.4210142493247986
1358,-0.003974540624767542
1359,0.45350536704063416
1360,0.4190499186515808
1361,-0.004048191010951996
1362,0.46099168062210083
1363,0.41102322936058044
1364,-0.0027475066017359495
1365,0.49162042140960693
1366,0.3835477828979492
1367,0.0120029766112566
1368,0.43184012174606323
1369,0.31285232305526733
1370,-0.01529536023736
1371,0.4366999864578247
1372,0.29200446605682373
1373,-0.0008540840935893357
1374,0.44204631447792053
1375,0.2934027910232544
1376,0.002268570940941572
1377,0.4459500312805176
1378,0.42057037353515625
1379,-0.0029302139300853014
1380,0.4921196699142456
1381,0.4127585291862488
1382,0.025577250868082047
1383,0.4291745722293854
1384,0.2913702130317688
1385,-0.011736991815268993
1386,0.44628915190696716
1387,0.46442538499832153
1388,1.4044596809981158e-06
1389,0.4253731369972229
1390,0.3181520700454712
1391,-0.028474587947130203
1392,0.4378424286842346
1393,0.3428061902523041
1394,-0.022480372339487076
1395,0.43273410201072693
1396,0.4722990095615387
1397,-0.004522667732089758
1398,0.4653635323047638
1399,0.43980610370635986
1400,0.007597515359520912
1401,0.45530760288238525
1402,0.37407928705215454
1403,-0.006804586388170719
1404,0.4568650424480438
1405,0.45361921191215515
1406,0.004335717298090458
1407,0.4737086594104767
1408,0.37297382950782776
1409,-0.003662101924419403
1410,0.4626421332359314
1411,0.38633492588996887
1412,-0.004962124861776829
1413,0.48040950298309326
1414,0.3923507034778595
1415,0.0036419040989130735
1416,0.4352444112300873
1417,0.48547661304473877
1418,-0.003957671578973532
1419,0.44335833191871643
1420,0.349386602640152
1421,-0.016434695571660995
1422,0.47184282541275024
1423,0.44902902841567993
1424,0.015419842675328255
1425,0.46116307377815247
1426,0.4632682800292969
1427,0.010626502335071564
1428,0.47189995646476746
1429,0.42406564950942993
1430,0.007479757070541382
1431,0.5000715851783752
1432,0.3980298340320587
1433,0.032227396965026855
1434,0.4817345142364502
1435,0.42616403102874756
1436,0.015447690151631832
1437,0.5042166709899902
1438,0.4076972007751465
1439,0.051742296665906906
1440,0.4689744710922241
1441,0.4018694758415222
1442,-0.0007715142564848065
1443,0.4373711347579956
1444,0.33234333992004395
1445,-0.01674884930253029
1446,0.4364880323410034
1447,0.36576011776924133
1448,-0.03505372628569603
1449,0.44255220890045166
1450,0.3685969412326813
1451,-0.025823289528489113
1452,0.43240466713905334
1453,0.3580584228038788
1454,-0.041373610496520996
1455,0.44315940141677856
1456,0.28300684690475464
1457,-0.0037484935019165277
1458,0.4566819667816162
1459,0.2770466208457947
1460,-0.005968950688838959
1461,0.46867114305496216
1462,0.27581197023391724
1463,-0.005915079731494188
1464,0.47875189781188965
1465,0.2775416374206543
1466,-0.0028847528155893087
1467,0.4857746958732605
1468,0.28224635124206543
1469,0.002276032930240035
1470,0.49046415090560913
1471,0.3013838827610016
1472,0.015689022839069366
1473,0.5134347677230835
1474,0.3316504657268524
1475,0.053192850202322006
1476,0.483936607837677
1477,0.316897988319397
1478,0.00962125975638628
1479,0.4751858413219452
1480,0.32023242115974426
1481,0.0047204154543578625
1482,0.46415799856185913
1483,0.32013869285583496
1484,0.001575784059241414
1485,0.45367729663848877
1486,0.3173397183418274
1487,0.0006487028440460563
1488,0.44558602571487427
1489,0.3134334683418274
1490,0.00023814424639567733
1491,0.4400036931037903
1492,0.3095616400241852
1493,-6.690432201139629e-05
1494,0.5135603547096252
1495,0.33252382278442383
1496,0.08467493951320648
1497,0.4425320029258728
1498,0.37162452936172485
1499,-0.02154611609876156
1500,0.43132638931274414
1501,0.3349217474460602
1502,-0.0292558241635561
1503,0.42993244528770447
1504,0.36657437682151794
1505,-0.04148565232753754
1506,0.42544621229171753
1507,0.37233632802963257
1508,-0.03781834617257118
1509,0.43016818165779114
1510,0.36836597323417664
1511,-0.037300266325473785
1512,0.44022125005722046
1513,0.37527137994766235
1514,-0.018529877066612244
1515,0.42377322912216187
1516,0.3735450506210327
1517,-0.04000184312462807
1518,0.4232500493526459
1519,0.37587010860443115
1520,-0.029881315305829048
1521,0.4404374063014984
1522,0.30043312907218933
1523,0.003930410835891962
1524,0.43559810519218445
1525,0.303244948387146
1526,-0.0010957678314298391
1527,0.4328871965408325
1528,0.3050842881202698
1529,-0.007260824553668499
1530,0.47997257113456726
1531,0.29524555802345276
1532,0.007483110763132572
1533,0.48449230194091797
1534,0.29140615463256836
1535,0.007501472719013691
1536,0.0
1537,0.0
1538,0.0
1539,0.0
1540,0.0
1541,0.0
1542,0.0
1543,0.0
1544,0.0
1545,0.0
1546,0.0
1547,0.0
1548,0.0
1549,0.0
1550,0.0
1551,0.0
1552,0.0
1553,0.0
1554,0.0
1555,0.0
1556,0.0
1557,0.0
1558,0.0
1559,0.0
1560,0.0
1561,0.0
1562,0.0
1563,0.0
1564,0.0
1565,0.0
1566,0.0
1567,0.0
1568,0.0
1569,0.0
1570,0.0
1571,0.0
1572,0.0
1573,0.0
1574,0.0
1575,0.0
1576,0.0
1577,0.0
1578,0.0
1579,0.0
1580,0.0
1581,0.0
1582,0.0
1583,0.0
1584,0.0
1585,0.0
1586,0.0
1587,0.0
1588,0.0
1589,0.0
1590,0.0
1591,0.0
1592,0.0
1593,0.0
1594,0.0
1595,0.0
1596,0.0
1597,0.0
1598,0.0
1599,0.2586882710456848
1600,0.6333122849464417
1601,4.932465458296065e-07
1602,0.2506658434867859
1603,0.5730578303337097
1604,0.0031944606453180313
1605,0.2634768486022949
1606,0.5212565064430237
1607,-0.0027751519810408354
1608,0.2895733416080475
1609,0.501735508441925
1610,-0.013053280301392078
1611,0.3137543499469757
1612,0.5017487406730652
1613,-0.022784560918807983
1614,0.2602653205394745
1615,0.47584688663482666
1616,-0.006482422351837158
1617,0.27665361762046814
1618,0.40592634677886963
1619,-0.019420389086008072
1620,0.28560537099838257
1621,0.36432820558547974
1622,-0.025682777166366577
1623,0.29270607233047485
1624,0.33135440945625305
1625,-0.02863733097910881
1626,0.28299474716186523
1627,0.47824275493621826
1628,-0.01743290014564991
1629,0.3211798071861267
1630,0.41788652539253235
1631,-0.03142837435007095
1632,0.34721654653549194
1633,0.38453420996665955
1634,-0.03918440639972687
1635,0.36778801679611206
1636,0.36146309971809387
1637,-0.041708216071128845
1638,0.3049456477165222
1639,0.491665780544281
1640,-0.027876148000359535
1641,0.3434039354324341
1642,0.4956997334957123
1643,-0.041404638439416885
1644,0.3401307463645935
1645,0.5289942622184753
1646,-0.04111954942345619
1647,0.331119179725647
1648,0.55085289478302
1649,-0.03576361760497093
1650,0.32650983333587646
1651,0.5121750235557556
1652,-0.03867454081773758
1653,0.356871634721756
1654,0.5203978419303894
1655,-0.043810851871967316
1656,0.35112226009368896
1657,0.5494422912597656
1658,-0.03747616335749626
1659,0.34047985076904297
1660,0.5696737766265869
1661,-0.029529085382819176
