,0
0,0.4012854993343353
1,0.23652656376361847
2,-1.6571094989776611
3,0.9996592998504639
4,0.4677806794643402
5,0.12317489087581635
6,-1.6061290502548218
7,0.999355673789978
8,0.4989546239376068
9,0.1311395764350891
10,-1.6055095195770264
11,0.9995056986808777
12,0.5290961265563965
13,0.13982579112052917
14,-1.604684829711914
15,0.9992642402648926
16,0.3605598509311676
17,0.09611215442419052
18,-1.5826358795166016
19,0.9992318153381348
20,0.3283325433731079
21,0.08975617587566376
22,-1.5812351703643799
23,0.9991379976272583
24,0.3016105592250824
25,0.08104793727397919
26,-1.5814756155014038
27,0.9987112283706665
28,0.5830159783363342
29,0.1471206098794937
30,-1.1750905513763428
31,0.999454915523529
32,0.28236234188079834
33,0.10015774518251419
34,-1.0020778179168701
35,0.9995853304862976
36,0.45422759652137756
37,0.3489088714122772
38,-1.465639591217041
39,0.9995022416114807
40,0.344329833984375
41,0.33677130937576294
42,-1.4341367483139038
43,0.999618649482727
44,0.7162904143333435
45,0.5368792414665222
46,-0.8625780344009399
47,0.9981017112731934
48,0.07905523478984833
49,0.5663377642631531
50,-0.43710070848464966
51,0.9977163672447205
52,0.8521372079849243
53,1.1385546922683716
54,-1.5088751316070557
55,0.529117226600647
56,-0.1309332251548767
57,1.1587110757827759
58,0.06424803286790848
59,0.14263451099395752
60,0.7887174487113953
61,0.5252169370651245
62,-2.430720806121826
63,0.9566254019737244
64,-0.1726415902376175
65,1.6357421875
66,-0.04188871756196022
67,0.18521617352962494
68,0.826347827911377
69,0.25078636407852173
70,-2.617987871170044
71,0.9367843866348267
72,-0.21028462052345276
73,1.7926615476608276
74,-0.011114911176264286
75,0.22134149074554443
76,0.7920894622802734
77,0.19058559834957123
78,-2.4663946628570557
79,0.9432127475738525
80,-0.18567317724227905
81,1.7763293981552124
82,-0.1295221745967865
83,0.3147340416908264
84,0.7528014183044434
85,0.2649531662464142
86,-2.405280828475952
87,0.9349073171615601
88,-0.15028029680252075
89,1.727070689201355
90,-0.09152417629957199
91,0.32809218764305115
92,0.5749625563621521
93,1.6269510984420776
94,-0.15811613202095032
95,0.0017878917278721929
96,0.1664479672908783
97,1.605205774307251
98,0.16560058295726776
99,0.0013031379785388708
100,0.5703237056732178
101,2.553093671798706
102,-0.12366928160190582
103,0.0008448215085081756
104,0.21358883380889893
105,2.5220704078674316
106,0.23218846321105957
107,0.00030104658799245954
108,0.5771089792251587
109,3.3188536167144775
110,0.8056858777999878
111,5.315065573086031e-05
112,0.23357784748077393
113,3.272747278213501
114,1.0910381078720093
115,3.442409024501103e-06
116,0.5852035284042358
117,3.441071033477783
118,0.8538597822189331
119,3.848824417218566e-05
120,0.22284439206123352
121,3.391242027282715
122,1.1505529880523682
123,1.753840479068458e-05
124,0.525210976600647
125,3.6082005500793457
126,0.01943337544798851
127,0.00014331599231809378
128,0.2890642285346985
129,3.5570085048675537
130,0.23342661559581757
131,6.146500527393073e-05
132,0.3482232093811035
133,0.3117385506629944
134,-0.026368815451860428
135,0.3284108638763428
136,0.2419576495885849
137,-0.08751292526721954
138,0.3469116687774658
139,0.2599039375782013
140,-0.0377240814268589
141,0.32741230726242065
142,0.15180198848247528
143,-0.07483327388763428
144,0.3271922469139099
145,0.21726347506046295
146,-0.09738212078809738
147,0.33285462856292725
148,0.1815984696149826
149,-0.09672106802463531
150,0.3549746870994568
151,0.0901031643152237
152,-0.07010819762945175
153,0.26571428775787354
154,0.051444098353385925
155,0.03957938030362129
156,0.36320215463638306
157,0.01417684555053711
158,-0.07084304839372635
159,0.3634551763534546
160,-0.022091060876846313
161,-0.08169183880090714
162,0.37342917919158936
163,-0.15258531272411346
164,-0.09450182318687439
165,0.349488765001297
166,0.32332170009613037
167,-0.022003617137670517
168,0.35220685601234436
169,0.33212724328041077
170,-0.014822456054389477
171,0.3559247851371765
172,0.3355602025985718
173,-0.006090147886425257
174,0.3523339033126831
175,0.3700806498527527
176,0.008005181327462196
177,0.3506757318973541
178,0.3839240074157715
179,0.007836545817553997
180,0.349991112947464
181,0.3995095193386078
182,0.00824523065239191
183,0.3515552878379822
184,0.4140359163284302
185,0.016304878517985344
186,0.3588276505470276
187,0.4252803325653076
188,0.03864452242851257
189,0.33327746391296387
190,0.25312721729278564
191,-0.07694088667631149
192,0.32435888051986694
193,0.24560892581939697
194,-0.04807606711983681
195,0.24709850549697876
196,-0.06589874625205994
197,0.11828108131885529
198,0.311947226524353
199,0.08007735759019852
200,0.009041523560881615
201,0.2967172861099243
202,0.0804385095834732
203,0.017128437757492065
204,0.28162384033203125
205,0.07761487364768982
206,0.027392135933041573
207,0.2643057107925415
208,0.05685965716838837
209,0.047324854880571365
210,0.3229021728038788
211,0.07572559267282486
212,0.003833737224340439
213,0.2830280661582947
214,0.008863881230354309
215,0.0013995826011523604
216,0.3014039397239685
217,0.014510467648506165
218,-0.0073620337061584
219,0.26760852336883545
220,0.009902775287628174
221,0.014249874278903008
222,0.2594049870967865
223,0.017741575837135315
224,0.025718780234456062
225,0.2571389973163605
226,0.07123769074678421
227,0.06180446594953537
228,0.3150010108947754
229,0.42086899280548096
230,0.08878261595964432
231,0.26108065247535706
232,0.04277043044567108
233,0.0464523509144783
234,0.24920177459716797
235,0.03909777104854584
236,0.1519797444343567
237,0.24923892319202423
238,0.04722948372364044
239,0.08143819123506546
240,0.28522980213165283
241,0.18683363497257233
242,0.017903076484799385
243,0.3281700611114502
244,0.3032292127609253
245,-0.016910744830965996
246,0.33652251958847046
247,0.32825037837028503
248,-0.0052555217407643795
249,0.3127690553665161
250,0.30386584997177124
251,0.0033150333911180496
252,0.3078705072402954
253,0.3088042140007019
254,0.025215746834874153
255,0.3257838785648346
256,0.32493236660957336
257,0.009207920171320438
258,0.31997305154800415
259,0.3247706890106201
260,0.027622444555163383
261,0.3003002405166626
262,0.34323006868362427
263,0.07384904474020004
264,0.3155316710472107
265,0.23817774653434753
266,-0.08212526142597198
267,0.31264346837997437
268,0.2142062485218048
269,-0.09049436450004578
270,0.24248304963111877
271,-0.011133268475532532
272,0.03281591832637787
273,0.31721487641334534
274,0.12933173775672913
275,-0.008524256758391857
276,0.295849084854126
277,0.21412146091461182
278,-0.027681957930326462
279,0.29836463928222656
280,0.19921092689037323
281,-0.024222085252404213
282,0.2522774636745453
283,0.17084865272045135
284,0.05727417767047882
285,0.31880995631217957
286,0.18096429109573364
287,-0.08536358177661896
288,0.2627280354499817
289,-0.028859078884124756
290,-0.017822155728936195
291,0.24811169505119324
292,-0.025163784623146057
293,0.007116348948329687
294,0.2472476214170456
295,-0.10299964249134064
296,0.06904873251914978
297,0.32620376348495483
298,0.0035112202167510986
299,-0.05499109998345375
300,0.3172254264354706
301,0.02628783881664276
302,-0.007303313817828894
303,0.2908271551132202
304,0.31474658846855164
305,0.0757712572813034
306,0.29073983430862427
307,0.24505352973937988
308,0.24846254289150238
309,0.3077033758163452
310,0.2303735464811325
311,-0.0234570000320673
312,0.32012274861335754
313,0.24274712800979614
314,-0.02879692241549492
315,0.3035234808921814
316,0.3239715099334717
317,0.06882469356060028
318,0.31206172704696655
319,0.32655149698257446
320,0.060329619795084
321,0.24386408925056458
322,-0.044022828340530396
323,0.014109957963228226
324,0.29987406730651855
325,0.22300931811332703
326,-0.01637239009141922
327,0.2870270311832428
328,-0.02209368348121643
329,-0.039140839129686356
330,0.2834535539150238
331,-0.04307036101818085
332,-0.04641972854733467
333,0.28267478942871094
334,-0.1486406773328781
335,-0.033981312066316605
336,0.24437464773654938
337,-0.07288472354412079
338,0.03722330927848816
339,0.2835614085197449
340,-0.09483878314495087
341,-0.041884247213602066
342,0.23915374279022217
343,-0.02606259286403656
344,0.04764754697680473
345,0.24196788668632507
346,-0.04369285702705383
347,0.07977595180273056
348,0.33139169216156006
349,0.3175092339515686
350,-0.012605165131390095
351,0.31891825795173645
352,0.3163357377052307
353,0.005955930799245834
354,0.3130657374858856
355,0.3171830177307129
356,0.025013523176312447
357,0.3126315772533417
358,0.23575004935264587
359,-0.021359898149967194
360,0.30731630325317383
361,0.3259061574935913
362,0.06398051977157593
363,0.30913078784942627
364,0.3410423994064331
365,0.054252512753009796
366,0.3151229918003082
367,0.3250344395637512
368,0.059276338666677475
369,0.30722954869270325
370,0.22844353318214417
371,-0.050141751766204834
372,0.3264419138431549
373,0.32416316866874695
374,0.029654789716005325
375,0.3327503204345703
376,0.32716572284698486
377,0.01553152222186327
378,0.34266096353530884
379,0.3315183222293854
380,0.0030237704049795866
381,0.33770179748535156
382,0.41608697175979614
383,0.046230293810367584
384,0.3303961157798767
385,0.404325932264328
386,0.02451690286397934
387,0.3301616907119751
388,0.39080455899238586
389,0.01804303005337715
390,0.3331381380558014
391,0.37558382749557495
392,0.01752936840057373
393,0.3371261954307556
394,0.3644912540912628
395,0.017442738637328148
396,0.32158517837524414
397,0.3469894826412201
398,0.039991699159145355
399,0.31728729605674744
400,0.35068339109420776
401,0.03936554118990898
402,0.31179895997047424
403,0.3567355275154114
404,0.04036300629377365
405,0.3085343837738037
406,0.3629113435745239
407,0.046548206359148026
408,0.29466408491134644
409,0.27962374687194824
410,0.02863158844411373
411,0.277942955493927
412,0.1278684437274933
413,0.24894939363002777
414,0.3397045433521271
415,0.25592905282974243
416,-0.05232110247015953
417,0.319138765335083
418,0.33895576000213623
419,0.05228065326809883
420,0.3137553334236145
421,0.33982646465301514
422,0.05218799412250519
423,0.32597416639328003
424,0.25506263971328735
425,-0.02617516927421093
426,0.30737948417663574
427,0.23779556155204773
428,-0.004180891904979944
429,0.3228204846382141
430,0.24937647581100464
431,-0.028318580240011215
432,0.3041171431541443
433,0.13892850279808044
434,0.007003395352512598
435,0.28071266412734985
436,0.15104906260967255
437,0.024248648434877396
438,0.29980194568634033
439,0.2079809159040451
440,-0.012000794522464275
441,0.2569628357887268
442,-0.13147689402103424
443,0.016633708029985428
444,0.25683683156967163
445,-0.09141214191913605
446,-0.0028548536356538534
447,0.25815755128860474
448,-0.0502748042345047
449,-0.01780751906335354
450,0.3088715672492981
451,0.3687380850315094
452,0.06616634875535965
453,0.3196284770965576
454,-0.029885411262512207
455,-0.06708414107561111
456,0.31947046518325806
457,-0.09023462235927582
458,-0.07020175457000732
459,0.32002484798431396
460,-0.1547747701406479
461,-0.07140885293483734
462,0.26983124017715454
463,0.06930004805326462
464,0.039027899503707886
465,0.24710562825202942
466,0.08460503816604614
467,0.08039866387844086
468,0.3292386829853058
469,0.07091071456670761
470,0.0021142838522791862
471,0.25187259912490845
472,0.02245555818080902
473,0.04667109251022339
474,0.32572251558303833
475,0.11746913194656372
476,-0.021539349108934402
477,0.2984393239021301
478,0.21066881716251373
479,-0.04965413361787796
480,0.24087001383304596
481,0.09440166503190994
482,0.1109570562839508
483,0.24943502247333527
484,0.10641627758741379
485,0.06590152531862259
486,0.26170843839645386
487,0.12128222733736038
488,0.04384481906890869
489,0.28820765018463135
490,0.12268750369548798
491,0.0250075776129961
492,0.30843448638916016
493,0.11569161713123322
494,0.01076782587915659
495,0.3215979337692261
496,0.10786917805671692
497,-0.0025410184171050787
498,0.3406434655189514
499,0.09311725199222565
500,-0.05611870810389519
501,0.23933018743991852
502,0.14509643614292145
503,0.11762744188308716
504,0.24531854689121246
505,0.014735415577888489
506,0.058035049587488174
507,0.32528766989707947
508,0.25047585368156433
509,-0.07265453040599823
510,0.3134855628013611
511,0.15690648555755615
512,-0.011224795132875443
513,0.26479557156562805
514,0.026282891631126404
515,0.2100639045238495
516,0.3309131860733032
517,0.0988679975271225
518,-0.012824397534132004
519,0.3032338619232178
520,0.2063894122838974
521,0.004790809471160173
522,0.2590165138244629
523,0.040600910782814026
524,0.05226562172174454
525,0.30217409133911133
526,0.19225101172924042
527,-0.04617108032107353
528,0.2831227779388428
529,0.18308725953102112
530,0.2537049651145935
531,0.32937783002853394
532,0.06197762489318848
533,0.004487507976591587
534,0.3092614710330963
535,0.18435470759868622
536,-0.06887894868850708
537,0.2859046161174774
538,0.3309265375137329
539,0.15919621288776398
540,0.3005327582359314
541,0.3472365736961365
542,0.1958238184452057
543,0.2511225938796997
544,0.13723163306713104
545,0.1853695809841156
546,0.2766791880130768
547,0.29010894894599915
548,0.17920203506946564
549,0.24499046802520752
550,-0.0057475268840789795
551,0.12015512585639954
552,0.3167300820350647
553,0.43945592641830444
554,0.10669147968292236
555,0.33272093534469604
556,0.25372114777565
557,-0.04924534261226654
558,0.3029214143753052
559,0.1706659346818924
560,0.003398264991119504
561,0.24592791497707367
562,0.04733741283416748
563,0.10440217703580856
564,0.2806779146194458
565,0.0639028325676918
566,0.024987418204545975
567,0.2953338027000427
568,0.06764276325702667
569,0.01645311526954174
570,0.30558913946151733
571,0.34189003705978394
572,0.05964621528983116
573,0.2457333356142044
574,0.19098126888275146
575,0.13335667550563812
576,0.3417825996875763
577,0.4803866147994995
578,0.10935529321432114
579,0.3162299394607544
580,0.4216134548187256
581,0.15010346472263336
582,0.30947768688201904
583,0.3891656994819641
584,0.17026732861995697
585,0.3671364188194275
586,-0.08489461243152618
587,-0.09043842554092407
588,0.3716980516910553
589,0.4969717264175415
590,0.09353064000606537
591,0.308948814868927
592,0.06701994687318802
593,0.009783070534467697
594,0.3206496834754944
595,0.06390669196844101
596,0.006875616032630205
597,0.3270629644393921
598,0.06262765824794769
599,0.0066942875273525715
600,0.24240939319133759
601,0.005400508642196655
602,0.07773096114397049
603,0.3173488974571228
604,0.04551827907562256
605,0.0010403395863249898
606,0.30400168895721436
607,0.03754661977291107
608,0.0018801669357344508
609,0.2883601784706116
610,0.03379559516906738
611,0.0083582429215312
612,0.2737998068332672
613,0.034434154629707336
614,0.01853586919605732
615,0.2662178874015808
616,0.0384434312582016
617,0.027561666443943977
618,0.25252780318260193
619,-0.025223001837730408
620,0.16741017997264862
621,0.2715190649032593
622,0.058116793632507324
623,0.03341388702392578
624,0.34885460138320923
625,0.2759172320365906
626,-0.029768576845526695
627,0.30193498730659485
628,0.2702600955963135
629,0.009152103215456009
630,0.3047676682472229
631,0.22760643064975739
632,-0.0324476957321167
633,0.3259628117084503
634,0.27291643619537354
635,-0.019085098057985306
636,0.36241114139556885
637,0.04999633878469467
638,-0.06489720195531845
639,0.29705989360809326
640,0.3695495128631592
641,0.1443975865840912
642,0.30713701248168945
643,0.402713805437088
644,0.12714418768882751
645,0.33458685874938965
646,0.4705544114112854
647,0.08518368750810623
648,0.29597556591033936
649,0.30153197050094604
650,0.22557510435581207
651,0.3250845968723297
652,0.05597734451293945
653,0.0029207030311226845
654,0.3257061839103699
655,0.1331396847963333
656,-0.048836130648851395
657,0.3649468421936035
658,0.4882503151893616
659,0.07039696723222733
660,0.32517555356025696
661,0.4538447856903076
662,0.1283021718263626
663,0.2577338218688965
664,0.18816764652729034
665,0.19374345242977142
666,0.32724589109420776
667,0.35647308826446533
668,0.0286271795630455
669,0.3227655589580536
670,0.3638600707054138
671,0.02849145606160164
672,0.31814345717430115
673,0.3745580017566681
674,0.029592063277959824
675,0.31617647409439087
676,0.38655799627304077
677,0.03592519462108612
678,0.3201059401035309
679,0.39475345611572266
680,0.05623894929885864
681,0.3158307671546936
682,0.32435381412506104
683,0.04546305164694786
684,0.3095555901527405
685,0.32003816962242126
686,0.04731881991028786
687,0.30488449335098267
688,0.31418120861053467
689,0.04799757897853851
690,0.2909383773803711
691,0.2946806848049164
692,0.052109476178884506
693,0.25237083435058594
694,0.21567773818969727
695,0.09302737563848495
696,0.3332396149635315
697,0.10423686355352402
698,-0.03808604180812836
699,0.33613747358322144
700,0.04663613438606262
701,-0.018276173621416092
702,0.3300667405128479
703,0.04748578369617462
704,-0.005403105169534683
705,0.32151326537132263
706,0.3221147656440735
707,0.04609879478812218
708,0.26545482873916626
709,0.266701340675354
710,0.13464336097240448
711,0.34331178665161133
712,0.05005766451358795
713,-0.045211754739284515
714,0.31873348355293274
715,0.4046611189842224
716,0.07344628125429153
717,0.3405660390853882
718,0.1510743796825409
719,-0.08719804137945175
720,0.33343884348869324
721,0.1245288997888565
722,-0.06855468451976776
723,0.3475877046585083
724,0.12248045206069946
725,-0.07859155535697937
726,0.31303849816322327
727,0.1689845472574234
728,-0.03754223883152008
729,0.361820787191391
730,0.46895939111709595
731,0.055838439613580704
732,0.3607454001903534
733,0.4445185661315918
734,0.04810302332043648
735,0.33667123317718506
736,0.4315832257270813
737,0.059622470289468765
738,0.29370197653770447
739,0.34221500158309937
740,0.0905495434999466
741,0.2932708263397217
742,0.22256188094615936
743,0.019186988472938538
744,0.3055020272731781
745,0.3743029534816742
746,0.08397790789604187
747,0.26676592230796814
748,0.21065004169940948
749,0.04069361835718155
750,0.2833757996559143
751,0.2440791130065918
752,0.03542583808302879
753,0.264107882976532
754,0.2434704601764679
755,0.06920257210731506
756,0.33331188559532166
757,0.4524674415588379
758,0.07038916647434235
759,0.30880215764045715
760,0.17797845602035522
761,-0.0186298917979002
762,0.2901213765144348
763,0.3513485789299011
764,0.11619412153959274
765,0.30345043540000916
766,0.3859490156173706
767,0.10567164421081543
768,0.2823086380958557
769,0.30927950143814087
770,0.08938811719417572
771,0.25575724244117737
772,0.23008832335472107
773,0.14783678948879242
774,0.27464866638183594
775,0.302948534488678
776,0.1120709478855133
777,0.2669386863708496
778,0.23784992098808289
779,0.19693101942539215
780,0.27967631816864014
781,0.27088019251823425
782,0.05711513012647629
783,0.3197952210903168
784,0.14462581276893616
785,-0.028794007375836372
786,0.30162203311920166
787,0.22349245846271515
788,-0.05340458080172539
789,0.29904991388320923
790,0.22387436032295227
791,-0.030865391716361046
792,0.30360543727874756
793,0.211542010307312
794,-0.06947781145572662
795,0.32179462909698486
796,0.02051645517349243
797,-0.021828891709446907
798,0.29560595750808716
799,0.0013785958290100098
800,-0.017496393993496895
801,0.2735827565193176
802,-0.004774734377861023
803,-0.006900312844663858
804,0.25820469856262207
805,-0.002960503101348877
806,0.00992369931191206
807,0.2509518265724182
808,0.0057520270347595215
809,0.027245311066508293
810,0.25532400608062744
811,0.044370755553245544
812,0.06308602541685104
813,0.2490706890821457
814,0.0880519449710846
815,0.1714106947183609
816,0.26113253831863403
817,0.08462917059659958
818,0.05230205878615379
819,0.2737933397293091
820,0.09619469940662384
821,0.03722749650478363
822,0.29293355345726013
823,0.09936696290969849
824,0.023214686661958694
825,0.31144213676452637
826,0.09609495848417282
827,0.010785218328237534
828,0.32393530011177063
829,0.09047777950763702
830,0.002209749538451433
831,0.3319544792175293
832,0.08549007028341293
833,-0.004806275013834238
834,0.27394744753837585
835,0.0760425552725792
836,0.23525212705135345
837,0.30309227108955383
838,0.2290002554655075
839,-0.021797984838485718
840,0.31842201948165894
841,0.15828117728233337
842,-0.056545957922935486
843,0.30709266662597656
844,0.23065580427646637
845,-0.07059548795223236
846,0.31979042291641235
847,0.24326610565185547
848,-0.06471802294254303
849,0.31062954664230347
850,0.2327609360218048
851,-0.06164306402206421
852,0.3092091977596283
853,0.23680180311203003
854,-0.0164705328643322
855,0.32120558619499207
856,0.24715328216552734
857,-0.06974802911281586
858,0.32776355743408203
859,0.2506157457828522
860,-0.04874779284000397
861,0.33327823877334595
862,0.06461039185523987
863,-0.0009732934413477778
864,0.33849668502807617
865,0.07400910556316376
866,-0.014349945820868015
867,0.33877313137054443
868,0.08191254734992981
869,-0.026105059310793877
870,0.26267582178115845
871,0.041297391057014465
872,0.03606075793504715
873,0.256300151348114
874,0.02638182044029236
875,0.03926817700266838
876,0.35829079151153564
877,0.15619638562202454
878,-0.08743514865636826
879,0.520046591758728
880,0.08511637896299362
881,-0.052391167730093
882,0.35951292514801025
883,0.25220686197280884
884,-0.05788017064332962
885,0.6274890899658203
886,-0.03198160231113434
887,-0.023852895945310593
888,0.4564199447631836
889,0.0994800254702568
890,-0.04999629035592079
891,0.4756152629852295
892,0.10437240451574326
893,-0.05381501838564873
894,0.49632731080055237
895,0.10617194324731827
896,-0.05480282008647919
897,0.5297413468360901
898,0.09187517315149307
899,-0.05025019124150276
900,0.44109436869621277
901,0.0914023295044899
902,-0.04240002855658531
903,0.4910169839859009
904,0.02958075702190399
905,-0.07384666800498962
906,0.4677630662918091
907,0.029842108488082886
908,-0.06647630780935287
909,0.5129422545433044
910,0.03619539737701416
911,-0.07249286025762558
912,0.5276446342468262
913,0.048026442527770996
914,-0.06814832240343094
915,0.5451136231422424
916,0.10840381681919098
917,-0.04242753982543945
918,0.4367264211177826
919,0.44932878017425537
920,0.04678824543952942
921,0.5311601758003235
922,0.07784269750118256
923,-0.05009588226675987
924,0.6263169050216675
925,0.08255056291818619
926,0.008761237375438213
927,0.5734955668449402
928,0.08764836937189102
929,-0.03613528236746788
930,0.46141383051872253
931,0.21221405267715454
932,-0.04096508398652077
933,0.37409111857414246
934,0.31171464920043945
935,-0.03235473111271858
936,0.3747347593307495
937,0.3351368308067322
938,-0.01931745558977127
939,0.4043976068496704
940,0.32156968116760254
941,-0.02860107645392418
942,0.42444923520088196
943,0.3296007215976715
944,-0.01868298463523388
945,0.3962518870830536
946,0.3380330204963684
947,-0.018796995282173157
948,0.4132935404777527
949,0.34025251865386963
950,-0.009424153715372086
951,0.4571930766105652
952,0.3706634044647217
953,0.01779378391802311
954,0.34482628107070923
955,0.24335400760173798
956,-0.09037702530622482
957,0.346947580575943
958,0.21944384276866913
959,-0.10027576237916946
960,0.5573193430900574
961,0.02120313048362732
962,-0.07844466716051102
963,0.4254230558872223
964,0.1440967470407486
965,-0.04742390662431717
966,0.4091951251029968
967,0.23262980580329895
968,-0.06419938802719116
969,0.4146108627319336
970,0.21716150641441345
971,-0.06195724010467529
972,0.5261714458465576
973,0.21010828018188477
974,-0.04016507789492607
975,0.35157227516174316
976,0.1857549250125885
977,-0.09769006073474884
978,0.5024469494819641
979,-0.008659929037094116
980,-0.0942736566066742
981,0.5337279438972473
982,0.0017329156398773193
983,-0.08941666036844254
984,0.5988973379135132
985,-0.07462459802627563
986,-0.058894701302051544
987,0.4094124138355255
988,0.01004035770893097
989,-0.0799127072095871
990,0.44861045479774475
991,0.03880639374256134
992,-0.055151283740997314
993,0.47117334604263306
994,0.34510356187820435
995,0.008306529372930527
996,0.6053698658943176
997,0.30105704069137573
998,0.11792787164449692
999,0.39551472663879395
1000,0.24573075771331787
1001,-0.051291368901729584
1002,0.3789908289909363
1003,0.25245216488838196
1004,-0.042542897164821625
1005,0.4510136544704437
1006,0.34670716524124146
1007,0.01008419319987297
1008,0.44088900089263916
1009,0.3460184335708618
1010,0.008742577396333218
1011,0.5476953387260437
1012,-0.016500622034072876
1013,-0.08932536840438843
1014,0.4138069152832031
1015,0.24076510965824127
1016,-0.05226854607462883
1017,0.46200504899024963
1018,-0.008123517036437988
1019,-0.09194235503673553
1020,0.46489331126213074
1021,-0.029210656881332397
1022,-0.10094545781612396
1023,0.49703800678253174
1024,-0.13382838666439056
1025,-0.10730929672718048
1026,0.571651816368103
1027,-0.044260457158088684
1028,-0.07715768367052078
1029,0.4767287075519562
1030,-0.08034403622150421
1031,-0.10524382442235947
1032,0.5740322470664978
1033,0.007546365261077881
1034,-0.07167327404022217
1035,0.5995261669158936
1036,-0.0091143399477005
1037,-0.04961484670639038
1038,0.3742084205150604
1039,0.32551872730255127
1040,-0.02801014855504036
1041,0.3995029628276825
1042,0.3318944573402405
1043,-0.024235276505351067
1044,0.4184582829475403
1045,0.33545294404029846
1046,-0.015102076344192028
1047,0.3918950855731964
1048,0.24932894110679626
1049,-0.04346850514411926
1050,0.44562309980392456
1051,0.34685102105140686
1052,0.009582474827766418
1053,0.434434175491333
1054,0.3604976534843445
1055,0.008368846029043198
1056,0.43911227583885193
1057,0.3442026972770691
1058,0.00904420018196106
1059,0.37724384665489197
1060,0.24203160405158997
1061,-0.0751279667019844
1062,0.4117211103439331
1063,0.3372672200202942
1064,-0.005558684002608061
1065,0.39514872431755066
1066,0.3375432789325714
1067,-0.010498112998902798
1068,0.37607988715171814
1069,0.33701092004776
1070,-0.011371396481990814
1071,0.38700419664382935
1072,0.42613059282302856
1073,0.03223349526524544
1074,0.3795253038406372
1075,0.4139803946018219
1076,0.009084717370569706
1077,0.37648671865463257
1078,0.3996348977088928
1079,0.0021548287477344275
1080,0.3745962679386139
1081,0.3830362558364868
1082,0.0018470392096787691
1083,0.37404632568359375
1084,0.37125974893569946
1085,0.002504014875739813
1086,0.4125034213066101
1087,0.36165139079093933
1088,0.004760106559842825
1089,0.41545790433883667
1090,0.36669349670410156
1091,0.0039006618317216635
1092,0.4206101596355438
1093,0.37463170289993286
1094,0.004058461636304855
1095,0.4258531928062439
1096,0.3825620412826538
1097,0.007676387205719948
1098,0.4407014548778534
1099,0.3036571741104126
1100,-0.021826928481459618
1101,0.6384382247924805
1102,0.17727965116500854
1103,0.103016197681427
1104,0.4249916970729828
1105,0.3550756573677063
1106,0.008211568929255009
1107,0.42895451188087463
1108,0.35766181349754333
1109,0.007948013953864574
1110,0.3724577724933624
1111,0.2624359428882599
1112,-0.03952668234705925
1113,0.410444051027298
1114,0.2536749839782715
1115,-0.03248276934027672
1116,0.37535619735717773
1117,0.2577667236328125
1118,-0.04165211319923401
1119,0.4460984468460083
1120,0.1583428978919983
1121,-0.04438166692852974
1122,0.47758495807647705
1123,0.1781584769487381
1124,-0.04494202882051468
1125,0.42066600918769836
1126,0.22633089125156403
1127,-0.050740767270326614
1128,0.556854248046875
1129,-0.1093788892030716
1130,-0.08786579221487045
1131,0.5326173901557922
1132,-0.06947244703769684
1133,-0.095166876912117
1134,0.5107835531234741
1135,-0.02978821098804474
1136,-0.09920217096805573
1137,0.43850889801979065
1138,0.39334675669670105
1139,0.020322855561971664
1140,0.4145156443119049
1141,-0.024321377277374268
1142,-0.09413707256317139
1143,0.4232647716999054
1144,-0.08240626752376556
1145,-0.1031324490904808
1146,0.4375276565551758
1147,-0.1469375342130661
1148,-0.10840343683958054
1149,0.5167073011398315
1150,0.10227210074663162
1151,-0.053086940199136734
1152,0.5671604871749878
1153,0.1264176070690155
1154,-0.03556162863969803
1155,0.4316294193267822
1156,0.08454594016075134
1157,-0.03921758383512497
1158,0.5496265292167664
1159,0.05750095099210739
1160,-0.060175810009241104
1161,0.4099246561527252
1162,0.12895572185516357
1163,-0.052646834403276443
1164,0.3912079930305481
1165,0.22647736966609955
1166,-0.07928909361362457
1167,0.5929123163223267
1168,0.1407238245010376
1169,-0.020283376798033714
1170,0.5477766990661621
1171,0.14613521099090576
1172,-0.0429450161755085
1173,0.5171142220497131
1174,0.15551301836967468
1175,-0.04848085343837738
1176,0.47706785798072815
1177,0.14801451563835144
1178,-0.04500320553779602
1179,0.45014166831970215
1180,0.13465695083141327
1181,-0.042369164526462555
1182,0.4305787980556488
1183,0.12261471152305603
1184,-0.04275805130600929
1185,0.37558984756469727
1186,0.09744352847337723
1187,-0.0693347379565239
1188,0.5848532915115356
1189,0.19420701265335083
1190,-0.01266479678452015
1191,0.5679395198822021
1192,0.051889993250370026
1193,-0.059455279260873795
1194,0.3434041440486908
1195,0.253679096698761
1196,-0.07927058637142181
1197,0.41922712326049805
1198,0.1719852238893509
1199,-0.04869091138243675
1200,0.6493543386459351
1201,0.06758180260658264
1202,0.05904557183384895
1203,0.4145238697528839
1204,0.10996947437524796
1205,-0.04408150911331177
1206,0.42719486355781555
1207,0.22478869557380676
1208,-0.03305425867438316
1209,0.5394059419631958
1210,0.07624372094869614
1211,-0.048700977116823196
1212,0.3971276879310608
1213,0.2070775330066681
1214,-0.07612617313861847
1215,0.6267996430397034
1216,0.2366061508655548
1217,0.11403094977140427
1218,0.4346383810043335
1219,0.07667922973632812
1220,-0.03874436020851135
1221,0.37415364384651184
1222,0.19417789578437805
1223,-0.09071774035692215
1224,0.5350970029830933
1225,0.38313817977905273
1226,0.062312863767147064
1227,0.5436233282089233
1228,0.40032005310058594
1229,0.09712082147598267
1230,0.6195076107978821
1231,0.18943347036838531
1232,0.04271487146615982
1233,0.5660949349403381
1234,0.34538722038269043
1235,0.06501830369234085
1236,0.6151193976402283
1237,0.03304612636566162
1238,-0.01751062646508217
1239,0.4418083727359772
1240,0.47034502029418945
1241,0.06094837188720703
1242,0.3475571572780609
1243,0.255898118019104
1244,-0.053272344172000885
1245,0.43834394216537476
1246,0.18974055349826813
1247,-0.042730990797281265
1248,0.5949298143386841
1249,0.08989182114601135
1250,-0.02518395707011223
1251,0.4938815236091614
1252,0.09236971288919449
1253,-0.05546356365084648
1254,0.4753355383872986
1255,0.09125688672065735
1256,-0.054764654487371445
1257,0.4409849941730499
1258,0.363231897354126
1259,0.010256962850689888
1260,0.5800882577896118
1261,0.24280914664268494
1262,0.008259431459009647
1263,0.40945520997047424
1264,0.49807047843933105
1265,0.0838330090045929
1266,0.47578442096710205
1267,0.46153801679611206
1268,0.08589629828929901
1269,0.5066158175468445
1270,0.4365423917770386
1271,0.09026725590229034
1272,0.4599590301513672
1273,0.08665470033884048
1274,-0.05074113979935646
1275,0.4458718001842499
1276,0.0803041160106659
1277,-0.044967424124479294
1278,0.4377574622631073
1279,0.07759983092546463
1280,-0.04003668949007988
1281,0.5875570178031921
1282,0.04357388615608215
1283,-0.04856167733669281
1284,0.45281967520713806
1285,0.06231575459241867
1286,-0.05307219550013542
1287,0.47093090415000916
1288,0.057216860353946686
1289,-0.06071917712688446
1290,0.4884650707244873
1291,0.058662012219429016
1292,-0.06495480984449387
1293,0.5064030885696411
1294,0.06420823186635971
1295,-0.06480193883180618
1296,0.5179129242897034
1297,0.07085764408111572
1298,-0.06126291677355766
1299,0.6432297825813293
1300,0.012830346822738647
1301,0.019045386463403702
1302,0.508398175239563
1303,0.08990413695573807
1304,-0.054305627942085266
1305,0.42052337527275085
1306,0.289811372756958
1307,-0.02913982793688774
1308,0.3935799300670624
1309,0.24348536133766174
1310,-0.058101505041122437
1311,0.3766729533672333
1312,0.2818959951400757
1313,-0.03510880097746849
1314,0.5041778683662415
1315,0.41693127155303955
1316,0.06582368165254593
1317,0.4745105803012848
1318,0.4433913826942444
1319,0.06515362858772278
1320,0.40443360805511475
1321,0.48813146352767944
1322,0.060514334589242935
1323,0.5759390592575073
1324,0.3570622205734253
1325,0.10856140404939651
1326,0.4401065707206726
1327,0.07159215956926346
1328,-0.04506047070026398
1329,0.3853857219219208
1330,0.14144563674926758
1331,-0.06993473321199417
1332,0.4432811141014099
1333,0.4843630790710449
1334,0.08108349144458771
1335,0.6104636788368225
1336,0.24361923336982727
1337,0.056968580931425095
1338,0.3942055106163025
1339,0.3678237795829773
1340,0.0019979921635240316
1341,0.3970215618610382
1342,0.37653619050979614
1343,0.0012082394678145647
1344,0.40066489577293396
1345,0.38917678594589233
1346,0.0012612962163984776
1347,0.4043782353401184
1348,0.4025155007839203
1349,0.006374248769134283
1350,0.41557133197784424
1351,0.41339111328125
1352,0.02299126423895359
1353,0.4296831488609314
1354,0.3420037627220154
1355,-0.0009818305261433125
1356,0.4354846179485321
1357,0.34008121490478516
1358,-0.003300523152574897
1359,0.4415435194969177
1360,0.33611828088760376
1361,-0.005828153807669878
1362,0.4583851099014282
1363,0.3222769796848297
1364,-0.010406541638076305
1365,0.5440515875816345
1366,0.26141831278800964
1367,-0.012942836619913578
1368,0.39264729619026184
1369,0.11205902695655823
1370,-0.06006022170186043
1371,0.41605767607688904
1372,0.05613718926906586
1373,-0.04686437547206879
1374,0.43077778816223145
1375,0.059478819370269775
1376,-0.045695070177316666
1377,0.42640286684036255
1378,0.3380511403083801
1379,0.001958197681233287
1380,0.5501042008399963
1381,0.3170258402824402
1382,0.02724919468164444
1383,0.39185401797294617
1384,0.055486105382442474
1385,-0.06208130717277527
1386,0.4281112551689148
1387,0.4287809133529663
1388,0.036744873970746994
1389,0.3668964207172394
1390,0.12909884750843048
1391,-0.07974623888731003
1392,0.3984925448894501
1393,0.18164066970348358
1394,-0.06504639238119125
1395,0.39402252435684204
1396,0.444568932056427
1397,0.04227239266037941
1398,0.476159930229187
1399,0.3784125745296478
1400,0.026343051344156265
1401,0.4448687434196472
1402,0.24494795501232147
1403,-0.029216282069683075
1404,0.4555695950984955
1405,0.40603339672088623
1406,0.033275801688432693
1407,0.4921976625919342
1408,0.24468323588371277
1409,-0.034990932792425156
1410,0.4627111852169037
1411,0.27183082699775696
1412,-0.025274211540818214
1413,0.5105659365653992
1414,0.28338998556137085
1415,-0.017529699951410294
1416,0.39975839853286743
1417,0.4681723713874817
1418,0.047193743288517
1419,0.41464629769325256
1420,0.19364485144615173
1421,-0.05309438705444336
1422,0.49466514587402344
1423,0.39520785212516785
1424,0.04215630888938904
1425,0.4669913649559021
1426,0.42343032360076904
1427,0.04887866601347923
1428,0.49084216356277466
1429,0.34722501039505005
1430,0.011390005238354206
1431,0.5743547081947327
1432,0.2834615707397461
1433,0.027866141870617867
1434,0.5196666717529297
1435,0.3494749665260315
1436,0.02158697135746479
1437,0.5947753190994263
1438,0.29483920335769653
1439,0.06713072210550308
1440,0.4793327748775482
1441,0.30316102504730225
1442,-0.014747840352356434
1443,0.4026506543159485
1444,0.15645456314086914
1445,-0.05851485952734947
1446,0.3826814293861389
1447,0.23871803283691406
1448,-0.08058346807956696
1449,0.40195348858833313
1450,0.24157576262950897
1451,-0.06189597770571709
1452,0.368953138589859
1453,0.22286216914653778
1454,-0.09172078967094421
1455,0.4319337010383606
1456,0.03202977776527405
1457,-0.06133225932717323
1458,0.46437501907348633
1459,0.017852872610092163
1460,-0.07434400916099548
1461,0.4939405918121338
1462,0.016779273748397827
1463,-0.08037949353456497
1464,0.519453227519989
1465,0.023693591356277466
1466,-0.07967556267976761
1467,0.5386519432067871
1468,0.03688536584377289
1469,-0.07309689372777939
1470,0.5534820556640625
1471,0.08177147060632706
1472,-0.04458266496658325
1473,0.6253347992897034
1474,0.13629397749900818
1475,0.024836340919137
1476,0.5309007167816162
1477,0.1200093924999237
1478,-0.04588688164949417
1479,0.5060245394706726
1480,0.12682890892028809
1481,-0.04826296120882034
1482,0.4777243137359619
1483,0.12392285466194153
1484,-0.04688156768679619
1485,0.4534721076488495
1486,0.11495532840490341
1487,-0.0442705899477005
1488,0.43571242690086365
1489,0.10554352402687073
1490,-0.03951805457472801
1491,0.42290785908699036
1492,0.09760003536939621
1493,-0.03862427547574043
1494,0.6455191373825073
1495,0.12101191282272339
1496,0.08491214364767075
1497,0.4043642580509186
1498,0.24580144882202148
1499,-0.05213271453976631
1500,0.3780903220176697
1501,0.16696180403232574
1502,-0.07822000235319138
1503,0.3624117970466614
1504,0.2412518560886383
1505,-0.08778821676969528
1506,0.3566816449165344
1507,0.2506102919578552
1508,-0.0747135579586029
1509,0.36652636528015137
1510,0.24395982921123505
1511,-0.07931593060493469
1512,0.4013742506504059
1513,0.25168633460998535
1514,-0.04198350012302399
1515,0.35085219144821167
1516,0.2527966797351837
1517,-0.07773457467556
1518,0.3544783592224121
1519,0.2554982304573059
1520,-0.05551493540406227
1521,0.4259980022907257
1522,0.07695938646793365
1523,-0.037168972194194794
1524,0.4126501679420471
1525,0.0836273580789566
1526,-0.040943875908851624
1527,0.402048259973526
1528,0.0899352952837944
1529,-0.04851517453789711
1530,0.5250163674354553
1531,0.07520987093448639
1532,-0.056604113429784775
1533,0.538067102432251
1534,0.06004476547241211
1535,-0.05960185080766678
1536,0.7990237474441528
1537,0.513454794883728
1538,-1.1450543979663053e-06
1539,0.8396859169006348
1540,0.3648887276649475
1541,0.07296807318925858
1542,0.8704717755317688
1543,0.2571961283683777
1544,0.08765003830194473
1545,0.8846641778945923
1546,0.1668722778558731
1547,0.07972968369722366
1548,0.8749584555625916
1549,0.09645353257656097
1550,0.06850697100162506
1551,0.9398952126502991
1552,0.21002839505672455
1553,0.04456399381160736
1554,0.9231095910072327
1555,0.013151422142982483
1556,0.016470888629555702
1557,0.8433384895324707
1558,0.000554695725440979
1559,-1.9179684386472218e-05
1560,0.8033025860786438
1561,0.05056837201118469
1562,-0.006457512266933918
1563,0.9335212111473083
1564,0.21112027764320374
1565,-0.010084707289934158
1566,0.9097136855125427
1567,-0.0016459673643112183
1568,-0.02891339175403118
1569,0.8292919993400574
1570,-0.007245704531669617
1571,-0.030301719903945923
1572,0.7945603728294373
1573,0.04751907289028168
1574,-0.03180861473083496
1575,0.9036070108413696
1576,0.2201077938079834
1577,-0.06272956728935242
1578,0.8858915567398071
1579,0.010040760040283203
1580,-0.07733506709337234
1581,0.8045415282249451
1582,0.013513609766960144
1583,-0.06518281996250153
1584,0.7677008509635925
1585,0.06909681856632233
1586,-0.058470193296670914
1587,0.8538318276405334
1588,0.23327240347862244
1589,-0.11005492508411407
1590,0.8372364044189453
1591,0.05560663342475891
1592,-0.12154977768659592
1593,0.7839048504829407
1594,0.05779846012592316
1595,-0.10879534482955933
1596,0.7527372241020203
1597,0.11176859587430954
1598,-0.09934838116168976
1599,0.0
1600,0.0
1601,0.0
1602,0.0
1603,0.0
1604,0.0
1605,0.0
1606,0.0
1607,0.0
1608,0.0
1609,0.0
1610,0.0
1611,0.0
1612,0.0
1613,0.0
1614,0.0
1615,0.0
1616,0.0
1617,0.0
1618,0.0
1619,0.0
1620,0.0
1621,0.0
1622,0.0
1623,0.0
1624,0.0
1625,0.0
1626,0.0
1627,0.0
1628,0.0
1629,0.0
1630,0.0
1631,0.0
1632,0.0
1633,0.0
1634,0.0
1635,0.0
1636,0.0
1637,0.0
1638,0.0
1639,0.0
1640,0.0
1641,0.0
1642,0.0
1643,0.0
1644,0.0
1645,0.0
1646,0.0
1647,0.0
1648,0.0
1649,0.0
1650,0.0
1651,0.0
1652,0.0
1653,0.0
1654,0.0
1655,0.0
1656,0.0
1657,0.0
1658,0.0
1659,0.0
1660,0.0
1661,0.0
