,0
0,0.45163804292678833
1,0.33578357100486755
2,-1.0563708543777466
3,0.9999842643737793
4,0.47901660203933716
5,0.28349316120147705
6,-0.9775389432907104
7,0.9999697208404541
8,0.4953344762325287
9,0.28523656725883484
10,-0.9776268005371094
11,0.9999644160270691
12,0.5082994699478149
13,0.28672540187835693
14,-0.97791588306427
15,0.9999670386314392
16,0.4243454933166504
17,0.2830527722835541
18,-0.9919953346252441
19,0.9999685287475586
20,0.4064258933067322
21,0.28370970487594604
22,-0.9912562370300293
23,0.9999663829803467
24,0.3905079960823059
25,0.28489163517951965
26,-0.9914660453796387
27,0.9999697804450989
28,0.5299218893051147
29,0.3218429684638977
30,-0.5025001764297485
31,0.9999626874923706
32,0.3676629066467285
33,0.3181327283382416
34,-0.5487793684005737
35,0.9999688267707825
36,0.48631906509399414
37,0.40769246220588684
38,-0.8814868927001953
39,0.9999836683273315
40,0.4160700738430023
41,0.40488338470458984
42,-0.894919753074646
43,0.999981701374054
44,0.6768790483474731
45,0.6825820803642273
46,-0.23886223137378693
47,0.9997104406356812
48,0.22158345580101013
49,0.7133488059043884
50,-0.3922092616558075
51,0.9995262026786804
52,0.7739192247390747
53,1.016789436340332
54,-0.19445864856243134
55,0.41067323088645935
56,0.15684285759925842
57,1.0359759330749512
58,-0.4274337887763977
59,0.6132404804229736
60,0.8010857701301575
61,1.4442273378372192
62,-0.5763185620307922
63,0.12552857398986816
64,0.18043658137321472
65,1.430078148841858
66,-1.0380734205245972
67,0.45279785990715027
68,0.8292282819747925
69,1.5748094320297241
70,-0.7043119668960571
71,0.1429305374622345
72,0.15974240005016327
73,1.5320701599121094
74,-1.2008202075958252
75,0.43321365118026733
76,0.7807928323745728
77,1.5877565145492554
78,-0.8092420697212219
79,0.2155040204524994
80,0.2008909434080124
81,1.5332324504852295
82,-1.3049595355987549
83,0.4730646312236786
84,0.7634633779525757
85,1.5373272895812988
86,-0.6433460712432861
87,0.20759034156799316
88,0.21524479985237122
89,1.4893124103546143
90,-1.1019872426986694
91,0.4588293433189392
92,0.6195857524871826
93,1.5066261291503906
94,-0.06003197282552719
95,0.0012855470413342118
96,0.3289663791656494
97,1.5191506147384644
98,0.0656416192650795
99,0.0011932258494198322
100,0.6088716983795166
101,2.168137788772583
102,-0.08015903830528259
103,0.0006391184288077056
104,0.3325894773006439
105,2.19112229347229
106,0.10993301868438721
107,0.0002185125049436465
108,0.6043704748153687
109,2.7683024406433105
110,0.5804978013038635
111,8.465278369840235e-05
112,0.34081727266311646
113,2.791595458984375
114,0.5409056544303894
115,1.0457717507961206e-05
116,0.6109054088592529
117,2.8673012256622314
118,0.6068297028541565
119,5.768409027950838e-05
120,0.3386395275592804
121,2.8943049907684326
122,0.5582836270332336
123,2.781654075079132e-05
124,0.5611091256141663
125,2.9498291015625
126,-0.037447284907102585
127,6.307319563347846e-05
128,0.37583044171333313
129,2.965855121612549
130,-0.1343895047903061
131,4.0536575397709385e-05
132,0.4502471089363098
133,0.4062305986881256
134,-0.022766651585698128
135,0.44866520166397095
136,0.36615076661109924
137,-0.04532528668642044
138,0.4493754804134369
139,0.3781611919403076
140,-0.023406444117426872
141,0.4412515461444855
142,0.3277360200881958
143,-0.03484739735722542
144,0.4484497606754303
145,0.3540138304233551
146,-0.04845232143998146
147,0.44836848974227905
148,0.33838802576065063
149,-0.045469775795936584
150,0.44829800724983215
151,0.30168041586875916
152,-0.024009428918361664
153,0.3899197578430176
154,0.30049628019332886
155,0.010586325079202652
156,0.44820672273635864
157,0.2770439684391022
158,-0.019356412813067436
159,0.448138952255249
160,0.26202893257141113
161,-0.021685639396309853
162,0.44745349884033203
163,0.20150524377822876
164,-0.013656791299581528
165,0.45042556524276733
166,0.4122803211212158
167,-0.021477138623595238
168,0.4505656361579895
169,0.4166829288005829
170,-0.018524369224905968
171,0.45070281624794006
172,0.4181676506996155
173,-0.01464676670730114
174,0.45087525248527527
175,0.4211956560611725
176,-0.013982591219246387
177,0.45097795128822327
178,0.42625105381011963
179,-0.015308390371501446
180,0.45109042525291443
181,0.4327009320259094
182,-0.017038417980074883
183,0.45122599601745605
184,0.4398157298564911
185,-0.01582098938524723
186,0.4513985514640808
187,0.45152196288108826
188,-0.007496760692447424
189,0.44885170459747314
190,0.3721879720687866
191,-0.04088827595114708
192,0.44089287519454956
193,0.37133803963661194
194,-0.029097504913806915
195,0.36385542154312134
196,0.25894179940223694
197,0.04871438071131706
198,0.4133833348751068
199,0.309648334980011
200,0.00209834729321301
201,0.4054776430130005
202,0.31080782413482666
203,0.002649797359481454
204,0.3977901041507721
205,0.31065237522125244
206,0.004971612244844437
207,0.3872128129005432
208,0.30489975214004517
209,0.011932367458939552
210,0.41994887590408325
211,0.3066212236881256
212,0.0026710631791502237
213,0.40216320753097534
214,0.2844347655773163
215,-0.0018297111382707953
216,0.4107171297073364
217,0.2848087549209595
218,-0.0018379057291895151
219,0.39426711201667786
220,0.2859936058521271
221,0.0009435277315787971
222,0.3890322744846344
223,0.28937408328056335
224,0.0044980645179748535
225,0.38148587942123413
226,0.312616229057312
227,0.01633552834391594
228,0.4207681119441986
229,0.46987736225128174
230,0.004240513779222965
231,0.3870292901992798
232,0.2979794442653656
233,0.013220482505857944
234,0.36074119806289673
235,0.30851101875305176
236,0.05376013368368149
237,0.37295064330101013
238,0.30589884519577026
239,0.024541418999433517
240,0.40771815180778503
241,0.357105553150177
242,-0.004698987118899822
243,0.43951454758644104
244,0.4042302370071411
245,-0.021618785336613655
246,0.4413563907146454
247,0.41645461320877075
248,-0.017092226073145866
249,0.4288185238838196
250,0.40763992071151733
251,-0.016286974772810936
252,0.42224884033203125
253,0.41219091415405273
254,-0.009459230117499828
255,0.43351078033447266
256,0.4168255925178528
257,-0.013406778685748577
258,0.42753541469573975
259,0.41778451204299927
260,-0.007189739961177111
261,0.4130869507789612
262,0.43016818165779114
263,0.004634007345885038
264,0.44159695506095886
265,0.36586788296699524
266,-0.04458606615662575
267,0.4402887523174286
268,0.3543080985546112
269,-0.04746442288160324
270,0.3768685758113861
271,0.2787192463874817
272,0.006129963789135218
273,0.42366519570350647
274,0.3279115557670593
275,-0.007148683536797762
276,0.42130228877067566
277,0.3625338673591614
278,-0.023389795795083046
279,0.4207325279712677
280,0.3564405143260956
281,-0.02080266922712326
282,0.3843579888343811
283,0.3564819395542145
284,0.006341472268104553
285,0.44067850708961487
286,0.339793860912323
287,-0.04272137209773064
288,0.3957490622997284
289,0.2675670385360718
290,-0.009285339154303074
291,0.3843635320663452
292,0.2710871398448944
293,-0.0025569661520421505
294,0.37035971879959106
295,0.2381308376789093
296,0.031371619552373886
297,0.43133118748664856
298,0.27577874064445496
299,-0.01656053401529789
300,0.4182473421096802
301,0.2875343859195709
302,0.0008173006353899837
303,0.4064892530441284
304,0.41879862546920776
305,0.006398542318493128
306,0.3713493347167969
307,0.41455328464508057
308,0.07981380075216293
309,0.4275662899017334
310,0.3688358664512634
311,-0.019823340699076653
312,0.4350525438785553
313,0.37274980545043945
314,-0.0209300946444273
315,0.4149586260318756
316,0.4191227853298187
317,0.005653693340718746
318,0.4187985360622406
319,0.4185233414173126
320,0.00323550496250391
321,0.38009393215179443
322,0.2633996307849884
323,0.001498372876085341
324,0.4211065471172333
325,0.3676101863384247
326,-0.018491752445697784
327,0.41117849946022034
328,0.26842737197875977
329,-0.014141475781798363
330,0.4096066355705261
331,0.25856813788414
332,-0.016235729679465294
333,0.40079107880592346
334,0.20917721092700958
335,-0.0021592851262539625
336,0.37550002336502075
337,0.249866783618927
338,0.014332610182464123
339,0.4061225652694702
340,0.23227030038833618
341,-0.009671035222709179
342,0.3724585175514221
343,0.27360203862190247
344,0.013317610137164593
345,0.36817431449890137
346,0.26651570200920105
347,0.03002292476594448
348,0.4403526782989502
349,0.41142383217811584
350,-0.020327448844909668
351,0.43148112297058105
352,0.41328099370002747
353,-0.015212968923151493
354,0.42496058344841003
355,0.41520971059799194
356,-0.00901049841195345
357,0.4298872649669647
358,0.37099432945251465
359,-0.018338702619075775
360,0.41691118478775024
361,0.41897034645080566
362,0.0043479749001562595
363,0.42074641585350037
364,0.4214368760585785
365,-0.0009858079720288515
366,0.419786661863327
367,0.417874276638031
368,0.0029107031878083944
369,0.43210285902023315
370,0.3650757372379303
371,-0.03203289955854416
372,0.4292509853839874
373,0.41703441739082336
374,-0.00583330262452364
375,0.43534883856773376
376,0.4172687530517578
377,-0.010025142692029476
378,0.44254347681999207
379,0.41781365871429443
380,-0.0134408725425601
381,0.44022107124328613
382,0.45106279850006104
383,-0.006816517096012831
384,0.4407024383544922
385,0.4389030635356903
386,-0.014974444173276424
387,0.44110262393951416
388,0.43157142400741577
389,-0.016015244647860527
390,0.44163087010383606
391,0.4250350296497345
392,-0.014102249406278133
393,0.44234001636505127
394,0.4208585023880005
395,-0.01272725872695446
396,0.4284627437591553
397,0.41957804560661316
398,-0.005196160636842251
399,0.4272199869155884
400,0.4211605191230774
401,-0.006612927187234163
402,0.4254053831100464
403,0.42452549934387207
404,-0.00765821011736989
405,0.42385581135749817
406,0.4287206828594208
407,-0.005943892989307642
408,0.4148745536804199
409,0.3987037241458893
410,-0.007135069463402033
411,0.3623373210430145
412,0.35890665650367737
413,0.0904121994972229
414,0.4490642249584198
415,0.37447023391723633
416,-0.029431037604808807
417,0.4244735538959503
418,0.4192042052745819
419,-0.0003679542278405279
420,0.4227505624294281
421,0.41984742879867554
422,-0.001177950412966311
423,0.43818408250808716
424,0.3781084716320038
425,-0.02112998627126217
426,0.42445987462997437
427,0.37473759055137634
428,-0.012233361601829529
429,0.43666982650756836
430,0.3755434453487396
431,-0.021285178139805794
432,0.415250301361084
433,0.3347189426422119
434,-0.003777929116040468
435,0.4025113582611084
436,0.34270381927490234
437,-0.001014236593618989
438,0.4195423722267151
439,0.3615877628326416
440,-0.01582976244390011
441,0.3819739520549774
442,0.22117853164672852
443,0.013422148302197456
444,0.3875475525856018
445,0.23805184662342072
446,0.0015691615408286452
447,0.39289799332618713
448,0.2578851878643036
449,-0.00785023346543312
450,0.42028558254241943
451,0.43809735774993896
452,0.0002864598063752055
453,0.4285825490951538
454,0.26059791445732117
455,-0.02056162618100643
456,0.42551568150520325
457,0.23046711087226868
458,-0.016195174306631088
459,0.4219267964363098
460,0.20320920646190643
461,-0.01115831546485424
462,0.3910900354385376
463,0.30885422229766846
464,0.008621739223599434
465,0.37358221411705017
466,0.32103386521339417
467,0.0214435663074255
468,0.42411649227142334
469,0.30356934666633606
470,0.003739461535587907
471,0.3805554211139679
472,0.29230162501335144
473,0.011843813583254814
474,0.42946699261665344
475,0.32035720348358154
476,-0.010565501637756824
477,0.42652180790901184
478,0.3582649827003479
479,-0.0319419726729393
480,0.3658955991268158
481,0.32917043566703796
482,0.031058184802532196
483,0.37877941131591797
484,0.3286748230457306
485,0.014155899174511433
486,0.3888937830924988
487,0.33258479833602905
488,0.006455972325056791
489,0.40397360920906067
490,0.33032646775245667
491,0.002182629657909274
492,0.41502875089645386
493,0.3252547085285187
494,2.001918801397551e-05
495,0.4233925938606262
496,0.3196175992488861
497,-0.0025711730122566223
498,0.4403271973133087
499,0.3049103617668152
500,-0.020483044907450676
501,0.3670596182346344
502,0.3529040813446045
503,0.029505284503102303
504,0.37437036633491516
505,0.29110074043273926
506,0.015720926225185394
507,0.44459986686706543
508,0.37177637219429016
509,-0.04031478986144066
510,0.4240586459636688
511,0.33903253078460693
512,-0.01029901672154665
513,0.35992807149887085
514,0.30809080600738525
515,0.08194456249475479
516,0.42958807945251465
517,0.3132803440093994
518,-0.004225338809192181
519,0.419002890586853
520,0.3623669743537903
521,-0.007093943189829588
522,0.3846425414085388
523,0.2990950345993042
524,0.014798122458159924
525,0.42607200145721436
526,0.35085079073905945
527,-0.028799062594771385
528,0.3653995990753174
529,0.3861093819141388
530,0.08741331100463867
531,0.42393502593040466
532,0.29927894473075867
533,0.005819229409098625
534,0.4332963824272156
535,0.3441559076309204
536,-0.03737443685531616
537,0.3870399594306946
538,0.44187188148498535
539,0.03600750491023064
540,0.388685405254364
541,0.45468300580978394
542,0.051169853657484055
543,0.36118125915527344
544,0.3565167188644409
545,0.05977381765842438
546,0.3772287964820862
547,0.4260593354701996
548,0.04607338085770607
549,0.3643069565296173
550,0.28569507598876953
551,0.04420221596956253
552,0.41956156492233276
553,0.4818601608276367
554,0.009390576742589474
555,0.44564664363861084
556,0.3740680515766144
557,-0.02887932024896145
558,0.4169565737247467
559,0.34771671891212463
560,-0.006757525261491537
561,0.366886168718338
562,0.3082730770111084
563,0.03310088440775871
564,0.39802661538124084
565,0.30350151658058167
566,0.005661046598106623
567,0.40510353446006775
568,0.3041669428348541
569,0.003571931505575776
570,0.4186694622039795
571,0.4237470030784607
572,0.0006133092101663351
573,0.36898547410964966
574,0.37607115507125854
575,0.03314242139458656
576,0.4347734749317169
577,0.4978509545326233
578,0.011737098917365074
579,0.4106128215789795
580,0.48157811164855957
581,0.02879749983549118
582,0.4004347622394562
583,0.4704850912094116
584,0.03866047039628029
585,0.44783028960227966
586,0.23034682869911194
587,-0.018157752230763435
588,0.4518289566040039
589,0.4999629259109497
590,0.009180326014757156
591,0.4118666648864746
592,0.30330026149749756
593,0.003080557333305478
594,0.41807499527931213
595,0.3014659583568573
596,0.004107250366359949
597,0.42201757431030273
598,0.3003308176994324
599,0.0057542091235518456
600,0.3692973256111145
601,0.2889600396156311
602,0.02418277971446514
603,0.4170467257499695
604,0.29257580637931824
605,0.0026653518434613943
606,0.4101429283618927
607,0.29023030400276184
608,0.0010315821273252368
609,0.4031899571418762
610,0.2897847294807434
611,0.0014684288762509823
612,0.39610645174980164
613,0.2915165424346924
614,0.003617568640038371
615,0.39163970947265625
616,0.2943073809146881
617,0.006529728416353464
618,0.36069566011428833
619,0.28082752227783203
620,0.06711498647928238
621,0.39320656657218933
622,0.3020479679107666
623,0.008292672224342823
624,0.4497050940990448
625,0.3871311545372009
626,-0.02121872641146183
627,0.42166852951049805
628,0.39167726039886475
629,-0.01223143469542265
630,0.4273315966129303
631,0.36700376868247986
632,-0.0233027134090662
633,0.4378443658351898
634,0.38812339305877686
635,-0.020430034026503563
636,0.4482511281967163
637,0.28894856572151184
638,-0.018293745815753937
639,0.39779722690582275
640,0.45752209424972534
641,0.027764474973082542
642,0.40817496180534363
643,0.4698030948638916
644,0.019099783152341843
645,0.4340306520462036
646,0.4901500344276428
647,0.0009668895509094
648,0.379447340965271
649,0.43741410970687866
650,0.06637013703584671
651,0.4217936396598816
652,0.2964229881763458
653,0.004474728833884001
654,0.43488481640815735
655,0.32308465242385864
656,-0.022283755242824554
657,0.45178598165512085
658,0.4921737313270569
659,-0.0012253946624696255
660,0.4217108190059662
661,0.49118876457214355
662,0.018489278852939606
663,0.3642090857028961
664,0.38165342807769775
665,0.0595131516456604
666,0.43479371070861816
667,0.4200926423072815
668,-0.009330554865300655
669,0.43353742361068726
670,0.4231823980808258
671,-0.010858595371246338
672,0.4323066771030426
673,0.42823922634124756
674,-0.012122148647904396
675,0.4313712418079376
676,0.4348045289516449
677,-0.01076708547770977
678,0.4290848970413208
679,0.4455721378326416
680,-0.004233815241605043
681,0.4222416281700134
682,0.41813167929649353
683,-0.0016476237215101719
684,0.41969558596611023
685,0.4172460436820984
686,-0.0016652490012347698
687,0.4172312319278717
688,0.41552332043647766
689,-0.0018113992409780622
690,0.4091491103172302
691,0.40793678164482117
692,-0.00040537313907407224
693,0.37889769673347473
694,0.3817055821418762
695,0.016163555905222893
696,0.43501710891723633
697,0.3119032084941864
698,-0.014897305518388748
699,0.43057751655578613
700,0.2921006977558136
701,-0.0006472261738963425
702,0.4253290593624115
703,0.29389306902885437
704,0.0025925019290298223
705,0.4241591989994049
706,0.4166821837425232
707,-0.0008137912955135107
708,0.3792553246021271
709,0.40961605310440063
710,0.02973952144384384
711,0.4377213716506958
712,0.291299432516098
713,-0.012019176036119461
714,0.42462119460105896
715,0.4575050473213196
716,0.0005412791506387293
717,0.4483497142791748
718,0.32575637102127075
719,-0.03789018094539642
720,0.44065725803375244
721,0.31687214970588684
722,-0.028507309034466743
723,0.4483632445335388
724,0.31409820914268494
725,-0.030639523640275
726,0.4288003742694855
727,0.3411453068256378
728,-0.021515686064958572
729,0.4517125189304352
730,0.4801381826400757
731,-0.00637099938467145
732,0.4515436589717865
733,0.4650193452835083
734,-0.0068409559316933155
735,0.43761542439460754
736,0.464120090007782
737,-0.004864898975938559
738,0.40582942962646484
739,0.4351240396499634
740,0.009561263024806976
741,0.41304686665534973
742,0.3719913959503174
743,-0.0047498601488769054
744,0.4144870638847351
745,0.44794347882270813
746,0.005547844339162111
747,0.3955037593841553
748,0.3710578978061676
749,-0.0006739951786585152
750,0.4063711166381836
751,0.38392630219459534
752,-0.002551562851294875
753,0.38931530714035034
754,0.3899647891521454
755,0.0069425650872290134
756,0.43498578667640686
757,0.47847414016723633
758,-0.0038455750327557325
759,0.42368096113204956
760,0.34769245982170105
761,-0.015107914805412292
762,0.39947760105133057
763,0.4443973898887634
764,0.017797518521547318
765,0.41010862588882446
766,0.45794975757598877
767,0.01219730544835329
768,0.3988587558269501
769,0.4203924238681793
770,0.010234626941382885
771,0.37177905440330505
772,0.3956843614578247
773,0.03681270033121109
774,0.38935983180999756
775,0.4223015010356903
776,0.018805788829922676
777,0.3689461052417755
778,0.40479159355163574
779,0.056602541357278824
780,0.4006510078907013
781,0.3992515504360199
782,0.002058908808976412
783,0.4295714497566223
784,0.3309319019317627
785,-0.01583566702902317
786,0.42931973934173584
787,0.36325976252555847
788,-0.03379422426223755
789,0.42384785413742065
790,0.3661745488643646
791,-0.024316564202308655
792,0.43300917744636536
793,0.35575294494628906
794,-0.04014912620186806
795,0.424259752035141
796,0.28428909182548523
797,-0.0035248787607997656
798,0.4112113416194916
799,0.2793413996696472
800,-0.0054226228967309
801,0.39974090456962585
802,0.2783051133155823
803,-0.004913048353046179
804,0.39017945528030396
805,0.2798479199409485
806,-0.0012433730298653245
807,0.3836529850959778
808,0.28428950905799866
809,0.004247567616403103
810,0.3796657919883728
811,0.3024023771286011
812,0.01826443523168564
813,0.359790563583374
814,0.3322645127773285
815,0.05729201063513756
816,0.38572192192077637
817,0.31727293133735657
818,0.012250899337232113
819,0.3939794600009918
820,0.3202531039714813
821,0.00706277834251523
822,0.40449845790863037
823,0.31986889243125916
824,0.003476957092061639
825,0.41445058584213257
826,0.3168966472148895
827,0.0019379674922674894
828,0.42219915986061096
829,0.312865287065506
830,0.0012086902279406786
831,0.427548885345459
832,0.30889636278152466
833,0.0006080209277570248
834,0.36106592416763306
835,0.3334413766860962
836,0.0890147015452385
837,0.4242381453514099
838,0.36926794052124023
839,-0.02001720294356346
840,0.4347081780433655
841,0.3333210349082947
842,-0.028587706387043
843,0.43549272418022156
844,0.3640066385269165
845,-0.04045316204428673
846,0.4404258131980896
847,0.3697093427181244
848,-0.03691337630152702
849,0.4355427026748657
850,0.36574527621269226
851,-0.0362539142370224
852,0.4268549680709839
853,0.3728160262107849
854,-0.017039397731423378
855,0.44198381900787354
856,0.37087711691856384
857,-0.03915751725435257
858,0.4428498446941376
859,0.37320661544799805
860,-0.028976591303944588
861,0.4268287420272827
862,0.300152063369751
863,0.00448205228894949
864,0.4317373037338257
865,0.3027039170265198
866,-0.0008191533270291984
867,0.43431442975997925
868,0.30445581674575806
869,-0.007022665347903967
870,0.3890494704246521
871,0.2963094711303711
872,0.009460306726396084
873,0.3849983513355255
874,0.2931762933731079
875,0.009682554751634598
876,0.4556873142719269
877,0.32754582166671753
878,-0.03494204580783844
879,0.5085803270339966
880,0.29976582527160645
881,0.01004222221672535
882,0.4570942521095276
883,0.37116992473602295
884,-0.02916397899389267
885,0.5341703295707703
886,0.2562335133552551
887,0.04783539101481438
888,0.48467957973480225
889,0.3093279302120209
890,0.0016568572027608752
891,0.49285888671875
892,0.3103019893169403
893,0.0022119039203971624
894,0.5007038712501526
895,0.3098139762878418
896,0.004384665749967098
897,0.5113891959190369
898,0.3039070963859558
899,0.011373375542461872
900,0.47778522968292236
901,0.3064342737197876
902,0.0023768492974340916
903,0.49547821283340454
904,0.28351232409477234
905,-0.0023083945270627737
906,0.48674169182777405
907,0.28406813740730286
908,-0.0022784811444580555
909,0.5036212205886841
910,0.28486621379852295
911,0.00042498460970818996
912,0.5091245174407959
913,0.2881847321987152
914,0.003929418511688709
915,0.5172953009605408
916,0.3109762370586395
917,0.01568523794412613
918,0.482671320438385
919,0.46903032064437866
920,0.0038289595395326614
921,0.5114423632621765
922,0.29719066619873047
923,0.012622439302504063
924,0.5384997129440308
925,0.30574414134025574
926,0.05295007675886154
927,0.5258212089538574
928,0.3037389814853668
929,0.023861756548285484
930,0.4915103316307068
931,0.3557901680469513
932,-0.005212601274251938
933,0.46110010147094727
934,0.4038276672363281
935,-0.021748442202806473
936,0.4601001441478729
937,0.416024386882782
938,-0.01730576530098915
939,0.4724529981613159
940,0.4067800045013428
941,-0.016573185101151466
942,0.47968292236328125
943,0.4108613133430481
944,-0.009913697838783264
945,0.4682995676994324
946,0.4160699248313904
947,-0.013805176131427288
948,0.4746178686618805
949,0.41655999422073364
950,-0.007664891891181469
951,0.48976945877075195
952,0.42835506796836853
953,0.00390240247361362
954,0.45581403374671936
955,0.36561810970306396
956,-0.0446309968829155
957,0.4567771255970001
958,0.3540794551372528
959,-0.047506183385849
960,0.5212047696113586
961,0.27652356028556824
962,0.005541969556361437
963,0.47434115409851074
964,0.32732608914375305
965,-0.0074034882709383965
966,0.47674447298049927
967,0.36176273226737976
968,-0.023549096658825874
969,0.4772965908050537
970,0.3556254804134369
971,-0.021059200167655945
972,0.5154635310173035
973,0.3543746769428253
974,0.00562714971601963
975,0.45622244477272034
976,0.33957722783088684
977,-0.042790357023477554
978,0.5016443729400635
979,0.2660026550292969
980,-0.009754200465977192
981,0.513312041759491
982,0.2691367268562317
983,-0.0031835061963647604
984,0.5270249247550964
985,0.23562240600585938
986,0.03054901212453842
987,0.46549007296562195
988,0.2752862572669983
989,-0.016661658883094788
990,0.47921133041381836
991,0.28705883026123047
992,0.0004543183313217014
993,0.4960763454437256
994,0.4167975187301636
995,0.005613340996205807
996,0.5307666659355164
997,0.4124680161476135
998,0.07906343042850494
999,0.4706682562828064
1000,0.3682677149772644
1001,-0.020197516307234764
1002,0.4633845388889313
1003,0.37232449650764465
1004,-0.021084630861878395
1005,0.48774057626724243
1006,0.4171239733695984
1007,0.004978129640221596
1008,0.4838066101074219
1009,0.4166065454483032
1010,0.002650634618476033
1011,0.5174928903579712
1012,0.2612361013889313
1013,0.000871713855303824
1014,0.47728610038757324
1015,0.3667371869087219
1016,-0.018768927082419395
1017,0.4859200119972229
1018,0.26736190915107727
1019,-0.014462810009717941
1020,0.4873402714729309
1021,0.25732704997062683
1022,-0.016553480178117752
1023,0.4949898421764374
1024,0.207633376121521
1025,-0.0026106892619282007
1026,0.5219157934188843
1027,0.24755123257637024
1028,0.013704020529985428
1029,0.49023643136024475
1030,0.23096749186515808
1031,-0.010049968026578426
1032,0.5256054401397705
1033,0.2710924744606018
1034,0.012628357857465744
1035,0.5298487544059753
1036,0.2640075087547302
1037,0.029260193929076195
1038,0.46080154180526733
1039,0.41102930903434753
1040,-0.020495085045695305
1041,0.4701923727989197
1042,0.41248586773872375
1043,-0.015570112504065037
1044,0.4771513044834137
1045,0.4139358103275299
1046,-0.009457001462578773
1047,0.4685177505016327
1048,0.37048035860061646
1049,-0.01851547695696354
1050,0.4857364892959595
1051,0.41694509983062744
1052,0.0036635538563132286
1053,0.48198336362838745
1054,0.41968071460723877
1055,-0.0015407882165163755
1056,0.48271286487579346
1057,0.4161284267902374
1058,0.0023042848333716393
1059,0.4655674993991852
1060,0.3647559881210327
1061,-0.032218631356954575
1062,0.4729299545288086
1063,0.41578617691993713
1064,-0.006227520294487476
1065,0.46658629179000854
1066,0.41653671860694885
1067,-0.010397877544164658
1068,0.45914313197135925
1069,0.41740134358406067
1070,-0.013626889325678349
1071,0.4627689719200134
1072,0.4506019055843353
1073,-0.007031693588942289
1074,0.4620172381401062
1075,0.438387006521225
1076,-0.015215989202260971
1077,0.46133747696876526
1078,0.43106985092163086
1079,-0.016254261136054993
1080,0.46051985025405884
1081,0.4246366620063782
1082,-0.014269829727709293
1083,0.45976313948631287
1084,0.42048510909080505
1085,-0.012898232787847519
1086,0.47405558824539185
1087,0.41834479570388794
1088,-0.005605672020465136
1089,0.4753585457801819
1090,0.4197659492492676
1091,-0.0070479866117239
1092,0.47726982831954956
1093,0.42304643988609314
1094,-0.008021517656743526
1095,0.4789391756057739
1096,0.4271552264690399
1097,-0.006343259941786528
1098,0.48616254329681396
1099,0.3973544239997864
1100,-0.007581956684589386
1101,0.5384721755981445
1102,0.3562310039997101
1103,0.08940481394529343
1104,0.4780946373939514
1105,0.41768544912338257
1106,-0.0008757547475397587
1107,0.47988399863243103
1108,0.41822871565818787
1109,-0.00176212505903095
1110,0.46055468916893005
1111,0.37769201397895813
1112,-0.021260524168610573
1113,0.4744173288345337
1114,0.37390488386154175
1115,-0.012417825870215893
1116,0.4618892967700958
1117,0.3751121163368225
1118,-0.021434295922517776
1119,0.4831445813179016
1120,0.33385413885116577
1121,-0.004186993930488825
1122,0.49648749828338623
1123,0.34133070707321167
1124,-0.0015380459371954203
1125,0.47882136702537537
1126,0.3606628477573395
1127,-0.016110312193632126
1128,0.514626145362854
1129,0.2189934104681015
1130,0.012625402770936489
1131,0.5093561410903931
1132,0.23603811860084534
1133,0.0009690657607279718
1134,0.5042496919631958
1135,0.25613629817962646
1136,-0.008345789276063442
1137,0.4827370345592499
1138,0.43672624230384827
1139,-0.000288347335299477
1140,0.4681154787540436
1141,0.25989192724227905
1142,-0.020694401115179062
1143,0.47046980261802673
1144,0.2297799289226532
1145,-0.01633904129266739
1146,0.4732733368873596
1147,0.2023240029811859
1148,-0.0114543242380023
1149,0.5075373649597168
1150,0.3078828454017639
1151,0.007990802638232708
1152,0.5255153179168701
1153,0.3188536763191223
1154,0.020770365372300148
1155,0.47351107001304626
1156,0.30353909730911255
1157,0.0034574195742607117
1158,0.5178638100624084
1159,0.29063522815704346
1160,0.011279113590717316
1161,0.4682604968547821
1162,0.31992074847221375
1163,-0.010821418836712837
1164,0.47110193967819214
1165,0.357763409614563
1166,-0.03210659697651863
1167,0.5334535837173462
1168,0.3266126215457916
1169,0.03030453436076641
1170,0.5202666521072388
1171,0.3266330063343048
1172,0.013492802157998085
1173,0.510093092918396
1174,0.3307276964187622
1175,0.0057899742387235165
1176,0.4947179853916168
1177,0.3290916085243225
1178,0.0016725639579817653
1179,0.48323550820350647
1180,0.3244655728340149
1181,-0.0002792316081468016
1182,0.4745715260505676
1183,0.319179505109787
1184,-0.0029043357353657484
1185,0.45662689208984375
1186,0.30473437905311584
1187,-0.020597511902451515
1188,0.5327600836753845
1189,0.35036903619766235
1190,0.02877196855843067
1191,0.524066150188446
1192,0.2889654338359833
1193,0.015066403895616531
1194,0.4532043933868408
1195,0.37162455916404724
1196,-0.04036412015557289
1197,0.474018394947052
1198,0.3384455442428589
1199,-0.01049716118723154
1200,0.5395808219909668
1201,0.30525219440460205
1202,0.08095203340053558
1203,0.46808353066444397
1204,0.31301364302635193
1205,-0.004410501103848219
1206,0.4795379340648651
1207,0.3613956868648529
1208,-0.007254145573824644
1209,0.5138876438140869
1210,0.2980039119720459
1211,0.01422044262290001
1212,0.47152426838874817
1213,0.35028740763664246
1214,-0.029002010822296143
1215,0.5360561013221741
1216,0.3837037980556488
1217,0.08656208962202072
1218,0.47370919585227966
1219,0.2993289828300476
1220,0.00558068323880434
1221,0.46393853425979614
1222,0.34370726346969604
1223,-0.03757031634449959
1224,0.5158774852752686
1225,0.4403614103794098
1226,0.035227205604314804
1227,0.514577329158783
1228,0.45334509015083313
1229,0.0505257323384285
1230,0.5390351414680481
1231,0.3537463843822479
1232,0.05894024297595024
1233,0.5251158475875854
1234,0.4243192672729492
1235,0.045383188873529434
1236,0.534224271774292
1237,0.2830558717250824
1238,0.04340766370296478
1239,0.4841652512550354
1240,0.4810389280319214
1241,0.009084747172892094
1242,0.4524979293346405
1243,0.3739672005176544
1244,-0.028921324759721756
1245,0.48160699009895325
1246,0.34673163294792175
1247,-0.0070929452776908875
1248,0.532097578048706
1249,0.30582356452941895
1250,0.03241316229104996
1251,0.5002833008766174
1252,0.3030078411102295
1253,0.005182704888284206
1254,0.49304360151290894
1255,0.3038511872291565
1256,0.003110323566943407
1257,0.4840792417526245
1258,0.4218967854976654
1259,-7.013532467681216e-06
1260,0.5315492153167725
1261,0.3735843300819397
1262,0.03228379786014557
1263,0.4689861536026001
1264,0.4974873960018158
1265,0.011520321480929852
1266,0.4931166172027588
1267,0.4806968569755554
1268,0.028359409421682358
1269,0.5031585693359375
1270,0.46946418285369873
1271,0.038183849304914474
1272,0.48610880970954895
1273,0.30313920974731445
1274,0.0026732224505394697
1275,0.47965967655181885
1276,0.30128881335258484
1277,0.003771730698645115
1278,0.47566118836402893
1279,0.30033227801322937
1280,0.00542463269084692
1281,0.5291935801506042
1282,0.28641146421432495
1283,0.023472197353839874
1284,0.4806019067764282
1285,0.2923578917980194
1286,0.0021856219973415136
1287,0.4875572621822357
1288,0.2898241877555847
1289,0.0005307798855938017
1290,0.49463605880737305
1291,0.2892109751701355
1292,0.0009399287519045174
1293,0.5018907785415649
1294,0.2908048629760742
1295,0.003014868125319481
1296,0.5065279006958008
1297,0.2934456169605255
1298,0.005983550101518631
1299,0.5379723906517029
1300,0.2780478596687317
1301,0.06620172411203384
1302,0.50518798828125
1303,0.30146944522857666
1304,0.007790382020175457
1305,0.47849535942077637
1306,0.3906232714653015
1307,-0.012622782960534096
1308,0.4707023501396179
1309,0.36649125814437866
1310,-0.02344123087823391
1311,0.4618166983127594
1312,0.38769498467445374
1313,-0.020605705678462982
1314,0.5055629014968872
1315,0.45623573660850525
1316,0.027169646695256233
1317,0.4953311085700989
1318,0.46876487135887146
1319,0.018645985051989555
1320,0.46965548396110535
1321,0.48971325159072876
1322,0.0007445664377883077
1323,0.5232443809509277
1324,0.43578362464904785
1325,0.06558375805616379
1326,0.47579267621040344
1327,0.29635754227638245
1328,0.004136638715863228
1329,0.4624969959259033
1330,0.32282036542892456
1331,-0.022415466606616974
1332,0.4821123480796814
1333,0.4904594421386719
1334,0.01817920431494713
1335,0.536607563495636
1336,0.37912118434906006
1337,0.058668654412031174
1338,0.4675523638725281
1339,0.4192734360694885
1340,-0.009712488390505314
1341,0.4688917398452759
1342,0.4222719073295593
1343,-0.011179506778717041
1344,0.4702998697757721
1345,0.42715921998023987
1346,-0.012451698072254658
1347,0.4714328944683075
1348,0.43369269371032715
1349,-0.011094700545072556
1350,0.47397729754447937
1351,0.4445960521697998
1352,-0.004663742613047361
1353,0.48027950525283813
1354,0.4165702164173126
1355,-0.0023166663013398647
1356,0.4827629625797272
1357,0.41558128595352173
1358,-0.0024002701975405216
1359,0.48517850041389465
1360,0.41380301117897034
1361,-0.0024503525346517563
1362,0.4927237629890442
1363,0.40616169571876526
1364,-0.0010575327323749661
1365,0.5218569040298462
1366,0.3795441687107086
1367,0.015262004919350147
1368,0.46229088306427
1369,0.3116220533847809
1370,-0.015113006345927715
1371,0.46668028831481934
1372,0.2919803857803345
1373,-0.0009401492425240576
1374,0.4720827043056488
1375,0.2937818169593811
1376,0.002392870606854558
1377,0.47819769382476807
1378,0.41518691182136536
1379,-0.001384078525006771
1380,0.5225896835327148
1381,0.40764790773391724
1382,0.02885003387928009
1383,0.45915812253952026
1384,0.2911420464515686
1385,-0.012111660093069077
1386,0.47863250970840454
1387,0.4565468728542328
1388,0.00014479451056104153
1389,0.45628461241722107
1390,0.3166852295398712
1391,-0.028582070022821426
1392,0.4688866436481476
1393,0.3406292200088501
1394,-0.021678747609257698
1395,0.46570467948913574
1396,0.463659405708313
1397,-0.005100228823721409
1398,0.49700286984443665
1399,0.43357133865356445
1400,0.008934310637414455
1401,0.4863200783729553
1402,0.37074166536331177
1403,-0.005205229390412569
1404,0.48868611454963684
1405,0.44668328762054443
1406,0.004995257128030062
1407,0.5046612024307251
1408,0.3693195581436157
1409,-0.0014548926847055554
1410,0.49405133724212646
1411,0.3824402391910553
1412,-0.0031791708897799253
1413,0.5117595195770264
1414,0.388044536113739
1415,0.006071520037949085
1416,0.46857374906539917
1417,0.4780340790748596
1418,-0.004091653507202864
1419,0.4742663502693176
1420,0.3470292091369629
1421,-0.015302580781280994
1422,0.5034927725791931
1423,0.4428733289241791
1424,0.017123935744166374
1425,0.4932378828525543
1426,0.456802636384964
1427,0.011671154759824276
1428,0.5035684108734131
1429,0.41854363679885864
1430,0.009368792176246643
1431,0.5294636487960815
1432,0.3935021460056305
1433,0.035981521010398865
1434,0.5130253434181213
1435,0.42054980993270874
1436,0.017871873453259468
1437,0.5326676964759827
1438,0.4026339650154114
1439,0.05582351237535477
1440,0.5007674098014832
1441,0.39745086431503296
1442,0.0011447968427091837
1443,0.46811044216156006
1444,0.330441951751709
1445,-0.016017593443393707
1446,0.4683185815811157
1447,0.36284223198890686
1448,-0.03397655114531517
1449,0.47424161434173584
1450,0.3655688464641571
1451,-0.024505380541086197
1452,0.4642817974090576
1453,0.3554305136203766
1454,-0.04048938676714897
1455,0.47299182415008545
1456,0.28386417031288147
1457,-0.0038757252041250467
1458,0.4861806631088257
1459,0.2785235047340393
1460,-0.00575008662417531
1461,0.49778878688812256
1462,0.27721351385116577
1463,-0.005291441921144724
1464,0.5075904726982117
1465,0.27841341495513916
1466,-0.0018033417873084545
1467,0.514471173286438
1468,0.28261059522628784
1469,0.0037286286242306232
1470,0.5190566182136536
1471,0.300798624753952
1472,0.0176120325922966
1473,0.5399174690246582
1474,0.3294762670993805
1475,0.056425902992486954
1476,0.5130598545074463
1477,0.31572219729423523
1478,0.011615998111665249
1479,0.5046412944793701
1480,0.3189168870449066
1481,0.006505805533379316
1482,0.49398043751716614
1483,0.3189908266067505
1484,0.0029773202259093523
1485,0.48367682099342346
1486,0.3162899613380432
1487,0.0016096641775220633
1488,0.4756902754306793
1489,0.31252941489219666
1490,0.0009060201700776815
1491,0.47015181183815
1492,0.308737576007843
1493,0.00036992269451729953
1494,0.539120078086853
1495,0.33063262701034546
1496,0.08797408640384674
1497,0.4741383194923401
1498,0.36853623390197754
1499,-0.020208314061164856
1500,0.4625176191329956
1501,0.3329107165336609
1502,-0.028757242485880852
1503,0.4619789719581604
1504,0.36371996998786926
1505,-0.04058019444346428
1506,0.45739930868148804
1507,0.3694480359554291
1508,-0.03698775917291641
1509,0.4620935916900635
1510,0.36546045541763306
1511,-0.036371711641550064
1512,0.47175201773643494
1513,0.37217068672180176
1514,-0.01727297529578209
1515,0.4558395743370056
1516,0.37067437171936035
1517,-0.03917720541357994
1518,0.45521435141563416
1519,0.3730252981185913
1520,-0.029011739417910576
1521,0.47071167826652527
1522,0.3001724183559418
1523,0.004172698128968477
1524,0.46571773290634155
1525,0.30267366766929626
1526,-0.0009594791335985065
1527,0.4630686938762665
1528,0.3043093979358673
1529,-0.007159903645515442
1530,0.5092883110046387
1531,0.2955429255962372
1532,0.008870523422956467
1533,0.5133616924285889
1534,0.29187285900115967
1535,0.009022193029522896
1536,0.0
1537,0.0
1538,0.0
1539,0.0
1540,0.0
1541,0.0
1542,0.0
1543,0.0
1544,0.0
1545,0.0
1546,0.0
1547,0.0
1548,0.0
1549,0.0
1550,0.0
1551,0.0
1552,0.0
1553,0.0
1554,0.0
1555,0.0
1556,0.0
1557,0.0
1558,0.0
1559,0.0
1560,0.0
1561,0.0
1562,0.0
1563,0.0
1564,0.0
1565,0.0
1566,0.0
1567,0.0
1568,0.0
1569,0.0
1570,0.0
1571,0.0
1572,0.0
1573,0.0
1574,0.0
1575,0.0
1576,0.0
1577,0.0
1578,0.0
1579,0.0
1580,0.0
1581,0.0
1582,0.0
1583,0.0
1584,0.0
1585,0.0
1586,0.0
1587,0.0
1588,0.0
1589,0.0
1590,0.0
1591,0.0
1592,0.0
1593,0.0
1594,0.0
1595,0.0
1596,0.0
1597,0.0
1598,0.0
1599,0.0
1600,0.0
1601,0.0
1602,0.0
1603,0.0
1604,0.0
1605,0.0
1606,0.0
1607,0.0
1608,0.0
1609,0.0
1610,0.0
1611,0.0
1612,0.0
1613,0.0
1614,0.0
1615,0.0
1616,0.0
1617,0.0
1618,0.0
1619,0.0
1620,0.0
1621,0.0
1622,0.0
1623,0.0
1624,0.0
1625,0.0
1626,0.0
1627,0.0
1628,0.0
1629,0.0
1630,0.0
1631,0.0
1632,0.0
1633,0.0
1634,0.0
1635,0.0
1636,0.0
1637,0.0
1638,0.0
1639,0.0
1640,0.0
1641,0.0
1642,0.0
1643,0.0
1644,0.0
1645,0.0
1646,0.0
1647,0.0
1648,0.0
1649,0.0
1650,0.0
1651,0.0
1652,0.0
1653,0.0
1654,0.0
1655,0.0
1656,0.0
1657,0.0
1658,0.0
1659,0.0
1660,0.0
1661,0.0
