,0
0,0.41818422079086304
1,0.32289737462997437
2,-0.9699611663818359
3,0.9999605417251587
4,0.4441092908382416
5,0.2690695822238922
6,-0.8928576707839966
7,0.9999302625656128
8,0.45815959572792053
9,0.27113646268844604
10,-0.8930097818374634
11,0.9999396800994873
12,0.47263240814208984
13,0.27347418665885925
14,-0.8926520347595215
15,0.9999110698699951
16,0.38725900650024414
17,0.2692050337791443
18,-0.8923131227493286
19,0.9999380707740784
20,0.36775657534599304
21,0.27138620615005493
22,-0.8915866017341614
23,0.9999486804008484
24,0.3517112135887146
25,0.27462708950042725
26,-0.8918658494949341
27,0.9999415278434753
28,0.48992401361465454
29,0.30686503648757935
30,-0.4441051483154297
31,0.9999160170555115
32,0.32971078157424927
33,0.3087994158267975
34,-0.43179816007614136
35,0.9999587535858154
36,0.44949135184288025
37,0.3932635188102722
38,-0.8101065754890442
39,0.9999456405639648
40,0.382750540971756
41,0.3926485776901245
42,-0.8071128726005554
43,0.9999586939811707
44,0.6301183700561523
45,0.684222936630249
46,-0.18794618546962738
47,0.9989866614341736
48,0.1902094930410385
49,0.6898071765899658
50,-0.25836342573165894
51,0.9992902874946594
52,0.7088291049003601
53,1.0445313453674316
54,-0.41910290718078613
55,0.5939489603042603
56,0.10540083795785904
57,1.0559632778167725
58,-0.710715651512146
59,0.8390101194381714
60,0.6317277550697327
61,1.1839674711227417
62,-1.007386565208435
63,0.7851595878601074
64,0.21038047969341278
65,1.0027356147766113
66,-1.6759849786758423
67,0.9059020280838013
68,0.6110843420028687
69,1.2322224378585815
70,-1.1412434577941895
71,0.758451521396637
72,0.25323599576950073
73,0.9225761294364929
74,-1.8686144351959229
75,0.8749956488609314
76,0.5843626260757446
77,1.1781834363937378
78,-1.1430851221084595
79,0.7983145713806152
80,0.2524217963218689
81,0.8500420451164246
82,-1.8511117696762085
83,0.8979392647743225
84,0.5813652276992798
85,1.163630723953247
86,-1.0289193391799927
87,0.7755767107009888
88,0.25753945112228394
89,0.8624249696731567
90,-1.6938438415527344
91,0.8835967779159546
92,0.5665415525436401
93,1.4341585636138916
94,-0.02569301426410675
95,0.004721410572528839
96,0.26530927419662476
97,1.4373383522033691
98,0.030939843505620956
99,0.005019309464842081
100,0.5466436147689819
101,2.046616792678833
102,-0.0752805694937706
103,0.0012805978767573833
104,0.2732958197593689
105,2.042393922805786
106,-0.04223473370075226
107,0.000568720162846148
108,0.5484816431999207
109,2.5972840785980225
110,0.4914522171020508
111,0.00010836257570190355
112,0.2890894114971161
113,2.5855712890625
114,0.3219168782234192
115,1.2963336303073447e-05
116,0.5568339228630066
117,2.679762601852417
118,0.5056225061416626
119,8.245302888099104e-05
120,0.2830156683921814
121,2.665783166885376
122,0.33616408705711365
123,2.809732723108027e-05
124,0.5064533948898315
125,2.763835906982422
126,-0.13884083926677704
127,0.00011093277862528339
128,0.3272460103034973
129,2.755030870437622
130,-0.35230785608291626
131,7.816802826710045e-05
132,0.40414950251579285
133,0.3586149215698242
134,-0.03004680760204792
135,0.4004811644554138
136,0.3171696066856384
137,-0.04510112851858139
138,0.4023643732070923
139,0.33265265822410583
140,-0.027124347165226936
141,0.39329972863197327
142,0.2843325138092041
143,-0.029698163270950317
144,0.40003252029418945
145,0.30525001883506775
146,-0.04664503410458565
147,0.39998412132263184
148,0.29182448983192444
149,-0.04173585772514343
150,0.4006862938404083
151,0.26231953501701355
152,-0.01507575809955597
153,0.3458559215068817
154,0.2736676335334778
155,0.01920725777745247
156,0.400987833738327
157,0.23914401233196259
158,-0.006378084886819124
159,0.4008961021900177
160,0.2243971973657608
161,-0.0055613392032682896
162,0.4006943106651306
163,0.17356231808662415
164,0.01139870472252369
165,0.4045048654079437
166,0.3647595942020416
167,-0.02957630529999733
168,0.404873788356781
169,0.37036293745040894
170,-0.027344511821866035
171,0.4051542282104492
172,0.3733632266521454
173,-0.024103688076138496
174,0.40603309869766235
175,0.38804295659065247
176,-0.02146247774362564
177,0.4061264991760254
178,0.3935919404029846
179,-0.0233148280531168
180,0.40631839632987976
181,0.4007546305656433
182,-0.025575382634997368
183,0.4065762758255005
184,0.4086877703666687
185,-0.024717634543776512
186,0.4070183336734772
187,0.420855313539505
188,-0.018183747306466103
189,0.4010792076587677
190,0.3243248462677002
191,-0.041754163801670074
192,0.39373594522476196
193,0.3261270225048065
194,-0.031008541584014893
195,0.3209730386734009
196,0.24156612157821655
197,0.0648314505815506
198,0.36788132786750793
199,0.27850326895713806
200,0.009686458855867386
201,0.3602939248085022
202,0.2804889678955078
203,0.010396826080977917
204,0.3528519570827484
205,0.28106510639190674
206,0.012855366803705692
207,0.3425596356391907
208,0.2779763340950012
209,0.020101241767406464
210,0.374197781085968
211,0.2746248245239258
212,0.01041040662676096
213,0.3572002649307251
214,0.2529159486293793
215,0.008686598390340805
216,0.36520588397979736
217,0.25274211168289185
218,0.00895366258919239
219,0.3495631217956543
220,0.2552150785923004
221,0.011418046429753304
222,0.34446829557418823
223,0.2597445249557495
224,0.014770591631531715
225,0.3367213010787964
226,0.28544318675994873
227,0.023387812077999115
228,0.3755994141101837
229,0.4387291967868805
230,-0.009779101237654686
231,0.3432215750217438
232,0.27239853143692017
233,0.02216469496488571
234,0.31761571764945984
235,0.28876611590385437
236,0.06078767031431198
237,0.32871878147125244
238,0.28027358651161194
239,0.03275913745164871
240,0.3614019751548767
241,0.3207987844944
242,-0.004175431560724974
243,0.3927803039550781
244,0.3581250309944153
245,-0.028389623388648033
246,0.3951878249645233
247,0.3717189133167267
248,-0.02565438486635685
249,0.38177135586738586
250,0.3646281063556671
251,-0.02328842505812645
252,0.37564700841903687
253,0.37239935994148254
254,-0.016443006694316864
255,0.38732972741127014
256,0.37445971369743347
257,-0.021647639572620392
258,0.38186222314834595
259,0.3781391978263855
260,-0.015256857499480247
261,0.3677077889442444
262,0.39796003699302673
263,-0.004694766830652952
264,0.3935239315032959
265,0.31776514649391174
266,-0.04426431655883789
267,0.3920437693595886
268,0.30656519532203674
269,-0.0455213338136673
270,0.3321235179901123
271,0.24864903092384338
272,0.019436685368418694
273,0.3769587576389313
274,0.29210686683654785
275,-0.002375838113948703
276,0.37394919991493225
277,0.3205859959125519
278,-0.023834044113755226
279,0.373362272977829
280,0.3156430423259735
281,-0.020673135295510292
282,0.33877047896385193
283,0.32397860288619995
284,0.007469839416444302
285,0.392484188079834
286,0.29402482509613037
287,-0.03905285894870758
288,0.34981557726860046
289,0.23244547843933105
290,0.005995795130729675
291,0.3391520380973816
292,0.23841507732868195
293,0.01240380760282278
294,0.32705986499786377
295,0.21853682398796082
296,0.05144772678613663
297,0.384306937456131
298,0.2380797415971756
299,-0.0032293503172695637
300,0.37237006425857544
301,0.25512373447418213
302,0.010851121507585049
303,0.3614276349544525
304,0.385566383600235
305,-0.001769099966622889
306,0.32961881160736084
307,0.3969481587409973
308,0.0666026920080185
309,0.3807201087474823
310,0.3263488709926605
311,-0.021594302728772163
312,0.3882597088813782
313,0.32958900928497314
314,-0.023540601134300232
315,0.3698565363883972
316,0.38603609800338745
317,-0.0025426135398447514
318,0.3743296265602112
319,0.3852598965167999
320,-0.004820076283067465
321,0.33492761850357056
322,0.2319616973400116
323,0.01771261729300022
324,0.3742086887359619
325,0.3266645073890686
326,-0.02006572298705578
327,0.3646201193332672
328,0.23160070180892944
329,0.0006213517626747489
330,0.3630465865135193
331,0.22236241400241852
332,0.0003330557083245367
333,0.3559792935848236
334,0.1845673769712448
335,0.02239643782377243
336,0.33110862970352173
337,0.22456473112106323
338,0.032672908157110214
339,0.3602180480957031
340,0.2018565833568573
341,0.011569378897547722
342,0.32805564999580383
343,0.2453938126564026
344,0.027387119829654694
345,0.32455265522003174
346,0.24381253123283386
347,0.04545741528272629
348,0.3937939405441284
349,0.36559706926345825
350,-0.027903586626052856
351,0.38473907113075256
352,0.37023165822029114
353,-0.022881552577018738
354,0.378666490316391
355,0.3752710223197937
356,-0.016560334712266922
357,0.38314956426620483
358,0.32863661646842957
359,-0.020340096205472946
360,0.37206900119781494
361,0.3858906924724579
362,-0.0037894281558692455
363,0.37545350193977356
364,0.389583557844162
365,-0.008956301026046276
366,0.3755910396575928
367,0.384572297334671
368,-0.005088711157441139
369,0.38473352789878845
370,0.32030245661735535
371,-0.03216715157032013
372,0.3838973641395569
373,0.3778603971004486
374,-0.014277364127337933
375,0.3894234299659729
376,0.3755670189857483
377,-0.018866389989852905
378,0.396591454744339
379,0.3742598593235016
380,-0.022594718262553215
381,0.3947265148162842
382,0.4206319749355316
383,-0.017296485602855682
384,0.39474010467529297
385,0.40819481015205383
386,-0.02345908433198929
387,0.3952525556087494
388,0.4001835584640503
389,-0.02394499070942402
390,0.39599576592445374
391,0.39278870820999146
392,-0.02156955935060978
393,0.3969067335128784
394,0.3882147967815399
395,-0.019863437861204147
396,0.3836357891559601
397,0.38763830065727234
398,-0.01220766082406044
399,0.3819858133792877
400,0.3894886076450348
401,-0.013812964782118797
402,0.37961235642433167
403,0.39318251609802246
404,-0.01532944105565548
405,0.3776393234729767
406,0.3976287245750427
407,-0.01414300687611103
408,0.3685149848461151
409,0.3604212701320648
410,-0.012675445526838303
411,0.32066038250923157
412,0.3433457911014557
413,0.08664000779390335
414,0.4016779661178589
415,0.32802507281303406
416,-0.032009854912757874
417,0.3801105320453644
418,0.38716936111450195
419,-0.007805753964930773
420,0.3778603672981262
421,0.3878133296966553
422,-0.008836126886308193
423,0.39121726155281067
424,0.33440226316452026
425,-0.024759940803050995
426,0.3778020441532135
427,0.3341342508792877
428,-0.01522410474717617
429,0.38980633020401
430,0.3321131467819214
431,-0.024279598146677017
432,0.3685789108276367
433,0.29968541860580444
434,-0.00010931731230812147
435,0.35616758465766907
436,0.30820778012275696
437,0.0020553821232169867
438,0.37246719002723694
439,0.3216905891895294
440,-0.016610538586974144
441,0.3380141854286194
442,0.19913479685783386
443,0.03612667694687843
444,0.3423076272010803
445,0.21006564795970917
446,0.021567339077591896
447,0.3469671905040741
448,0.22393447160720825
449,0.00911263283342123
450,0.37437596917152405
451,0.4063935875892639
452,-0.00942264124751091
453,0.38163721561431885
454,0.22324638068675995
455,-0.0043424139730632305
456,0.3790353536605835
457,0.19897162914276123
458,0.005272822920233011
459,0.3762046694755554
460,0.1769069880247116
461,0.013937950134277344
462,0.346351683139801
463,0.28054481744766235
464,0.016601255163550377
465,0.32896918058395386
466,0.29409775137901306
467,0.027377987280488014
468,0.37812191247940063
469,0.27084094285964966
470,0.011603341437876225
471,0.33598604798316956
472,0.2644333839416504
473,0.022359758615493774
474,0.38267144560813904
475,0.28386375308036804
476,-0.004857522435486317
477,0.37892815470695496
478,0.31435564160346985
479,-0.031282927840948105
480,0.32174962759017944
481,0.3041470944881439
482,0.0354209803044796
483,0.3336528241634369
484,0.2994759678840637
485,0.019025927409529686
486,0.34306326508522034
487,0.30096542835235596
488,0.01095755398273468
489,0.35773441195487976
490,0.29749155044555664
491,0.006815225817263126
492,0.3686639070510864
493,0.2918630540370941
494,0.0050707715563476086
495,0.37708279490470886
496,0.28542596101760864
497,0.00329216243699193
498,0.3929823040962219
499,0.26634159684181213
500,-0.01186521165072918
501,0.32256412506103516
502,0.3263128697872162
503,0.03029789589345455
504,0.33006149530410767
505,0.2638482451438904
506,0.02679385058581829
507,0.39691710472106934
508,0.32441720366477966
509,-0.04116588085889816
510,0.3769274055957794
511,0.30139172077178955
512,-0.0076284087263047695
513,0.31780728697776794
514,0.2931694984436035
515,0.08770950138568878
516,0.38311582803726196
517,0.2782628834247589
518,0.002564240014180541
519,0.3721542954444885
520,0.32374757528305054
521,-0.0083691431209445
522,0.3400331139564514
523,0.27257809042930603
524,0.02371370419859886
525,0.37847092747688293
526,0.3083663582801819
527,-0.0273685734719038
528,0.3236325979232788
529,0.36963796615600586
530,0.07888773083686829
531,0.37803447246551514
532,0.2674853503704071
533,0.014257519505918026
534,0.3853899836540222
535,0.2999616861343384
536,-0.03455634415149689
537,0.34321358799934387
538,0.41584089398384094
539,0.022766603156924248
540,0.34528765082359314
541,0.43237194418907166
542,0.034109700471162796
543,0.3177928030490875
544,0.3354504108428955
545,0.0583697184920311
546,0.33409804105758667
547,0.4021757245063782
548,0.0340859480202198
549,0.3210476040840149
550,0.26500576734542847
551,0.05565255135297775
552,0.37439247965812683
553,0.45257604122161865
554,-0.007030236069113016
555,0.3983413577079773
556,0.3279905319213867
557,-0.03143707290291786
558,0.37015390396118164
559,0.31089815497398376
560,-0.005384413059800863
561,0.32303106784820557
562,0.2842817008495331
563,0.04096805304288864
564,0.3534909784793854
565,0.2745162844657898
566,0.013959135860204697
567,0.36026549339294434
568,0.27425479888916016
569,0.011794757097959518
570,0.3730798363685608
571,0.3919164538383484
572,-0.007809973321855068
573,0.32465875148773193
574,0.3494299054145813
575,0.02977033704519272
576,0.3900601863861084
577,0.47075143456459045
578,-0.007796402554959059
579,0.3655390739440918
580,0.4558979570865631
581,0.010539982467889786
582,0.355951726436615
583,0.4460393786430359
584,0.02099834568798542
585,0.40074285864830017
586,0.19785964488983154
587,0.002853967947885394
588,0.40840858221054077
589,0.47239118814468384
590,-0.010863607749342918
591,0.36658281087875366
592,0.2727988660335541
593,0.011340240016579628
594,0.37236762046813965
595,0.2703614830970764
596,0.01238423865288496
597,0.37602102756500244
598,0.2686644196510315
599,0.014159752987325191
600,0.3254164457321167
601,0.26355162262916565
602,0.03538651019334793
603,0.37204915285110474
604,0.2659246325492859
605,0.011819138191640377
606,0.3657359480857849
607,0.26669082045555115
608,0.010479496791958809
609,0.3598483204841614
610,0.26724565029144287
611,0.011126420460641384
612,0.3534725606441498
613,0.2686929702758789
614,0.013241217471659184
615,0.3488183319568634
616,0.27036088705062866
617,0.0158222746104002
618,0.3181915879249573
619,0.26491934061050415
620,0.07848423719406128
621,0.34900832176208496
622,0.27417582273483276
623,0.016692865639925003
624,0.403063029050827
625,0.3414585590362549
626,-0.0261369701474905
627,0.37497061491012573
628,0.3513588607311249
629,-0.017261771485209465
630,0.38029322028160095
631,0.32396650314331055
632,-0.024161502718925476
633,0.3909432888031006
634,0.34403195977211
635,-0.02510738931596279
636,0.4010067582130432
637,0.2515319287776947
638,-0.0075038280338048935
639,0.35315126180648804
640,0.4301884174346924
641,0.013042984530329704
642,0.3633284568786621
643,0.44133251905441284
644,0.003303058212623
645,0.3891144394874573
646,0.4600011110305786
647,-0.01606823317706585
648,0.33711332082748413
649,0.4177989959716797
650,0.05043889954686165
651,0.37614548206329346
652,0.26639193296432495
653,0.013389142230153084
654,0.38749992847442627
655,0.2831910252571106
656,-0.016527699306607246
657,0.40784552693367004
658,0.4617321789264679
659,-0.0186726413667202
660,0.3764473795890808
661,0.4645653963088989
662,-0.00027481038705445826
663,0.3209313154220581
664,0.3603209853172302
665,0.05374689772725105
666,0.3894357681274414
667,0.3878660500049591
668,-0.016331875696778297
669,0.38786524534225464
670,0.39130493998527527
671,-0.017996158450841904
672,0.38614794611930847
673,0.39702433347702026
674,-0.01973218470811844
675,0.38488632440567017
676,0.4040403962135315
677,-0.01899653486907482
678,0.3828939199447632
679,0.4146943688392639
680,-0.014161678962409496
681,0.3773142993450165
682,0.3816964626312256
683,-0.009528648108243942
684,0.37420904636383057
685,0.3807096481323242
686,-0.009309321641921997
687,0.37147262692451477
688,0.37908971309661865
689,-0.009145126678049564
690,0.3636087477207184
691,0.3719148337841034
692,-0.006698524113744497
693,0.3341967761516571
694,0.3511641323566437
695,0.01313326321542263
696,0.3879876434803009
697,0.2743688225746155
698,-0.007735979277640581
699,0.3841537833213806
700,0.2576929032802582
701,0.008886881172657013
702,0.37950077652931213
703,0.2608726918697357
704,0.012180103920400143
705,0.37952712178230286
706,0.38011541962623596
707,-0.00902780331671238
708,0.3353312611579895
709,0.3817421495914459
710,0.021664123982191086
711,0.390733540058136
712,0.25497427582740784
713,-0.0019076751777902246
714,0.379160076379776
715,0.4258318245410919
716,-0.011432615108788013
717,0.40025290846824646
718,0.2815994322299957
719,-0.032549429684877396
720,0.3929848074913025
721,0.27576231956481934
722,-0.02133323810994625
723,0.40046221017837524
724,0.2722800374031067
725,-0.02335004135966301
726,0.38130632042884827
727,0.30053260922431946
728,-0.01874091476202011
729,0.4073565900325775
730,0.4479014277458191
731,-0.021278146654367447
732,0.40711894631385803
733,0.4330218434333801
734,-0.019705958664417267
735,0.3923974335193634
736,0.43231961131095886
737,-0.017465317621827126
738,0.36074474453926086
739,0.4033200740814209
740,-0.0005765162059105933
741,0.3668425679206848
742,0.33432886004447937
743,-0.00672359112650156
744,0.36898061633110046
745,0.4162410497665405
746,-0.0057866317220032215
747,0.3499204218387604
748,0.33605095744132996
749,-0.0017064065905287862
750,0.3606584072113037
751,0.3471880555152893
752,-0.0057585109025239944
753,0.34461745619773865
754,0.3567315936088562
755,0.0030242386274039745
756,0.3899194300174713
757,0.4465597867965698
758,-0.018388403579592705
759,0.3763759136199951
760,0.308433473110199
761,-0.013729298487305641
762,0.3545897901058197
763,0.41448891162872314
764,0.0058101871982216835
765,0.36497530341148376
766,0.42735999822616577
767,-0.0013307923218235373
768,0.354190856218338
769,0.3879855275154114
770,0.0020004368852823973
771,0.32777494192123413
772,0.36959612369537354
773,0.03010343573987484
774,0.34493064880371094
775,0.39241719245910645
776,0.009960409253835678
777,0.32589972019195557
778,0.38291534781455994
779,0.04698026552796364
780,0.3556467294692993
781,0.3641468286514282
782,-0.002868042094632983
783,0.3823309540748596
784,0.2922208309173584
785,-0.011702820658683777
786,0.38182273507118225
787,0.3185815215110779
788,-0.033458590507507324
789,0.3766734302043915
790,0.32354411482810974
791,-0.025351131334900856
792,0.3850975036621094
793,0.3097384572029114
794,-0.03860914334654808
795,0.3778964877128601
796,0.2489887773990631
797,0.007816057652235031
798,0.3651653826236725
799,0.24407841265201569
800,0.007251788396388292
801,0.35420218110084534
802,0.2439729869365692
803,0.007847687229514122
804,0.34503260254859924
805,0.24745231866836548
806,0.011327692307531834
807,0.3387916088104248
808,0.25410550832748413
809,0.016464076936244965
810,0.3351322114467621
811,0.27600958943367004
812,0.02691228874027729
813,0.31659460067749023
814,0.3119032084941864
815,0.06005353853106499
816,0.3406051695346832
817,0.2887941002845764
818,0.018730610609054565
819,0.34841564297676086
820,0.2899046242237091
821,0.013448766432702541
822,0.358650267124176
823,0.28858232498168945
824,0.00974527932703495
825,0.36848461627960205
826,0.2848774492740631
827,0.008196950890123844
828,0.37618446350097656
829,0.2799633741378784
830,0.008002901449799538
831,0.38137197494506836
832,0.27519845962524414
833,0.007633254863321781
834,0.3192870318889618
835,0.31853801012039185
836,0.09005869179964066
837,0.37736478447914124
838,0.3273880183696747
839,-0.0216816496104002
840,0.3870246112346649
841,0.29121220111846924
842,-0.02442138083279133
843,0.3877263069152832
844,0.31735196709632874
845,-0.039958346635103226
846,0.39305272698402405
847,0.3236759901046753
848,-0.03775240480899811
849,0.3880675435066223
850,0.32003307342529297
851,-0.036280982196331024
852,0.38014349341392517
853,0.33125853538513184
854,-0.019474029541015625
855,0.39438337087631226
856,0.3241410255432129
857,-0.040011581033468246
858,0.3956277072429657
859,0.32763153314590454
860,-0.031191429123282433
861,0.3809102475643158
862,0.26682746410369873
863,0.012715174816548824
864,0.38531532883644104
865,0.2683281898498535
866,0.007177074905484915
867,0.38762491941452026
868,0.2688629925251007
869,0.0009625926031731069
870,0.34572169184684753
871,0.27151256799697876
872,0.018564848229289055
873,0.34036707878112793
874,0.26515018939971924
875,0.019446108490228653
876,0.40764376521110535
877,0.283395379781723
878,-0.0301513709127903
879,0.46146345138549805
880,0.2672598958015442
881,0.01571063883602619
882,0.40983298420906067
883,0.32478493452072144
884,-0.03130750730633736
885,0.4905436038970947
886,0.23033039271831512
887,0.059555064886808395
888,0.4381159245967865
889,0.27438199520111084
890,0.007287918124347925
891,0.44611215591430664
892,0.2754167914390564
893,0.007619247306138277
894,0.4540497958660126
895,0.2750144898891449
896,0.009619981981813908
897,0.4652951657772064
898,0.27089816331863403
899,0.01632693037390709
900,0.43144139647483826
901,0.2713613510131836
902,0.008576963096857071
903,0.4480476677417755
904,0.24821579456329346
905,0.00594645831733942
906,0.4399567246437073
907,0.2488781064748764
908,0.006809787824749947
909,0.4561421871185303
910,0.24951085448265076
911,0.008262683637440205
912,0.46179893612861633
913,0.2533540725708008
914,0.011362067423760891
915,0.4717745780944824
916,0.2769935727119446
917,0.01919490098953247
918,0.4399200677871704
919,0.434981107711792
920,-0.011645182967185974
921,0.4643665850162506
922,0.2658117711544037
923,0.018529755994677544
924,0.4955359697341919
925,0.27731505036354065
926,0.055322546511888504
927,0.48066475987434387
928,0.27080678939819336
929,0.02819182723760605
930,0.4457850754261017
931,0.31453776359558105
932,-0.006698803976178169
933,0.41587164998054504
934,0.3558056056499481
935,-0.02902461402118206
936,0.4151248335838318
937,0.3696843683719635
938,-0.026367323473095894
939,0.4284885823726654
940,0.35994604229927063
941,-0.024549858644604683
942,0.43627578020095825
943,0.3660532534122467
944,-0.018237976357340813
945,0.4240099787712097
946,0.370577335357666
947,-0.02298649773001671
948,0.430625855922699
949,0.3728565573692322
950,-0.016951056197285652
951,0.4470059275627136
952,0.390730082988739
953,-0.00712484959512949
954,0.4077547490596771
955,0.31661084294319153
956,-0.04456166923046112
957,0.4084370732307434
958,0.30537882447242737
959,-0.04582595080137253
960,0.4745756983757019
961,0.24078696966171265
962,0.015345923602581024
963,0.4280296266078949
964,0.28862711787223816
965,-0.003886346472427249
966,0.4302300214767456
967,0.31596609950065613
968,-0.025034012272953987
969,0.4308762550354004
970,0.3110003173351288
971,-0.021888084709644318
972,0.4702867865562439
973,0.31465375423431396
974,0.003101761918514967
975,0.40796372294425964
976,0.2929565906524658
977,-0.039502330124378204
978,0.45435258746147156
979,0.22756151854991913
980,0.002910568844527006
981,0.46609795093536377
982,0.23197177052497864
983,0.008631007745862007
984,0.4818260371685028
985,0.20828664302825928
986,0.046666618436574936
987,0.4185585677623749
988,0.23680990934371948
989,-0.004181682597845793
990,0.4328461289405823
991,0.251998633146286
992,0.009157814085483551
993,0.45270490646362305
994,0.37713879346847534
995,-0.004712122492492199
996,0.4909594655036926
997,0.3874310851097107
998,0.06150231510400772
999,0.4240311086177826
1000,0.32266634702682495
1001,-0.022642700001597404
1002,0.41668081283569336
1003,0.3271194100379944
1004,-0.02409140206873417
1005,0.4446796774864197
1006,0.37803003191947937
1007,-0.005083031486719847
1008,0.4401669204235077
1009,0.3779323101043701
1010,-0.006972528528422117
1011,0.4706217348575592
1012,0.22488264739513397
1013,0.01384990569204092
1014,0.4310663342475891
1015,0.3218383491039276
1016,-0.021302808076143265
1017,0.4387843608856201
1018,0.22836117446422577
1019,-0.0014329429250210524
1020,0.44004666805267334
1021,0.21874532103538513
1022,-0.0016393102705478668
1023,0.44789767265319824
1024,0.1784125566482544
1025,0.01980646513402462
1026,0.4760109782218933
1027,0.21575011312961578
1028,0.028562238439917564
1029,0.4429985284805298
1030,0.19708317518234253
1031,0.009293178096413612
1032,0.47941067814826965
1033,0.23663407564163208
1034,0.022945979610085487
1035,0.4848957657814026
1036,0.23386460542678833
1037,0.0406513586640358
1038,0.4157272279262543
1039,0.3633369207382202
1040,-0.028635138645768166
1041,0.42612290382385254
1042,0.365939736366272
1043,-0.0241584163159132
1044,0.4334971308708191
1045,0.3694222569465637
1046,-0.018329882994294167
1047,0.4219892621040344
1048,0.32526254653930664
1049,-0.021089602261781693
1050,0.44241443276405334
1051,0.378099650144577
1052,-0.006146502215415239
1053,0.4389055073261261
1054,0.3829239308834076
1055,-0.010838426649570465
1056,0.43892568349838257
1057,0.3776988387107849
1058,-0.007195633370429277
1059,0.4183640480041504
1060,0.31756138801574707
1061,-0.03307455778121948
1062,0.42882633209228516
1063,0.3728916645050049
1064,-0.015847736969590187
1065,0.4222003221511841
1066,0.3721088767051697
1067,-0.02008046582341194
1068,0.41426849365234375
1069,0.3723651170730591
1070,-0.023325340822339058
1071,0.4193759858608246
1072,0.41877123713493347
1073,-0.01801227778196335
1074,0.41862398386001587
1075,0.40617135167121887
1076,-0.0242556594312191
1077,0.4176706075668335
1078,0.39826658368110657
1079,-0.024826698005199432
1080,0.4165165424346924
1081,0.3908977806568146
1082,-0.02233225665986538
1083,0.4154577851295471
1084,0.3864734172821045
1085,-0.02056119218468666
1086,0.43007299304008484
1087,0.382781058549881
1088,-0.013663019053637981
1089,0.4317527711391449
1090,0.3843734562397003
1091,-0.015330257825553417
1092,0.4342924952507019
1093,0.38773980736732483
1094,-0.016849959269165993
1095,0.43650785088539124
1096,0.39192959666252136
1097,-0.015750909224152565
1098,0.4419500231742859
1099,0.3538994789123535
1100,-0.014557071030139923
1101,0.4982961416244507
1102,0.3323115408420563
1103,0.08079323917627335
1104,0.4341062903404236
1105,0.3814370930194855
1106,-0.009570315480232239
1107,0.4363678991794586
1108,0.38163846731185913
1109,-0.010682441294193268
1110,0.4140738546848297
1111,0.3323778212070465
1112,-0.025267954915761948
1113,0.42864468693733215
1114,0.3296681344509125
1115,-0.016268117353320122
1116,0.4152650535106659
1117,0.329877644777298
1118,-0.024775421246886253
1119,0.43728625774383545
1120,0.2948736250400543
1121,-0.0022614027839154005
1122,0.4507831037044525
1123,0.30151304602622986
1124,-0.0011341561330482364
1125,0.43271857500076294
1126,0.3167034387588501
1127,-0.01804419793188572
1128,0.46830475330352783
1129,0.19040124118328094
1130,0.03230290114879608
1131,0.4627721309661865
1132,0.2029227614402771
1133,0.01827850006520748
1134,0.4571366310119629
1135,0.21852624416351318
1136,0.006054101977497339
1137,0.4402613043785095
1138,0.4009186625480652
1139,-0.011408294551074505
1140,0.42083102464675903
1141,0.22160354256629944
1142,-0.005420538131147623
1143,0.42316752672195435
1144,0.1963476538658142
1145,0.0041714259423315525
1146,0.426098108291626
1147,0.17346706986427307
1148,0.012559550814330578
1149,0.461141437292099
1150,0.273754358291626
1151,0.012998318299651146
1152,0.48041513562202454
1153,0.2841409146785736
1154,0.02271643839776516
1155,0.42731329798698425
1156,0.2682592570781708
1157,0.010044459253549576
1158,0.4715152084827423
1159,0.2567272484302521
1160,0.01834101416170597
1161,0.42151525616645813
1162,0.2813068926334381
1163,-0.006086982320994139
1164,0.4238745868206024
1165,0.31085464358329773
1166,-0.032242611050605774
1167,0.4892665445804596
1168,0.29316553473472595
1169,0.030194109305739403
1170,0.4749225378036499
1171,0.2899216115474701
1172,0.014706986956298351
1173,0.4645479917526245
1174,0.2925381660461426
1175,0.007096371613442898
1176,0.4490108788013458
1177,0.2912328839302063
1178,0.0038291243836283684
1179,0.43729352951049805
1180,0.28730878233909607
1181,0.002864779671654105
1182,0.4282102882862091
1183,0.28218549489974976
1184,0.0016633042832836509
1185,0.4091191589832306
1186,0.26543399691581726
1187,-0.0124425133690238
1188,0.48892444372177124
1189,0.31515374779701233
1190,0.025077633559703827
1191,0.4781422019004822
1192,0.255097359418869
1193,0.02247333526611328
1194,0.40543442964553833
1195,0.3236840069293976
1196,-0.04137498885393143
1197,0.4278818666934967
1198,0.29771408438682556
1199,-0.008914935402572155
1200,0.4982979893684387
1201,0.2814556956291199
1202,0.08182370662689209
1203,0.4215051233768463
1204,0.27594175934791565
1205,0.0013273981167003512
1206,0.43385446071624756
1207,0.31862673163414
1208,-0.00964387133717537
1209,0.4677703082561493
1210,0.2653699219226837
1211,0.019785098731517792
1212,0.4244784712791443
1213,0.3048146069049835
1214,-0.02839846909046173
1215,0.4963504672050476
1216,0.3591232895851135
1217,0.07344800978899002
1218,0.4275932013988495
1219,0.265072762966156
1220,0.012667951174080372
1221,0.41608187556266785
1222,0.29771366715431213
1223,-0.0353531651198864
1224,0.4742176830768585
1225,0.4080934226512909
1226,0.01875433325767517
1227,0.47451189160346985
1228,0.42554569244384766
1229,0.030224651098251343
1230,0.49725985527038574
1231,0.3240700662136078
1232,0.052829280495643616
1233,0.4835135042667389
1234,0.39322683215141296
1235,0.029586907476186752
1236,0.49028968811035156
1237,0.2541617453098297
1238,0.05047411099076271
1239,0.44217807054519653
1240,0.44895076751708984
1241,-0.008967876434326172
1242,0.4050942659378052
1243,0.32736679911613464
1244,-0.03155108913779259
1245,0.4358307421207428
1246,0.3059142827987671
1247,-0.007120410446077585
1248,0.48760274052619934
1249,0.2739099860191345
1250,0.03603624925017357
1251,0.4530428349971771
1252,0.2688995599746704
1253,0.01087987795472145
1254,0.44582825899124146
1255,0.2693932056427002
1256,0.009003880433738232
1257,0.44144052267074585
1258,0.38489240407943726
1259,-0.00982405710965395
1260,0.488520085811615
1261,0.33851921558380127
1262,0.0246063731610775
1263,0.42703282833099365
1264,0.46890708804130554
1265,-0.008973879739642143
1266,0.45283275842666626
1267,0.4515655040740967
1268,0.007976108230650425
1269,0.46313533186912537
1270,0.44062668085098267
1271,0.017850473523139954
1272,0.439223051071167
1273,0.2687302827835083
1274,0.008863501250743866
1275,0.43328380584716797
1276,0.26691222190856934
1277,0.010246832855045795
1278,0.42962953448295593
1279,0.2658618986606598
1280,0.012314035557210445
1281,0.48383665084838867
1282,0.25380265712738037
1283,0.03066190518438816
1284,0.43396592140197754
1285,0.2630525827407837
1286,0.009797712787985802
1287,0.44050973653793335
1288,0.2632220685482025
1289,0.008028625510632992
1290,0.44660112261772156
1291,0.263160765171051
1292,0.00832769088447094
1293,0.45324715971946716
1294,0.2637845277786255
1295,0.010062570683658123
1296,0.45820215344429016
1297,0.2646733820438385
1298,0.01246024202555418
1299,0.495637446641922
1300,0.25324830412864685
1301,0.07277698069810867
1302,0.4578956961631775
1303,0.26809078454971313
1304,0.01335322204977274
1305,0.4337189197540283
1306,0.3462076187133789
1307,-0.0186826903373003
1308,0.4239054322242737
1309,0.3203197121620178
1310,-0.025032954290509224
1311,0.4159068763256073
1312,0.3417587876319885
1313,-0.025764839723706245
1314,0.4640960097312927
1315,0.4237443208694458
1316,0.009860077872872353
1317,0.45379865169525146
1318,0.43646177649497986
1319,0.000777495326474309
1320,0.4267575740814209
1321,0.45799940824508667
1322,-0.017185937613248825
1323,0.48322349786758423
1324,0.4096512496471405
1325,0.04584478214383125
1326,0.4295041561126709
1327,0.2638012170791626
1328,0.011584946885704994
1329,0.4150501489639282
1330,0.28145092725753784
1331,-0.01728423498570919
1332,0.4411330819129944
1333,0.46135687828063965
1334,-0.002196158515289426
1335,0.4955490529537201
1336,0.3494085669517517
1337,0.0484384149312973
1338,0.4235103726387024
1339,0.38448190689086914
1340,-0.01751348376274109
1341,0.4251907765865326
1342,0.38770174980163574
1343,-0.019180206581950188
1344,0.42715224623680115
1345,0.3931303024291992
1346,-0.020948708057403564
1347,0.42881810665130615
1348,0.40013015270233154
1349,-0.020268429070711136
1350,0.43144261837005615
1351,0.4108400046825409
1352,-0.015756264328956604
1353,0.43638119101524353
1354,0.3751647174358368
1355,-0.011597586795687675
1356,0.4392668902873993
1357,0.37369439005851746
1358,-0.01154890563338995
1359,0.4419133961200714
1360,0.37152791023254395
1361,-0.011371892876923084
1362,0.448832243680954
1363,0.36412444710731506
1364,-0.00923295971006155
1365,0.47765862941741943
1366,0.3411840498447418
1367,0.008435918018221855
1368,0.4151284694671631
1369,0.2727099359035492
1370,-0.008752762340009212
1371,0.42025214433670044
1372,0.2560947835445404
1373,0.008030467666685581
1374,0.4255999028682709
1375,0.25865575671195984
1376,0.010843939147889614
1377,0.4342270493507385
1378,0.3741048574447632
1379,-0.010961998254060745
1380,0.47955262660980225
1381,0.3722389340400696
1382,0.0171052236109972
1383,0.4122403860092163
1384,0.25400328636169434
1385,-0.002376349875703454
1386,0.4357348084449768
1387,0.4220651388168335
1388,-0.013131014071404934
1389,0.40844762325286865
1390,0.2747991681098938
1391,-0.021784083917737007
1392,0.4219663739204407
1393,0.2976261377334595
1394,-0.019619034603238106
1395,0.42200222611427307
1396,0.43046534061431885
1397,-0.01835845410823822
1398,0.4540535509586334
1399,0.3963043689727783
1400,-0.003320548450574279
1401,0.4408482015132904
1402,0.32843273878097534
1403,-0.008624168112874031
1404,0.4460967481136322
1405,0.41075122356414795
1406,-0.007943698205053806
1407,0.4591442048549652
1408,0.3281431794166565
1409,-0.00518368324264884
1410,0.44887423515319824
1411,0.34039509296417236
1412,-0.00821612123399973
1413,0.4668005704879761
1414,0.3480187654495239
1415,-0.0008134238887578249
1416,0.4250038266181946
1417,0.4445149898529053
1418,-0.019566373899579048
1419,0.42810866236686707
1420,0.30449557304382324
1421,-0.014887263998389244
1422,0.46103012561798096
1423,0.4075273871421814
1424,0.0027006182353943586
1425,0.45091331005096436
1426,0.4220670759677887
1427,-0.003713745390996337
1428,0.4598572254180908
1429,0.3797241747379303
1430,-0.0014711804687976837
1431,0.4869574308395386
1432,0.35920339822769165
1433,0.025106443092226982
1434,0.4698258638381958
1435,0.3838721811771393
1436,0.006016995757818222
1437,0.49150264263153076
1438,0.37271398305892944
1439,0.041996877640485764
1440,0.45609763264656067
1441,0.35609492659568787
1442,-0.006070749368518591
1443,0.4213021695613861
1444,0.2895209789276123
1445,-0.012715011835098267
1446,0.4210481345653534
1447,0.3154289126396179
1448,-0.0343189463019371
1449,0.4275916516780853
1450,0.31939247250556946
1451,-0.02638363093137741
1452,0.41637492179870605
1453,0.3074038624763489
1454,-0.03948981314897537
1455,0.42652377486228943
1456,0.246770977973938
1457,0.0066422657109797
1458,0.43928560614585876
1459,0.24045754969120026
1460,0.005273194517940283
1461,0.45050182938575745
1462,0.23913267254829407
1463,0.005079564172774553
1464,0.4603031873703003
1465,0.24129372835159302
1466,0.007902118377387524
1467,0.46758049726486206
1468,0.2470995932817459
1469,0.012781389057636261
1470,0.4733871519565582
1471,0.26777660846710205
1472,0.022645331919193268
1473,0.4974404573440552
1474,0.3003864586353302
1475,0.05436145141720772
1476,0.46739810705184937
1477,0.28070563077926636
1478,0.01486024260520935
1479,0.4588204324245453
1480,0.2827712595462799
1481,0.009973269887268543
1482,0.44799157977104187
1483,0.2828575670719147
1484,0.006891131866723299
1485,0.43754813075065613
1486,0.28052613139152527
1487,0.005996387451887131
1488,0.4294072091579437
1489,0.2767583131790161
1490,0.006370775867253542
1491,0.42381396889686584
1492,0.2727905213832855
1493,0.006300765089690685
1494,0.4984060525894165
1495,0.30707255005836487
1496,0.08411694318056107
1497,0.42766836285591125
1498,0.32306528091430664
1499,-0.022694917395710945
1500,0.4148283898830414
1501,0.2892914414405823
1502,-0.02521854266524315
1503,0.4141397476196289
1504,0.3152649998664856
1505,-0.04058229550719261
1506,0.4098762571811676
1507,0.32225093245506287
1508,-0.03806256130337715
1509,0.41455933451652527
1510,0.31786197423934937
1511,-0.03690330311655998
1512,0.42561590671539307
1513,0.32730427384376526
1514,-0.020448405295610428
1515,0.40817785263061523
1516,0.32297274470329285
1517,-0.040257301181554794
1518,0.40790829062461853
1519,0.3265611231327057
1520,-0.031406257301568985
1521,0.4243351221084595
1522,0.26467713713645935
1523,0.011354717426002026
1524,0.4193727672100067
1525,0.2665588855743408
1526,0.006242735311388969
1527,0.4163888692855835
1528,0.26728373765945435
1529,8.187882485799491e-05
1530,0.46157997846603394
1531,0.26542752981185913
1532,0.014986895024776459
1533,0.46669113636016846
1534,0.258187472820282
1535,0.01576162315905094
1536,0.0
1537,0.0
1538,0.0
1539,0.0
1540,0.0
1541,0.0
1542,0.0
1543,0.0
1544,0.0
1545,0.0
1546,0.0
1547,0.0
1548,0.0
1549,0.0
1550,0.0
1551,0.0
1552,0.0
1553,0.0
1554,0.0
1555,0.0
1556,0.0
1557,0.0
1558,0.0
1559,0.0
1560,0.0
1561,0.0
1562,0.0
1563,0.0
1564,0.0
1565,0.0
1566,0.0
1567,0.0
1568,0.0
1569,0.0
1570,0.0
1571,0.0
1572,0.0
1573,0.0
1574,0.0
1575,0.0
1576,0.0
1577,0.0
1578,0.0
1579,0.0
1580,0.0
1581,0.0
1582,0.0
1583,0.0
1584,0.0
1585,0.0
1586,0.0
1587,0.0
1588,0.0
1589,0.0
1590,0.0
1591,0.0
1592,0.0
1593,0.0
1594,0.0
1595,0.0
1596,0.0
1597,0.0
1598,0.0
1599,0.15825223922729492
1600,1.0357599258422852
1601,4.7422585680578777e-07
1602,0.15693897008895874
1603,0.9531327486038208
1604,-0.001088396180421114
1605,0.1786668300628662
1606,0.863060474395752
1607,-0.015385482460260391
1608,0.21066701412200928
1609,0.8008568286895752
1610,-0.030351920053362846
1611,0.24029968678951263
1612,0.7599183917045593
1613,-0.045964740216732025
1614,0.16563063859939575
1615,0.8552657961845398
1616,-0.046090081334114075
1617,0.22077122330665588
1618,0.7764850854873657
1619,-0.07368970662355423
1620,0.2638792395591736
1621,0.7447236776351929
1622,-0.08757317066192627
1623,0.2962917685508728
1624,0.7292009592056274
1625,-0.0942603275179863
1626,0.17905087769031525
1627,0.8929368257522583
1628,-0.05841310694813728
1629,0.23765936493873596
1630,0.8088831305503845
1631,-0.08288223296403885
1632,0.28503626585006714
1633,0.7708818912506104
1634,-0.090566486120224
1635,0.32188695669174194
1636,0.75095134973526
1637,-0.0952233299612999
1638,0.20056381821632385
1639,0.93390953540802
1640,-0.06920486688613892
1641,0.2580687701702118
1642,0.853419303894043
1643,-0.08957848697900772
1644,0.3016485571861267
1645,0.8142204284667969
1646,-0.09245020151138306
1647,0.3357037305831909
1648,0.7902511358261108
1649,-0.09317087382078171
1650,0.22753770649433136
1651,0.9756624698638916
1652,-0.07915990054607391
1653,0.2766643166542053
1654,0.9145748019218445
1655,-0.0932500809431076
1656,0.31164872646331787
1657,0.8783456087112427
1658,-0.09419148415327072
1659,0.3403739929199219
1660,0.8521149158477783
1661,-0.09361010789871216
