,0
0,0.41760778427124023
1,0.3200059235095978
2,-0.9287640452384949
3,0.9999342560768127
4,0.44292598962783813
5,0.2683477997779846
6,-0.8561566472053528
7,0.9998922348022461
8,0.4575805068016052
9,0.27091267704963684
10,-0.8563076853752136
11,0.9999053478240967
12,0.47184768319129944
13,0.2738618850708008
14,-0.8558011054992676
15,0.9998659491539001
16,0.38826805353164673
17,0.2679566740989685
18,-0.8510948419570923
19,0.9998995065689087
20,0.36959582567214966
21,0.26996806263923645
22,-0.8504066467285156
23,0.9999123811721802
24,0.35372841358184814
25,0.27275899052619934
26,-0.8506439328193665
27,0.9999032020568848
28,0.4915779232978821
29,0.30851924419403076
30,-0.42860788106918335
31,0.9998819231987
32,0.33132994174957275
33,0.3077772557735443
34,-0.3958820700645447
35,0.9999324679374695
36,0.4495161175727844
37,0.39126303791999817
38,-0.7767178416252136
39,0.9999138712882996
40,0.38446515798568726
41,0.38959890604019165
42,-0.7679653763771057
43,0.999931812286377
44,0.6347260475158691
45,0.6888751983642578
46,-0.20040395855903625
47,0.9985277056694031
48,0.2004648745059967
49,0.6871712803840637
50,-0.17384937405586243
51,0.9986610412597656
52,0.7478819489479065
53,1.1582762002944946
54,-0.6351305246353149
55,0.6105809807777405
56,0.08007632941007614
57,1.1612008810043335
58,-0.6420806646347046
59,0.8225350975990295
60,0.5719704627990723
61,0.9657697081565857
62,-1.4081523418426514
63,0.8355696797370911
64,0.18784449994564056
65,0.9736098647117615
66,-1.6446430683135986
67,0.9006882309913635
68,0.5192165374755859
69,0.8982473611831665
70,-1.5678859949111938
71,0.8075889348983765
72,0.23388409614562988
73,0.8999643325805664
74,-1.8236825466156006
75,0.8595771193504333
76,0.5313913226127625
77,0.844727635383606
78,-1.5128127336502075
79,0.8425073623657227
80,0.23004233837127686
81,0.8231454491615295
82,-1.7965494394302368
83,0.8873541951179504
84,0.5358816981315613
85,0.8565388321876526
86,-1.4122271537780762
87,0.8135408759117126
88,0.23174183070659637
89,0.8383986353874207
90,-1.6622047424316406
91,0.8675066828727722
92,0.5744395852088928
93,1.4296355247497559
94,-0.058935679495334625
95,0.0063563985750079155
96,0.2764376997947693
97,1.4340825080871582
98,0.06429092586040497
99,0.006662515923380852
100,0.5597721934318542
101,2.04892897605896
102,-0.10443092882633209
103,0.0016102248337119818
104,0.2858373522758484
105,2.0442192554473877
106,-0.01694929040968418
107,0.0007563794497400522
108,0.5700198411941528
109,2.598172664642334
110,0.4302882254123688
111,0.00011346424435032532
112,0.31825050711631775
113,2.5824344158172607
114,0.33839473128318787
115,1.4657132851425558e-05
116,0.579964280128479
117,2.6799941062927246
118,0.4414216876029968
119,8.624643669463694e-05
120,0.3129853904247284
121,2.6585378646850586
122,0.3522895872592926
123,3.267498323111795e-05
124,0.5316863059997559
125,2.760476589202881
126,-0.20278508961200714
127,0.00012466617044992745
128,0.36514216661453247
129,2.757639169692993
130,-0.3291764259338379
131,9.604526712791994e-05
132,0.41016268730163574
133,0.35777536034584045
134,-0.031153015792369843
135,0.4068997800350189
136,0.31859010457992554
137,-0.046916939318180084
138,0.40855443477630615
139,0.33367490768432617
140,-0.02805572748184204
141,0.39939895272254944
142,0.2851392328739166
143,-0.03073291853070259
144,0.40640971064567566
145,0.3065491318702698
146,-0.048429716378450394
147,0.40621379017829895
148,0.2928643822669983
149,-0.04324338957667351
150,0.4062596559524536
151,0.26277750730514526
152,-0.015515939332544804
153,0.34947851300239563
154,0.27179238200187683
155,0.019673114642500877
156,0.4060856103897095
157,0.2399960458278656
158,-0.006434764247387648
159,0.4057953655719757
160,0.22541019320487976
161,-0.005852104630321264
162,0.40502578020095825
163,0.17241938412189484
164,0.01172083429992199
165,0.4104984998703003
166,0.36366701126098633
167,-0.030837833881378174
168,0.41079816222190857
169,0.3688955008983612
170,-0.028722351416945457
171,0.4109945297241211
172,0.37149930000305176
173,-0.025487879291176796
174,0.41166192293167114
175,0.38895973563194275
176,-0.022359797731041908
177,0.4117851257324219
178,0.39426952600479126
179,-0.024282006546854973
180,0.41197338700294495
181,0.4010973274707794
182,-0.026544630527496338
183,0.4122057259082794
184,0.4086366295814514
185,-0.025476129725575447
186,0.41259142756462097
187,0.4204000234603882
188,-0.018374180421233177
189,0.40746015310287476
190,0.32571539282798767
191,-0.04340894892811775
192,0.4003748893737793
193,0.3271591067314148
194,-0.03225533664226532
195,0.3243803381919861
196,0.24058252573013306
197,0.06650076061487198
198,0.3722648322582245
199,0.27886295318603516
200,0.009688172489404678
201,0.3643208146095276
202,0.2804660201072693
203,0.010238331742584705
204,0.3567620515823364
205,0.28061601519584656
206,0.012682669796049595
207,0.3466041088104248
208,0.2765228748321533
209,0.02038079872727394
210,0.37901782989501953
211,0.2752557098865509
212,0.010490916669368744
213,0.3613974452018738
214,0.2509077787399292
215,0.009385987184941769
216,0.36998751759529114
217,0.2511635422706604
218,0.009446339681744576
219,0.3533855080604553
220,0.25327539443969727
221,0.011989912018179893
222,0.34811392426490784
223,0.25792521238327026
224,0.015295728109776974
225,0.3407677114009857
226,0.28466251492500305
227,0.02383297309279442
228,0.38106051087379456
229,0.4379144310951233
230,-0.010550694540143013
231,0.34687674045562744
232,0.26978617906570435
233,0.022796865552663803
234,0.320997953414917
235,0.2883611023426056
236,0.06233498454093933
237,0.3326416313648224
238,0.27975907921791077
239,0.03350578993558884
240,0.366717666387558
241,0.32101768255233765
242,-0.005377405323088169
243,0.39856216311454773
244,0.35719260573387146
245,-0.02954225242137909
246,0.4007839262485504
247,0.37005841732025146
248,-0.027107564732432365
249,0.3873162865638733
250,0.36336326599121094
251,-0.024487433955073357
252,0.38078105449676514
253,0.3707861602306366
254,-0.017509449273347855
255,0.39273062348365784
256,0.37267908453941345
257,-0.023030592128634453
258,0.38688910007476807
259,0.37622299790382385
260,-0.016383344307541847
261,0.372618705034256
262,0.39660942554473877
263,-0.005146700423210859
264,0.40006205439567566
265,0.319096177816391
266,-0.04604864865541458
267,0.3985815644264221
268,0.3077251613140106
269,-0.04732750356197357
270,0.33606603741645813
271,0.24850526452064514
272,0.01998136192560196
273,0.38258200883865356
274,0.2924429476261139
275,-0.0030058282427489758
276,0.38073036074638367
277,0.32130658626556396
278,-0.025052055716514587
279,0.38011637330055237
280,0.31620144844055176
281,-0.02179655060172081
282,0.34295809268951416
283,0.32401949167251587
284,0.006345949601382017
285,0.39885982871055603
286,0.2950015068054199
287,-0.04049704968929291
288,0.3542957305908203
289,0.23297026753425598
290,0.006161230616271496
291,0.34324395656585693
292,0.23840326070785522
293,0.012606263160705566
294,0.3304826021194458
295,0.21728578209877014
296,0.0527801439166069
297,0.3894367516040802
298,0.23933295905590057
299,-0.0030771975871175528
300,0.37758296728134155
301,0.2542581558227539
302,0.011431404389441013
303,0.3662465214729309
304,0.3838307857513428
305,-0.0024603591300547123
306,0.3329482078552246
307,0.39707404375076294
308,0.06752187013626099
309,0.38739585876464844
310,0.32714083790779114
311,-0.0225558839738369
312,0.39488938450813293
313,0.3303402066230774
314,-0.02461891993880272
315,0.3740840554237366
316,0.3840915858745575
317,-0.003068519290536642
318,0.3785145580768585
319,0.38351869583129883
320,-0.005319277290254831
321,0.33899492025375366
322,0.23214027285575867
323,0.018053442239761353
324,0.3808761537075043
325,0.32720375061035156
326,-0.021172484382987022
327,0.3694711923599243
328,0.23271381855010986
329,0.000726940343156457
330,0.3678474724292755
331,0.22346459329128265
332,0.00028787567862309515
333,0.35983648896217346
334,0.18323801457881927
335,0.022872550413012505
336,0.33495986461639404
337,0.2239719182252884
338,0.033358097076416016
339,0.36459553241729736
340,0.20160506665706635
341,0.011474455706775188
342,0.3319370746612549
343,0.24538272619247437
344,0.028342703357338905
345,0.3282456398010254
346,0.24325022101402283
347,0.04665772616863251
348,0.39949730038642883
349,0.36433708667755127
350,-0.029205627739429474
351,0.39020150899887085
352,0.3687078058719635
353,-0.024157507345080376
354,0.38376131653785706
355,0.3735007643699646
356,-0.01764519326388836
357,0.38977935910224915
358,0.32932648062705994
359,-0.021357912570238113
360,0.37625181674957275
361,0.38396790623664856
362,-0.004327031783759594
363,0.37989315390586853
364,0.38854512572288513
365,-0.009425755590200424
366,0.3798728287220001
367,0.38296279311180115
368,-0.00559197785332799
369,0.39140164852142334
370,0.3214603364467621
371,-0.033594392240047455
372,0.3888183534145355
373,0.37581485509872437
374,-0.015410655178129673
375,0.3947395980358124
376,0.37353280186653137
377,-0.02021365612745285
378,0.4021242558956146
379,0.37228310108184814
380,-0.02405010536313057
381,0.4001173675060272
382,0.4201602041721344
383,-0.017581764608621597
384,0.40024426579475403
385,0.40801364183425903
386,-0.024302436038851738
387,0.40069717168807983
388,0.4003417193889618
389,-0.024967988952994347
390,0.4013938009738922
391,0.3933729827404022
392,-0.022550970315933228
393,0.40227755904197693
394,0.38900142908096313
395,-0.02080010436475277
396,0.3883674740791321
397,0.3875580430030823
398,-0.01283344253897667
399,0.3867291510105133
400,0.389260470867157
401,-0.014449428766965866
402,0.3844320774078369
403,0.39272499084472656
404,-0.01592569798231125
405,0.38257503509521484
406,0.3969739079475403
407,-0.014650588855147362
408,0.3740595281124115
409,0.3596878945827484
410,-0.013536917045712471
411,0.32372337579727173
412,0.34312930703163147
413,0.08832541853189468
414,0.4079810380935669
415,0.32932427525520325
416,-0.03320623189210892
417,0.384540319442749
418,0.3865613639354706
419,-0.008272463455796242
420,0.38224154710769653
421,0.3870115876197815
422,-0.009312056005001068
423,0.39776232838630676
424,0.33512502908706665
425,-0.02571333758533001
426,0.3843083381652832
427,0.3344869315624237
428,-0.01608542539179325
429,0.3964095711708069
430,0.3328334093093872
431,-0.025338459759950638
432,0.37398505210876465
433,0.29993629455566406
434,-0.000930714188143611
435,0.36103904247283936
436,0.3083096742630005
437,0.0009255302720703185
438,0.3790487051010132
439,0.3221151530742645
440,-0.01767377182841301
441,0.34155264496803284
442,0.19779743254184723
443,0.03707173466682434
444,0.3463769257068634
445,0.20960453152656555
446,0.02185838483273983
447,0.35142841935157776
448,0.22441965341567993
449,0.009264334104955196
450,0.3793827295303345
451,0.4056519865989685
452,-0.009825759567320347
453,0.38651949167251587
454,0.22453680634498596
455,-0.004382190760225058
456,0.38358074426651
457,0.19862434267997742
458,0.004968374501913786
459,0.38033342361450195
460,0.17561733722686768
461,0.01422800775617361
462,0.35027480125427246
463,0.2796438932418823
464,0.016620606184005737
465,0.33287620544433594
466,0.2937997281551361
467,0.027738820761442184
468,0.38335147500038147
469,0.27162837982177734
470,0.011843967251479626
471,0.3399354815483093
472,0.26345956325531006
473,0.023030972108244896
474,0.38833048939704895
475,0.2842135429382324
476,-0.005354342050850391
477,0.385623037815094
478,0.3153163492679596
479,-0.03268872946500778
480,0.3254311978816986
481,0.30389732122421265
482,0.035845305770635605
483,0.33773374557495117
484,0.29922986030578613
485,0.01894339919090271
486,0.34752774238586426
487,0.30081453919410706
488,0.010555473156273365
489,0.36253705620765686
490,0.2974584996700287
491,0.006352224852889776
492,0.37375906109809875
493,0.29205194115638733
494,0.004761009011417627
495,0.38239753246307373
496,0.285733163356781
497,0.002955412957817316
498,0.39861977100372314
499,0.2668288052082062
500,-0.012284732423722744
501,0.32617083191871643
502,0.3262517750263214
503,0.03014782816171646
504,0.3340272605419159
505,0.26344192028045654
506,0.02753220871090889
507,0.403385728597641
508,0.32570791244506836
509,-0.04281356558203697
510,0.38300269842147827
511,0.30174708366394043
512,-0.008453148417174816
513,0.3208690881729126
514,0.2927764356136322
515,0.09000740200281143
516,0.38859471678733826
517,0.2786116898059845
518,0.0023730287794023752
519,0.37861204147338867
520,0.32405319809913635
521,-0.009173829108476639
522,0.34403085708618164
523,0.2708737850189209
524,0.024425484240055084
525,0.3851699233055115
526,0.30914896726608276
527,-0.02860952541232109
528,0.3266932964324951
529,0.3696087598800659
530,0.08018048107624054
531,0.3834402859210968
532,0.26774394512176514
533,0.014766196720302105
534,0.39189091324806213
535,0.30083543062210083
536,-0.03593222796916962
537,0.34766772389411926
538,0.4157285690307617
539,0.022478880360722542
540,0.3496897518634796
541,0.4322260916233063
542,0.03419310972094536
543,0.3210521638393402
544,0.3353293836116791
545,0.05919354036450386
546,0.3379563093185425
547,0.40234553813934326
548,0.03386427089571953
549,0.3246086835861206
550,0.2644612193107605
551,0.057124871760606766
552,0.3801380395889282
553,0.451240599155426
554,-0.00797125045210123
555,0.40477511286735535
556,0.3291989862918854
557,-0.03266479820013046
558,0.37599074840545654
559,0.3111027181148529
560,-0.006352691911160946
561,0.3267592787742615
562,0.2839115858078003
563,0.041881345212459564
564,0.35711175203323364
565,0.27394115924835205
566,0.014165765605866909
567,0.36401546001434326
568,0.2742184102535248
569,0.011906265281140804
570,0.3776136338710785
571,0.3906882703304291
572,-0.008264164440333843
573,0.32817476987838745
574,0.3495134711265564
575,0.02924376167356968
576,0.39592117071151733
577,0.4683610200881958
578,-0.008822709321975708
579,0.3711140751838684
580,0.45459675788879395
581,0.010221150703728199
582,0.36104658246040344
583,0.4453405439853668
584,0.020903456956148148
585,0.4053760766983032
586,0.19745534658432007
587,0.0026253117248415947
588,0.41394639015197754
589,0.4698346257209778
590,-0.011895342729985714
591,0.37080228328704834
592,0.2730621099472046
593,0.011543729342520237
594,0.377125084400177
595,0.27088794112205505
596,0.012760700657963753
597,0.3812740743160248
598,0.2692873775959015
599,0.014609476551413536
600,0.32921671867370605
601,0.2633354663848877
602,0.036437734961509705
603,0.3766286075115204
604,0.2621118426322937
605,0.012545991688966751
606,0.36982715129852295
607,0.26049095392227173
608,0.01133538968861103
609,0.36325135827064514
610,0.2603302299976349
611,0.011868063360452652
612,0.35645970702171326
613,0.2623748481273651
614,0.013882262632250786
615,0.35194146633148193
616,0.2653777599334717
617,0.01655791886150837
618,0.3214775025844574
619,0.2642541229724884
620,0.08056250214576721
621,0.35255926847457886
622,0.2729575037956238
623,0.01708420366048813
624,0.40914201736450195
625,0.3418019413948059
626,-0.02691018022596836
627,0.3810347318649292
628,0.3510543406009674
629,-0.018103979527950287
630,0.3869810104370117
631,0.32491791248321533
632,-0.02528664842247963
633,0.39705708622932434
634,0.3441697955131531
635,-0.025980466976761818
636,0.4063178300857544
637,0.25198474526405334
638,-0.00760063249617815
639,0.35826611518859863
640,0.4296337068080902
641,0.012713346630334854
642,0.3687182068824768
643,0.4404100775718689
644,0.002720280783250928
645,0.3950110971927643
646,0.4583992660045624
647,-0.01719493232667446
648,0.3409711718559265
649,0.41788360476493835
650,0.05087645724415779
651,0.38133713603019714
652,0.26524409651756287
653,0.013941776007413864
654,0.3934132754802704
655,0.2837245464324951
656,-0.01727042905986309
657,0.4135124683380127
658,0.45984748005867004
659,-0.01976778358221054
660,0.38229215145111084
661,0.4626515805721283
662,-0.001015631016343832
663,0.32414868474006653
664,0.36039939522743225
665,0.0541902594268322
666,0.3945496380329132
667,0.38830387592315674
668,-0.017139337956905365
669,0.392990380525589
670,0.3915463089942932
671,-0.01883234642446041
672,0.3913443684577942
673,0.39694324135780334
674,-0.02045840583741665
675,0.390177458524704
676,0.4036867320537567
677,-0.019609831273555756
678,0.3881090581417084
679,0.41418078541755676
680,-0.014554867520928383
681,0.3818306624889374
682,0.379668653011322
683,-0.010393137112259865
684,0.3787980079650879
685,0.37871676683425903
686,-0.010146567597985268
687,0.376139372587204
688,0.3771398961544037
689,-0.009998027235269547
690,0.3686590790748596
691,0.3706313669681549
692,-0.0074786352925002575
693,0.33807095885276794
694,0.35125723481178284
695,0.011870692484080791
696,0.3936689496040344
697,0.2747716009616852
698,-0.00816132128238678
699,0.3895360827445984
700,0.2582818865776062
701,0.009318789467215538
702,0.3847469091415405
703,0.26102983951568604
704,0.012647241353988647
705,0.3840262293815613
706,0.37817344069480896
707,-0.009837851859629154
708,0.33924779295921326
709,0.3818334937095642
710,0.02083384431898594
711,0.39614614844322205
712,0.25547999143600464
713,-0.0017991397762671113
714,0.384386271238327
715,0.4252835810184479
716,-0.011892249807715416
717,0.4062259793281555
718,0.28246748447418213
719,-0.03356048837304115
720,0.39887869358062744
721,0.276411235332489
722,-0.02208792231976986
723,0.4062451422214508
724,0.27294018864631653
725,-0.024056673049926758
726,0.3876264691352844
727,0.30113595724105835
728,-0.01966353878378868
729,0.4130801558494568
730,0.4467099606990814
731,-0.02216297760605812
732,0.4128156304359436
733,0.4322677552700043
734,-0.0201706700026989
735,0.3978726863861084
736,0.4317726492881775
737,-0.01798381097614765
738,0.3658893406391144
739,0.4023140072822571
740,-0.0010590913007035851
741,0.3729194104671478
742,0.33452680706977844
743,-0.0076914019882678986
744,0.3741912841796875
745,0.41551536321640015
746,-0.0061844284646213055
747,0.35464799404144287
748,0.33621343970298767
749,-0.003156899707391858
750,0.366109699010849
751,0.3471667766571045
752,-0.006837218068540096
753,0.3490661084651947
754,0.35664084553718567
755,0.001749080023728311
756,0.39562636613845825
757,0.4456392228603363
758,-0.01932225376367569
759,0.382843941450119
760,0.30892500281333923
761,-0.014618976041674614
762,0.3597045838832855
763,0.4137960374355316
764,0.005258277058601379
765,0.3702971935272217
766,0.4265851378440857
767,-0.0019326184410601854
768,0.35910698771476746
769,0.38692760467529297
770,0.0011292380513623357
771,0.3313661813735962
772,0.3697425127029419
773,0.02955823577940464
774,0.34944772720336914
775,0.39203643798828125
776,0.009105430915951729
777,0.32936257123947144
778,0.3831310272216797
779,0.0471375472843647
780,0.3606536388397217
781,0.3634532392024994
782,-0.003950490150600672
783,0.3883766531944275
784,0.2926813066005707
785,-0.012442640960216522
786,0.3885159492492676
787,0.31973159313201904
788,-0.03492666408419609
789,0.3834032416343689
790,0.3243677318096161
791,-0.026580194011330605
792,0.3917407989501953
793,0.31085288524627686
794,-0.04032500088214874
795,0.3831488788127899
796,0.24970242381095886
797,0.00816074013710022
798,0.3700115382671356
799,0.24436981976032257
800,0.007476132828742266
801,0.3585568368434906
802,0.24382641911506653
803,0.0081314817070961
804,0.34908273816108704
805,0.24692115187644958
806,0.01158709917217493
807,0.34269773960113525
808,0.2532443106174469
809,0.01669248752295971
810,0.33917397260665894
811,0.27506229281425476
812,0.02771734818816185
813,0.31992200016975403
814,0.3115936517715454
815,0.06124238669872284
816,0.3447495102882385
817,0.2880569100379944
818,0.018881425261497498
819,0.35276585817337036
820,0.2895491123199463
821,0.013332359492778778
822,0.3631919026374817
823,0.2885223627090454
824,0.009506908245384693
825,0.3732595443725586
826,0.2851392924785614
827,0.008088123984634876
828,0.381271630525589
829,0.2804432511329651
830,0.00789683312177658
831,0.38665369153022766
832,0.2757371962070465
833,0.007661530282348394
834,0.3222654163837433
835,0.31822410225868225
836,0.09214002639055252
837,0.3840446472167969
838,0.32807931303977966
839,-0.022774899378418922
840,0.3932137191295624
841,0.291944295167923
842,-0.02542770653963089
843,0.3943849802017212
844,0.3186035454273224
845,-0.041625481098890305
846,0.39963629841804504
847,0.32483187317848206
848,-0.03928353637456894
849,0.3947002589702606
850,0.3212328255176544
851,-0.03783087804913521
852,0.3867168128490448
853,0.3317875266075134
854,-0.020464619621634483
855,0.400925874710083
856,0.32537224888801575
857,-0.04162324219942093
858,0.40218454599380493
859,0.32874518632888794
860,-0.03242732584476471
861,0.3863174319267273
862,0.2675674259662628
863,0.013135083951056004
864,0.3907546103000641
865,0.26889529824256897
866,0.007381889037787914
867,0.39312946796417236
868,0.2692597508430481
869,0.0008816507179290056
870,0.34913450479507446
871,0.2676526606082916
872,0.019303370267152786
873,0.34421855211257935
874,0.2635402977466583
875,0.020029840990900993
876,0.41343480348587036
877,0.2842365801334381
878,-0.03104560263454914
879,0.4674089550971985
880,0.2656818628311157
881,0.017236582934856415
882,0.41563382744789124
883,0.3260648250579834
884,-0.032501451671123505
885,0.4946575462818146
886,0.23019090294837952
887,0.06287042796611786
888,0.44404375553131104
889,0.27496492862701416
890,0.007962813600897789
891,0.4522812068462372
892,0.2756902277469635
893,0.008267268538475037
894,0.4601505696773529
895,0.27488988637924194
896,0.010394003242254257
897,0.470798134803772
898,0.26981014013290405
899,0.01774599216878414
900,0.4369668662548065
901,0.2722126245498657
902,0.00921717006713152
903,0.4534185230731964
904,0.24624553322792053
905,0.007460559718310833
906,0.44481098651885986
907,0.24735870957374573
908,0.007956083863973618
909,0.46184635162353516
910,0.24759766459465027
911,0.009852088056504726
912,0.4676934480667114
913,0.251642644405365
914,0.01291638519614935
915,0.47726282477378845
916,0.2766975164413452
917,0.020932519808411598
918,0.44555050134658813
919,0.43406736850738525
920,-0.011829374358057976
921,0.47008663415908813
922,0.2634052336215973
923,0.020285531878471375
924,0.5003024339675903
925,0.2775474786758423
926,0.0585256889462471
927,0.485796183347702
928,0.27075618505477905
929,0.030387384817004204
930,0.45133036375045776
931,0.31515347957611084
932,-0.007180158048868179
933,0.4218602180480957
934,0.3550940155982971
935,-0.029942600056529045
936,0.42112183570861816
937,0.3681858777999878
938,-0.02760648913681507
939,0.434287965297699
940,0.35901883244514465
941,-0.025333531200885773
942,0.44202905893325806
943,0.36491942405700684
944,-0.018689073622226715
945,0.4298757016658783
946,0.3691524863243103
947,-0.023983227089047432
948,0.4364655911922455
949,0.3713432252407074
950,-0.01755889318883419
951,0.45257115364074707
952,0.38984933495521545
953,-0.006765066180378199
954,0.41398054361343384
955,0.3181341290473938
956,-0.046261128038167953
957,0.41454291343688965
958,0.30667439103126526
959,-0.04753577709197998
960,0.47963953018188477
961,0.2407756894826889
962,0.017150508239865303
963,0.43324509263038635
964,0.2892304062843323
965,-0.004102441016584635
966,0.43537986278533936
967,0.3171420693397522
968,-0.025931892916560173
969,0.435861200094223
970,0.3120220899581909
971,-0.022693848237395287
972,0.47635477781295776
973,0.31515347957611084
974,0.00332772359251976
975,0.41394519805908203
976,0.29404711723327637
977,-0.04081815481185913
978,0.45923101902008057
979,0.22791904211044312
980,0.003914696630090475
981,0.4711204767227173
982,0.23188871145248413
983,0.009876245632767677
984,0.48593270778656006
985,0.2078447788953781
986,0.04943091422319412
987,0.42336636781692505
988,0.23790541291236877
989,-0.003752000629901886
990,0.4374321699142456
991,0.2512391209602356
992,0.010281597264111042
993,0.4582015872001648
994,0.37597760558128357
995,-0.004405522253364325
996,0.4959723949432373
997,0.3873269557952881
998,0.06396141648292542
999,0.4293677508831024
1000,0.323898583650589
1001,-0.023440111428499222
1002,0.4221446216106415
1003,0.3281761407852173
1004,-0.025031354278326035
1005,0.45060399174690247
1006,0.37665724754333496
1007,-0.004720181692391634
1008,0.4461473226547241
1009,0.37671634554862976
1010,-0.0066727325320243835
1011,0.47537702322006226
1012,0.2251085788011551
1013,0.015343999490141869
1014,0.43619343638420105
1015,0.32284554839134216
1016,-0.022107789292931557
1017,0.44354066252708435
1018,0.22930178046226501
1019,-0.0007993629551492631
1020,0.44466516375541687
1021,0.219770610332489
1022,-0.0011392171727493405
1023,0.45217546820640564
1024,0.17757262289524078
1025,0.021065615117549896
1026,0.4803040623664856
1027,0.21570409834384918
1028,0.030462678521871567
1029,0.4474436938762665
1030,0.1970714032649994
1031,0.009793727658689022
1032,0.4842379093170166
1033,0.23692810535430908
1034,0.025222469121217728
1035,0.48932352662086487
1036,0.23391085863113403
1037,0.04331297427415848
1038,0.4217355251312256
1039,0.3622933328151703
1040,-0.029727322980761528
1041,0.4319688081741333
1042,0.36472612619400024
1043,-0.025065217167139053
1044,0.43931013345718384
1045,0.3681013286113739
1046,-0.018845362588763237
1047,0.4273661673069
1048,0.32635825872421265
1049,-0.02196008898317814
1050,0.4484184682369232
1051,0.37676966190338135
1052,-0.0058173225261271
1053,0.44479048252105713
1054,0.3823448121547699
1055,-0.01056432630866766
1056,0.4448317885398865
1057,0.3766133487224579
1058,-0.006931601092219353
1059,0.4240182340145111
1060,0.3191457986831665
1061,-0.034269433468580246
1062,0.43468159437179565
1063,0.37125229835510254
1064,-0.01647813431918621
1065,0.4280601739883423
1066,0.3703908324241638
1067,-0.021045507863163948
1068,0.4202122688293457
1069,0.3705803155899048
1070,-0.024539459496736526
1071,0.42515191435813904
1072,0.41844260692596436
1073,-0.01813466101884842
1074,0.4242742359638214
1075,0.40616685152053833
1076,-0.02483419142663479
1077,0.4234093725681305
1078,0.39861801266670227
1079,-0.025536173954606056
1080,0.42230507731437683
1081,0.3917250633239746
1082,-0.023087672889232635
1083,0.4212203621864319
1084,0.3874107301235199
1085,-0.021248307079076767
1086,0.43594440817832947
1087,0.383041113615036
1088,-0.01373104378581047
1089,0.43760401010513306
1090,0.38449546694755554
1091,-0.015426241792738438
1092,0.4400597810745239
1093,0.38765856623649597
1094,-0.016845326870679855
1095,0.44216281175613403
1096,0.39166420698165894
1097,-0.015642274171113968
1098,0.44740206003189087
1099,0.35366255044937134
1100,-0.014758943580091
1101,0.5031401515007019
1102,0.33228039741516113
1103,0.08421634137630463
1104,0.4400315284729004
1105,0.381217360496521
1106,-0.00931519828736782
1107,0.44233494997024536
1108,0.38126957416534424
1109,-0.010475166141986847
1110,0.41971638798713684
1111,0.3333355188369751
1112,-0.026111802086234093
1113,0.4338130056858063
1114,0.3304648995399475
1115,-0.01686670444905758
1116,0.4208320379257202
1117,0.33085963129997253
1118,-0.02572929859161377
1119,0.44264650344848633
1120,0.2954437732696533
1121,-0.0024547043722122908
1122,0.4564717411994934
1123,0.30203819274902344
1124,-0.0012506445636972785
1125,0.4377315640449524
1126,0.3175733983516693
1127,-0.018724262714385986
1128,0.4724728763103485
1129,0.18974363803863525
1130,0.0343833863735199
1131,0.4670720100402832
1132,0.20282086730003357
1133,0.019514022395014763
1134,0.46174684166908264
1135,0.21897897124290466
1136,0.007042210549116135
1137,0.44595399498939514
1138,0.4004341959953308
1139,-0.011140712536871433
1140,0.4256197512149811
1141,0.22273358702659607
1142,-0.0051840306259691715
1143,0.4277481436729431
1144,0.19613638520240784
1145,0.004160094074904919
1146,0.43044906854629517
1147,0.17245997488498688
1148,0.013252686709165573
1149,0.4669780135154724
1150,0.27320197224617004
1151,0.014059077017009258
1152,0.4859635829925537
1153,0.28439462184906006
1154,0.024547968059778214
1155,0.4324145019054413
1156,0.26923930644989014
1157,0.010777614079415798
1158,0.47683781385421753
1159,0.2559811770915985
1160,0.020209738984704018
1161,0.4267120659351349
1162,0.28185656666755676
1163,-0.006227085366845131
1164,0.42929935455322266
1165,0.3122330605983734
1166,-0.03338942676782608
1167,0.4947757124900818
1168,0.2934439778327942
1169,0.03228012099862099
1170,0.48066747188568115
1171,0.29025620222091675
1172,0.015960516408085823
1173,0.47025927901268005
1174,0.2928825914859772
1175,0.007873067632317543
1176,0.4546129107475281
1177,0.2915932834148407
1178,0.004292502533644438
1179,0.44271624088287354
1180,0.2878046929836273
1181,0.003238565754145384
1182,0.43351489305496216
1183,0.28274738788604736
1184,0.0017813567537814379
1185,0.4144964814186096
1186,0.2659629285335541
1187,-0.012712211348116398
1188,0.49483829736709595
1189,0.31551167368888855
1190,0.026560505852103233
1191,0.48319903016090393
1192,0.25501659512519836
1193,0.02452075481414795
1194,0.4116542935371399
1195,0.32506507635116577
1196,-0.042961638420820236
1197,0.4329379200935364
1198,0.2983894646167755
1199,-0.009368440136313438
1200,0.5028256773948669
1201,0.28173327445983887
1202,0.08590538054704666
1203,0.4266824722290039
1204,0.2764780521392822
1205,0.0014806714607402682
1206,0.4388296902179718
1207,0.31941115856170654
1208,-0.010097004473209381
1209,0.47317469120025635
1210,0.2639657258987427
1211,0.02170063555240631
1212,0.42966437339782715
1213,0.30597826838493347
1214,-0.02935999631881714
1215,0.5013394355773926
1216,0.3591427505016327
1217,0.07641532272100449
1218,0.4323320984840393
1219,0.26552507281303406
1220,0.0136822909116745
1221,0.4216901659965515
1222,0.29881516098976135
1223,-0.036514244973659515
1224,0.47934913635253906
1225,0.40765276551246643
1226,0.019708232954144478
1227,0.4793236255645752
1228,0.4247876703739166
1229,0.03150652348995209
1230,0.5027247071266174
1231,0.32421866059303284
1232,0.05538700893521309
1233,0.4887881278991699
1234,0.39310821890830994
1235,0.0308047104626894
1236,0.4949030876159668
1237,0.2543180584907532
1238,0.053552743047475815
1239,0.4473567306995392
1240,0.4474238157272339
1241,-0.009316889569163322
1242,0.4112282693386078
1243,0.3287029266357422
1244,-0.03273140266537666
1245,0.44102081656455994
1246,0.3064800202846527
1247,-0.007546344771981239
1248,0.49263712763786316
1249,0.274091899394989
1250,0.03850153833627701
1251,0.4593917727470398
1252,0.2686324417591095
1253,0.011990563943982124
1254,0.4522041380405426
1255,0.2696111798286438
1256,0.009967578575015068
1257,0.44720005989074707
1258,0.38417109847068787
1259,-0.009542662650346756
1260,0.49448904395103455
1261,0.33879712224006653
1262,0.02571900561451912
1263,0.43217527866363525
1264,0.46647873520851135
1265,-0.009654445573687553
1266,0.4575766921043396
1267,0.44986453652381897
1268,0.008423222228884697
1269,0.467803955078125
1270,0.4393799304962158
1271,0.01870252750813961
1272,0.4452245235443115
1273,0.269234299659729
1274,0.009837627410888672
1275,0.43876200914382935
1276,0.2676886320114136
1277,0.011255208402872086
1278,0.43459847569465637
1279,0.26671791076660156
1280,0.013312535360455513
1281,0.4887257218360901
1282,0.2540309429168701
1283,0.03317536041140556
1284,0.43899139761924744
1285,0.2592512369155884
1286,0.011074086651206017
1287,0.4457451403141022
1288,0.2569569945335388
1289,0.009630865417420864
1290,0.45245394110679626
1291,0.2561143934726715
1292,0.009889055974781513
1293,0.4595085382461548
1294,0.25732728838920593
1295,0.011706468649208546
1296,0.4643684923648834
1297,0.2596495747566223
1298,0.014227145351469517
1299,0.49991971254348755
1300,0.2534005343914032
1301,0.07665286958217621
1302,0.46412622928619385
1303,0.2671917676925659
1304,0.014738788828253746
1305,0.4390241205692291
1306,0.3463016748428345
1307,-0.0190888661891222
1308,0.429315984249115
1309,0.3217030167579651
1310,-0.025966564193367958
1311,0.42169857025146484
1312,0.34209945797920227
1313,-0.026472609490156174
1314,0.46905481815338135
1315,0.42287716269493103
1316,0.010502904653549194
1317,0.45879289507865906
1318,0.4351910948753357
1319,0.0009563181665726006
1320,0.43212756514549255
1321,0.45633965730667114
1322,-0.01804727502167225
1323,0.48810499906539917
1324,0.40929365158081055
1325,0.04767649248242378
1326,0.43424808979034424
1327,0.2627919614315033
1328,0.012655065394937992
1329,0.420428067445755
1330,0.28211545944213867
1331,-0.017811041325330734
1332,0.44603222608566284
1333,0.4591940641403198
1334,-0.0023550994228571653
1335,0.5010342597961426
1336,0.34953582286834717
1337,0.05053667724132538
1338,0.4292909502983093
1339,0.3851814270019531
1340,-0.01795303076505661
1341,0.43100836873054504
1342,0.38824477791786194
1343,-0.019586585462093353
1344,0.4328632652759552
1345,0.3934096097946167
1346,-0.02123079262673855
1347,0.43445175886154175
1348,0.40008920431137085
1349,-0.020401321351528168
1350,0.43717968463897705
1351,0.41055721044540405
1352,-0.015637489035725594
1353,0.4423358142375946
1354,0.3736671507358551
1355,-0.01176845096051693
1356,0.4451592266559601
1357,0.3722487688064575
1358,-0.011641673743724823
1359,0.44771844148635864
1360,0.3702012002468109
1361,-0.011423345655202866
1362,0.4544017016887665
1363,0.3633858561515808
1364,-0.009143920615315437
1365,0.4837908148765564
1366,0.3415777385234833
1367,0.008573614992201328
1368,0.4203861653804779
1369,0.27321553230285645
1370,-0.008881893008947372
1371,0.42505282163619995
1372,0.2566801905632019
1373,0.008651635609567165
1374,0.4304208755493164
1375,0.25889045000076294
1376,0.011723112314939499
1377,0.440123587846756
1378,0.37265852093696594
1379,-0.011100580915808678
1380,0.4853396415710449
1381,0.37230920791625977
1382,0.01770849898457527
1383,0.4172714054584503
1384,0.2545199990272522
1385,-0.0021353657357394695
1386,0.44156891107559204
1387,0.42147642374038696
1388,-0.01305118203163147
1389,0.41402631998062134
1390,0.27551043033599854
1391,-0.02238481305539608
1392,0.4272107481956482
1393,0.2984851598739624
1394,-0.02030007354915142
1395,0.4278760254383087
1396,0.42990735173225403
1397,-0.01868485100567341
1398,0.45944735407829285
1399,0.39549386501312256
1400,-0.0028928739484399557
1401,0.44594478607177734
1402,0.3290420472621918
1403,-0.009063655510544777
1404,0.4516702890396118
1405,0.41006702184677124
1406,-0.007653053849935532
1407,0.4650086760520935
1408,0.3286861777305603
1409,-0.005596526898443699
1410,0.4543154835700989
1411,0.3407922387123108
1412,-0.008527386002242565
1413,0.4727027714252472
1414,0.34823551774024963
1415,-0.0008800056530162692
1416,0.4307625889778137
1417,0.44361114501953125
1418,-0.02019611746072769
1419,0.4330733120441437
1420,0.3053511381149292
1421,-0.015454737469553947
1422,0.4662812650203705
1423,0.4067898988723755
1424,0.0031541516073048115
1425,0.4562681019306183
1426,0.42113351821899414
1427,-0.00358912767842412
1428,0.46529024839401245
1429,0.37897878885269165
1430,-0.0012422699946910143
1431,0.49277621507644653
1432,0.3593723177909851
1433,0.026061052456498146
1434,0.475404292345047
1435,0.3835616707801819
1436,0.006364581640809774
1437,0.4968706965446472
1438,0.37275445461273193
1439,0.043694790452718735
1440,0.4616425633430481
1441,0.35588130354881287
1442,-0.006158992648124695
1443,0.4264986515045166
1444,0.2901906967163086
1445,-0.01316963229328394
1446,0.4266725480556488
1447,0.3169727921485901
1448,-0.03556869551539421
1449,0.4328952729701996
1450,0.3207094073295593
1451,-0.02734347991645336
1452,0.42214852571487427
1453,0.3088212013244629
1454,-0.040984440594911575
1455,0.43119603395462036
1456,0.24744416773319244
1457,0.007251134607940912
1458,0.4441649317741394
1459,0.24074602127075195
1460,0.006019377149641514
1461,0.45572414994239807
1462,0.23898570239543915
1463,0.006207682657986879
1464,0.4656918942928314
1465,0.24075810611248016
1466,0.00914736744016409
1467,0.47298818826675415
1468,0.24632003903388977
1469,0.014097735285758972
1470,0.4786158800125122
1471,0.26720568537712097
1472,0.02471902035176754
1473,0.5025646686553955
1474,0.30054983496665955
1475,0.0573933981359005
1476,0.47305023670196533
1477,0.2804398536682129
1478,0.016232090070843697
1479,0.4645233452320099
1480,0.28285205364227295
1481,0.010932468809187412
1482,0.4537314474582672
1483,0.2831493318080902
1484,0.00749644311144948
1485,0.4431663155555725
1486,0.2810411751270294
1487,0.006524265743792057
1488,0.43478935956954956
1489,0.27743643522262573
1490,0.006750083994120359
1491,0.4289950132369995
1492,0.2735082507133484
1493,0.006715360563248396
1494,0.5031620860099792
1495,0.3072320222854614
1496,0.08801152557134628
1497,0.43291357159614563
1498,0.3241943418979645
1499,-0.02355262078344822
1500,0.4204096496105194
1501,0.29015401005744934
1502,-0.026005862280726433
1503,0.4200907349586487
1504,0.3168334662914276
1505,-0.04210565984249115
1506,0.41581037640571594
1507,0.3236308693885803
1508,-0.0395132414996624
1509,0.42041492462158203
1510,0.31939810514450073
1511,-0.03827594593167305
1512,0.43088647723197937
1513,0.32828134298324585
1514,-0.02118612453341484
1515,0.4142727255821228
1516,0.32438579201698303
1517,-0.041812773793935776
1518,0.41386115550994873
1519,0.32784825563430786
1520,-0.03257188946008682
1521,0.42919033765792847
1522,0.26556119322776794
1523,0.012151270173490047
1524,0.42432770133018494
1525,0.2672874629497528
1526,0.006707359571009874
1527,0.4214562773704529
1528,0.2677970230579376
1529,0.00026639990392141044
1530,0.4674954116344452
1531,0.26167598366737366
1532,0.016804369166493416
1533,0.4722897708415985
1534,0.2567192316055298
1535,0.017420964315533638
1536,0.5745329856872559
1537,0.9956121444702148
1538,2.510738061900497e-09
1539,0.5895644426345825
1540,0.916210412979126
1541,-0.0022456105798482895
1542,0.5836182236671448
1543,0.8227878212928772
1544,-0.013104566372931004
1545,0.5619458556175232
1546,0.7513506412506104
1547,-0.022809283807873726
1548,0.5349552035331726
1549,0.7027754783630371
1550,-0.03532906249165535
1551,0.5769637227058411
1552,0.8143490552902222
1553,-0.045440200716257095
1554,0.5088402628898621
1555,0.7210575938224792
1556,-0.06864102184772491
1557,0.46904683113098145
1558,0.675100564956665
1559,-0.08117824792861938
1560,0.4375085234642029
1561,0.6418761014938354
1562,-0.08801732957363129
1563,0.5496066808700562
1564,0.8532146215438843
1565,-0.05568695068359375
1566,0.4823811650276184
1567,0.7476397752761841
1568,-0.07769792526960373
1569,0.43849456310272217
1570,0.6877966523170471
1571,-0.0891462042927742
1572,0.4045228958129883
1573,0.645833432674408
1574,-0.09782488644123077
1575,0.5176188349723816
1576,0.8899946212768555
1577,-0.06370361149311066
1578,0.4585772454738617
1579,0.7873518466949463
1580,-0.08315905928611755
1581,0.4194614887237549
1582,0.7268260717391968
1583,-0.0904206857085228
1584,0.39026984572410583
1585,0.6820034384727478
1586,-0.09488499164581299
1587,0.48426955938339233
1588,0.9218345284461975
1589,-0.07010287046432495
1590,0.44133812189102173
1591,0.8334524035453796
1592,-0.08788657188415527
1593,0.41707584261894226
1594,0.7840944528579712
1595,-0.09247104823589325
1596,0.39796802401542664
1597,0.7430970072746277
1598,-0.09427893161773682
1599,0.17860782146453857
1600,0.994482696056366
1601,7.023526791272161e-07
1602,0.15521499514579773
1603,0.9158708453178406
1604,-0.0090416818857193
1605,0.15989932417869568
1606,0.8200407028198242
1607,-0.025068266317248344
1608,0.18536049127578735
1609,0.7489597797393799
1610,-0.038124680519104004
1611,0.2138058841228485
1612,0.702920138835907
1613,-0.05133159086108208
1614,0.17489668726921082
1615,0.8228805065155029
1616,-0.06387918442487717
1617,0.24293719232082367
1618,0.7221701741218567
1619,-0.08907371759414673
1620,0.28724974393844604
1621,0.6725037693977356
1622,-0.09675845503807068
1623,0.3213854730129242
1624,0.6402550935745239
1625,-0.09779103845357895
1626,0.20583848655223846
1627,0.8619595170021057
1628,-0.06958415359258652
1629,0.2785986065864563
1630,0.7465643286705017
1631,-0.09099981933832169
1632,0.3248790502548218
1633,0.6857030391693115
1634,-0.09373993426561356
1635,0.3585556745529175
1636,0.6443438529968262
1637,-0.09401187300682068
1638,0.23875416815280914
1639,0.8976061344146729
1640,-0.07276689261198044
1641,0.3023780584335327
1642,0.7890564799308777
1643,-0.08676598966121674
1644,0.34194955229759216
1645,0.729507565498352
1646,-0.08689788728952408
1647,0.3690880239009857
1648,0.6872857809066772
1649,-0.0857539027929306
1650,0.27061623334884644
1651,0.9271278381347656
1652,-0.07564542442560196
1653,0.31624171137809753
1654,0.8357391357421875
1655,-0.08388456702232361
1656,0.34172219038009644
1657,0.785062849521637
1658,-0.08243876695632935
1659,0.36054515838623047
1660,0.7473260164260864
1661,-0.08011498302221298
