,0
0,0.4983997941017151
1,0.3278866112232208
2,-0.6736487746238708
3,0.999989926815033
4,0.5273923873901367
5,0.26983144879341125
6,-0.622081458568573
7,0.9999804496765137
8,0.5462893843650818
9,0.2710016071796417
10,-0.6215779781341553
11,0.9999783635139465
12,0.5611101388931274
13,0.272877037525177
14,-0.6216030120849609
15,0.9999829530715942
16,0.47162866592407227
17,0.27387723326683044
18,-0.6326956748962402
19,0.9999802112579346
20,0.45364445447921753
21,0.27618473768234253
22,-0.6318461298942566
23,0.9999756217002869
24,0.4379065930843353
25,0.27905574440956116
26,-0.6318405866622925
27,0.9999793767929077
28,0.5840710997581482
29,0.3098054826259613
30,-0.3305402398109436
31,0.999978244304657
32,0.42244991660118103
33,0.31619682908058167
34,-0.3312823474407196
35,0.9999738335609436
36,0.5399900674819946
37,0.3988523483276367
38,-0.5677459239959717
39,0.9999866485595703
40,0.465432733297348
41,0.4012714922428131
42,-0.5750603079795837
43,0.9999836683273315
44,0.731267511844635
45,0.7021673917770386
46,-0.21247819066047668
47,0.9998018741607666
48,0.27596932649612427
49,0.7039587497711182
50,-0.2922559976577759
51,0.9996936917304993
52,0.8146495819091797
53,1.0474271774291992
54,-0.11948712170124054
55,0.465527206659317
56,0.2137855589389801
57,1.0086365938186646
58,-0.1864265501499176
59,0.5577986836433411
60,0.8237476348876953
61,1.49519681930542
62,-0.27254319190979004
63,0.15295417606830597
64,0.22648116946220398
65,1.4759076833724976
66,-0.40915244817733765
67,0.4983188807964325
68,0.8484671711921692
69,1.5995941162109375
70,-0.35318201780319214
71,0.1726689338684082
72,0.20388810336589813
73,1.5802749395370483
74,-0.48917078971862793
75,0.48819607496261597
76,0.8029544949531555
77,1.5944173336029053
78,-0.40502801537513733
79,0.2529791295528412
80,0.2385546714067459
81,1.5828933715820312
82,-0.5725580453872681
83,0.5057497024536133
84,0.7857841849327087
85,1.5548324584960938
86,-0.3106590509414673
87,0.2542712688446045
88,0.25665053725242615
89,1.541138768196106
90,-0.4586211144924164
91,0.5030652284622192
92,0.6643590331077576
93,1.4977344274520874
94,-0.0359257236123085
95,0.0012189778499305248
96,0.3671789765357971
97,1.4930102825164795
98,0.041289858520030975
99,0.0013386278878897429
100,0.6264714002609253
101,2.1659932136535645
102,-0.03273766487836838
103,0.0003661062801256776
104,0.3576795756816864
105,2.160578966140747
106,0.008866101503372192
107,0.0002608608629088849
108,0.607787013053894
109,2.773146867752075
110,0.5643085241317749
111,3.386025127838366e-05
112,0.3444358706474304
113,2.7658133506774902
114,0.3677287697792053
115,4.322851509641623e-06
116,0.6084418296813965
117,2.863741874694824
118,0.5921816229820251
119,2.5883411581162363e-05
120,0.33921271562576294
121,2.8576819896698
122,0.38639959692955017
123,7.326100785576273e-06
124,0.5762003660202026
125,2.951698064804077
126,0.06852266937494278
127,4.051559517392889e-05
128,0.376569539308548
129,2.9388933181762695
130,-0.2109249383211136
131,1.9366463675396517e-05
132,0.49069494009017944
133,0.40330052375793457
134,-0.02274005301296711
135,0.4869774281978607
136,0.3614487648010254
137,-0.04551083967089653
138,0.48944422602653503
139,0.373843789100647
140,-0.02367578260600567
141,0.4806938171386719
142,0.32382529973983765
143,-0.03438989445567131
144,0.48657646775245667
145,0.3494323790073395
146,-0.048645250499248505
147,0.4869687855243683
148,0.334031343460083
149,-0.04567066580057144
150,0.48874160647392273
151,0.2977374196052551
152,-0.024325594305992126
153,0.4346180558204651
154,0.2987861633300781
155,0.015430730767548084
156,0.4892154633998871
157,0.27309587597846985
158,-0.019673047587275505
159,0.48898962140083313
160,0.2582070231437683
161,-0.021869370713829994
162,0.4889773726463318
163,0.1978594809770584
164,-0.013899292796850204
165,0.4910491108894348
166,0.40953826904296875
167,-0.021456165239214897
168,0.49151942133903503
169,0.41418126225471497
170,-0.018538014963269234
171,0.4920862019062042
172,0.4158957004547119
173,-0.014695052988827229
174,0.49225661158561707
175,0.42236924171447754
176,-0.012868075631558895
177,0.49225667119026184
178,0.42784494161605835
179,-0.014188873581588268
180,0.49235376715660095
181,0.4346699118614197
182,-0.015861667692661285
183,0.49270346760749817
184,0.4420662522315979
185,-0.01450666505843401
186,0.4936278462409973
187,0.45292234420776367
188,-0.006264497525990009
189,0.48772022128105164
190,0.3675447404384613
191,-0.04108979552984238
192,0.480631947517395
193,0.3672211170196533
194,-0.028792541474103928
195,0.41235238313674927
196,0.25841236114501953
197,0.056009579449892044
198,0.4573909640312195
199,0.3069223463535309
200,0.005240883212536573
201,0.44965481758117676
202,0.30833905935287476
203,0.00641808845102787
204,0.44215112924575806
205,0.3084832727909088
206,0.00925607793033123
207,0.4322142004966736
208,0.3031708300113678
209,0.017004890367388725
210,0.4637840986251831
211,0.3037217855453491
212,0.004998535383492708
213,0.44562023878097534
214,0.2811635136604309
215,0.002071043476462364
216,0.45426201820373535
217,0.2812240719795227
218,0.0011845508124679327
219,0.4378710091114044
220,0.28322041034698486
221,0.005423381924629211
222,0.4329419732093811
223,0.28702500462532043
224,0.009389317594468594
225,0.4268461763858795
226,0.3110801577568054
227,0.021786127239465714
228,0.4644848108291626
229,0.46899929642677307
230,0.008128716610372066
231,0.4318546652793884
232,0.2964647114276886
233,0.01825365051627159
234,0.4094538688659668
235,0.30750522017478943
236,0.061282820999622345
237,0.41916361451148987
238,0.3046059310436249
239,0.03069932945072651
240,0.45019304752349854
241,0.35449519753456116
242,-0.0015732067404314876
243,0.4799756407737732
244,0.4016565680503845
245,-0.020680522546172142
246,0.4824100136756897
247,0.41430234909057617
248,-0.016202082857489586
249,0.4697141647338867
250,0.40532904863357544
251,-0.014294726774096489
252,0.4638911783695221
253,0.4101242423057556
254,-0.006449382286518812
255,0.47494322061538696
256,0.41484010219573975
257,-0.011593163944780827
258,0.46954089403152466
259,0.4159599542617798
260,-0.00454353541135788
261,0.4559997320175171
262,0.4292427897453308
263,0.009058368392288685
264,0.4801469147205353
265,0.36141860485076904
266,-0.04431191459298134
267,0.4786072075366974
268,0.35006895661354065
269,-0.04708400368690491
270,0.42175576090812683
271,0.2773747742176056
272,0.011809478513896465
273,0.465889573097229
274,0.32473424077033997
275,-0.005235995631664991
276,0.46179452538490295
277,0.3591901957988739
278,-0.0215184036642313
279,0.4614826440811157
280,0.3531763553619385
281,-0.0188852921128273
282,0.42853638529777527
283,0.3546547591686249
284,0.011660880409181118
285,0.479463666677475
286,0.3357115387916565
287,-0.04223383218050003
288,0.4388326406478882
289,0.2654692530632019
290,-0.005412355996668339
291,0.42831024527549744
292,0.26943230628967285
293,0.0023193885572254658
294,0.417514443397522
295,0.23771129548549652
296,0.037945691496133804
297,0.4729293882846832
298,0.2723800241947174
299,-0.015462632291018963
300,0.46186548471450806
301,0.28385138511657715
302,0.0031999771017581224
303,0.4497036337852478
304,0.4173112213611603
305,0.01121989544481039
306,0.4224441647529602
307,0.4128328263759613
308,0.08669543266296387
309,0.46819743514060974
310,0.36528339982032776
311,-0.018576055765151978
312,0.47544533014297485
313,0.3690464496612549
314,-0.020499732345342636
315,0.45751112699508667
316,0.4180656671524048
317,0.010011723265051842
318,0.46165451407432556
319,0.4175109267234802
320,0.007230161689221859
321,0.4245639741420746
322,0.2621038556098938
323,0.006725522223860025
324,0.46209487318992615
325,0.36438244581222534
326,-0.01672854833304882
327,0.45345523953437805
328,0.2657407522201538
329,-0.011598682031035423
330,0.4517640769481659
331,0.25618934631347656
332,-0.013582098297774792
333,0.4444628059864044
334,0.20775377750396729
335,0.0016349591314792633
336,0.4212085008621216
337,0.24908572435379028
338,0.0202095415443182
339,0.44884932041168213
340,0.23042596876621246
341,-0.0064306254498660564
342,0.4180099368095398
343,0.27254533767700195
344,0.01939612813293934
345,0.4151068925857544
346,0.26579055190086365
347,0.03674883395433426
348,0.4810161888599396
349,0.40901315212249756
350,-0.019369693472981453
351,0.472567081451416
352,0.4110443592071533
353,-0.013238556683063507
354,0.4666573107242584
355,0.4132021367549896
356,-0.006169512402266264
357,0.4705445170402527
358,0.3674747347831726
359,-0.017396416515111923
360,0.45952850580215454
361,0.4179996848106384
362,0.008449297398328781
363,0.46296197175979614
364,0.421399861574173
365,0.0029585929587483406
366,0.4629144072532654
367,0.4167875051498413
368,0.006823987700045109
369,0.4718599319458008
370,0.3610841631889343
371,-0.030867397785186768
372,0.4716339707374573
373,0.415205180644989
374,-0.0033155682031065226
375,0.4771607220172882
376,0.41535937786102295
377,-0.008328981697559357
378,0.4839996099472046
379,0.41573256254196167
380,-0.01256680116057396
381,0.48222216963768005
382,0.45236843824386597
383,-0.004712188616394997
384,0.48180291056632996
385,0.44107815623283386
386,-0.012689285911619663
387,0.4820716679096222
388,0.43358302116394043
389,-0.013830059207975864
390,0.48272109031677246
391,0.42657965421676636
392,-0.011940534226596355
393,0.48364055156707764
394,0.4219997525215149
395,-0.010666054673492908
396,0.47067558765411377
397,0.42001309990882874
398,-0.0019412768306210637
399,0.4692341387271881
400,0.42177414894104004
401,-0.003235673299059272
402,0.4671512246131897
403,0.4253125786781311
404,-0.00410721730440855
405,0.4655594229698181
406,0.4295181632041931
407,-0.0021942579187452793
408,0.4568999409675598
409,0.39636415243148804
410,-0.0038818081375211477
411,0.41389498114585876
412,0.3573521375656128
413,0.09784696996212006
414,0.48852524161338806
415,0.3699653744697571
416,-0.02973460778594017
417,0.4671744108200073
418,0.4190167784690857
419,0.003366720862686634
420,0.465135395526886
421,0.41981351375579834
422,0.0026072561740875244
423,0.47847673296928406
424,0.3743409216403961
425,-0.02064153552055359
426,0.46565890312194824
427,0.3715130686759949
428,-0.010830380953848362
429,0.477020800113678
430,0.37179285287857056
431,-0.02086169831454754
432,0.45789143443107605
433,0.33177298307418823
434,-0.001148672541603446
435,0.4456240236759186
436,0.3401975929737091
437,0.0025975829921662807
438,0.4607122242450714
439,0.3584582507610321
440,-0.013858678750693798
441,0.42750588059425354
442,0.22049394249916077
443,0.018838120624423027
444,0.4319148063659668
445,0.23694050312042236
446,0.006269940175116062
447,0.43619412183761597
448,0.256156325340271
449,-0.0037016409914940596
450,0.46291571855545044
451,0.4378902316093445
452,0.00430462509393692
453,0.4699494540691376
454,0.25755447149276733
455,-0.01923317275941372
456,0.46716004610061646
457,0.22772890329360962
458,-0.014497886411845684
459,0.46426427364349365
460,0.20081613957881927
461,-0.009352577850222588
462,0.4357962906360626
463,0.3069484829902649
464,0.013360568322241306
465,0.41943231225013733
466,0.3196505606174469
467,0.02758028730750084
468,0.4678153991699219
469,0.3004798889160156
470,0.005716817453503609
471,0.42553913593292236
472,0.29071852564811707
473,0.017403028905391693
474,0.4713102877140045
475,0.31706592440605164
476,-0.00912274420261383
477,0.46629345417022705
478,0.3545481860637665
479,-0.030458249151706696
480,0.4126032590866089
481,0.3278978765010834
482,0.03808276727795601
483,0.42385661602020264
484,0.32708969712257385
485,0.019912060350179672
486,0.4330713748931885
487,0.3305635452270508
488,0.011393260210752487
489,0.44752976298332214
490,0.32774317264556885
491,0.005917501635849476
492,0.4582110643386841
493,0.3223295211791992
494,0.0028314045630395412
495,0.4661913812160492
496,0.316483736038208
497,-0.0006035419064573944
498,0.48117485642433167
499,0.3012574315071106
500,-0.020059330388903618
501,0.4134178161621094
502,0.35148197412490845
503,0.03653683513402939
504,0.42000922560691833
505,0.2898326516151428
506,0.021782241761684418
507,0.4835825562477112
508,0.3673180937767029
509,-0.04017537832260132
510,0.46570783853530884
511,0.33579573035240173
512,-0.008435449562966824
513,0.4107814431190491
514,0.30704307556152344
515,0.08965454995632172
516,0.4720323979854584
517,0.310004860162735
518,-0.0027630331460386515
519,0.4606791138648987
520,0.3593011796474457
521,-0.005060887895524502
522,0.42960453033447266
523,0.29744091629981995
524,0.020091496407985687
525,0.466156929731369
526,0.3472602665424347
527,-0.027319807559251785
528,0.4168011546134949
529,0.38436535000801086
530,0.09456878155469894
531,0.4677497446537018
532,0.29629266262054443
533,0.007890686392784119
534,0.4726446866989136
535,0.3403070569038391
536,-0.03636939451098442
537,0.4343244731426239
538,0.44035929441452026
539,0.042051903903484344
540,0.43739908933639526
541,0.45310378074645996
542,0.05690176039934158
543,0.40990328788757324
544,0.3551003932952881
545,0.06730763614177704
546,0.425570011138916
547,0.42459243535995483
548,0.05264150723814964
549,0.41217532753944397
550,0.28489458560943604
551,0.0513988696038723
552,0.46375370025634766
553,0.4810118079185486
554,0.01336757279932499
555,0.48516276478767395
556,0.3696952164173126
557,-0.028947018086910248
558,0.4590647220611572
559,0.34470805525779724
560,-0.004410567227751017
561,0.41392597556114197
562,0.3071477711200714
563,0.0399092398583889
564,0.44237107038497925
565,0.30145928263664246
566,0.009902622550725937
567,0.449302613735199
568,0.30183908343315125
569,0.007360062096267939
570,0.4608657956123352
571,0.42354458570480347
572,0.004696640186011791
573,0.4156656861305237
574,0.3744434714317322
575,0.0400460921227932
576,0.4787968695163727
577,0.4977028965950012
578,0.014388562180101871
579,0.4564889669418335
580,0.48038941621780396
581,0.03329520672559738
582,0.4475782811641693
583,0.4689589738845825
584,0.043813880532979965
585,0.48887214064598083
586,0.2266128659248352
587,-0.018329480662941933
588,0.49571454524993896
589,0.5001215934753418
590,0.010341135784983635
591,0.4559519290924072
592,0.30074089765548706
593,0.006221308372914791
594,0.4620823860168457
595,0.2986624240875244
596,0.006729727610945702
597,0.46592873334884644
598,0.29739388823509216
599,0.008011163212358952
600,0.41572514176368713
601,0.2878783047199249
602,0.030722439289093018
603,0.46092408895492554
604,0.2899089455604553
605,0.005354308057576418
606,0.45409291982650757
607,0.2878190875053406
608,0.004198422655463219
609,0.44711074233055115
610,0.28765666484832764
611,0.0052318149246275425
612,0.44019433856010437
613,0.28970158100128174
614,0.007878344506025314
615,0.4359755516052246
616,0.2926498055458069
617,0.011164809577167034
618,0.4103424847126007
619,0.2801261246204376
620,0.07469577342271805
621,0.4377358555793762
622,0.3002098500728607
623,0.0129026984795928
624,0.4900341331958771
625,0.3833962082862854
626,-0.021374687552452087
627,0.46296605467796326
628,0.38897767663002014
629,-0.01006083469837904
630,0.4677397608757019
631,0.36340272426605225
632,-0.022084835916757584
633,0.4782818555831909
634,0.38489237427711487
635,-0.019609754905104637
636,0.48933225870132446
637,0.2849799692630768
638,-0.018614839762449265
639,0.44402840733528137
640,0.4560237526893616
641,0.033242225646972656
642,0.453548789024353
643,0.46843191981315613
644,0.02383633889257908
645,0.4773409068584442
646,0.48978811502456665
647,0.003805300919339061
648,0.4295577108860016
649,0.43581730127334595
650,0.07261353731155396
651,0.46556219458580017
652,0.2935826778411865
653,0.006813681684434414
654,0.47547775506973267
655,0.3195308744907379
656,-0.021362686529755592
657,0.4947802424430847
658,0.4921305775642395
659,0.00025499751791357994
660,0.4664163589477539
661,0.4905322790145874
662,0.022342436015605927
663,0.4131162166595459
664,0.38013583421707153
665,0.06676536798477173
666,0.4764392077922821
667,0.42102429270744324
668,-0.006608364637941122
669,0.4749890863895416
670,0.4244149923324585
671,-0.007954574190080166
672,0.4735194444656372
673,0.4298035800457001
674,-0.009019139222800732
675,0.4725598692893982
676,0.4364922344684601
677,-0.007502539549022913
678,0.471211314201355
679,0.44623804092407227
680,-0.0009254079777747393
681,0.4647541642189026
682,0.41658392548561096
683,0.0017367691034451127
684,0.46196240186691284
685,0.4155837297439575
686,0.002015718724578619
687,0.45944589376449585
688,0.4137837588787079
689,0.0020482910331338644
690,0.4518876075744629
691,0.4059714078903198
692,0.003877736860886216
693,0.42417579889297485
694,0.3799898624420166
695,0.02205417864024639
696,0.47639697790145874
697,0.3084217607975006
698,-0.013968262821435928
699,0.47345831990242004
700,0.2886452078819275
701,0.0005209225928410888
702,0.46883252263069153
703,0.2904192805290222
704,0.004498036112636328
705,0.46707436442375183
706,0.4150139391422272
707,0.0024511474184691906
708,0.42588651180267334
709,0.40807056427001953
710,0.03597013279795647
711,0.4794790744781494
712,0.2876877188682556
713,-0.011440970934927464
714,0.46775949001312256
715,0.45699983835220337
716,0.004072464536875486
717,0.487591028213501
718,0.32158035039901733
719,-0.03813262656331062
720,0.48073020577430725
721,0.3131030797958374
722,-0.028124526143074036
723,0.48817041516304016
724,0.31006646156311035
725,-0.030889859423041344
726,0.46943482756614685
727,0.3376201093196869
728,-0.02016715705394745
729,0.4941975474357605
730,0.48005110025405884
731,-0.004810870159417391
732,0.4938417971134186
733,0.46547943353652954
734,-0.005356681067496538
735,0.4801102578639984
736,0.4642654061317444
737,-0.0023525666911154985
738,0.4498037099838257
739,0.43372437357902527
740,0.014466614462435246
741,0.45521673560142517
742,0.3692321479320526
743,-0.0021061717998236418
744,0.4580964148044586
745,0.44684097170829773
746,0.009826680645346642
747,0.4388129413127899
748,0.3690006732940674
749,0.0035784244537353516
750,0.4491558372974396
751,0.3815329372882843
752,0.0010167155414819717
753,0.4336935579776764
754,0.38810446858406067
755,0.012138359248638153
756,0.47780847549438477
757,0.47810256481170654
758,-0.0009361177799291909
759,0.4649154543876648
760,0.3443610966205597
761,-0.013388998806476593
762,0.4445576071739197
763,0.4429242014884949
764,0.023101268336176872
765,0.4545762836933136
766,0.4566076993942261
767,0.016768788918852806
768,0.4429968595504761
769,0.41872963309288025
770,0.01558007299900055
771,0.41897326707839966
772,0.394066721200943
773,0.04352401942014694
774,0.43480369448661804
775,0.42082974314689636
776,0.02459765039384365
777,0.41791775822639465
778,0.40328261256217957
779,0.06370057165622711
780,0.44425249099731445
781,0.39715221524238586
782,0.006547665223479271
783,0.47071322798728943
784,0.3275185823440552
785,-0.014372777193784714
786,0.4690009355545044
787,0.35937631130218506
788,-0.0324818380177021
789,0.4643031358718872
790,0.3626970946788788
791,-0.02280004508793354
792,0.47200891375541687
793,0.3516974151134491
794,-0.039221517741680145
795,0.46715906262397766
796,0.2806724011898041
797,-0.0016788665670901537
798,0.4542061388492584
799,0.2759777307510376
800,-0.0026191154029220343
801,0.4428834915161133
802,0.2755212187767029
803,-0.001104437978938222
804,0.4337548017501831
805,0.2776159346103668
806,0.0034235664643347263
807,0.42787083983421326
808,0.28247466683387756
809,0.009438841603696346
810,0.42522749304771423
811,0.300939679145813
812,0.023861249908804893
813,0.4085898995399475
814,0.33108004927635193
815,0.06503990292549133
816,0.43061089515686035
817,0.3155139088630676
818,0.017384938895702362
819,0.4383065104484558
820,0.3181297481060028
821,0.011529242619872093
822,0.4484296143054962
823,0.3173522651195526
824,0.0071383933536708355
825,0.4581150412559509
826,0.3140430152416229
827,0.004881237167865038
828,0.46558427810668945
829,0.3098028898239136
830,0.003261109348386526
831,0.47069108486175537
832,0.305713951587677
833,0.0022320393472909927
834,0.4125145971775055
835,0.3320757746696472
836,0.09668192267417908
837,0.4650131165981293
838,0.36588165163993835
839,-0.018559789285063744
840,0.47465193271636963
841,0.32961326837539673
842,-0.027608104050159454
843,0.4745068848133087
844,0.35980167984962463
845,-0.03966539353132248
846,0.4797994792461395
847,0.3654676079750061
848,-0.03657618165016174
849,0.4749473035335541
850,0.3616200387477875
851,-0.03548026084899902
852,0.4677743911743164
853,0.36943572759628296
854,-0.015870466828346252
855,0.48113298416137695
856,0.36654430627822876
857,-0.03889962658286095
858,0.4824886918067932
859,0.3689829111099243
860,-0.028856031596660614
861,0.47041210532188416
862,0.2969295382499695
863,0.006103023886680603
864,0.47462669014930725
865,0.29934895038604736
866,0.0003510180104058236
867,0.47650086879730225
868,0.3010292947292328
869,-0.006130123510956764
870,0.43361610174179077
871,0.29478201270103455
872,0.014309970661997795
873,0.4295332431793213
874,0.29128915071487427
875,0.01481777522712946
876,0.49513131380081177
877,0.3231313228607178
878,-0.03591218590736389
879,0.5518491864204407
880,0.2928517758846283
881,0.004338768310844898
882,0.4969945549964905
883,0.3664490878582001
884,-0.02996322512626648
885,0.5824387073516846
886,0.24822917580604553
887,0.03890995681285858
888,0.5273561477661133
889,0.303324431180954
890,-0.001966338837519288
891,0.5356171131134033
892,0.30397123098373413
893,-0.0021637172903865576
894,0.5438162684440613
895,0.3033582270145416
896,-0.0007020777557045221
897,0.5552403330802917
898,0.2969372570514679
899,0.0052953423000872135
900,0.520402193069458
901,0.30079054832458496
902,-0.0006591400597244501
903,0.5380663275718689
904,0.27611038088798523
905,-0.006847470998764038
906,0.5290460586547852
907,0.27707886695861816
908,-0.005907976999878883
909,0.5466263294219971
910,0.2772863507270813
911,-0.004884778987616301
912,0.5525037050247192
913,0.28059667348861694
914,-0.0017583156004548073
915,0.5617501735687256
916,0.3041519820690155
917,0.009063610807061195
918,0.5265563726425171
919,0.46760594844818115
920,0.0027522628661245108
921,0.5550537109375
922,0.29016563296318054
923,0.006618157494813204
924,0.5870735049247742
925,0.2981468737125397
926,0.043847065418958664
927,0.5711545348167419
928,0.2966616749763489
929,0.01641787402331829
930,0.5342620611190796
931,0.35045668482780457
932,-0.008899963460862637
933,0.5020706057548523
934,0.40049657225608826
935,-0.02264181338250637
936,0.5016058087348938
937,0.4133363664150238
938,-0.01808471605181694
939,0.514523446559906
940,0.40319210290908813
941,-0.018298057839274406
942,0.5226349830627441
943,0.4070991575717926
944,-0.01197972521185875
945,0.5105693340301514
946,0.41308173537254333
947,-0.015229856595396996
948,0.5175929069519043
949,0.4134242832660675
950,-0.009363655000925064
951,0.5344709753990173
952,0.4255613088607788
953,0.0018654662417247891
954,0.4943053126335144
955,0.3606647551059723
956,-0.04528749734163284
957,0.49512842297554016
958,0.3492579460144043
959,-0.04822127893567085
960,0.5647947788238525
961,0.26956474781036377
962,-0.0014776954194530845
963,0.5165064334869385
964,0.3222634196281433
965,-0.009918907657265663
966,0.5176811218261719
967,0.3564750850200653
968,-0.02591765485703945
969,0.5185426473617554
970,0.3504579961299896
971,-0.023464486002922058
972,0.559490442276001
973,0.34826841950416565
974,-0.0005611520609818399
975,0.4950574040412903
976,0.33499282598495483
977,-0.043701011687517166
978,0.5433722734451294
979,0.2597106993198395
980,-0.014695136807858944
981,0.5558648109436035
982,0.2624255418777466
983,-0.009348089806735516
984,0.5731503963470459
985,0.22790966928005219
986,0.02268032357096672
987,0.5065498948097229
988,0.2706632614135742
989,-0.018464192748069763
990,0.5215133428573608
991,0.28062424063682556
992,-0.002520691603422165
993,0.5407145023345947
994,0.4129062294960022
995,0.0026497147046029568
996,0.5823031663894653
997,0.4072621464729309
998,0.07060074806213379
999,0.5116779804229736
1000,0.36317574977874756
1001,-0.021907268092036247
1002,0.5042030811309814
1003,0.3676866888999939
1004,-0.022175438702106476
1005,0.5324063897132874
1006,0.4139918088912964
1007,0.002573269186541438
1008,0.5283226370811462
1009,0.4137389063835144
1010,0.0006911547970958054
1011,0.5604036450386047
1012,0.25452178716659546
1013,-0.005652274005115032
1014,0.5187711119651794
1015,0.3616637885570526
1016,-0.021110696718096733
1017,0.5270897150039673
1018,0.26175451278686523
1019,-0.017864413559436798
1020,0.5283586382865906
1021,0.25184425711631775
1022,-0.020000487565994263
1023,0.5375125408172607
1024,0.20153029263019562
1025,-0.007032073102891445
1026,0.5662403106689453
1027,0.24043120443820953
1028,0.006684075575321913
1029,0.5317734479904175
1030,0.22531506419181824
1031,-0.013929734006524086
1032,0.5699339509010315
1033,0.2640000283718109
1034,0.0051198420114815235
1035,0.5760214328765869
1036,0.25653788447380066
1037,0.02124202623963356
1038,0.5019804239273071
1039,0.4079814553260803
1040,-0.021356215700507164
1041,0.5123021602630615
1042,0.4091581702232361
1043,-0.017143959179520607
1044,0.5200647115707397
1045,0.41041675209999084
1046,-0.011334054172039032
1047,0.5096592903137207
1048,0.36561480164527893
1049,-0.020079543814063072
1050,0.5303233861923218
1051,0.4139934480190277
1052,0.001548966160044074
1053,0.5261500477790833
1054,0.4179489016532898
1055,-0.002932865871116519
1056,0.5272315740585327
1057,0.41324034333229065
1058,0.00045414146734401584
1059,0.5055002570152283
1060,0.3594793677330017
1061,-0.03386520966887474
1062,0.5161346197128296
1063,0.4127313196659088
1064,-0.007839769124984741
1065,0.5091422200202942
1066,0.41373419761657715
1067,-0.011724214069545269
1068,0.5010459423065186
1069,0.41481322050094604
1070,-0.014447035267949104
1071,0.5056685209274292
1072,0.45149996876716614
1073,-0.006608380004763603
1074,0.5043454766273499
1075,0.44005173444747925
1076,-0.014790250919759274
1077,0.5033708810806274
1078,0.43260282278060913
1079,-0.015969304367899895
1080,0.5024123787879944
1081,0.4256683886051178
1082,-0.014043614268302917
1083,0.5016708374023438
1084,0.4211791157722473
1085,-0.012678022496402264
1086,0.517328143119812
1087,0.4174903333187103
1088,-0.006455454509705305
1089,0.5187109112739563
1090,0.4190811812877655
1091,-0.007833825424313545
1092,0.5208579301834106
1093,0.42247769236564636
1094,-0.008780979551374912
1095,0.52278733253479
1096,0.42653021216392517
1097,-0.007254266645759344
1098,0.5291128158569336
1099,0.39296236634254456
1100,-0.010151335038244724
1101,0.5904728770256042
1102,0.3494033217430115
1103,0.07983755320310593
1104,0.5219604969024658
1105,0.4160468280315399
1106,-0.0022610907908529043
1107,0.5238677263259888
1108,0.41657501459121704
1109,-0.0030725968535989523
1110,0.5012730956077576
1111,0.37329211831092834
1112,-0.022271381691098213
1113,0.5163581371307373
1114,0.3691444396972656
1115,-0.014353610575199127
1116,0.5026623010635376
1117,0.37058451771736145
1118,-0.02245541475713253
1119,0.5256921648979187
1120,0.32844191789627075
1121,-0.007513489108532667
1122,0.5393836498260498
1123,0.3355545997619629
1124,-0.00607455987483263
1125,0.5205339789390564
1126,0.35558435320854187
1127,-0.018594898283481598
1128,0.5587865114212036
1129,0.21189211308956146
1130,0.006346280220896006
1131,0.5521254539489746
1132,0.2294999063014984
1133,-0.004632465075701475
1134,0.5460609793663025
1135,0.24990540742874146
1136,-0.013489936478435993
1137,0.5269719362258911
1138,0.43521952629089355
1139,-0.0015733460895717144
1140,0.5088682770729065
1141,0.25529909133911133
1142,-0.02250748686492443
1143,0.5115324854850769
1144,0.2250215709209442
1145,-0.018363069742918015
1146,0.515022337436676
1147,0.1973453164100647
1148,-0.013739785179495811
1149,0.5510624051094055
1150,0.30111780762672424
1151,0.0022925669327378273
1152,0.5706780552864075
1153,0.31191152334213257
1154,0.013406617566943169
1155,0.5160210132598877
1156,0.2981187105178833
1157,0.0006850113277323544
1158,0.5618798732757568
1159,0.28349995613098145
1160,0.0045761121436953545
1161,0.5100032091140747
1162,0.3151293098926544
1163,-0.012911519967019558
1164,0.5111356377601624
1165,0.3524106442928314
1166,-0.034020017832517624
1167,0.5799765586853027
1168,0.31953614950180054
1169,0.02200445346534252
1170,0.5647602677345276
1171,0.31987470388412476
1172,0.006624107249081135
1173,0.5537745356559753
1174,0.324348509311676
1175,3.370938202351681e-06
1176,0.5376964211463928
1177,0.32316604256629944
1178,-0.002834711689502001
1179,0.52591872215271
1180,0.3189089000225067
1181,-0.00373397720977664
1182,0.5170124769210815
1183,0.3139890134334564
1184,-0.005559577606618404
1185,0.49728626012802124
1186,0.3004550337791443
1187,-0.0217045396566391
1188,0.5793013572692871
1189,0.3435858190059662
1190,0.02060483954846859
1191,0.5686569213867188
1192,0.28187236189842224
1193,0.007734841201454401
1194,0.4921427071094513
1195,0.3668464422225952
1196,-0.04098164662718773
1197,0.5159560441970825
1198,0.3334125578403473
1199,-0.0129314586520195
1200,0.590717077255249
1201,0.2974400520324707
1202,0.07110998034477234
1203,0.5102154612541199
1204,0.3081319332122803
1205,-0.006584228947758675
1206,0.5218418836593628
1207,0.35637080669403076
1208,-0.009788528084754944
1209,0.5579107999801636
1210,0.2907567620277405
1211,0.007852550595998764
1212,0.5120033025741577
1213,0.3450907766819
1214,-0.030951283872127533
1215,0.588196873664856
1216,0.3774566650390625
1217,0.07739052921533585
1218,0.5164055228233337
1219,0.293967068195343
1220,0.002715666312724352
1221,0.5034366846084595
1222,0.33879825472831726
1223,-0.03903793916106224
1224,0.5630927085876465
1225,0.4367484152317047
1226,0.029994884505867958
1227,0.5635106563568115
1228,0.4503117799758911
1229,0.04474804922938347
1230,0.5883919596672058
1231,0.34692123532295227
1232,0.04987103119492531
1233,0.573356568813324
1234,0.4198571741580963
1235,0.03866760805249214
1236,0.5818274021148682
1237,0.27543291449546814
1238,0.034790921956300735
1239,0.5285989046096802
1240,0.4799357056617737
1241,0.0076416670344769955
1242,0.49202659726142883
1243,0.3693368136882782
1244,-0.02945040911436081
1245,0.5240455269813538
1246,0.34155911207199097
1247,-0.010051174089312553
1248,0.5784810185432434
1249,0.298552542924881
1250,0.024230418726801872
1251,0.5430221557617188
1252,0.29638081789016724
1253,0.00021435442613437772
1254,0.5355975031852722
1255,0.29742053151130676
1256,-0.0012740092352032661
1257,0.5284942984580994
1258,0.419879674911499
1259,-0.001610595383681357
1260,0.5785613059997559
1261,0.36728379130363464
1262,0.024458564817905426
1263,0.51341712474823
1264,0.4973069429397583
1265,0.01113096997141838
1266,0.5396949648857117
1267,0.47924381494522095
1268,0.025352180004119873
1269,0.550805389881134
1270,0.4672751724720001
1271,0.03397732973098755
1272,0.5286293625831604
1273,0.296983003616333
1274,-0.0011230125091969967
1275,0.5222238898277283
1276,0.29550138115882874
1277,0.00041755998972803354
1278,0.5182928442955017
1279,0.29477348923683167
1280,0.0023498553782701492
1281,0.5747654438018799
1282,0.27914875745773315
1283,0.015557252801954746
1284,0.5232589244842529
1285,0.28682786226272583
1286,-0.001094728009775281
1287,0.5302658081054688
1288,0.283957839012146
1289,-0.00330786663107574
1290,0.5374164581298828
1291,0.28310176730155945
1292,-0.003507530316710472
1293,0.5448557138442993
1294,0.28437602519989014
1295,-0.002026475267484784
1296,0.5496998429298401
1297,0.28681057691574097
1298,0.0005302416975609958
1299,0.5878617763519287
1300,0.2700175940990448
1301,0.056727971881628036
1302,0.5481518507003784
1303,0.2947128117084503
1304,0.0023336964659392834
1305,0.5208102464675903
1306,0.3863247036933899
1307,-0.014819269068539143
1308,0.5114015340805054
1309,0.3612481355667114
1310,-0.025209490209817886
1311,0.5027472376823425
1312,0.3837451636791229
1313,-0.02160528302192688
1314,0.5519272089004517
1315,0.45340675115585327
1316,0.02349604107439518
1317,0.5408346652984619
1318,0.46680134534835815
1319,0.016147218644618988
1320,0.5130788683891296
1321,0.4892282485961914
1322,0.0006587937823496759
1323,0.5735448002815247
1324,0.43172964453697205
1325,0.058192335069179535
1326,0.5184624791145325
1327,0.2910701632499695
1328,0.0010687498142942786
1329,0.5030734539031982
1330,0.31824371218681335
1331,-0.02387889102101326
1332,0.5274739265441895
1333,0.4897761940956116
1334,0.016454201191663742
1335,0.5862921476364136
1336,0.37294507026672363
1337,0.050010982900857925
1338,0.5100511908531189
1339,0.4193231165409088
1340,-0.010125459171831608
1341,0.5114926099777222
1342,0.4225642681121826
1343,-0.011556681245565414
1344,0.5131051540374756
1345,0.4277482032775879
1346,-0.012780318967998028
1347,0.5145496726036072
1348,0.43441885709762573
1349,-0.01145972777158022
1350,0.5176626443862915
1351,0.44441521167755127
1352,-0.005259043071419001
1353,0.5241202116012573
1354,0.41329991817474365
1355,-0.004206257406622171
1356,0.5266420245170593
1357,0.4120759069919586
1358,-0.00450089480727911
1359,0.529086709022522
1360,0.41008612513542175
1361,-0.00471790786832571
1362,0.5363891124725342
1363,0.40188613533973694
1364,-0.003974413964897394
1365,0.5670970678329468
1366,0.37370774149894714
1367,0.008837368339300156
1368,0.5034888386726379
1369,0.30710721015930176
1370,-0.01671241782605648
1371,0.5087927579879761
1372,0.28698503971099854
1373,-0.0028035901486873627
1374,0.514479398727417
1375,0.2881878614425659
1376,-0.00025481550255790353
1377,0.5221390128135681
1378,0.41199520230293274
1379,-0.0031875446438789368
1380,0.569099485874176
1381,0.40255969762802124
1382,0.02262505516409874
1383,0.500605046749115
1384,0.2866849899291992
1385,-0.013368656858801842
1386,0.5224182605743408
1387,0.4553917944431305
1388,-0.0006578262546099722
1389,0.49630025029182434
1390,0.3123491406440735
1391,-0.02949507161974907
1392,0.5097970366477966
1393,0.33568236231803894
1394,-0.023512760177254677
1395,0.5085486173629761
1396,0.4635411500930786
1397,-0.004663259722292423
1398,0.5418686866760254
1399,0.43024832010269165
1400,0.006288450676947832
1401,0.5290944576263428
1402,0.36574840545654297
1403,-0.008155576884746552
1404,0.533236026763916
1405,0.4443836510181427
1406,0.003361608600243926
1407,0.547915518283844
1408,0.36393991112709045
1409,-0.006026626098901033
1410,0.5370811820030212
1411,0.37756067514419556
1412,-0.006596186198294163
1413,0.5558419823646545
1414,0.3828023672103882
1415,0.0011656066635623574
1416,0.5114591121673584
1417,0.47735801339149475
1418,-0.003951527643948793
1419,0.5159615874290466
1420,0.34193721413612366
1421,-0.017553286626935005
1422,0.5489460229873657
1423,0.4396514892578125
1424,0.013808690011501312
1425,0.5380756855010986
1426,0.45448270440101624
1427,0.009631902910768986
1428,0.5483198761940002
1429,0.41430675983428955
1430,0.0056975590996444225
1431,0.5768123269081116
1432,0.3877371549606323
1433,0.028690030798316002
1434,0.5586463809013367
1435,0.4162958562374115
1436,0.013240533880889416
1437,0.5819699168205261
1438,0.397167444229126
1439,0.04778381064534187
1440,0.5444409847259521
1441,0.39259353280067444
1442,-0.002560193883255124
1443,0.5093950033187866
1444,0.3256608545780182
1445,-0.018014445900917053
1446,0.5081799626350403
1447,0.3574652075767517
1448,-0.03574169799685478
1449,0.5150266885757446
1450,0.360279381275177
1451,-0.02654433064162731
1452,0.5033695101737976
1453,0.3502313494682312
1454,-0.04190843552350998
1455,0.5148462057113647
1456,0.2782280445098877
1457,-0.006237235385924578
1458,0.528042197227478
1459,0.2720016539096832
1460,-0.009222308173775673
1461,0.5399363040924072
1462,0.2701607048511505
1463,-0.009902920573949814
1464,0.5502692461013794
1465,0.2712327241897583
1466,-0.0073909880593419075
1467,0.5578099489212036
1468,0.2754098176956177
1469,-0.002520626876503229
1470,0.5635861754417419
1471,0.29374852776527405
1472,0.010781737044453621
1473,0.5888910889625549
1474,0.3221903145313263
1475,0.047169774770736694
1476,0.557091236114502
1477,0.30902206897735596
1478,0.005448108073323965
1479,0.5481470823287964
1480,0.31253018975257874
1481,0.00110369932372123
1482,0.5369735956192017
1483,0.31287020444869995
1484,-0.0014304586220532656
1485,0.5264220237731934
1486,0.3105366826057434
1487,-0.0018744277767837048
1488,0.5183314085006714
1489,0.3071381449699402
1490,-0.001860582153312862
1491,0.5126166343688965
1492,0.30363255739212036
1493,-0.001973095815628767
1494,0.5908628106117249
1495,0.3232393264770508
1496,0.07817492634057999
1497,0.515335738658905
1498,0.3634403944015503
1499,-0.02224537916481495
1500,0.5025354623794556
1501,0.32825472950935364
1502,-0.03025294654071331
1503,0.500969409942627
1504,0.35853850841522217
1505,-0.041759420186281204
1506,0.49685409665107727
1507,0.36460670828819275
1508,-0.03776640444993973
1509,0.5015603303909302
1510,0.3603212237358093
1511,-0.037601012736558914
1512,0.5132548213005066
1513,0.36733222007751465
1514,-0.01900724694132805
1515,0.49497124552726746
1516,0.3658285439014435
1517,-0.039878785610198975
1518,0.4949582517147064
1519,0.3683650493621826
1520,-0.029669560492038727
1521,0.5131386518478394
1522,0.29483914375305176
1523,0.001700695138424635
1524,0.5080162286758423
1525,0.2977413535118103
1526,-0.0028498272877186537
1527,0.504918098449707
1528,0.2996397614479065
1529,-0.008862512186169624
1530,0.5526537895202637
1531,0.28871873021125793
1532,0.003116089617833495
1533,0.5571136474609375
1534,0.28451216220855713
1535,0.0029363820794969797
1536,0.0
1537,0.0
1538,0.0
1539,0.0
1540,0.0
1541,0.0
1542,0.0
1543,0.0
1544,0.0
1545,0.0
1546,0.0
1547,0.0
1548,0.0
1549,0.0
1550,0.0
1551,0.0
1552,0.0
1553,0.0
1554,0.0
1555,0.0
1556,0.0
1557,0.0
1558,0.0
1559,0.0
1560,0.0
1561,0.0
1562,0.0
1563,0.0
1564,0.0
1565,0.0
1566,0.0
1567,0.0
1568,0.0
1569,0.0
1570,0.0
1571,0.0
1572,0.0
1573,0.0
1574,0.0
1575,0.0
1576,0.0
1577,0.0
1578,0.0
1579,0.0
1580,0.0
1581,0.0
1582,0.0
1583,0.0
1584,0.0
1585,0.0
1586,0.0
1587,0.0
1588,0.0
1589,0.0
1590,0.0
1591,0.0
1592,0.0
1593,0.0
1594,0.0
1595,0.0
1596,0.0
1597,0.0
1598,0.0
1599,0.0
1600,0.0
1601,0.0
1602,0.0
1603,0.0
1604,0.0
1605,0.0
1606,0.0
1607,0.0
1608,0.0
1609,0.0
1610,0.0
1611,0.0
1612,0.0
1613,0.0
1614,0.0
1615,0.0
1616,0.0
1617,0.0
1618,0.0
1619,0.0
1620,0.0
1621,0.0
1622,0.0
1623,0.0
1624,0.0
1625,0.0
1626,0.0
1627,0.0
1628,0.0
1629,0.0
1630,0.0
1631,0.0
1632,0.0
1633,0.0
1634,0.0
1635,0.0
1636,0.0
1637,0.0
1638,0.0
1639,0.0
1640,0.0
1641,0.0
1642,0.0
1643,0.0
1644,0.0
1645,0.0
1646,0.0
1647,0.0
1648,0.0
1649,0.0
1650,0.0
1651,0.0
1652,0.0
1653,0.0
1654,0.0
1655,0.0
1656,0.0
1657,0.0
1658,0.0
1659,0.0
1660,0.0
1661,0.0
