,0
0,0.4333140254020691
1,0.35716965794563293
2,-0.8345687985420227
3,0.9999781847000122
4,0.4616175591945648
5,0.29953473806381226
6,-0.7722386121749878
7,0.999949038028717
8,0.4765856862068176
9,0.3007301986217499
10,-0.7720209360122681
11,0.9999468326568604
12,0.48805952072143555
13,0.3018762469291687
14,-0.7718085050582886
15,0.9999364614486694
16,0.4091084599494934
17,0.2999776005744934
18,-0.7646554708480835
19,0.9999575018882751
20,0.3914526104927063
21,0.3000894784927368
22,-0.7641053199768066
23,0.9999627470970154
24,0.3750627040863037
25,0.30053824186325073
26,-0.7639797329902649
27,0.9999649524688721
28,0.5084115266799927
29,0.3330156207084656
30,-0.38327354192733765
31,0.9999285340309143
32,0.3526938259601593
33,0.3292330503463745
34,-0.36693626642227173
35,0.9999661445617676
36,0.4656291902065277
37,0.4260917007923126
38,-0.6973049640655518
39,0.9999682903289795
40,0.4005220830440521
41,0.42679399251937866
42,-0.6804977059364319
43,0.9999709725379944
44,0.6455656886100769
45,0.682624876499176
46,-0.17958757281303406
47,0.9992976188659668
48,0.2402985543012619
49,0.6702811121940613
50,-0.29157015681266785
51,0.9997012615203857
52,0.7327423691749573
53,1.0105122327804565
54,-0.12804779410362244
55,0.36479759216308594
56,0.15274648368358612
57,1.022260308265686
58,-0.8446125984191895
59,0.8236775398254395
60,0.7716261148452759
61,1.3993561267852783
62,-0.3433176577091217
63,0.19255992770195007
64,0.25632375478744507
65,0.6461317539215088
66,-1.74839186668396
67,0.8082513809204102
68,0.8081144094467163
69,1.50355064868927
70,-0.41193968057632446
71,0.26161715388298035
72,0.2795194983482361
73,0.5262477993965149
74,-1.9403505325317383
75,0.7994633913040161
76,0.7697690725326538
77,1.4911476373672485
78,-0.45698967576026917
79,0.3590320944786072
80,0.2820669710636139
81,0.4908812642097473
82,-1.8986883163452148
83,0.817670464515686
84,0.74137282371521
85,1.4565823078155518
86,-0.3793433904647827
87,0.3639904856681824
88,0.28477272391319275
89,0.5298505425453186
90,-1.7586948871612549
91,0.8107149600982666
92,0.5786601305007935
93,1.435188889503479
94,-0.04170875996351242
95,0.0013446247903630137
96,0.29798173904418945
97,1.431984782218933
98,0.046170424669981
99,0.0015018818667158484
100,0.5581921339035034
101,2.0640602111816406
102,-0.1063060387969017
103,0.00045919939293526113
104,0.3079643249511719
105,2.065782308578491
106,0.06334862112998962
107,0.0002471362822689116
108,0.5425545573234558
109,2.6285901069641113
110,0.4533292353153229
111,0.00010080459469463676
112,0.3086640536785126
113,2.625429630279541
114,0.48987895250320435
115,7.529755293944618e-06
116,0.5483908653259277
117,2.7058982849121094
118,0.4708821177482605
119,6.427631888072938e-05
120,0.30400288105010986
121,2.7022063732147217
122,0.5200334191322327
123,1.8476977857062593e-05
124,0.5025559663772583
125,2.7968361377716064
126,-0.12199479341506958
127,5.0425394874764606e-05
128,0.335328608751297
129,2.805792808532715
130,-0.14027003943920135
131,3.154161458951421e-05
132,0.4174712598323822
133,0.4164428114891052
134,-0.024141477420926094
135,0.4157272279262543
136,0.374609112739563
137,-0.04688957333564758
138,0.41683077812194824
139,0.38674917817115784
140,-0.02481372468173504
141,0.4093104302883148
142,0.33492547273635864
143,-0.03516898676753044
144,0.41565755009651184
145,0.3622661530971527
146,-0.04986206442117691
147,0.41604483127593994
148,0.3462607264518738
149,-0.04650769382715225
150,0.4175097942352295
151,0.308114618062973
152,-0.02385902963578701
153,0.3598991930484772
154,0.30395710468292236
155,0.013837973587214947
156,0.41820022463798523
157,0.2819878160953522
158,-0.01850767433643341
159,0.4184263050556183
160,0.2666826844215393
161,-0.02041855826973915
162,0.419429212808609
163,0.20592498779296875
164,-0.01086574699729681
165,0.4175814986228943
166,0.42277610301971436
167,-0.022938096895813942
168,0.417760968208313
169,0.42761921882629395
170,-0.020096153020858765
171,0.41802969574928284
172,0.4295172095298767
173,-0.016273288056254387
174,0.4179519712924957
175,0.4401118755340576
176,-0.013264716602861881
177,0.4179060161113739
178,0.4458633065223694
179,-0.014669380150735378
180,0.41791045665740967
181,0.45281776785850525
182,-0.016501087695360184
183,0.41799843311309814
184,0.4600270390510559
185,-0.015098430216312408
186,0.41825202107429504
187,0.46912404894828796
188,-0.006956730969250202
189,0.4160090684890747
190,0.3807237148284912
191,-0.04247665777802467
192,0.40800243616104126
193,0.3796220123767853
194,-0.030244627967476845
195,0.3353935778141022
196,0.2606692910194397
197,0.05493234843015671
198,0.3832409977912903
199,0.31476473808288574
200,0.00429762015119195
201,0.3751790225505829
202,0.31560617685317993
203,0.005084245000034571
204,0.3674083650112152
205,0.3150250315666199
206,0.0076129501685500145
207,0.35719233751296997
208,0.3082183599472046
209,0.015193605795502663
210,0.38999664783477783
211,0.3118835985660553
212,0.004532549064606428
213,0.3720395267009735
214,0.28606778383255005
215,0.0011249622330069542
216,0.3810529112815857
217,0.2868177890777588
218,0.0007503383094444871
219,0.36381441354751587
220,0.28760313987731934
221,0.004066175315529108
222,0.35848185420036316
223,0.29123058915138245
224,0.00786723755300045
225,0.351129412651062
226,0.3162665069103241
227,0.019625350832939148
228,0.38757139444351196
229,0.480815589427948
230,0.005561051424592733
231,0.3570494055747986
232,0.3009820580482483
233,0.016678722575306892
234,0.3308890461921692
235,0.3107311427593231
236,0.05884379521012306
237,0.3427123427391052
238,0.3088092505931854
239,0.02848646603524685
240,0.37585267424583435
241,0.36376437544822693
242,-0.0037957371678203344
243,0.40636810660362244
244,0.4142420291900635
245,-0.022557254880666733
246,0.4084146320819855
247,0.42738425731658936
248,-0.018223771825432777
249,0.39551934599876404
250,0.41792917251586914
251,-0.016803298145532608
252,0.38929808139801025
253,0.4231363832950592
254,-0.00938320904970169
255,0.40062129497528076
256,0.427974134683609
257,-0.01405472680926323
258,0.3949738144874573
259,0.42942240834236145
260,-0.007421348709613085
261,0.37992921471595764
262,0.44246670603752136
263,0.005568157881498337
264,0.4085308313369751
265,0.3740679621696472
266,-0.04589937999844551
267,0.4072827994823456
268,0.36231231689453125
269,-0.04859223589301109
270,0.34682950377464294
271,0.28102990984916687
272,0.010130340233445168
273,0.3925294578075409
274,0.3341153860092163
275,-0.006224289536476135
276,0.3883776366710663
277,0.3700515329837799
278,-0.023455100134015083
279,0.3880293667316437
280,0.36373212933540344
281,-0.020714666694402695
282,0.35306429862976074
283,0.36203765869140625
284,0.008241848088800907
285,0.40818172693252563
286,0.3474006950855255
287,-0.043415166437625885
288,0.3653712868690491
289,0.2700769007205963
290,-0.006169590167701244
291,0.3541554808616638
292,0.2734127640724182
293,0.0010512484004721045
294,0.3418698310852051
295,0.23997348546981812
296,0.03739692643284798
297,0.40108636021614075
298,0.279824435710907
299,-0.01488230936229229
300,0.3888837695121765
301,0.29036200046539307
302,0.0031348380725830793
303,0.3740374445915222
304,0.4299568831920624
305,0.007645817007869482
306,0.34090739488601685
307,0.41950348019599915
308,0.08257392048835754
309,0.39470574259757996
310,0.3766976296901703
311,-0.02014992944896221
312,0.4021216034889221
313,0.3809628486633301
314,-0.02191874198615551
315,0.3823343515396118
316,0.43243375420570374
317,0.006453546695411205
318,0.38668882846832275
319,0.43211084604263306
320,0.003829785156995058
321,0.35018786787986755
322,0.26575547456741333
323,0.005604804027825594
324,0.38826191425323486
325,0.3753683865070343
326,-0.018649166449904442
327,0.3807366192340851
328,0.27142879366874695
329,-0.011680553667247295
330,0.379268079996109
331,0.2616461217403412
332,-0.013584115542471409
333,0.37218111753463745
334,0.21205583214759827
335,0.0025320714339613914
336,0.34629061818122864
337,0.2521623373031616
338,0.01940176822245121
339,0.376573383808136
340,0.23552358150482178
341,-0.006028265692293644
342,0.34276512265205383
343,0.275814026594162
344,0.017871998250484467
345,0.3391004204750061
346,0.2685967683792114
347,0.0354837030172348
348,0.40720224380493164
349,0.4218478500843048
350,-0.021345607936382294
351,0.39830079674720764
352,0.42399007081985474
353,-0.01577587239444256
354,0.39210742712020874
355,0.42649510502815247
356,-0.009138032793998718
357,0.3970010280609131
358,0.37904539704322815
359,-0.01895279437303543
360,0.3844723105430603
361,0.43258094787597656
362,0.004952949471771717
363,0.3876914381980896
364,0.4365597367286682
365,-0.0002019211242441088
366,0.3879638612270355
367,0.4312237799167633
368,0.0034663788974285126
369,0.39917078614234924
370,0.37284737825393677
371,-0.032642655074596405
372,0.3970874547958374
373,0.42876899242401123
374,-0.0061517744325101376
375,0.4027562141418457
376,0.4286611080169678
377,-0.010772082023322582
378,0.409803569316864
379,0.42906084656715393
380,-0.014611692167818546
381,0.4064842462539673
382,0.4679948389530182
383,-0.00600303802639246
384,0.4065863788127899
385,0.45830297470092773
386,-0.01392003521323204
387,0.40722212195396423
388,0.4510333836078644
389,-0.01499259751290083
390,0.40809208154678345
391,0.4439162313938141
392,-0.013032283633947372
393,0.40908822417259216
394,0.43919074535369873
395,-0.011584377847611904
396,0.3958154618740082
397,0.435892790555954
398,-0.004161346238106489
399,0.39424052834510803
400,0.43767091631889343
401,-0.005526348482817411
402,0.391869455575943
403,0.44105300307273865
404,-0.0065535083413124084
405,0.38993939757347107
406,0.44482797384262085
407,-0.004894374869763851
408,0.3823525011539459
409,0.4082200229167938
410,-0.006922947242856026
411,0.332891047000885
412,0.36173194646835327
413,0.09492843598127365
414,0.4163987934589386
415,0.3830273747444153
416,-0.03092489019036293
417,0.39224889874458313
418,0.4343229830265045
419,0.0003974690043833107
420,0.39006659388542175
421,0.43514710664749146
422,-0.0004110087756998837
423,0.4052233397960663
424,0.38653796911239624
425,-0.022133871912956238
426,0.391562283039093
427,0.38291510939598083
428,-0.012533649802207947
429,0.40369778871536255
430,0.38384830951690674
431,-0.022309191524982452
432,0.38396865129470825
433,0.3408229947090149
434,-0.002695385366678238
435,0.3711540102958679
436,0.34857839345932007
437,0.0003197337791789323
438,0.3868795335292816
439,0.36907443404197693
440,-0.015732167288661003
441,0.35330620408058167
442,0.22337621450424194
443,0.018914278596639633
444,0.3580666184425354
445,0.24064810574054718
446,0.006047820206731558
447,0.36272546648979187
448,0.2604372799396515
449,-0.004292575176805258
450,0.3867892324924469
451,0.4514561593532562
452,0.0012105000205338001
453,0.39847368001937866
454,0.2644846737384796
455,-0.018529165536165237
456,0.39617720246315
457,0.23443683981895447
458,-0.013310291804373264
459,0.393491268157959
460,0.2067716270685196
461,-0.007422755006700754
462,0.3608672618865967
463,0.31269893050193787
464,0.011535681784152985
465,0.34285983443260193
466,0.324691504240036
467,0.024960074573755264
468,0.3943776488304138
469,0.3088032901287079
470,0.005514476913958788
471,0.3503885567188263
472,0.294818639755249
473,0.015617276541888714
474,0.3984943628311157
475,0.3265364468097687
476,-0.009776501916348934
477,0.39353612065315247
478,0.36572590470314026
479,-0.03227875009179115
480,0.33514904975891113
481,0.3325580656528473
482,0.03487906605005264
483,0.3477948307991028
484,0.33295944333076477
485,0.01709667406976223
486,0.35776519775390625
487,0.33740654587745667
488,0.008844134397804737
489,0.37299054861068726
490,0.33570006489753723
491,0.004000140354037285
492,0.384173184633255
493,0.33091551065444946
494,0.0016129338182508945
495,0.3926807641983032
496,0.3254339396953583
497,-0.0013661717530339956
498,0.40949979424476624
499,0.31108275055885315
500,-0.019963543862104416
501,0.33602669835090637
502,0.35709476470947266
503,0.0327107310295105
504,0.3443361818790436
505,0.2935754954814911
506,0.01983647793531418
507,0.41163569688796997
508,0.38019827008247375
509,-0.04172636196017265
510,0.392404168844223
511,0.34564197063446045
512,-0.009750544093549252
513,0.33102884888648987
514,0.30995285511016846
515,0.08771078288555145
516,0.39907872676849365
517,0.3191754221916199
518,-0.003123245434835553
519,0.3865889310836792
520,0.3697901666164398
521,-0.0068077147006988525
522,0.35447826981544495
523,0.3017932176589966
524,0.018362078815698624
525,0.3933927118778229
526,0.3580622971057892
527,-0.02894679270684719
528,0.3352539539337158
529,0.38963669538497925
530,0.09107890725135803
531,0.3944683074951172
532,0.30428704619407654
533,0.007886884734034538
534,0.40070289373397827
535,0.3515409529209137
536,-0.037832263857126236
537,0.3553607165813446
538,0.44929197430610657
539,0.038021791726350784
540,0.3568500280380249
541,0.46210575103759766
542,0.0527106411755085
543,0.330573171377182
544,0.35985124111175537
545,0.06377944350242615
546,0.3462969660758972
547,0.43246692419052124
548,0.04833046346902847
549,0.3349212408065796
550,0.2877466678619385
551,0.049598440527915955
552,0.38602888584136963
553,0.4923097491264343
554,0.01062671560794115
555,0.41284745931625366
556,0.3825230896472931
557,-0.030238285660743713
558,0.3851427137851715
559,0.35435548424720764
560,-0.006107262801378965
561,0.3366285264492035
562,0.31092333793640137
563,0.037493590265512466
564,0.3678433895111084
565,0.30789417028427124
566,0.00853427778929472
567,0.3749397397041321
568,0.3089485466480255
569,0.006170858163386583
570,0.3854005038738251
571,0.4383513927459717
572,0.0013561962405219674
573,0.33796221017837524
574,0.38081732392311096
575,0.03589140251278877
576,0.4008908271789551
577,0.5099765062332153
578,0.012248721905052662
579,0.37711432576179504
580,0.49108898639678955
581,0.02998453378677368
582,0.36758631467819214
583,0.4789173901081085
584,0.0400918573141098
585,0.41890767216682434
586,0.2350800484418869
587,-0.0161450058221817
588,0.4184616208076477
589,0.5133301615715027
590,0.009003831073641777
591,0.3818826675415039
592,0.30832862854003906
593,0.00544148962944746
594,0.38832876086235046
595,0.3065844476222992
596,0.006266786716878414
597,0.3924543559551239
598,0.30547788739204407
599,0.007842033170163631
600,0.3394632935523987
601,0.2912046015262604
602,0.028783131390810013
603,0.387602835893631
604,0.2965458631515503
605,0.005067108199000359
606,0.380620539188385
607,0.2935338616371155
608,0.003626391990110278
609,0.3734517991542816
610,0.292732298374176
611,0.004382406827062368
612,0.3661811053752899
613,0.29433828592300415
614,0.006729460321366787
615,0.36168310046195984
616,0.2971124053001404
617,0.009804942645132542
618,0.33202946186065674
619,0.28249210119247437
620,0.07326103746891022
621,0.3631115257740021
622,0.30598533153533936
623,0.011375953443348408
624,0.4171835482120514
625,0.39629924297332764
626,-0.0225546695291996
627,0.38864123821258545
628,0.40079620480537415
629,-0.01256114337593317
630,0.3944328725337982
631,0.3747667670249939
632,-0.02372031845152378
633,0.4048107862472534
634,0.3972822427749634
635,-0.021265096962451935
636,0.41800254583358765
637,0.29460814595222473
638,-0.01771187223494053
639,0.3651787340641022
640,0.46591147780418396
641,0.029570678249001503
642,0.3751552700996399
643,0.47895634174346924
644,0.020599378272891045
645,0.4002886414527893
646,0.5021939873695374
647,0.0017870141891762614
648,0.3484787940979004
649,0.4438430070877075
650,0.06824570149183273
651,0.3923155963420868
652,0.30111539363861084
653,0.006662457715719938
654,0.4034440517425537
655,0.32972776889801025
656,-0.021978046745061874
657,0.41826409101486206
658,0.5053166747093201
659,-0.0009874234674498439
660,0.3877699375152588
661,0.501998782157898
662,0.019492335617542267
663,0.3334045708179474
664,0.3857627511024475
665,0.06281156837940216
666,0.4017064869403839
667,0.4375828206539154
668,-0.008178033865988255
669,0.40013206005096436
670,0.44100579619407654
671,-0.009583151899278164
672,0.39838501811027527
673,0.44631892442703247
674,-0.01087623368948698
675,0.3970804810523987
676,0.45265382528305054
677,-0.009598644450306892
678,0.3951171636581421
679,0.4607199430465698
680,-0.0033460792619735003
681,0.3900296092033386
682,0.4305022358894348
683,-0.0015227027470245957
684,0.3871282935142517
685,0.4294324517250061
686,-0.0013938115444034338
687,0.3845675587654114
688,0.42736363410949707
689,-0.0014020949602127075
690,0.37698036432266235
691,0.41820862889289856
692,0.00042551395017653704
693,0.3478720784187317
694,0.38749322295188904
695,0.018137017264962196
696,0.40416446328163147
697,0.31803053617477417
698,-0.014220258221030235
699,0.4008462429046631
700,0.29686805605888367
701,0.0009913622634485364
702,0.395839124917984
703,0.29810482263565063
704,0.004596127662807703
705,0.3923946022987366
706,0.4289141893386841
707,-0.0007391610415652394
708,0.34828656911849976
709,0.4160562753677368
710,0.03189951553940773
711,0.4075387120246887
712,0.296492338180542
713,-0.010876904241740704
714,0.3912576138973236
715,0.4698061943054199
716,0.0015953992260619998
717,0.41655832529067993
718,0.3331635296344757
719,-0.03852516785264015
720,0.4092269837856293
721,0.3235850930213928
722,-0.028400752693414688
723,0.4170626997947693
724,0.32102102041244507
725,-0.0308371689170599
726,0.3967684209346771
727,0.34807634353637695
728,-0.02139170840382576
729,0.41823121905326843
730,0.49354100227355957
731,-0.005713620223104954
732,0.4182251989841461
733,0.48009389638900757
734,-0.005956760607659817
735,0.40415331721305847
736,0.4783274829387665
737,-0.003700911533087492
738,0.3729475438594818
739,0.4452935755252838
740,0.011019626632332802
741,0.38068801164627075
742,0.379550576210022
743,-0.0043067168444395065
744,0.3811946511268616
745,0.45888787508010864
746,0.006746383383870125
747,0.3640519380569458
748,0.3778272569179535
749,0.0006156556191854179
750,0.37451398372650146
751,0.3918457627296448
752,-0.0019022979540750384
753,0.35824742913246155
754,0.39693909883499146
755,0.008653810247778893
756,0.401437908411026
757,0.49100738763809204
758,-0.002674172166734934
759,0.3916018307209015
760,0.35460659861564636
761,-0.01480281725525856
762,0.3668249845504761
763,0.45329293608665466
764,0.019478097558021545
765,0.3770715594291687
766,0.4675629734992981
767,0.013663320802152157
768,0.36668139696121216
769,0.42978399991989136
770,0.011949571780860424
771,0.3408147394657135
772,0.40108105540275574
773,0.03926046937704086
774,0.35762450098991394
775,0.430260568857193
776,0.020747946575284004
777,0.3381085991859436
778,0.4099467694759369
779,0.05937130004167557
780,0.3692028522491455
781,0.4077913463115692
782,0.0032125285360962152
783,0.39804306626319885
784,0.3375398814678192
785,-0.0153904864564538
786,0.3963393568992615
787,0.3709198236465454
788,-0.03432333096861839
789,0.3909021317958832
790,0.37382999062538147
791,-0.024650242179632187
792,0.40001726150512695
793,0.3633931875228882
794,-0.04093600809574127
795,0.39457419514656067
796,0.2877909541130066
797,-0.0014453547773882747
798,0.3811531662940979
799,0.2817343473434448
800,-0.002884905319660902
801,0.36933040618896484
802,0.28037288784980774
803,-0.001971897669136524
804,0.35970184206962585
805,0.28192058205604553
806,0.0020206919871270657
807,0.35335513949394226
808,0.2865747809410095
809,0.007762919645756483
810,0.3495297431945801
811,0.3053697943687439
812,0.021985702216625214
813,0.3295539319515228
814,0.33496543765068054
815,0.06192653998732567
816,0.3551807403564453
817,0.32124069333076477
818,0.015238157473504543
819,0.3632867932319641
820,0.324758917093277
821,0.009581753984093666
822,0.373871773481369
823,0.3248242437839508
824,0.005546854808926582
825,0.3839947283267975
826,0.32219454646110535
827,0.003872693283483386
828,0.3919074237346649
829,0.3183446526527405
830,0.0026444760151207447
831,0.39742913842201233
832,0.3144902288913727
833,0.0019916752353310585
834,0.33203205466270447
835,0.3357695937156677
836,0.09432066231966019
837,0.391311377286911
838,0.37710797786712646
839,-0.020362380892038345
840,0.4027571678161621
841,0.340350866317749
842,-0.02861843816936016
843,0.4024549722671509
844,0.3719191253185272
845,-0.041431110352277756
846,0.4074608385562897
847,0.37791627645492554
848,-0.03815741091966629
849,0.4026305675506592
850,0.37370744347572327
851,-0.03716981038451195
852,0.39394205808639526
853,0.3809126019477844
854,-0.017534423619508743
855,0.40898269414901733
856,0.37921687960624695
857,-0.04049832373857498
858,0.40995752811431885
859,0.3815877437591553
860,-0.03021329455077648
861,0.39730554819107056
862,0.30519774556159973
863,0.006249822676181793
864,0.4018096625804901
865,0.3081754148006439
866,0.0005448847659863532
867,0.4040491282939911
868,0.3101642429828644
869,-0.006019252352416515
870,0.3590758740901947
871,0.299184650182724
872,0.01282267365604639
873,0.3546854257583618
874,0.2954190969467163
875,0.013189975172281265
876,0.42411673069000244
877,0.335237979888916
878,-0.0358969010412693
879,0.47983458638191223
880,0.30708548426628113
881,0.008321850560605526
882,0.4250439703464508
883,0.3798947334289551
884,-0.03081933781504631
885,0.5099790096282959
886,0.2632639408111572
887,0.046647921204566956
888,0.4551953673362732
889,0.3167191743850708
890,0.0006150765111669898
891,0.46364521980285645
892,0.3178999423980713
893,0.0007223192951641977
894,0.47183549404144287
895,0.3175206780433655
896,0.0025569419376552105
897,0.48279649019241333
898,0.31135839223861694
899,0.0093611478805542
900,0.4480432868003845
901,0.313505083322525
902,0.0016766675980761647
903,0.46723219752311707
904,0.288316935300827
905,-0.0034002906177192926
906,0.4579184055328369
907,0.28857868909835815
908,-0.00282340869307518
909,0.4757278859615326
910,0.2903106212615967
911,-0.0010988814756274223
912,0.48133111000061035
913,0.2942329943180084
914,0.0022469188552349806
915,0.48922815918922424
916,0.3191826343536377
917,0.013333779759705067
918,0.4503251612186432
919,0.4828495681285858
920,0.0029738235753029585
921,0.4829155504703522
922,0.3043626546859741
923,0.010872775688767433
924,0.5132266283035278
925,0.3138825297355652
926,0.05048074945807457
927,0.4986555874347687
928,0.3118159770965576
929,0.02150643803179264
930,0.461277037858963
931,0.3652750849723816
932,-0.007542304694652557
933,0.4289739429950714
934,0.41446295380592346
935,-0.02348073199391365
936,0.4276808500289917
937,0.427534282207489
938,-0.019195007160305977
939,0.4409438669681549
940,0.4184224307537079
941,-0.018680822104215622
942,0.4483358860015869
943,0.42350152134895325
944,-0.012122889049351215
945,0.43625009059906006
946,0.4282238185405731
947,-0.015931179746985435
948,0.44268715381622314
949,0.4295744299888611
950,-0.009852893650531769
951,0.4590723514556885
952,0.4433877170085907
953,0.0020614792592823505
954,0.423138827085495
955,0.37426233291625977
956,-0.04639294743537903
957,0.42435434460639954
958,0.3626522719860077
959,-0.049129750579595566
960,0.49393826723098755
961,0.28403180837631226
962,0.0036263109650462866
963,0.44428837299346924
964,0.33517640829086304
965,-0.008665557019412518
966,0.4457482397556305
967,0.371047705411911
968,-0.025618666782975197
969,0.446547269821167
970,0.36476823687553406
971,-0.02300271764397621
972,0.4857737421989441
973,0.3643612861633301
974,0.002185121178627014
975,0.4242197275161743
976,0.34775152802467346
977,-0.04414514824748039
978,0.47378093004226685
979,0.27235326170921326
980,-0.0107578719034791
981,0.4858078360557556
982,0.27615803480148315
983,-0.004784000106155872
984,0.5024216175079346
985,0.24219512939453125
986,0.02993147075176239
987,0.43612298369407654
988,0.2806697487831116
989,-0.01637084409594536
990,0.4498600661754608
991,0.29179221391677856
992,0.00022608631115872413
993,0.4651711583137512
994,0.43089425563812256
995,0.003507650224491954
996,0.5032731890678406
997,0.42361629009246826
998,0.0749993547797203
999,0.43939247727394104
1000,0.3773920238018036
1001,-0.021963277831673622
1002,0.4318767488002777
1003,0.38138654828071594
1004,-0.02281152829527855
1005,0.45679062604904175
1006,0.43257761001586914
1007,0.0028396006673574448
1008,0.4524019956588745
1009,0.4320669174194336
1010,0.0006682137027382851
1011,0.4904797077178955
1012,0.2684985101222992
1013,-0.0004760136653203517
1014,0.44635260105133057
1015,0.3763144314289093
1016,-0.020825251936912537
1017,0.4574728310108185
1018,0.27309200167655945
1019,-0.014837154187262058
1020,0.4591125249862671
1021,0.2631649076938629
1022,-0.016740385442972183
1023,0.4687080681324005
1024,0.21318617463111877
1025,-0.0016526220133528113
1026,0.49604687094688416
1027,0.2545783817768097
1028,0.012732588686048985
1029,0.4629260003566742
1030,0.23684799671173096
1031,-0.009697654284536839
1032,0.4988662302494049
1033,0.2786954939365387
1034,0.010888157412409782
1035,0.504259467124939
1036,0.27141326665878296
1037,0.0279297586530447
1038,0.42851749062538147
1039,0.4220343232154846
1040,-0.02233203500509262
1041,0.4383942186832428
1042,0.4243408441543579
1043,-0.017715664580464363
1044,0.44556236267089844
1045,0.4267188608646393
1046,-0.011695229448378086
1047,0.43719834089279175
1048,0.37969422340393066
1049,-0.020288268104195595
1050,0.45457929372787476
1051,0.43252596259117126
1052,0.0016214473871514201
1053,0.45091450214385986
1054,0.4367455542087555
1055,-0.0030754508916288614
1056,0.4511590301990509
1057,0.43129655718803406
1058,0.00037351701757870615
1059,0.4338400363922119
1060,0.3735087513923645
1061,-0.03411212936043739
1062,0.44086748361587524
1063,0.4287872612476349
1064,-0.008413166739046574
1065,0.43443942070007324
1066,0.42881694436073303
1067,-0.01253489963710308
1068,0.4267461597919464
1069,0.4291367530822754
1070,-0.015566937625408173
1071,0.43046140670776367
1072,0.4685470163822174
1073,-0.00698438286781311
1074,0.42987433075904846
1075,0.4587154686450958
1076,-0.015010776929557323
1077,0.429104208946228
1078,0.4513764977455139
1079,-0.01615736447274685
1080,0.42818692326545715
1081,0.4442046880722046
1082,-0.014073891565203667
1083,0.4273596405982971
1084,0.4394228160381317
1085,-0.01260045450180769
1086,0.44220128655433655
1087,0.4360770285129547
1088,-0.006391790695488453
1089,0.44373151659965515
1090,0.43787893652915955
1091,-0.007796802092343569
1092,0.44607871770858765
1093,0.441377729177475
1094,-0.008854633197188377
1095,0.4481053948402405
1096,0.4453331232070923
1097,-0.007333263289183378
1098,0.45482876896858215
1099,0.4091431498527527
1100,-0.009959861636161804
1101,0.5129910111427307
1102,0.36535051465034485
1103,0.08630009740591049
1104,0.44631344079971313
1105,0.4344685971736908
1106,-0.0023377747274935246
1107,0.4484725594520569
1108,0.43527939915657043
1109,-0.00318051571957767
1110,0.42884546518325806
1111,0.38685333728790283
1112,-0.022937847301363945
1113,0.4434210956096649
1114,0.38368943333625793
1115,-0.014288203790783882
1116,0.4302690625190735
1117,0.38421881198883057
1118,-0.023129845038056374
1119,0.4532577395439148
1120,0.34216636419296265
1121,-0.005982839968055487
1122,0.4666573703289032
1123,0.3502814769744873
1124,-0.004099064506590366
1125,0.44813916087150574
1126,0.37008005380630493
1127,-0.01808091439306736
1128,0.4894362688064575
1129,0.22503648698329926
1130,0.012776677496731281
1131,0.48301756381988525
1132,0.2425890564918518
1133,0.0006711698370054364
1134,0.4768134653568268
1135,0.2626327872276306
1136,-0.009137584827840328
1137,0.4516800343990326
1138,0.4525662064552307
1139,-0.0016957932384684682
1140,0.43910929560661316
1141,0.265229731798172
1142,-0.020125146955251694
1143,0.4423391819000244
1144,0.23517107963562012
1145,-0.015162358060479164
1146,0.44613945484161377
1147,0.20736275613307953
1148,-0.009556183591485023
1149,0.4788076877593994
1150,0.31552854180336
1151,0.005963650066405535
1152,0.4978618919849396
1153,0.3276338577270508
1154,0.01799280010163784
1155,0.4435291290283203
1156,0.3102898597717285
1157,0.002982704434543848
1158,0.49013635516166687
1159,0.29793548583984375
1160,0.009331568144261837
1161,0.438073992729187
1162,0.3273864984512329
1163,-0.011759891174733639
1164,0.43974849581718445
1165,0.36663612723350525
1166,-0.03404803201556206
1167,0.5064328908920288
1168,0.3357158899307251
1169,0.02706908993422985
1170,0.49199944734573364
1171,0.33562523126602173
1172,0.010527506470680237
1173,0.48122352361679077
1174,0.33960971236228943
1175,0.0031375798862427473
1176,0.46527498960494995
1177,0.3374708294868469
1178,-0.00045393785694614053
1179,0.4536014199256897
1180,0.33234864473342896
1181,-0.0017406133702024817
1182,0.44476044178009033
1183,0.3266487419605255
1184,-0.0039521087892353535
1185,0.42600855231285095
1186,0.3114383816719055
1187,-0.020801447331905365
1188,0.5047316551208496
1189,0.360300213098526
1190,0.024987220764160156
1191,0.4969029724597931
1192,0.2966047525405884
1193,0.012948733754456043
1194,0.42056727409362793
1195,0.38032442331314087
1196,-0.04213561862707138
1197,0.44368016719818115
1198,0.34667670726776123
1199,-0.012025624513626099
1200,0.5153715014457703
1201,0.3130778968334198
1202,0.07887473702430725
1203,0.43804487586021423
1204,0.32012268900871277
1205,-0.005087718833237886
1206,0.44901975989341736
1207,0.37082439661026
1208,-0.009072317741811275
1209,0.48572206497192383
1210,0.30509382486343384
1211,0.012297459878027439
1212,0.44046589732170105
1213,0.3589611053466797
1214,-0.030746890231966972
1215,0.5099166631698608
1216,0.39363887906074524
1217,0.08298336714506149
1218,0.44377896189689636
1219,0.30586913228034973
1220,0.005298982840031385
1221,0.43237006664276123
1222,0.3521268963813782
1223,-0.03916773572564125
1224,0.4855377972126007
1225,0.453075647354126
1226,0.03228668496012688
1227,0.485000878572464
1228,0.46627023816108704
1229,0.046956490725278854
1230,0.5125725269317627
1231,0.3634742200374603
1232,0.05541137233376503
1233,0.49533554911613464
1234,0.4364820718765259
1235,0.04169684275984764
1236,0.5089079141616821
1237,0.2906758785247803
1238,0.04158923029899597
1239,0.45207342505455017
1240,0.49472150206565857
1241,0.007965915836393833
1242,0.4200060963630676
1243,0.38257548213005066
1244,-0.030507707968354225
1245,0.4514303207397461
1246,0.3555186092853546
1247,-0.008975561708211899
1248,0.5055968165397644
1249,0.31406867504119873
1250,0.02989322692155838
1251,0.4713188111782074
1252,0.3106365501880646
1253,0.0036766426637768745
1254,0.4638477563858032
1255,0.3114049434661865
1256,0.0018365306314080954
1257,0.4533251225948334
1258,0.4386264383792877
1259,-0.0017585111781954765
1260,0.5027803182601929
1261,0.3840980529785156
1262,0.02826773002743721
1263,0.4365488588809967
1264,0.5114210247993469
1265,0.010690738447010517
1266,0.4624279737472534
1267,0.4943453073501587
1268,0.026258306577801704
1269,0.4730590283870697
1270,0.48273828625679016
1271,0.03545626252889633
1272,0.45664867758750916
1273,0.31046992540359497
1274,0.0016980137443169951
1275,0.4499729871749878
1276,0.3083219528198242
1277,0.0030775326304137707
1278,0.44578418135643005
1279,0.3071048855781555
1280,0.004928193055093288
1281,0.5026761293411255
1282,0.29414457082748413
1283,0.021389521658420563
1284,0.4512200951576233
1285,0.2983810305595398
1286,0.0017181981820613146
1287,0.4585834741592407
1288,0.29572075605392456
1289,-0.00021093263057991862
1290,0.4659581780433655
1291,0.2953597605228424
1292,-0.00014339067274704576
1293,0.4733082056045532
1294,0.29733842611312866
1295,0.0016534511232748628
1296,0.47793808579444885
1297,0.30026400089263916
1298,0.0044469754211604595
1299,0.5139415860176086
1300,0.28539592027664185
1301,0.06464201211929321
1302,0.47633469104766846
1303,0.30897486209869385
1304,0.00612951535731554
1305,0.4472900629043579
1306,0.40163716673851013
1307,-0.01490436214953661
1308,0.4393463432788849
1309,0.3755291998386383
1310,-0.02529001049697399
1311,0.4299721121788025
1312,0.3976286053657532
1313,-0.022272372618317604
1314,0.47489601373672485
1315,0.4693743884563446
1316,0.024911439046263695
1317,0.46403223276138306
1318,0.4820896089076996
1319,0.01700393483042717
1320,0.4366907477378845
1321,0.5035133957862854
1322,0.000243368573137559
1323,0.4944664537906647
1324,0.4480498433113098
1325,0.06143077462911606
1326,0.4460494816303253
1327,0.30278605222702026
1328,0.003752916818484664
1329,0.4316396415233612
1330,0.33036333322525024
1331,-0.02326783910393715
1332,0.4505723714828491
1333,0.5044512152671814
1334,0.016734842211008072
1335,0.5093581676483154
1336,0.38961702585220337
1337,0.05480140447616577
1338,0.4354810118675232
1339,0.43786534667015076
1340,-0.009944195859134197
1341,0.43700429797172546
1342,0.4413721561431885
1343,-0.011412706226110458
1344,0.4387323558330536
1345,0.4467460811138153
1346,-0.01277654804289341
1347,0.44013985991477966
1348,0.4532213807106018
1349,-0.011509649455547333
1350,0.44250771403312683
1351,0.4617202877998352
1352,-0.005476077552884817
1353,0.44853654503822327
1354,0.4305950999259949
1355,-0.0045161498710513115
1356,0.451401948928833
1357,0.42957592010498047
1358,-0.0046384138986468315
1359,0.45400357246398926
1360,0.4276401996612549
1361,-0.004669703543186188
1362,0.4613644778728485
1363,0.41911858320236206
1364,-0.003351690247654915
1365,0.49169281125068665
1366,0.3902798593044281
1367,0.011552512645721436
1368,0.4318661391735077
1369,0.3186580538749695
1370,-0.015672290697693825
1371,0.4368661046028137
1372,0.2979108989238739
1373,-0.000801561342086643
1374,0.4422863721847534
1375,0.2994194030761719
1376,0.002252636943012476
1377,0.44629162549972534
1378,0.42895933985710144
1379,-0.0035510454326868057
1380,0.4922815263271332
1381,0.41935044527053833
1382,0.025384239852428436
1383,0.42919182777404785
1384,0.29706045985221863
1385,-0.011881970800459385
1386,0.44660502672195435
1387,0.4713635742664337
1388,-0.0006744000711478293
1389,0.4251936674118042
1390,0.3239177167415619
1391,-0.02909802831709385
1392,0.4379977881908417
1393,0.34885501861572266
1394,-0.023069599643349648
1395,0.43281516432762146
1396,0.47918885946273804
1397,-0.004817385692149401
1398,0.4661934971809387
1399,0.447262167930603
1400,0.0071025448851287365
1401,0.45575353503227234
1402,0.38079047203063965
1403,-0.007338136434555054
1404,0.4575410783290863
1405,0.4607488512992859
1406,0.0036257419269531965
1407,0.47385862469673157
1408,0.3798070251941681
1409,-0.004257088527083397
1410,0.4629475772380829
1411,0.393322616815567
1412,-0.005684252362698317
1413,0.4805709719657898
1414,0.3992721736431122
1415,0.00318398280069232
1416,0.4354008436203003
1417,0.49213504791259766
1418,-0.004160980228334665
1419,0.44370317459106445
1420,0.35560843348503113
1421,-0.016934862360358238
1422,0.472731351852417
1423,0.4561100900173187
1424,0.015076983720064163
1425,0.4618781507015228
1426,0.47016996145248413
1427,0.01030359510332346
1428,0.47261035442352295
1429,0.43165501952171326
1430,0.0070928954519331455
1431,0.500158965587616
1432,0.40456467866897583
1433,0.03205049782991409
1434,0.48228999972343445
1435,0.4331705868244171
1436,0.015166206285357475
1437,0.5042433142662048
1438,0.41392335295677185
1439,0.05180468410253525
1440,0.46923938393592834
1441,0.4093170166015625
1442,-0.0013618047814816236
1443,0.43751680850982666
1444,0.3383425176143646
1445,-0.017230847850441933
1446,0.4366573393344879
1447,0.37167251110076904
1448,-0.035914346575737
1449,0.44300612807273865
1450,0.3748028874397278
1451,-0.0265244971960783
1452,0.43237096071243286
1453,0.36406177282333374
1454,-0.04240148887038231
1455,0.44353151321411133
1456,0.289029985666275
1457,-0.0037816946860402822
1458,0.4574737548828125
1459,0.2835177481174469
1460,-0.006184277590364218
1461,0.46966105699539185
1462,0.2826896011829376
1463,-0.0063141826540231705
1464,0.47982028126716614
1465,0.2846561670303345
1466,-0.0033280160278081894
1467,0.48679015040397644
1468,0.28952693939208984
1469,0.0018985383212566376
1470,0.49127793312072754
1471,0.30847617983818054
1472,0.015519189648330212
1473,0.5140765905380249
1474,0.3384338617324829
1475,0.05334978178143501
1476,0.48460322618484497
1477,0.3239404261112213
1478,0.009292658418416977
1479,0.4758817255496979
1480,0.3270759582519531
1481,0.00431338045746088
1482,0.4647769033908844
1483,0.32686105370521545
1484,0.001190872397273779
1485,0.45418787002563477
1486,0.3238584101200104
1487,0.0004314980178605765
1488,0.4459337890148163
1489,0.3197125792503357
1490,4.6265737182693556e-05
1491,0.44020876288414
1492,0.3156433701515198
1493,-0.00014771762653253973
1494,0.5143334865570068
1495,0.3390604853630066
1496,0.08546435087919235
1497,0.44300487637519836
1498,0.3779411315917969
1499,-0.022154374048113823
1500,0.43124717473983765
1501,0.34089362621307373
1502,-0.029977602884173393
1503,0.42975905537605286
1504,0.37243419885635376
1505,-0.04246414080262184
1506,0.42519786953926086
1507,0.3781760334968567
1508,-0.038721125572919846
1509,0.43005040287971497
1510,0.37417981028556824
1511,-0.03820691630244255
1512,0.4405868649482727
1513,0.3816849887371063
1514,-0.01908975839614868
1515,0.42342329025268555
1516,0.3794137239456177
1517,-0.04096149280667305
1518,0.42298373579978943
1519,0.3817545175552368
1520,-0.030628852546215057
1521,0.44059714674949646
1522,0.30651047825813293
1523,0.003980903420597315
1524,0.4356812834739685
1525,0.30917179584503174
1526,-0.0010934347519651055
1527,0.4329493045806885
1528,0.3109210729598999
1529,-0.007427097763866186
1530,0.4806961119174957
1531,0.3024972081184387
1532,0.007191735785454512
1533,0.48537442088127136
1534,0.2985779345035553
1535,0.007199887186288834
1536,0.0
1537,0.0
1538,0.0
1539,0.0
1540,0.0
1541,0.0
1542,0.0
1543,0.0
1544,0.0
1545,0.0
1546,0.0
1547,0.0
1548,0.0
1549,0.0
1550,0.0
1551,0.0
1552,0.0
1553,0.0
1554,0.0
1555,0.0
1556,0.0
1557,0.0
1558,0.0
1559,0.0
1560,0.0
1561,0.0
1562,0.0
1563,0.0
1564,0.0
1565,0.0
1566,0.0
1567,0.0
1568,0.0
1569,0.0
1570,0.0
1571,0.0
1572,0.0
1573,0.0
1574,0.0
1575,0.0
1576,0.0
1577,0.0
1578,0.0
1579,0.0
1580,0.0
1581,0.0
1582,0.0
1583,0.0
1584,0.0
1585,0.0
1586,0.0
1587,0.0
1588,0.0
1589,0.0
1590,0.0
1591,0.0
1592,0.0
1593,0.0
1594,0.0
1595,0.0
1596,0.0
1597,0.0
1598,0.0
1599,0.2535088062286377
1600,0.6656407117843628
1601,4.7011718606881914e-07
1602,0.2732427716255188
1603,0.60954749584198
1604,0.006087018176913261
1605,0.29192936420440674
1606,0.5613430142402649
1607,0.0011660077143460512
1608,0.31178539991378784
1609,0.533659815788269
1610,-0.009299591183662415
1611,0.33100634813308716
1612,0.5155140161514282
1613,-0.018289487808942795
1614,0.25995302200317383
1615,0.4892089366912842
1616,0.00391054293140769
1617,0.27367115020751953
1618,0.41662612557411194
1619,-0.006246071308851242
1620,0.28016602993011475
1621,0.37168580293655396
1622,-0.011724543757736683
1623,0.2850054204463959
1624,0.33477675914764404
1625,-0.014373485930263996
1626,0.27374380826950073
1627,0.4908696413040161
1628,-0.008692818693816662
1629,0.31602489948272705
1630,0.424075186252594
1631,-0.020515602082014084
1632,0.3443189859390259
1633,0.3878192901611328
1634,-0.027106549590826035
1635,0.3667985498905182
1636,0.36432504653930664
1637,-0.029628781601786613
1638,0.2883457839488983
1639,0.5047402381896973
1640,-0.021289832890033722
1641,0.33930933475494385
1642,0.4901983141899109
1643,-0.03473006188869476
1644,0.3387177288532257
1645,0.5259753465652466
1646,-0.033353663980960846
1647,0.3308464288711548
1648,0.5537072420120239
1649,-0.0274858009070158
1650,0.30676716566085815
1651,0.525867760181427
1652,-0.03390400484204292
1653,0.34761786460876465
1654,0.5175077319145203
1655,-0.03818316385149956
1656,0.34563371539115906
1657,0.5473562479019165
1658,-0.030719691887497902
1659,0.3368851840496063
1660,0.5725474953651428
1661,-0.022435497492551804
