,0
0,0.42998751997947693
1,0.36057063937187195
2,-0.8296071887016296
3,0.9999724626541138
4,0.45828843116760254
5,0.3013901114463806
6,-0.7703374624252319
7,0.9999356269836426
8,0.4731334149837494
9,0.3023235499858856
10,-0.770117461681366
11,0.9999322295188904
12,0.48381251096725464
13,0.303231805562973
14,-0.7698972821235657
15,0.9999189972877502
16,0.40630587935447693
17,0.3030417561531067
18,-0.7678877115249634
19,0.9999445080757141
20,0.3890184164047241
21,0.3024751543998718
22,-0.7672915458679199
23,0.999951958656311
24,0.372979998588562
25,0.3024634122848511
26,-0.7673240303993225
27,0.9999558329582214
28,0.5040132999420166
29,0.3346250355243683
30,-0.38325947523117065
31,0.999910295009613
32,0.352003276348114
33,0.33122745156288147
34,-0.3562029302120209
35,0.9999548196792603
36,0.4621484875679016
37,0.4283283054828644
38,-0.6925019025802612
39,0.9999576210975647
40,0.39801666140556335
41,0.4307737648487091
42,-0.6833518147468567
43,0.9999591112136841
44,0.6456719040870667
45,0.6834951639175415
46,-0.13642823696136475
47,0.9990791082382202
48,0.24668832123279572
49,0.6720558404922485
50,-0.28021955490112305
51,0.9996331930160522
52,0.7424952387809753
53,1.0077742338180542
54,-0.09318024665117264
55,0.33222976326942444
56,0.14928434789180756
57,1.0254908800125122
58,-0.8108536005020142
59,0.8771100640296936
60,0.7969902753829956
61,1.3466708660125732
62,-0.34701967239379883
63,0.22378720343112946
64,0.2692888379096985
65,0.6550703644752502
66,-1.6803839206695557
67,0.8926537036895752
68,0.8355246782302856
69,1.4220036268234253
70,-0.41272076964378357
71,0.29354071617126465
72,0.296527624130249
73,0.5326641798019409
74,-1.8610799312591553
75,0.8835417032241821
76,0.8054094314575195
77,1.406822919845581
78,-0.45512133836746216
79,0.3952830135822296
80,0.2994837164878845
81,0.49718019366264343
82,-1.8159053325653076
83,0.89505934715271
84,0.7751046419143677
85,1.3840500116348267
86,-0.38277915120124817
87,0.402675986289978
88,0.3011052906513214
89,0.5355705618858337
90,-1.686139702796936
91,0.8889128565788269
92,0.5778383016586304
93,1.4309253692626953
94,-0.04256858676671982
95,0.0011092321947216988
96,0.29560261964797974
97,1.4283249378204346
98,0.04693067446351051
99,0.0012921231100335717
100,0.551688551902771
101,2.057642936706543
102,-0.09746014326810837
103,0.0005165936890989542
104,0.30409014225006104
105,2.0626847743988037
106,0.02604125440120697
107,0.0003164629451930523
108,0.540729284286499
109,2.621459722518921
110,0.4351467490196228
111,0.00013186885917093605
112,0.3072609305381775
113,2.620011329650879
114,0.3865259289741516
115,8.045045433391351e-06
116,0.5469628572463989
117,2.6980204582214355
118,0.4487457871437073
119,8.129010529955849e-05
120,0.30173665285110474
121,2.694331645965576
122,0.41086769104003906
123,2.0164336092420854e-05
124,0.5023491978645325
125,2.7875630855560303
126,-0.12909433245658875
127,5.481518019223586e-05
128,0.3366536796092987
129,2.803126573562622
130,-0.22697767615318298
131,3.609359191614203e-05
132,0.4274308383464813
133,0.41003796458244324
134,-0.024385377764701843
135,0.42667484283447266
136,0.36888352036476135
137,-0.046224769204854965
138,0.4267715811729431
139,0.381329208612442
140,-0.024690765887498856
141,0.4194512367248535
142,0.3298056721687317
143,-0.03491790592670441
144,0.4266979694366455
145,0.3564583659172058
146,-0.049108147621154785
147,0.4266914427280426
148,0.3407083749771118
149,-0.04572752118110657
150,0.42668232321739197
151,0.3035064935684204
152,-0.0231068953871727
153,0.3673311769962311
154,0.29979321360588074
155,0.010437477380037308
156,0.42696067690849304
157,0.2766875624656677
158,-0.01771407015621662
159,0.4272840917110443
160,0.26116135716438293
161,-0.01944465935230255
162,0.4284501373767853
163,0.20159050822257996
164,-0.010203062556684017
165,0.42746487259864807
166,0.41621172428131104
167,-0.023280663415789604
168,0.42737025022506714
169,0.42098018527030945
170,-0.020623326301574707
171,0.42726463079452515
172,0.4228125810623169
173,-0.016895774751901627
174,0.4270438849925995
175,0.43615323305130005
176,-0.013531612232327461
177,0.427044153213501
178,0.44201546907424927
179,-0.014863383024930954
180,0.42697352170944214
181,0.44906914234161377
182,-0.01647997833788395
183,0.42683491110801697
184,0.4563531279563904
185,-0.014756998978555202
186,0.4263325333595276
187,0.46571171283721924
188,-0.006382341496646404
189,0.4266948699951172
190,0.37516912817955017
191,-0.041934408247470856
192,0.4185672402381897
193,0.37438568472862244
194,-0.030300769954919815
195,0.3404610753059387
196,0.2569122016429901
197,0.049269210547208786
198,0.39110204577445984
199,0.3107571601867676
200,0.002053241478279233
201,0.382923424243927
202,0.3115810751914978
203,0.0024927493650466204
204,0.37502068281173706
205,0.31098905205726624
206,0.004678514786064625
207,0.3642708361148834
208,0.30410879850387573
209,0.011609501205384731
210,0.3979766070842743
211,0.3078388273715973
212,0.0028370018117129803
213,0.38024646043777466
214,0.2805217504501343
215,-0.001212951960042119
216,0.38934382796287537
217,0.2815849184989929
218,-0.0010479246266186237
219,0.3717866837978363
220,0.28213930130004883
221,0.001377009553834796
222,0.36615821719169617
223,0.2860807180404663
224,0.004789071157574654
225,0.3579956591129303
226,0.3124028742313385
227,0.01577135920524597
228,0.3939852714538574
229,0.47744545340538025
230,0.004153197631239891
231,0.3643207252025604
232,0.2966546416282654
233,0.013105624355375767
234,0.3355945348739624
235,0.3076680600643158
236,0.05293557047843933
237,0.3492380976676941
238,0.3049474060535431
239,0.02407459355890751
240,0.3839908838272095
241,0.35955390334129333
242,-0.00600879592821002
243,0.41592028737068176
244,0.4080379009246826
245,-0.023338068276643753
246,0.41731297969818115
247,0.42086443305015564
248,-0.019293779507279396
249,0.4042891561985016
250,0.41197583079338074
251,-0.018159352242946625
252,0.39710691571235657
253,0.41709715127944946
254,-0.010923072695732117
255,0.40897244215011597
256,0.42177075147628784
257,-0.015480399131774902
258,0.40262144804000854
259,0.4232654273509979
260,-0.008866947144269943
261,0.3863001763820648
262,0.43781182169914246
263,0.004213335923850536
264,0.4195663630962372
265,0.36847347021102905
266,-0.045534804463386536
267,0.41841208934783936
268,0.35660219192504883
269,-0.04822895675897598
270,0.35421350598335266
271,0.2750692665576935
272,0.006571393925696611
273,0.4011344015598297
274,0.3299234211444855
275,-0.007426970172673464
276,0.39883697032928467
277,0.3650926947593689
278,-0.024746671319007874
279,0.3981982171535492
280,0.3589130938053131
281,-0.022078562527894974
282,0.35989266633987427
283,0.35818788409233093
284,0.004638468846678734
285,0.41891199350357056
286,0.34194397926330566
287,-0.04311797767877579
288,0.3738536536693573
289,0.26309752464294434
290,-0.007888886146247387
291,0.36218321323394775
292,0.2667827606201172
293,-0.0015463057206943631
294,0.3480808436870575
295,0.23561903834342957
296,0.03277785703539848
297,0.4098656475543976
298,0.27387121319770813
299,-0.014978990890085697
300,0.3970459997653961
301,0.2856271266937256
302,0.0014971144264563918
303,0.3803596496582031
304,0.4245341420173645
305,0.005507036577910185
306,0.3433701992034912
307,0.41862377524375916
308,0.0759006142616272
309,0.4051404595375061
310,0.3717571794986725
311,-0.021233661100268364
312,0.41246628761291504
313,0.3758774399757385
314,-0.02226410061120987
315,0.38849538564682007
316,0.42649027705192566
317,0.004844035021960735
318,0.39285627007484436
319,0.4262579679489136
320,0.0024855968076735735
321,0.357887864112854
322,0.25905781984329224
323,0.002579707885161042
324,0.3984529674053192
325,0.3704533278942108
326,-0.020016517490148544
327,0.3895365297794342
328,0.26471197605133057
329,-0.012569095008075237
330,0.38818615674972534
331,0.2549440264701843
332,-0.014542199671268463
333,0.3808271288871765
334,0.20727041363716125
335,0.0004703231970779598
336,0.35330334305763245
337,0.24684974551200867
338,0.015646187588572502
339,0.3854354918003082
340,0.2299337536096573
341,-0.00744036165997386
342,0.34978750348091125
343,0.2700521945953369
344,0.013797159306704998
345,0.34517183899879456
346,0.2638965845108032
347,0.03069360740482807
348,0.41648271679878235
349,0.4154728353023529
350,-0.022219087928533554
351,0.40686580538749695
352,0.4178714454174042
353,-0.017136042937636375
354,0.39986714720726013
355,0.4203290045261383
356,-0.010565848089754581
357,0.40729227662086487
358,0.37406349182128906
359,-0.019648518413305283
360,0.39062580466270447
361,0.42663100361824036
362,0.0034901287872344255
363,0.39426660537719727
364,0.43167179822921753
365,-0.0011715665459632874
366,0.3941430151462555
367,0.4255146086215973
368,0.0022089215926826
369,0.4099594056606293
370,0.36774012446403503
371,-0.03322858363389969
372,0.4044255316257477
373,0.4225374758243561
374,-0.00761618185788393
375,0.4107581079006195
376,0.4223438799381256
377,-0.012217551469802856
378,0.418334424495697
379,0.4224953055381775
380,-0.015781326219439507
381,0.4138171970844269
382,0.4647355079650879
383,-0.005897427909076214
384,0.41467592120170593
385,0.4548017382621765
386,-0.014088342897593975
387,0.4155786335468292
388,0.447381854057312
389,-0.01541917584836483
390,0.41656428575515747
391,0.4401751160621643
392,-0.013760452158749104
393,0.41753777861595154
394,0.4353708326816559
395,-0.012401836924254894
396,0.4029634892940521
397,0.43161851167678833
398,-0.005082384217530489
399,0.4013374447822571
400,0.43342751264572144
401,-0.006358668673783541
402,0.3989052176475525
403,0.4368293881416321
404,-0.0073285531252622604
405,0.396902471780777
406,0.4406965374946594
407,-0.005646184086799622
408,0.39020612835884094
409,0.4029010236263275
410,-0.008514165878295898
411,0.33571451902389526
412,0.3601223826408386
413,0.08769915252923965
414,0.42675623297691345
415,0.3776349723339081
416,-0.03066878952085972
417,0.39886224269866943
418,0.4296336770057678
419,-0.0005623102188110352
420,0.3966743052005768
421,0.43032535910606384
422,-0.0013360896846279502
423,0.41538381576538086
424,0.3813740015029907
425,-0.02251278981566429
426,0.40133780241012573
427,0.3779091238975525
428,-0.013746504671871662
429,0.41398945450782776
430,0.37871477007865906
431,-0.022652937099337578
432,0.3922947943210602
433,0.3366464078426361
434,-0.004456957336515188
435,0.3789202570915222
436,0.34439319372177124
437,-0.002066830638796091
438,0.3967273235321045
439,0.36431896686553955
440,-0.017223268747329712
441,0.3608112037181854
442,0.21868041157722473
443,0.015470482409000397
444,0.36605826020240784
445,0.23495130240917206
446,0.003315319074317813
447,0.37115684151649475
448,0.25355589389801025
449,-0.0063929310999810696
450,0.39320170879364014
451,0.44765904545783997
452,0.0003744659770745784
453,0.40747496485710144
454,0.2582816779613495
455,-0.01851564086973667
456,0.4053661525249481
457,0.22928321361541748
458,-0.01359482854604721
459,0.4026618003845215
460,0.202236145734787
461,-0.0080609992146492
462,0.36819159984588623
463,0.30865949392318726
464,0.008227146230638027
465,0.34937456250190735
466,0.32105889916419983
467,0.02049187757074833
468,0.4023978114128113
469,0.3046852648258209
470,0.003981537185609341
471,0.35761427879333496
472,0.2900994122028351
473,0.011952497996389866
474,0.4072178602218628
475,0.3223017454147339
476,-0.010586066171526909
477,0.4043174982070923
478,0.36057576537132263
479,-0.033078841865062714
480,0.3410245180130005
481,0.3292710781097412
482,0.029718052595853806
483,0.35466599464416504
484,0.32906416058540344
485,0.013025402091443539
486,0.3651276230812073
487,0.3333212733268738
488,0.005489709787070751
489,0.38074320554733276
490,0.33159685134887695
491,0.0015637375181540847
492,0.3922594487667084
493,0.3268634080886841
494,-0.00025626071146689355
495,0.4009677469730377
496,0.3213513493537903
497,-0.002618680242449045
498,0.4186168611049652
499,0.30650484561920166
500,-0.019762979820370674
501,0.341595858335495
502,0.35390883684158325
503,0.02751607820391655
504,0.3513474762439728
505,0.28884902596473694
506,0.015748875215649605
507,0.4223634600639343
508,0.37472978234291077
509,-0.04143984988331795
510,0.4014036953449249
511,0.3412855565547943
512,-0.011113859713077545
513,0.3344053626060486
514,0.3073715567588806
515,0.08074747025966644
516,0.40749743580818176
517,0.31498777866363525
518,-0.004010549746453762
519,0.39596855640411377
520,0.36518436670303345
521,-0.008500421419739723
522,0.3616028130054474
523,0.29750508069992065
524,0.014656533487141132
525,0.40383946895599365
526,0.35307005047798157
527,-0.029799098148941994
528,0.3378470838069916
529,0.3885095417499542
530,0.08400785177946091
531,0.40235957503318787
532,0.3001915216445923
533,0.006204028148204088
534,0.4112420976161957
535,0.3462718725204468
536,-0.038045734167099
537,0.3598707318305969
538,0.44727227091789246
539,0.03380737826228142
540,0.3606037497520447
541,0.46063804626464844
542,0.04790874943137169
543,0.33456408977508545
544,0.3575524687767029
545,0.057489607483148575
546,0.34998059272766113
547,0.43092381954193115
548,0.04311247169971466
549,0.3403339385986328
550,0.28396880626678467
551,0.044121354818344116
552,0.392458975315094
553,0.4888441264629364
554,0.008749326691031456
555,0.4233455955982208
556,0.3771771192550659
557,-0.030131028965115547
558,0.39382702112197876
559,0.3500378131866455
560,-0.007905200123786926
561,0.34261554479599
562,0.30728113651275635
563,0.03244510293006897
564,0.3756362199783325
565,0.3037552535533905
566,0.0055611212737858295
567,0.382828950881958
568,0.3048432171344757
569,0.0035436698235571384
570,0.39190882444381714
571,0.4334248900413513
572,0.00029333902057260275
573,0.3428911566734314
574,0.378091037273407
575,0.0306247491389513
576,0.4073020815849304
577,0.5058467388153076
578,0.010800017975270748
579,0.3827427625656128
580,0.48803430795669556
581,0.026990776881575584
582,0.3724355399608612
583,0.4766432046890259
584,0.036297306418418884
585,0.42793700098991394
586,0.23028580844402313
587,-0.015353433787822723
588,0.42471998929977417
589,0.5087388157844543
590,0.008469223976135254
591,0.38978147506713867
592,0.3042724132537842
593,0.003264161292463541
594,0.3962627053260803
595,0.30256134271621704
596,0.004363745916634798
597,0.4003885090351105
598,0.3014027774333954
599,0.006064615212380886
600,0.34594962000846863
601,0.2866479754447937
602,0.024151800200343132
603,0.3954448401927948
604,0.2922535240650177
605,0.0031520859338343143
606,0.388415664434433
607,0.2889724373817444
608,0.0015877854311838746
609,0.38128694891929626
610,0.28805282711982727
611,0.00197191652841866
612,0.37395140528678894
613,0.28969281911849976
614,0.003932341933250427
615,0.3692927956581116
616,0.29259616136550903
617,0.006701293401420116
618,0.3362675905227661
619,0.2793188691139221
620,0.06688550859689713
621,0.370761513710022
622,0.30186334252357483
623,0.008127521723508835
624,0.4269508719444275
625,0.3906927704811096
626,-0.02249814383685589
627,0.3975353538990021
628,0.3955424427986145
629,-0.013800428248941898
630,0.40504106879234314
631,0.36977922916412354
632,-0.024574223905801773
633,0.41450461745262146
634,0.39185014367103577
635,-0.021736430004239082
636,0.4267367422580719
637,0.2898433208465576
638,-0.016994403675198555
639,0.37056636810302734
640,0.4633569121360779
641,0.026295462623238564
642,0.3810524344444275
643,0.4759182333946228
644,0.018085645511746407
645,0.40703168511390686
646,0.4983547329902649
647,0.0007756062550470233
648,0.3514006435871124
649,0.44287729263305664
650,0.062412966042757034
651,0.40021243691444397
652,0.2970183789730072
653,0.004947515670210123
654,0.4128711223602295
655,0.3250941038131714
656,-0.022260935977101326
657,0.42506662011146545
658,0.5010377168655396
659,-0.0011501505505293608
660,0.3939250111579895
661,0.4983411133289337
662,0.017211653292179108
663,0.3368822932243347
664,0.384004682302475
665,0.05657430738210678
666,0.40950632095336914
667,0.43363142013549805
668,-0.009144886396825314
669,0.407876193523407
670,0.43709424138069153
671,-0.010513754561543465
672,0.4060443937778473
673,0.44252824783325195
674,-0.011556866578757763
675,0.4045679271221161
676,0.4489907920360565
677,-0.010112411342561245
678,0.401864230632782
679,0.4574001133441925
680,-0.0036969303619116545
681,0.39680030941963196
682,0.4243902266025543
683,-0.0028806061018258333
684,0.393985778093338
685,0.42325061559677124
686,-0.002807753859087825
687,0.39149209856987
688,0.42126959562301636
689,-0.0029524853453040123
690,0.38397228717803955
691,0.41269147396087646
692,-0.0014812012668699026
693,0.35357674956321716
694,0.38427218794822693
695,0.013999834656715393
696,0.41310182213783264
697,0.3136238753795624
698,-0.014524693600833416
699,0.40906569361686707
700,0.29232197999954224
701,5.612511085928418e-05
702,0.403891384601593
703,0.29382452368736267
704,0.0032052157912403345
705,0.39903920888900757
706,0.422820121049881
707,-0.002097184071317315
708,0.3529745638370514
709,0.4135797321796417
710,0.027337808161973953
711,0.416141152381897
712,0.291689395904541
713,-0.011084266938269138
714,0.3976832330226898
715,0.4665742516517639
716,0.0008267809171229601
717,0.42666563391685486
718,0.3279629945755005
719,-0.03777351230382919
720,0.4188802242279053
721,0.3187909722328186
722,-0.028095746412873268
723,0.4266786277294159
724,0.31618136167526245
725,-0.030075132846832275
726,0.40645426511764526
727,0.34333840012550354
728,-0.022187359631061554
729,0.42544323205947876
730,0.48970291018486023
731,-0.005633037071675062
732,0.4258840084075928
733,0.4765124022960663
734,-0.005739631596952677
735,0.41111665964126587
736,0.4749859571456909
737,-0.0039713443256914616
738,0.37930819392204285
739,0.44124510884284973
740,0.009093517437577248
741,0.3894999325275421
742,0.37508144974708557
743,-0.006144747603684664
744,0.3874872624874115
745,0.45538341999053955
746,0.005497295875102282
747,0.37130242586135864
748,0.3738405108451843
749,-0.002156685572117567
750,0.38232022523880005
751,0.38739773631095886
752,-0.003872235305607319
753,0.36470383405685425
754,0.39317163825035095
755,0.005262581165879965
756,0.4083096981048584
757,0.4874666929244995
758,-0.003317828755825758
759,0.4011032283306122
760,0.35003456473350525
761,-0.0160692036151886
762,0.3727966845035553
763,0.4500907063484192
764,0.016780372709035873
765,0.3832104504108429
766,0.4643010199069977
767,0.011666417121887207
768,0.37299811840057373
769,0.42532801628112793
770,0.009254327043890953
771,0.34522831439971924
772,0.3987411558628082
773,0.03406533598899841
774,0.36312609910964966
775,0.4271240830421448
776,0.01723838783800602
777,0.34139901399612427
778,0.40852242708206177
779,0.05336280167102814
780,0.37607285380363464
781,0.40302881598472595
782,0.0008285574731417
783,0.4072762727737427
784,0.33310025930404663
785,-0.016233135014772415
786,0.4072030782699585
787,0.3657785654067993
788,-0.03492773696780205
789,0.40150049328804016
790,0.36883264780044556
791,-0.025712110102176666
792,0.41102495789527893
793,0.35797953605651855
794,-0.04106881469488144
795,0.40295177698135376
796,0.28257423639297485
797,-0.002561529166996479
798,0.38968828320503235
799,0.2758824825286865
800,-0.00432268250733614
801,0.3777551054954529
802,0.27420681715011597
803,-0.0039172181859612465
804,0.3677910566329956
805,0.2759866416454315
806,-0.0005068786558695138
807,0.3610086739063263
808,0.28102535009384155
809,0.004698043689131737
810,0.3563693165779114
811,0.3012670874595642
812,0.018057260662317276
813,0.33397549390792847
814,0.33228713274002075
815,0.055688854306936264
816,0.3622986376285553
817,0.3172513246536255
818,0.011554433032870293
819,0.37073633074760437
820,0.3207768201828003
821,0.006548760458827019
822,0.3816068768501282
823,0.32083606719970703
824,0.003145609050989151
825,0.39192068576812744
826,0.31824424862861633
827,0.0018002837896347046
828,0.40000081062316895
829,0.3143332898616791
830,0.0012517961440607905
831,0.4055330157279968
832,0.3103674352169037
833,0.0007912793080322444
834,0.33502256870269775
835,0.3336755335330963
836,0.08710137009620667
837,0.40168851613998413
838,0.3721584975719452
839,-0.021487537771463394
840,0.41270482540130615
841,0.335396409034729
842,-0.028940074145793915
843,0.41346779465675354
844,0.3665434718132019
845,-0.041487064212560654
846,0.41815656423568726
847,0.3726285696029663
848,-0.038045063614845276
849,0.41344109177589417
850,0.3684762716293335
851,-0.037331242114305496
852,0.4040248692035675
853,0.37590986490249634
854,-0.018510445952415466
855,0.4197106957435608
856,0.3738119602203369
857,-0.04031265527009964
858,0.42051494121551514
859,0.37634363770484924
860,-0.030210871249437332
861,0.4053293466567993
862,0.3009799122810364
863,0.004824141506105661
864,0.40995821356773376
865,0.30392804741859436
866,-0.00036519544664770365
867,0.4124983251094818
868,0.30582761764526367
869,-0.006464372389018536
870,0.3665059804916382
871,0.2948002815246582
872,0.00951388943940401
873,0.3620280623435974
874,0.2907200753688812
875,0.009713700041174889
876,0.4338337182998657
877,0.33003169298171997
878,-0.03480232134461403
879,0.48568427562713623
880,0.3035966753959656
881,0.011245050467550755
882,0.4348682463169098
883,0.3743211328983307
884,-0.03022048808634281
885,0.5138354897499084
886,0.2609645128250122
887,0.0506756417453289
888,0.46182799339294434
889,0.3129812479019165
890,0.002373355906456709
891,0.4700397253036499
892,0.3141134977340698
893,0.0029944698326289654
894,0.4780063331127167
895,0.31369251012802124
896,0.005261566955596209
897,0.48859208822250366
898,0.30780813097953796
899,0.01243747491389513
900,0.4548911154270172
901,0.30980533361434937
902,0.0031314902007579803
903,0.4735482335090637
904,0.28419435024261475
905,-0.0006402333965525031
906,0.46465885639190674
907,0.2845345139503479
908,-0.000663256156258285
909,0.48173409700393677
910,0.2862677574157715
911,0.0021455883979797363
912,0.4871118366718292
913,0.29051756858825684
914,0.005593701731413603
915,0.4947742819786072
916,0.3155921697616577
917,0.016600072383880615
918,0.45656314492225647
919,0.47816401720046997
920,0.004455757327377796
921,0.4886277914047241
922,0.30096435546875
923,0.013969467021524906
924,0.5166385173797607
925,0.3115038573741913
926,0.05438869073987007
927,0.5034098029136658
928,0.3086046576499939
929,0.025149231776595116
930,0.46888381242752075
931,0.3602451980113983
932,-0.005739960819482803
933,0.43875452876091003
934,0.4075555205345154
935,-0.02307121455669403
936,0.43719008564949036
937,0.420456200838089
938,-0.01913871429860592
939,0.4501389265060425
940,0.41073232889175415
941,-0.017585085704922676
942,0.45703065395355225
943,0.4152844250202179
944,-0.010263895615935326
945,0.4453549087047577
946,0.4207243323326111
947,-0.01518519502133131
948,0.45140784978866577
949,0.42171570658683777
950,-0.008424585685133934
951,0.46625155210494995
952,0.43668612837791443
953,0.004828754812479019
954,0.43379881978034973
955,0.3685449957847595
956,-0.045453861355781555
957,0.43485376238822937
958,0.35679998993873596
959,-0.04802970960736275
960,0.4991912841796875
961,0.2801743745803833
962,0.007615878712385893
963,0.45197612047195435
964,0.3307413160800934
965,-0.007194101810455322
966,0.4541225731372833
967,0.3650716543197632
968,-0.024242963641881943
969,0.4546935558319092
970,0.3589808940887451
971,-0.02159658446907997
972,0.49247968196868896
973,0.3596910536289215
974,0.005210534669458866
975,0.43442410230636597
976,0.3421579599380493
977,-0.042981963604688644
978,0.4802364110946655
979,0.26779261231422424
980,-0.007585382554680109
981,0.4915095865726471
982,0.27186766266822815
983,-0.0010028184624388814
984,0.507016122341156
985,0.23953837156295776
986,0.033954884856939316
987,0.4443018436431885
988,0.275628924369812
989,-0.014960205182433128
990,0.45689886808395386
991,0.28790682554244995
992,0.0018642578506842256
993,0.4722681939601898
994,0.4232128858566284
995,0.006164102349430323
996,0.5056937336921692
997,0.421413779258728
998,0.07734616100788116
999,0.4480333626270294
1000,0.37151315808296204
1001,-0.02108059823513031
1002,0.44093531370162964
1003,0.37564095854759216
1004,-0.02218039520084858
1005,0.4648253619670868
1006,0.4243014454841614
1007,0.005479147657752037
1008,0.4604698121547699
1009,0.4241158962249756
1010,0.0031677940860390663
1011,0.49595028162002563
1012,0.2644217014312744
1013,0.003334484761580825
1014,0.45449528098106384
1015,0.3702359199523926
1016,-0.0195681843906641
1017,0.464809775352478
1018,0.2682313919067383
1019,-0.012416064739227295
1020,0.46648362278938293
1021,0.25841841101646423
1022,-0.014182286337018013
1023,0.47576791048049927
1024,0.2096206396818161
1025,0.0011490698670968413
1026,0.5012580156326294
1027,0.25123587250709534
1028,0.01659100130200386
1029,0.4702855050563812
1030,0.2327883392572403
1031,-0.006983232218772173
1032,0.503805935382843
1033,0.2750661373138428
1034,0.014936307445168495
1035,0.5088408589363098
1036,0.2684415280818939
1037,0.03193444386124611
1038,0.4382033944129944
1039,0.41497141122817993
1040,-0.022036070004105568
1041,0.44757723808288574
1042,0.416634738445282
1043,-0.016713067889213562
1044,0.4543067216873169
1045,0.41865962743759155
1046,-0.010006016120314598
1047,0.4459429383277893
1048,0.37379124760627747
1049,-0.019434968009591103
1050,0.4627266228199005
1051,0.4243757724761963
1052,0.004140881355851889
1053,0.45913881063461304
1054,0.4299713373184204
1055,-0.00042835372732952237
1056,0.459113210439682
1057,0.42360860109329224
1058,0.0028773178346455097
1059,0.44326576590538025
1060,0.3678567409515381
1061,-0.03295626491308212
1062,0.4494888484477997
1063,0.42109403014183044
1064,-0.007143119815737009
1065,0.4434182941913605
1066,0.42142796516418457
1067,-0.011937004514038563
1068,0.4359853267669678
1069,0.42208153009414673
1070,-0.01564575731754303
1071,0.43856728076934814
1072,0.46480393409729004
1073,-0.005835709162056446
1074,0.43869316577911377
1075,0.45465362071990967
1076,-0.0139048146083951
1077,0.4382413625717163
1078,0.4472168982028961
1079,-0.015276594087481499
1080,0.4373732805252075
1081,0.43990522623062134
1082,-0.013456305488944054
1083,0.4363999366760254
1084,0.4350326657295227
1085,-0.012132944539189339
1086,0.4506022334098816
1087,0.43037348985671997
1088,-0.004469939973205328
1089,0.45221081376075745
1090,0.4322139024734497
1091,-0.005799365695565939
1092,0.45454472303390503
1093,0.435747355222702
1094,-0.0066588264890015125
1095,0.45639535784721375
1096,0.4397278428077698
1097,-0.004985762760043144
1098,0.4629785120487213
1099,0.40210121870040894
1100,-0.00774278724566102
1101,0.5150717496871948
1102,0.363590270280838
1103,0.08907321095466614
1104,0.45445165038108826
1105,0.42812445759773254
1106,0.00016891199629753828
1107,0.4567556083202362
1108,0.4287012219429016
1109,-0.0006545012001879513
1110,0.4381207227706909
1111,0.3810449242591858
1112,-0.022399699315428734
1113,0.45170295238494873
1114,0.37750306725502014
1115,-0.013390052132308483
1116,0.4394538998603821
1117,0.3784823715686798
1118,-0.022542452439665794
1119,0.4607575833797455
1120,0.33758383989334106
1121,-0.004226958844810724
1122,0.4739525616168976
1123,0.34556901454925537
1124,-0.0018303892575204372
1125,0.4561113119125366
1126,0.3642668128013611
1127,-0.016805628314614296
1128,0.49505388736724854
1129,0.22194121778011322
1130,0.016366593539714813
1131,0.4890599250793457
1132,0.23891475796699524
1133,0.004090232774615288
1134,0.4831540882587433
1135,0.2582865357398987
1136,-0.005851173773407936
1137,0.4592221975326538
1138,0.44721364974975586
1139,0.0008944342262111604
1140,0.4473591148853302
1141,0.2602159380912781
1142,-0.018422339111566544
1143,0.45068907737731934
1144,0.23071624338626862
1145,-0.01331314817070961
1146,0.45431897044181824
1147,0.20339341461658478
1148,-0.007773569319397211
1149,0.4847484529018402
1150,0.3118238151073456
1151,0.008978599682450294
1152,0.5029577612876892
1153,0.323980450630188
1154,0.021506555378437042
1155,0.4505639970302582
1156,0.30653584003448486
1157,0.004222718998789787
1158,0.49550265073776245
1159,0.2945238947868347
1160,0.012897574342787266
1161,0.4459904432296753
1162,0.32304856181144714
1163,-0.010422780178487301
1164,0.4487484395503998
1165,0.36082911491394043
1166,-0.03267547860741615
1167,0.5109179615974426
1168,0.33235645294189453
1169,0.030919130891561508
1170,0.49766409397125244
1171,0.33151352405548096
1172,0.013954508118331432
1173,0.4875720739364624
1174,0.33516988158226013
1175,0.006090283393859863
1176,0.47220486402511597
1177,0.33307695388793945
1178,0.001897744950838387
1179,0.4607123136520386
1180,0.32813555002212524
1181,6.49748180876486e-05
1182,0.45209231972694397
1183,0.32248780131340027
1184,-0.0024482891894876957
1185,0.4347507655620575
1186,0.3069568872451782
1187,-0.019756488502025604
1188,0.5097886919975281
1189,0.35648423433303833
1190,0.028697574511170387
1191,0.5018921494483948
1192,0.2931792736053467
1193,0.016870373860001564
1194,0.43102943897247314
1195,0.3747347891330719
1196,-0.04137156158685684
1197,0.45167046785354614
1198,0.3418339788913727
1199,-0.010697130113840103
1200,0.5178961753845215
1201,0.31128278374671936
1202,0.08222095668315887
1203,0.44570431113243103
1204,0.31598666310310364
1205,-0.003890039399266243
1206,0.45686882734298706
1207,0.3651394844055176
1208,-0.007967337965965271
1209,0.49125972390174866
1210,0.3017301857471466
1211,0.015504129230976105
1212,0.4491778612136841
1213,0.353363573551178
1214,-0.029417237266898155
1215,0.5120648741722107
1216,0.3917751610279083
1217,0.0855126902461052
1218,0.45071807503700256
1219,0.3022717535495758
1220,0.0065313843078911304
1221,0.44184815883636475
1222,0.34656938910484314
1223,-0.03785446286201477
1224,0.4896058142185211
1225,0.4488421678543091
1226,0.03458983451128006
1227,0.48798254132270813
1228,0.4625478982925415
1229,0.04887007549405098
1230,0.516287624835968
1231,0.36075958609580994
1232,0.05890564247965813
1233,0.49937474727630615
1234,0.4330023527145386
1235,0.044245243072509766
1236,0.5129249095916748
1237,0.2880978584289551
1238,0.045537907630205154
1239,0.457455039024353
1240,0.48971426486968994
1241,0.009187032468616962
1242,0.4302208125591278
1243,0.3771413266658783
1244,-0.030125817283988
1245,0.4591975212097168
1246,0.35044917464256287
1247,-0.007525385357439518
1248,0.5098565816879272
1249,0.31106963753700256
1250,0.03378451243042946
1251,0.47744977474212646
1252,0.3069239854812622
1253,0.006215657107532024
1254,0.47016459703445435
1255,0.30770158767700195
1256,0.004071052651852369
1257,0.4614314138889313
1258,0.43175578117370605
1259,0.0009707671706564724
1260,0.5080567002296448
1261,0.3802751898765564
1262,0.03163830563426018
1263,0.44206589460372925
1264,0.5063971281051636
1265,0.010943029075860977
1266,0.4662593901157379
1267,0.4893077313899994
1268,0.027624469250440598
1269,0.47634556889533997
1270,0.47817274928092957
1271,0.037117425352334976
1272,0.4631795585155487
1273,0.30687788128852844
1274,0.0035735571291297674
1275,0.4566878378391266
1276,0.30475348234176636
1277,0.004647938068956137
1278,0.45265844464302063
1279,0.30349743366241455
1280,0.006280031520873308
1281,0.5072453618049622
1282,0.29093456268310547
1283,0.025386357679963112
1284,0.45790326595306396
1285,0.29480379819869995
1286,0.0034281224943697453
1287,0.46501830220222473
1288,0.2920916676521301
1289,0.0019302491564303637
1290,0.47221875190734863
1291,0.29168078303337097
1292,0.0023681477177888155
1293,0.47939833998680115
1294,0.2936818599700928
1295,0.004510137252509594
1296,0.4838971197605133
1297,0.2967241406440735
1298,0.007388158235698938
1299,0.5172196626663208
1300,0.2834107279777527
1301,0.06839050352573395
1302,0.4822881519794464
1303,0.3053552210330963
1304,0.008910859934985638
1305,0.4557161331176758
1306,0.39491167664527893
1307,-0.013252049684524536
1308,0.4481262266635895
1309,0.3697037398815155
1310,-0.024287637323141098
1311,0.4393056631088257
1312,0.39144840836524963
1313,-0.021557806059718132
1314,0.47897177934646606
1315,0.46456101536750793
1316,0.02701454609632492
1317,0.4685792028903961
1318,0.47704046964645386
1319,0.018645044416189194
1320,0.44285985827445984
1321,0.4988528788089752
1322,0.0008520369883626699
1323,0.4971843659877777
1324,0.4452565908432007
1325,0.06360675394535065
1326,0.4529120922088623
1327,0.29918915033340454
1328,0.005222009029239416
1329,0.4403718113899231
1330,0.3256567716598511
1331,-0.022085821256041527
1332,0.45523956418037415
1333,0.49925586581230164
1334,0.017649758607149124
1335,0.5132933259010315
1336,0.38691169023513794
1337,0.05794136971235275
1338,0.4442271590232849
1339,0.43291330337524414
1340,-0.008715657517313957
1341,0.44585877656936646
1342,0.43645134568214417
1343,-0.009989689104259014
1344,0.4475443363189697
1345,0.4419870674610138
1346,-0.011054194532334805
1347,0.44874829053878784
1348,0.44860637187957764
1349,-0.009580517187714577
1350,0.4504223167896271
1351,0.45733708143234253
1352,-0.003336598165333271
1353,0.45690175890922546
1354,0.422479510307312
1355,-0.0023394892923533916
1356,0.45975205302238464
1357,0.4212287664413452
1358,-0.002311232266947627
1359,0.46226996183395386
1360,0.4191611111164093
1361,-0.002227780409157276
1362,0.4690993130207062
1363,0.4115307331085205
1364,-0.000698109797667712
1365,0.4979812502861023
1366,0.3858380615711212
1367,0.014586198143661022
1368,0.4401693642139435
1369,0.31426990032196045
1370,-0.014545230194926262
1371,0.44447001814842224
1372,0.2938242256641388
1373,0.0002674662391655147
1374,0.44948482513427734
1375,0.2956202030181885
1376,0.003599646268412471
1377,0.4545947015285492
1378,0.4211130440235138
1379,-0.0015685762045904994
1380,0.49755963683128357
1381,0.4151481091976166
1382,0.02810353972017765
1383,0.4374324679374695
1384,0.2925514578819275
1385,-0.010899177752435207
1386,0.453592985868454
1387,0.46683210134506226
1388,0.0011509698815643787
1389,0.43440788984298706
1390,0.319104939699173
1391,-0.027991095557808876
1392,0.4465678036212921
1393,0.3437630534172058
1394,-0.021855657920241356
1395,0.44035184383392334
1396,0.47516509890556335
1397,-0.00393855944275856
1398,0.47221270203590393
1399,0.44121551513671875
1400,0.009677043184638023
1401,0.46340155601501465
1402,0.37512442469596863
1403,-0.005678293760865927
1404,0.46390169858932495
1405,0.45547914505004883
1406,0.006005612201988697
1407,0.48124000430107117
1408,0.3747899830341339
1409,-0.0019385929917916656
1410,0.47049275040626526
1411,0.38758406043052673
1412,-0.0033503996673971415
1413,0.4873512387275696
1414,0.3941762447357178
1415,0.00569527130573988
1416,0.44233226776123047
1417,0.48788800835609436
1418,-0.0033372275065630674
1419,0.4518319368362427
1420,0.350381076335907
1421,-0.015686392784118652
1422,0.4777098000049591
1423,0.4508053958415985
1424,0.017460227012634277
1425,0.4673632085323334
1426,0.4650345742702484
1427,0.012198763899505138
1428,0.4787473976612091
1429,0.4251655638217926
1430,0.009749243967235088
1431,0.5051897168159485
1432,0.4007810056209564
1433,0.03501685708761215
1434,0.48773258924484253
1435,0.4280248284339905
1436,0.017831901088356972
1437,0.5081633925437927
1438,0.4110977053642273
1439,0.05472145602107048
1440,0.4763597846031189
1441,0.40293750166893005
1442,0.0012945254566147923
1443,0.4458441138267517
1444,0.33361074328422546
1445,-0.015955179929733276
1446,0.44599345326423645
1447,0.3659490644931793
1448,-0.03459324687719345
1449,0.45159396529197693
1450,0.36883294582366943
1451,-0.02531326189637184
1452,0.44221165776252747
1453,0.3582860827445984
1454,-0.04096106067299843
1455,0.4510696828365326
1456,0.2846209704875946
1457,-0.0022585110273212194
1458,0.4644972085952759
1459,0.2789820432662964
1460,-0.003944451920688152
1461,0.4761599898338318
1462,0.2782449722290039
1463,-0.003440657164901495
1464,0.48583462834358215
1465,0.28044167160987854
1466,0.00011530564370332286
1467,0.49241188168525696
1468,0.2856999933719635
1469,0.005518982652574778
1470,0.49649685621261597
1471,0.30517107248306274
1472,0.018862774595618248
1473,0.5174779295921326
1474,0.3359118103981018
1475,0.05718058720231056
1476,0.4904595911502838
1477,0.3201020359992981
1478,0.01239326037466526
1479,0.48212742805480957
1480,0.32305118441581726
1481,0.007149601820856333
1482,0.4713573157787323
1483,0.3228399455547333
1484,0.003587526036426425
1485,0.46101611852645874
1486,0.31994208693504333
1487,0.0021573626436293125
1488,0.4530033767223358
1489,0.3158031702041626
1490,0.0014986637979745865
1491,0.44752979278564453
1492,0.31173181533813477
1493,0.0009979397291317582
1494,0.5164982676506042
1495,0.337272971868515
1496,0.08852389454841614
1497,0.4513969421386719
1498,0.3718884587287903
1499,-0.021076736971735954
1500,0.4404356777667999
1501,0.3357747197151184
1502,-0.028765803202986717
1503,0.43984436988830566
1504,0.3667280375957489
1505,-0.04132413864135742
1506,0.43526342511177063
1507,0.3726232051849365
1508,-0.037930771708488464
1509,0.4399051368236542
1510,0.36856716871261597
1511,-0.037159036844968796
1512,0.4491097629070282
1513,0.3756033182144165
1514,-0.01820896379649639
1515,0.4336971342563629
1516,0.37383830547332764
1517,-0.04014434292912483
1518,0.4329565763473511
1519,0.37623390555381775
1520,-0.030125893652439117
1521,0.44778481125831604
1522,0.30274730920791626
1523,0.005050587467849255
1524,0.44324395060539246
1525,0.30520254373550415
1526,-0.00018524882034398615
1527,0.4408697783946991
1528,0.3067557215690613
1529,-0.006394322030246258
1530,0.4865562915802002
1531,0.2990640103816986
1532,0.010217500850558281
1533,0.4909757077693939
1534,0.2951498031616211
1535,0.010476487688720226
1536,0.0
1537,0.0
1538,0.0
1539,0.0
1540,0.0
1541,0.0
1542,0.0
1543,0.0
1544,0.0
1545,0.0
1546,0.0
1547,0.0
1548,0.0
1549,0.0
1550,0.0
1551,0.0
1552,0.0
1553,0.0
1554,0.0
1555,0.0
1556,0.0
1557,0.0
1558,0.0
1559,0.0
1560,0.0
1561,0.0
1562,0.0
1563,0.0
1564,0.0
1565,0.0
1566,0.0
1567,0.0
1568,0.0
1569,0.0
1570,0.0
1571,0.0
1572,0.0
1573,0.0
1574,0.0
1575,0.0
1576,0.0
1577,0.0
1578,0.0
1579,0.0
1580,0.0
1581,0.0
1582,0.0
1583,0.0
1584,0.0
1585,0.0
1586,0.0
1587,0.0
1588,0.0
1589,0.0
1590,0.0
1591,0.0
1592,0.0
1593,0.0
1594,0.0
1595,0.0
1596,0.0
1597,0.0
1598,0.0
1599,0.2525632083415985
1600,0.6760447025299072
1601,5.261090905150922e-07
1602,0.29627978801727295
1603,0.6370402574539185
1604,-0.0023666121996939182
1605,0.31597283482551575
1606,0.5917302966117859
1607,-0.010428457520902157
1608,0.32647982239723206
1609,0.5644802451133728
1610,-0.022669412195682526
1611,0.3317449390888214
1612,0.5415314435958862
1613,-0.032880011945962906
1614,0.2598414719104767
1615,0.5058998465538025
1616,-0.008904607966542244
1617,0.26775413751602173
1618,0.4288661777973175
1619,-0.0243945624679327
1620,0.2719816267490387
1621,0.37637457251548767
1622,-0.03351612016558647
1623,0.2730003595352173
1624,0.33522748947143555
1625,-0.03833171725273132
1626,0.25859805941581726
1627,0.5121060013771057
1628,-0.020534638315439224
1629,0.2963714897632599
1630,0.43497127294540405
1631,-0.04002871736884117
1632,0.32482990622520447
1633,0.3882531523704529
1634,-0.04908303916454315
1635,0.347248375415802
1636,0.35519614815711975
1637,-0.05206115171313286
1638,0.26303064823150635
1639,0.5302141308784485
1640,-0.03262675181031227
1641,0.3205356299877167
1642,0.5033125281333923
1643,-0.05348794534802437
1644,0.3277031481266022
1645,0.5373666882514954
1646,-0.050731755793094635
1647,0.32396480441093445
1648,0.5663546919822693
1649,-0.04186013713479042
1650,0.2764558792114258
1651,0.5560571551322937
1652,-0.045466091483831406
1653,0.3223961591720581
1654,0.5308011770248413
1655,-0.05456925928592682
1656,0.3304310142993927
1657,0.5534190535545349
1658,-0.045577943325042725
1659,0.32864436507225037
1660,0.5757399201393127
1661,-0.035190314054489136
